-676
-0.0145878
280
0.0060423
-64
-0.0013811
248
0.00535175
419
0.00904186
570
0.0123004
359
0.00774709
-253
-0.00545965
-422
-0.0091066
363
0.00783341
-361
-0.00779025
-38
-0.000820026
38
0.000820026
-211
-0.0045533
-95
-0.00205006
145
0.00312905
346
0.00746655
-168
-0.00362538
30
0.000647389
-166
-0.00358222
196
0.00422961
52
0.00112214
-532
-0.0114804
-84
-0.00181269
-507
-0.0109409
22
0.000474752
127
0.00274061
174
0.00375486
256
0.00552438
-3
-6.47389e-05
-1177
-0.0253992
-232
-0.00500647
-206
-0.0044454
-126
-0.00271903
-401
-0.00865343
-57
-0.00123004
251
0.00541649
-197
-0.00425119
294
0.00634441
-372
-0.00802762
-203
-0.00438066
134
0.00289167
167
0.0036038
-14
-0.000302115
35
0.000755287
-286
-0.00617177
1078
0.0232628
97
0.00209322
785
0.01694
45
0.000971083
-112
-0.00241692
-161
-0.00347432
-151
-0.00325852
-105
-0.00226586
-853
-0.0184074
465
0.0100345
455
0.00981873
19
0.000410013
1371
0.0295857
-95
-0.00205006
-935
-0.020177
-355
-0.00766077
-596
-0.0128615
315
0.00679758
866
0.018688
-118
-0.0025464
-21
-0.000453172
330
0.00712128
212
0.00457488
410
0.00884765
201
0.00433751
-60
-0.00129478
-162
-0.0034959
-175
-0.00377644
-696
-0.0150194
27
0.00058265
484
0.0104445
-456
-0.00984031
-550
-0.0118688
11
0.000237376
633
0.0136599
27
0.00058265
561
0.0121062
119
0.00256798
14
0.000302115
405
0.00873975
-454
-0.00979715
160
0.00345274
-240
-0.00517911
-27
-0.00058265
-172
-0.0037117
304
0.00656021
-1065
-0.0229823
-186
-0.00401381
3
6.47389e-05
107
0.00230902
806
0.0173932
-622
-0.0134225
45
0.000971083
-263
-0.00567544
544
0.0117393
-417
-0.00899871
1178
0.0254208
-191
-0.00412171
-181
-0.00390591
14
0.000302115
-424
-0.00914976
118
0.0025464
-705
-0.0152136
-134
-0.00289167
-649
-0.0140052
197
0.00425119
138
0.00297799
113
0.0024385
-669
-0.0144368
286
0.00617177
-184
-0.00397065
-85
-0.00183427
238
0.00513595
269
0.00580492
85
0.00183427
96
0.00207164
260
0.0056107
17
0.000366854
289
0.00623651
295
0.00636599
-14
-0.000302115
44
0.000949504
909
0.0196159
209
0.00451014
29
0.000625809
-176
-0.00379801
-671
-0.0144799
-86
-0.00185585
-1067
-0.0230255
194
0.00418645
-314
-0.006776
-246
-0.00530859
-512
-0.0110488
410
0.00884765
-750
-0.0161847
46
0.000992663
932
0.0201122
-207
-0.00446698
-1069
-0.0230686
389
0.00839448
-597
-0.012883
-154
-0.00332326
548
0.0118256
127
0.00274061
15
0.000323694
677
0.0146094
1311
0.0282909
-280
-0.0060423
738
0.0159258
308
0.00664653
290
0.00625809
-246
-0.00530859
-945
-0.0203927
-273
-0.00589124
-440
-0.00949504
34
0.000733707
-1027
-0.0221623
-34
-0.000733707
1204
0.0259819
237
0.00511437
205
0.00442382
139
0.00299957
218
0.00470436
72
0.00155373
-627
-0.0135304
-780
-0.0168321
741
0.0159905
561
0.0121062
-699
-0.0150842
258
0.00556754
-862
-0.0186016
114
0.00246008
323
0.00697022
-575
-0.0124083
966
0.0208459
-195
-0.00420803
-540
-0.011653
357
0.00770393
105
0.00226586
285
0.00615019
114
0.00246008
101
0.00217954
589
0.0127104
-175
-0.00377644
-695
-0.0149978
-14
-0.000302115
456
0.00984031
-51
-0.00110056
-497
-0.0107251
-321
-0.00692706
61
0.00131636
-71
-0.00153215
180
0.00388433
-172
-0.0037117
-639
-0.0137894
-56
-0.00120846
-1470
-0.0317221
255
0.00550281
-330
-0.00712128
313
0.00675442
-213
-0.00459646
-94
-0.00202849
28
0.00060423
140
0.00302115
-9
-0.000194217
258
0.00556754
-244
-0.00526543
-555
-0.0119767
140
0.00302115
89
0.00192059
439
0.00947346
-495
-0.0106819
-21
-0.000453172
188
0.00405697
-228
-0.00492016
83
0.00179111
-532
-0.0114804
116
0.00250324
498
0.0107467
258
0.00556754
382
0.00824342
73
0.00157531
-238
-0.00513595
-118
-0.0025464
763
0.0164653
-249
-0.00537333
384
0.00828658
80
0.00172637
-82
-0.00176953
-74
-0.00159689
-454
-0.00979715
-34
-0.000733707
669
0.0144368
36
0.000776867
-158
-0.00340958
-307
-0.00662495
1140
0.0246008
142
0.00306431
123
0.00265429
-207
-0.00446698
-1381
-0.0298015
-170
-0.00366854
-61
-0.00131636
-401
-0.00865343
198
0.00427277
-231
-0.00498489
-44
-0.000949504
-318
-0.00686232
-547
-0.0118041
-153
-0.00330168
-274
-0.00591282
-91
-0.00196375
320
0.00690548
286
0.00617177
-790
-0.0170479
-199
-0.00429435
-257
-0.00554596
366
0.00789814
-181
-0.00390591
360
0.00776867
909
0.0196159
144
0.00310747
-50
-0.00107898
-6
-0.000129478
-417
-0.00899871
-3
-6.47389e-05
-1045
-0.0225507
85
0.00183427
-72
-0.00155373
1
2.15796e-05
-758
-0.0163574
176
0.00379801
-209
-0.00451014
-264
-0.00569702
-51
-0.00110056
338
0.00729391
152
0.0032801
344
0.00742339
579
0.0124946
270
0.0058265
369
0.00796288
-119
-0.00256798
-503
-0.0108546
57
0.00123004
455
0.00981873
-443
-0.00955978
752
0.0162279
155
0.00334484
-644
-0.0138973
-129
-0.00278377
605
0.0130557
-331
-0.00714286
217
0.00468278
130
0.00280535
1002
0.0216228
-583
-0.0125809
721
0.0155589
62
0.00133794
-165
-0.00356064
329
0.0070997
74
0.00159689
-178
-0.00384117
-976
-0.0210617
-535
-0.0115451
-338
-0.00729391
79
0.00170479
-12
-0.000258956
163
0.00351748
-1743
-0.0376133
332
0.00716444
-279
-0.00602072
-229
-0.00494174
-641
-0.0138325
-255
-0.00550281
48
0.00103582
-116
-0.00250324
-613
-0.0132283
139
0.00299957
677
0.0146094
289
0.00623651
712
0.0153647
-134
-0.00289167
-1173
-0.0253129
94
0.00202849
1457
0.0314415
396
0.00854553
233
0.00502805
-341
-0.00735865
589
0.0127104
-37
-0.000798446
-72
-0.00155373
-4
-8.63185e-05
-281
-0.00606388
115
0.00248166
288
0.00621493
-103
-0.0022227
-351
-0.00757445
566
0.0122141
-246
-0.00530859
-51
-0.00110056
1181
0.0254855
-128
-0.00276219
849
0.0183211
-6
-0.000129478
-151
-0.00325852
-196
-0.00422961
-301
-0.00649547
-33
-0.000712128
-211
-0.0045533
135
0.00291325
-313
-0.00675442
44
0.000949504
1121
0.0241908
767
0.0165516
667
0.0143936
-301
-0.00649547
410
0.00884765
154
0.00332326
532
0.0114804
519
0.0111998
-249
-0.00537333
67
0.00144584
-203
-0.00438066
79
0.00170479
-847
-0.0182779
-36
-0.000776867
553
0.0119335
170
0.00366854
-169
-0.00364696
108
0.0023306
609
0.013142
-273
-0.00589124
998
0.0215365
-204
-0.00440224
238
0.00513595
-94
-0.00202849
-165
-0.00356064
83
0.00179111
601
0.0129694
-198
-0.00427277
-232
-0.00500647
178
0.00384117
885
0.019098
-103
-0.0022227
-519
-0.0111998
-92
-0.00198533
957
0.0206517
91
0.00196375
-1080
-0.023306
-320
-0.00690548
1374
0.0296504
-175
-0.00377644
-290
-0.00625809
-171
-0.00369012
-657
-0.0141778
-9
-0.000194217
529
0.0114156
-202
-0.00435909
-722
-0.0155805
107
0.00230902
-359
-0.00774709
-210
-0.00453172
-384
-0.00828658
-372
-0.00802762
-381
-0.00822184
448
0.00966767
9
0.000194217
359
0.00774709
-642
-0.0138541
-528
-0.011394
877
0.0189253
-66
-0.00142426
244
0.00526543
12
0.000258956
-484
-0.0104445
-52
-0.00112214
1087
0.0234571
148
0.00319379
-666
-0.014372
73
0.00157531
-386
-0.00832974
181
0.00390591
-659
-0.014221
230
0.00496331
-169
-0.00364696
42
0.000906344
254
0.00548123
97
0.00209322
-396
-0.00854553
281
0.00606388
-187
-0.00403539
-147
-0.00317221
-138
-0.00297799
-78
-0.00168321
649
0.0140052
46
0.000992663
265
0.0057186
-126
-0.00271903
-514
-0.0110919
-34
-0.000733707
-813
-0.0175442
-35
-0.000755287
-546
-0.0117825
24
0.000517911
511
0.0110272
91
0.00196375
752
0.0162279
110
0.00237376
-296
-0.00638757
185
0.00399223
927
0.0200043
-252
-0.00543807
449
0.00968925
89
0.00192059
235
0.00507121
125
0.00269745
872
0.0188174
97
0.00209322
-1054
-0.0227449
-566
-0.0122141
-475
-0.0102503
-32
-0.000690548
-420
-0.00906344
-9
-0.000194217
431
0.00930082
148
0.00319379
382
0.00824342
-34
-0.000733707
523
0.0112861
232
0.00500647
-399
-0.00861027
-128
-0.00276219
80
0.00172637
218
0.00470436
-176
-0.00379801
257
0.00554596
-890
-0.0192059
300
0.00647389
-187
-0.00403539
-111
-0.00239534
285
0.00615019
-321
-0.00692706
-738
-0.0159258
-146
-0.00315063
-496
-0.0107035
-542
-0.0116962
509
0.010984
380
0.00820026
-53
-0.00114372
-490
-0.010574
-226
-0.004877
62
0.00133794
-213
-0.00459646
-130
-0.00280535
91
0.00196375
390
0.00841606
-433
-0.00934398
258
0.00556754
-171
-0.00369012
126
0.00271903
5
0.000107898
-196
-0.00422961
-661
-0.0142641
-85
-0.00183427
-395
-0.00852395
436
0.00940872
806
0.0173932
-72
-0.00155373
1065
0.0229823
5
0.000107898
-1019
-0.0219896
328
0.00707812
423
0.00912818
-626
-0.0135088
-350
-0.00755287
-512
-0.0110488
-108
-0.0023306
23
0.000496331
-1088
-0.0234786
-161
-0.00347432
-855
-0.0184506
-25
-0.000539491
104
0.00224428
125
0.00269745
-80
-0.00172637
-60
-0.00129478
450
0.00971083
181
0.00390591
-410
-0.00884765
61
0.00131636
776
0.0167458
-288
-0.00621493
1169
0.0252266
-380
-0.00820026
-179
-0.00386275
37
0.000798446
-789
-0.0170263
-86
-0.00185585
-430
-0.00927924
57
0.00123004
653
0.0140915
-68
-0.00146741
-458
-0.00988347
178
0.00384117
5
0.000107898
371
0.00800604
750
0.0161847
-187
-0.00403539
-669
-0.0144368
-462
-0.00996979
80
0.00172637
-211
-0.0045533
479
0.0103366
-13
-0.000280535
-327
-0.00705654
-433
-0.00934398
-359
-0.00774709
135
0.00291325
371
0.00800604
7
0.000151057
499
0.0107682
226
0.004877
877
0.0189253
242
0.00522227
-745
-0.0160768
192
0.00414329
-87
-0.00187743
-187
-0.00403539
-509
-0.010984
-213
-0.00459646
485
0.0104661
70
0.00151057
-46
-0.000992663
-142
-0.00306431
-262
-0.00565386
229
0.00494174
724
0.0156237
301
0.00649547
181
0.00390591
290
0.00625809
-623
-0.0134441
102
0.00220112
-676
-0.0145878
-2
-4.31593e-05
243
0.00524385
46
0.000992663
-369
-0.00796288
327
0.00705654
933
0.0201338
134
0.00289167
-833
-0.0179758
-234
-0.00504963
-436
-0.00940872
139
0.00299957
654
0.0141131
-153
-0.00330168
-1487
-0.0320889
-253
-0.00545965
-30
-0.000647389
280
0.0060423
-506
-0.0109193
-595
-0.0128399
-452
-0.00975399
87
0.00187743
-1091
-0.0235434
-258
-0.00556754
-818
-0.0176521
-630
-0.0135952
236
0.00509279
-41
-0.000884765
849
0.0183211
-511
-0.0110272
-441
-0.00951662
-409
-0.00882607
-258
-0.00556754
163
0.00351748
-206
-0.0044454
63
0.00135952
126
0.00271903
-276
-0.00595598
-846
-0.0182564
-205
-0.00442382
775
0.0167242
-468
-0.0100993
831
0.0179327
-599
-0.0129262
-432
-0.0093224
1
2.15796e-05
1438
0.0310315
-134
-0.00289167
138
0.00297799
-85
-0.00183427
-259
-0.00558912
-118
-0.0025464
-837
-0.0180621
46
0.000992663
184
0.00397065
-46
-0.000992663
733
0.0158179
-106
-0.00228744
92
0.00198533
17
0.000366854
374
0.00807078
-44
-0.000949504
194
0.00418645
-271
-0.00584808
-251
-0.00541649
-554
-0.0119551
-236
-0.00509279
149
0.00321536
50
0.00107898
115
0.00248166
-275
-0.0059344
-33
-0.000712128
-737
-0.0159042
-130
-0.00280535
467
0.0100777
176
0.00379801
-666
-0.014372
-24
-0.000517911
721
0.0155589
46
0.000992663
-319
-0.0068839
96
0.00207164
-958
-0.0206733
-309
-0.00666811
-1135
-0.0244929
732
0.0157963
202
0.00435909
16
0.000345274
-232
-0.00500647
53
0.00114372
-472
-0.0101856
-156
-0.00336642
-459
-0.00990505
-73
-0.00157531
400
0.00863185
2
4.31593e-05
-717
-0.0154726
-97
-0.00209322
-388
-0.0083729
-71
-0.00153215
-547
-0.0118041
-331
-0.00714286
-544
-0.0117393
191
0.00412171
968
0.0208891
-87
-0.00187743
797
0.017199
488
0.0105309
-856
-0.0184722
-124
-0.00267587
-84
-0.00181269
79
0.00170479
595
0.0128399
-119
-0.00256798
-547
-0.0118041
3
6.47389e-05
218
0.00470436
280
0.0060423
484
0.0104445
-97
-0.00209322
504
0.0108761
-119
-0.00256798
236
0.00509279
327
0.00705654
305
0.00658179
-197
-0.00425119
-1260
-0.0271903
90
0.00194217
962
0.0207596
-148
-0.00319379
248
0.00535175
-47
-0.00101424
300
0.00647389
-239
-0.00515753
-398
-0.00858869
11
0.000237376
-346
-0.00746655
267
0.00576176
-154
-0.00332326
-168
-0.00362538
-529
-0.0114156
564
0.0121709
-890
-0.0192059
306
0.00660337
772
0.0166595
34
0.000733707
-435
-0.00938714
347
0.00748813
1329
0.0286793
1
2.15796e-05
-275
-0.0059344
229
0.00494174
-574
-0.0123867
-29
-0.000625809
1539
0.033211
134
0.00289167
380
0.00820026
215
0.00463962
515
0.0111135
287
0.00619335
127
0.00274061
-412
-0.00889081
-119
-0.00256798
-43
-0.000927924
1089
0.0235002
-92
-0.00198533
683
0.0147389
-36
-0.000776867
456
0.00984031
-257
-0.00554596
702
0.0151489
299
0.00645231
-808
-0.0174363
176
0.00379801
-849
-0.0183211
94
0.00202849
382
0.00824342
-477
-0.0102935
685
0.014782
379
0.00817868
-232
-0.00500647
-210
-0.00453172
-51
-0.00110056
-437
-0.0094303
-1380
-0.0297799
-124
-0.00267587
-543
-0.0117177
26
0.00056107
-430
-0.00927924
-224
-0.00483384
526
0.0113509
79
0.00170479
-868
-0.0187311
143
0.00308589
117
0.00252482
74
0.00159689
166
0.00358222
-92
-0.00198533
-563
-0.0121493
128
0.00276219
618
0.0133362
-65
-0.00140268
70
0.00151057
12
0.000258956
-842
-0.01817
-384
-0.00828658
709
0.0153
121
0.00261114
-189
-0.00407855
-249
-0.00537333
-126
-0.00271903
-141
-0.00304273
-424
-0.00914976
-396
-0.00854553
221
0.0047691
-43
-0.000927924
169
0.00364696
-200
-0.00431593
-75
-0.00161847
-71
-0.00153215
-283
-0.00610703
72
0.00155373
1566
0.0337937
155
0.00334484
781
0.0168537
-314
-0.006776
-543
-0.0117177
-100
-0.00215796
213
0.00459646
-409
-0.00882607
573
0.0123651
52
0.00112214
591
0.0127536
-32
-0.000690548
1256
0.027104
-32
-0.000690548
-325
-0.00701338
-325
-0.00701338
-286
-0.00617177
166
0.00358222
141
0.00304273
108
0.0023306
-691
-0.0149115
-172
-0.0037117
639
0.0137894
-336
-0.00725076
256
0.00552438
539
0.0116314
735
0.015861
200
0.00431593
227
0.00489858
-219
-0.00472594
-304
-0.00656021
109
0.00235218
-158
-0.00340958
161
0.00347432
-825
-0.0178032
-292
-0.00630125
428
0.00923608
68
0.00146741
892
0.019249
-38
-0.000820026
-71
-0.00153215
-170
-0.00366854
252
0.00543807
-245
-0.00528701
-195
-0.00420803
-65
-0.00140268
-630
-0.0135952
-106
-0.00228744
-156
-0.00336642
12
0.000258956
-150
-0.00323694
172
0.0037117
621
0.0134009
-187
-0.00403539
85
0.00183427
169
0.00364696
351
0.00757445
119
0.00256798
-74
-0.00159689
267
0.00576176
-19
-0.000410013
240
0.00517911
-87
-0.00187743
-80
-0.00172637
801
0.0172853
-383
-0.008265
-208
-0.00448856
47
0.00101424
632
0.0136383
-486
-0.0104877
320
0.00690548
58
0.00125162
-507
-0.0109409
44
0.000949504
1020
0.0220112
235
0.00507121
880
0.0189901
-39
-0.000841606
-260
-0.0056107
171
0.00369012
-650
-0.0140268
288
0.00621493
-270
-0.0058265
248
0.00535175
406
0.00876133
36
0.000776867
-641
-0.0138325
-140
-0.00302115
-944
-0.0203712
397
0.00856711
-727
-0.0156884
92
0.00198533
-553
-0.0119335
479
0.0103366
-442
-0.0095382
204
0.00440224
-56
-0.00120846
364
0.00785498
-753
-0.0162495
18
0.000388433
455
0.00981873
135
0.00291325
-23
-0.000496331
-26
-0.00056107
-698
-0.0150626
-212
-0.00457488
728
0.01571
87
0.00187743
38
0.000820026
-151
-0.00325852
-192
-0.00414329
-453
-0.00977557
-66
-0.00142426
59
0.0012732
898
0.0193785
83
0.00179111
-35
-0.000755287
-191
-0.00412171
-1283
-0.0276867
-213
-0.00459646
-266
-0.00574018
52
0.00112214
-1052
-0.0227018
-554
-0.0119551
131
0.00282693
-291
-0.00627967
674
0.0145447
-493
-0.0106388
-1298
-0.0280104
14
0.000302115
346
0.00746655
185
0.00399223
302
0.00651705
157
0.003388
1547
0.0333837
40
0.000863185
741
0.0159905
-358
-0.00772551
347
0.00748813
-73
-0.00157531
598
0.0129046
364
0.00785498
-105
-0.00226586
500
0.0107898
654
0.0141131
-409
-0.00882607
-116
-0.00250324
230
0.00496331
314
0.006776
190
0.00410013
-49
-0.0010574
-476
-0.0102719
656
0.0141562
85
0.00183427
450
0.00971083
120
0.00258956
90
0.00194217
-65
-0.00140268
788
0.0170047
-408
-0.00880449
174
0.00375486
444
0.00958136
238
0.00513595
-163
-0.00351748
-315
-0.00679758
87
0.00187743
108
0.0023306
-206
-0.0044454
-575
-0.0124083
226
0.004877
307
0.00662495
336
0.00725076
-558
-0.0120414
6
0.000129478
655
0.0141347
102
0.00220112
-11
-0.000237376
13
0.000280535
-1245
-0.0268666
-5
-0.000107898
-438
-0.00945188
-118
-0.0025464
58
0.00125162
323
0.00697022
-257
-0.00554596
-95
-0.00205006
-81
-0.00174795
241
0.00520069
-844
-0.0182132
-150
-0.00323694
614
0.0132499
-67
-0.00144584
387
0.00835132
-13
-0.000280535
73
0.00157531
-289
-0.00623651
-262
-0.00565386
-22
-0.000474752
-224
-0.00483384
-243
-0.00524385
-310
-0.00668968
143
0.00308589
1449
0.0312689
46
0.000992663
450
0.00971083
119
0.00256798
-394
-0.00850237
174
0.00375486
1114
0.0240397
21
0.000453172
1059
0.0228528
-172
-0.0037117
659
0.014221
271
0.00584808
61
0.00131636
34
0.000733707
-343
-0.00740181
-223
-0.00481226
80
0.00172637
529
0.0114156
258
0.00556754
-31
-0.000668968
-557
-0.0120199
458
0.00988347
-310
-0.00668968
-217
-0.00468278
-263
-0.00567544
-127
-0.00274061
270
0.0058265
-165
-0.00356064
114
0.00246008
185
0.00399223
781
0.0168537
-171
-0.00369012
-490
-0.010574
356
0.00768235
390
0.00841606
-327
-0.00705654
784
0.0169184
70
0.00151057
-273
-0.00589124
42
0.000906344
-518
-0.0111782
-190
-0.00410013
929
0.0200475
-749
-0.0161631
1014
0.0218817
-46
-0.000992663
239
0.00515753
1
2.15796e-05
504
0.0108761
-155
-0.00334484
-9
-0.000194217
102
0.00220112
703
0.0151705
-374
-0.00807078
-137
-0.00295641
194
0.00418645
409
0.00882607
69
0.00148899
-842
-0.01817
-35
-0.000755287
12
0.000258956
145
0.00312905
-747
-0.01612
50
0.00107898
1201
0.0259171
-67
-0.00144584
355
0.00766077
-93
-0.00200691
-647
-0.013962
-99
-0.00213638
439
0.00947346
193
0.00416487
-511
-0.0110272
-780
-0.0168321
181
0.00390591
-308
-0.00664653
-522
-0.0112646
39
0.000841606
-297
-0.00640915
164
0.00353906
-132
-0.00284851
58
0.00125162
-192
-0.00414329
-585
-0.0126241
181
0.00390591
226
0.004877
-38
-0.000820026
359
0.00774709
265
0.0057186
164
0.00353906
-752
-0.0162279
-218
-0.00470436
-549
-0.0118472
506
0.0109193
544
0.0117393
2
4.31593e-05
552
0.011912
-77
-0.00166163
-868
-0.0187311
-114
-0.00246008
342
0.00738023
40
0.000863185
590
0.012732
130
0.00280535
291
0.00627967
213
0.00459646
-135
-0.00291325
-203
-0.00438066
-134
-0.00289167
384
0.00828658
-11
-0.000237376
-302
-0.00651705
146
0.00315063
183
0.00394907
278
0.00599914
138
0.00297799
-733
-0.0158179
-192
-0.00414329
130
0.00280535
-46
-0.000992663
-165
-0.00356064
321
0.00692706
521
0.011243
-8
-0.000172637
-335
-0.00722918
-183
-0.00394907
-454
-0.00979715
-2
-4.31593e-05
-152
-0.0032801
-31
-0.000668968
923
0.019918
11
0.000237376
765
0.0165084
-543
-0.0117177
-640
-0.013811
-295
-0.00636599
-24
-0.000517911
-440
-0.00949504
-160
-0.00345274
-378
-0.0081571
73
0.00157531
185
0.00399223
393
0.00848079
-482
-0.0104014
-447
-0.00964609
305
0.00658179
-599
-0.0129262
353
0.00761761
-704
-0.0151921
-351
-0.00757445
191
0.00412171
-461
-0.00994821
101
0.00217954
-367
-0.00791972
130
0.00280535
5
0.000107898
-456
-0.00984031
93
0.00200691
-355
-0.00766077
128
0.00276219
396
0.00854553
88
0.00189901
1057
0.0228097
291
0.00627967
-256
-0.00552438
-259
-0.00558912
65
0.00140268
17
0.000366854
525
0.0113293
26
0.00056107
249
0.00537333
174
0.00375486
-245
-0.00528701
507
0.0109409
-633
-0.0136599
-103
-0.0022227
603
0.0130125
243
0.00524385
685
0.014782
110
0.00237376
158
0.00340958
-254
-0.00548123
-478
-0.0103151
812
0.0175227
-456
-0.00984031
-21
-0.000453172
518
0.0111782
-150
-0.00323694
1190
0.0256798
-356
-0.00768235
178
0.00384117
-115
-0.00248166
-873
-0.018839
-286
-0.00617177
20
0.000431593
-64
-0.0013811
786
0.0169616
-273
-0.00589124
-571
-0.012322
86
0.00185585
99
0.00213638
252
0.00543807
-1008
-0.0217523
27
0.00058265
702
0.0151489
-375
-0.00809236
308
0.00664653
-95
-0.00205006
273
0.00589124
417
0.00899871
662
0.0142857
90
0.00194217
-763
-0.0164653
5
0.000107898
454
0.00979715
-756
-0.0163142
-119
-0.00256798
524
0.0113077
538
0.0116098
120
0.00258956
450
0.00971083
154
0.00332326
551
0.0118904
167
0.0036038
1234
0.0266293
280
0.0060423
1066
0.0230039
-216
-0.0046612
-234
-0.00504963
-54
-0.0011653
567
0.0122356
-340
-0.00733707
655
0.0141347
-10
-0.000215796
193
0.00416487
7
0.000151057
-66
-0.00142426
-170
-0.00366854
236
0.00509279
93
0.00200691
-1121
-0.0241908
-336
-0.00725076
-1729
-0.0373112
353
0.00761761
-445
-0.00960293
-168
-0.00362538
75
0.00161847
-86
-0.00185585
-375
-0.00809236
331
0.00714286
-2048
-0.0441951
-60
-0.00129478
-478
-0.0103151
-141
-0.00304273
-755
-0.0162926
67
0.00144584
-849
-0.0183211
-209
-0.00451014
726
0.0156668
-277
-0.00597756
-264
-0.00569702
56
0.00120846
865
0.0186664
23
0.000496331
-525
-0.0113293
109
0.00235218
444
0.00958136
198
0.00427277
79
0.00170479
-45
-0.000971083
-318
-0.00686232
-257
-0.00554596
357
0.00770393
-549
-0.0118472
-937
-0.0202201
-114
-0.00246008
-540
-0.011653
-106
-0.00228744
567
0.0122356
-9
-0.000194217
-57
-0.00123004
66
0.00142426
-372
-0.00802762
38
0.000820026
-21
-0.000453172
132
0.00284851
182
0.00392749
227
0.00489858
-119
-0.00256798
-266
-0.00574018
252
0.00543807
86
0.00185585
-25
-0.000539491
38
0.000820026
534
0.0115235
58
0.00125162
-426
-0.00919292
276
0.00595598
156
0.00336642
603
0.0130125
75
0.00161847
217
0.00468278
-109
-0.00235218
-336
-0.00725076
-69
-0.00148899
353
0.00761761
-434
-0.00936556
-117
-0.00252482
357
0.00770393
89
0.00192059
-631
-0.0136167
-113
-0.0024385
-290
-0.00625809
215
0.00463962
693
0.0149547
-29
-0.000625809
692
0.0149331
-252
-0.00543807
-60
-0.00129478
322
0.00694864
-227
-0.00489858
226
0.004877
-1014
-0.0218817
155
0.00334484
167
0.0036038
191
0.00412171
-458
-0.00988347
-264
-0.00569702
-644
-0.0138973
-401
-0.00865343
663
0.0143073
-30
-0.000647389
-550
-0.0118688
200
0.00431593
-573
-0.0123651
-195
-0.00420803
375
0.00809236
34
0.000733707
-713
-0.0153863
-293
-0.00632283
514
0.0110919
-337
-0.00727233
-269
-0.00580492
-504
-0.0108761
886
0.0191196
-2
-4.31593e-05
1036
0.0223565
-40
-0.000863185
-1094
-0.0236081
60
0.00129478
-301
-0.00649547
337
0.00727233
-324
-0.0069918
55
0.00118688
922
0.0198964
319
0.0068839
-180
-0.00388433
365
0.00787656
-475
-0.0102503
64
0.0013811
-56
-0.00120846
-68
-0.00146741
-564
-0.0121709
490
0.010574
-631
-0.0136167
-369
-0.00796288
-112
-0.00241692
-1
-2.15796e-05
-903
-0.0194864
-33
-0.000712128
240
0.00517911
-344
-0.00742339
252
0.00543807
424
0.00914976
-679
-0.0146526
-165
-0.00356064
-217
-0.00468278
78
0.00168321
498
0.0107467
143
0.00308589
328
0.00707812
-272
-0.00586966
57
0.00123004
-5
-0.000107898
500
0.0107898
-544
-0.0117393
-360
-0.00776867
98
0.0021148
361
0.00779025
28
0.00060423
-267
-0.00576176
-126
-0.00271903
-933
-0.0201338
30
0.000647389
1380
0.0297799
169
0.00364696
-365
-0.00787656
203
0.00438066
-52
-0.00112214
256
0.00552438
-342
-0.00738023
182
0.00392749
538
0.0116098
-13
-0.000280535
-63
-0.00135952
312
0.00673284
-29
-0.000625809
-128
-0.00276219
662
0.0142857
-349
-0.00753129
37
0.000798446
210
0.00453172
161
0.00347432
50
0.00107898
-362
-0.00781183
-143
-0.00308589
-136
-0.00293483
6
0.000129478
-196
-0.00422961
-165
-0.00356064
-597
-0.012883
-153
-0.00330168
-1104
-0.0238239
296
0.00638757
750
0.0161847
130
0.00280535
-368
-0.0079413
632
0.0136383
-336
-0.00725076
-6
-0.000129478
261
0.00563228
-103
-0.0022227
-594
-0.0128183
177
0.00381959
899
0.0194001
-441
-0.00951662
0
0
443
0.00955978
-752
-0.0162279
243
0.00524385
849
0.0183211
-113
-0.0024385
-268
-0.00578334
-401
-0.00865343
87
0.00187743
-292
-0.00630125
-841
-0.0181485
51
0.00110056
-574
-0.0123867
-185
-0.00399223
-509
-0.010984
-5
-0.000107898
498
0.0107467
4
8.63185e-05
901
0.0194432
-180
-0.00388433
18
0.000388433
-135
-0.00291325
675
0.0145662
-232
-0.00500647
333
0.00718602
7
0.000151057
-46
-0.000992663
-75
-0.00161847
425
0.00917134
41
0.000884765
-669
-0.0144368
-172
-0.0037117
-268
-0.00578334
-340
-0.00733707
158
0.00340958
-153
-0.00330168
102
0.00220112
-260
-0.0056107
-935
-0.020177
59
0.0012732
-494
-0.0106603
347
0.00748813
1225
0.026435
276
0.00595598
-863
-0.0186232
464
0.0100129
71
0.00153215
147
0.00317221
-684
-0.0147605
-393
-0.00848079
-1593
-0.0343763
252
0.00543807
-313
-0.00675442
-369
-0.00796288
-71
-0.00153215
37
0.000798446
-467
-0.0100777
148
0.00319379
513
0.0110703
116
0.00250324
-602
-0.0129909
116
0.00250324
-744
-0.0160552
-25
-0.000539491
-516
-0.0111351
118
0.0025464
566
0.0122141
331
0.00714286
-287
-0.00619335
67
0.00144584
-878
-0.0189469
209
0.00451014
-958
-0.0206733
134
0.00289167
-158
-0.00340958
341
0.00735865
252
0.00543807
-433
-0.00934398
532
0.0114804
-2
-4.31593e-05
-455
-0.00981873
-30
-0.000647389
1435
0.0309668
-17
-0.000366854
-1029
-0.0222054
-274
-0.00591282
-321
-0.00692706
-217
-0.00468278
-506
-0.0109193
-161
-0.00347432
16
0.000345274
-60
-0.00129478
-217
-0.00468278
68
0.00146741
-558
-0.0120414
161
0.00347432
812
0.0175227
117
0.00252482
957
0.0206517
254
0.00548123
-14
-0.000302115
-61
-0.00131636
278
0.00599914
332
0.00716444
1608
0.0347
52
0.00112214
393
0.00848079
-485
-0.0104661
116
0.00250324
-81
-0.00174795
-1177
-0.0253992
132
0.00284851
-367
-0.00791972
-188
-0.00405697
508
0.0109625
119
0.00256798
-105
-0.00226586
179
0.00386275
-284
-0.00612861
-26
-0.00056107
-259
-0.00558912
171
0.00369012
295
0.00636599
-22
-0.000474752
453
0.00977557
-171
-0.00369012
-1204
-0.0259819
188
0.00405697
-118
-0.0025464
538
0.0116098
445
0.00960293
177
0.00381959
11
0.000237376
245
0.00528701
-201
-0.00433751
-38
-0.000820026
136
0.00293483
-117
-0.00252482
-316
-0.00681916
100
0.00215796
644
0.0138973
-223
-0.00481226
761
0.0164221
161
0.00347432
-336
-0.00725076
-135
-0.00291325
1221
0.0263487
-264
-0.00569702
146
0.00315063
312
0.00673284
-539
-0.0116314
182
0.00392749
-452
-0.00975399
78
0.00168321
244
0.00526543
263
0.00567544
512
0.0110488
101
0.00217954
-399
-0.00861027
-435
-0.00938714
496
0.0107035
-297
-0.00640915
27
0.00058265
441
0.00951662
455
0.00981873
128
0.00276219
207
0.00446698
199
0.00429435
822
0.0177385
320
0.00690548
113
0.0024385
302
0.00651705
186
0.00401381
424
0.00914976
-115
-0.00248166
204
0.00440224
83
0.00179111
126
0.00271903
-244
-0.00526543
-110
-0.00237376
-973
-0.020997
137
0.00295641
-342
-0.00738023
-100
-0.00215796
297
0.00640915
221
0.0047691
-216
-0.0046612
-57
-0.00123004
-816
-0.017609
-156
-0.00336642
343
0.00740181
175
0.00377644
534
0.0115235
-433
-0.00934398
1093
0.0235865
-187
-0.00403539
-839
-0.0181053
202
0.00435909
-179
-0.00386275
-50
-0.00107898
93
0.00200691
758
0.0163574
-676
-0.0145878
-87
-0.00187743
-535
-0.0115451
-312
-0.00673284
908
0.0195943
276
0.00595598
-416
-0.00897713
80
0.00172637
-622
-0.0134225
-46
-0.000992663
-387
-0.00835132
364
0.00785498
-203
-0.00438066
457
0.00986189
138
0.00297799
-428
-0.00923608
-218
-0.00470436
199
0.00429435
-412
-0.00889081
453
0.00977557
-79
-0.00170479
-372
-0.00802762
-373
-0.0080492
-85
-0.00183427
-655
-0.0141347
316
0.00681916
45
0.000971083
215
0.00463962
1006
0.0217091
-209
-0.00451014
-136
-0.00293483
-150
-0.00323694
474
0.0102287
320
0.00690548
-348
-0.00750971
-228
-0.00492016
-370
-0.00798446
-243
-0.00524385
94
0.00202849
6
0.000129478
1031
0.0222486
240
0.00517911
-221
-0.0047691
147
0.00317221
373
0.0080492
-342
-0.00738023
355
0.00766077
-621
-0.0134009
15
0.000323694
-159
-0.00343116
-379
-0.00817868
-129
-0.00278377
421
0.00908502
62
0.00133794
1347
0.0290678
24
0.000517911
707
0.0152568
-23
-0.000496331
-768
-0.0165732
-341
-0.00735865
-861
-0.0185801
65
0.00140268
-47
-0.00101424
141
0.00304273
303
0.00653863
10
0.000215796
251
0.00541649
131
0.00282693
-432
-0.0093224
4
8.63185e-05
-405
-0.00873975
-165
-0.00356064
-1023
-0.022076
14
0.000302115
-170
-0.00366854
-210
-0.00453172
978
0.0211049
245
0.00528701
-116
-0.00250324
-123
-0.00265429
-1431
-0.0308804
-158
-0.00340958
-350
-0.00755287
301
0.00649547
279
0.00602072
-384
-0.00828658
-875
-0.0188822
16
0.000345274
-41
-0.000884765
101
0.00217954
125
0.00269745
-270
-0.0058265
1134
0.0244713
194
0.00418645
-1096
-0.0236513
-330
-0.00712128
857
0.0184937
371
0.00800604
232
0.00500647
252
0.00543807
-575
-0.0124083
268
0.00578334
1112
0.0239965
-335
-0.00722918
-111
-0.00239534
-504
-0.0108761
616
0.0132931
-196
-0.00422961
280
0.0060423
294
0.00634441
-141
-0.00304273
345
0.00744497
-380
-0.00820026
105
0.00226586
-1513
-0.03265
-306
-0.00660337
-1053
-0.0227233
248
0.00535175
-55
-0.00118688
-61
-0.00131636
-698
-0.0150626
-125
-0.00269745
-44
-0.000949504
-157
-0.003388
39
0.000841606
382
0.00824342
-1141
-0.0246224
-20
-0.000431593
126
0.00271903
-203
-0.00438066
427
0.0092145
741
0.0159905
429
0.00925766
260
0.0056107
1005
0.0216875
-15
-0.000323694
950
0.0205006
-231
-0.00498489
55
0.00118688
211
0.0045533
-521
-0.011243
-54
-0.0011653
-1138
-0.0245576
483
0.010423
-227
-0.00489858
-12
-0.000258956
862
0.0186016
311
0.00671126
396
0.00854553
-223
-0.00481226
-115
-0.00248166
-277
-0.00597756
-958
-0.0206733
-58
-0.00125162
-55
-0.00118688
74
0.00159689
593
0.0127967
-184
-0.00397065
591
0.0127536
-458
-0.00988347
-1728
-0.0372896
-602
-0.0129909
211
0.0045533
-20
-0.000431593
-451
-0.00973241
-554
-0.0119551
368
0.0079413
-10
-0.000215796
-975
-0.0210401
372
0.00802762
49
0.0010574
129
0.00278377
-229
-0.00494174
130
0.00280535
367
0.00791972
274
0.00591282
-175
-0.00377644
-354
-0.00763919
-619
-0.0133578
-131
-0.00282693
-36
-0.000776867
-19
-0.000410013
94
0.00202849
246
0.00530859
244
0.00526543
336
0.00725076
1255
0.0270824
-110
-0.00237376
-595
-0.0128399
-204
-0.00440224
-503
-0.0108546
27
0.00058265
-263
-0.00567544
463
0.00999137
-458
-0.00988347
-102
-0.00220112
-80
-0.00172637
-296
-0.00638757
127
0.00274061
-122
-0.00263271
-1639
-0.035369
-88
-0.00189901
-691
-0.0149115
381
0.00822184
-542
-0.0116962
498
0.0107467
768
0.0165732
-137
-0.00295641
349
0.00753129
-349
-0.00753129
146
0.00315063
2
4.31593e-05
375
0.00809236
-276
-0.00595598
900
0.0194217
76
0.00164005
-854
-0.018429
-258
-0.00556754
-151
-0.00325852
-10
-0.000215796
-737
-0.0159042
-612
-0.0132067
809
0.0174579
23
0.000496331
-490
-0.010574
560
0.0120846
293
0.00632283
-228
-0.00492016
-675
-0.0145662
115
0.00248166
-138
-0.00297799
-24
-0.000517911
-908
-0.0195943
-1
-2.15796e-05
-859
-0.0185369
-336
-0.00725076
479
0.0103366
-150
-0.00323694
86
0.00185585
462
0.00996979
20
0.000431593
-166
-0.00358222
688
0.0148468
-107
-0.00230902
886
0.0191196
-35
-0.000755287
-347
-0.00748813
-266
-0.00574018
-357
-0.00770393
294
0.00634441
496
0.0107035
-41
-0.000884765
-98
-0.0021148
-307
-0.00662495
1002
0.0216228
170
0.00366854
-62
-0.00133794
-283
-0.00610703
-607
-0.0130988
-184
-0.00397065
143
0.00308589
-267
-0.00576176
521
0.011243
194
0.00418645
627
0.0135304
-207
-0.00446698
887
0.0191411
23
0.000496331
278
0.00599914
85
0.00183427
-587
-0.0126672
-106
-0.00228744
-416
-0.00897713
110
0.00237376
-739
-0.0159473
489
0.0105524
-123
-0.00265429
-301
-0.00649547
-232
-0.00500647
-304
-0.00656021
-398
-0.00858869
-210
-0.00453172
-72
-0.00155373
-124
-0.00267587
447
0.00964609
-664
-0.0143289
269
0.00580492
46
0.000992663
181
0.00390591
445
0.00960293
779
0.0168105
-113
-0.0024385
693
0.0149547
586
0.0126457
-373
-0.0080492
-401
-0.00865343
-1236
-0.0266724
144
0.00310747
-306
-0.00660337
-81
-0.00174795
-56
-0.00120846
-460
-0.00992663
5
0.000107898
-102
-0.00220112
375
0.00809236
270
0.0058265
-624
-0.0134657
-170
-0.00366854
-1120
-0.0241692
628
0.013552
-229
-0.00494174
-34
-0.000733707
72
0.00155373
467
0.0100777
413
0.00891239
804
0.01735
1533
0.0330816
-219
-0.00472594
-1153
-0.0248813
178
0.00384117
-407
-0.00878291
-206
-0.0044454
223
0.00481226
247
0.00533017
-11
-0.000237376
-330
-0.00712128
-369
-0.00796288
177
0.00381959
-684
-0.0147605
4
8.63185e-05
-1217
-0.0262624
-714
-0.0154079
-40
-0.000863185
115
0.00248166
372
0.00802762
-113
-0.0024385
-269
-0.00580492
135
0.00291325
-321
-0.00692706
-236
-0.00509279
518
0.0111782
126
0.00271903
-72
-0.00155373
601
0.0129694
-25
-0.000539491
-44
-0.000949504
563
0.0121493
-311
-0.00671126
-531
-0.0114588
329
0.0070997
1023
0.022076
-82
-0.00176953
873
0.018839
27
0.00058265
200
0.00431593
162
0.0034959
-203
-0.00438066
-223
-0.00481226
-239
-0.00515753
-224
-0.00483384
-42
-0.000906344
34
0.000733707
107
0.00230902
-15
-0.000323694
-1450
-0.0312905
-603
-0.0130125
-351
-0.00757445
159
0.00343116
893
0.0192706
-185
-0.00399223
-246
-0.00530859
530
0.0114372
-595
-0.0128399
102
0.00220112
-766
-0.01653
185
0.00399223
55
0.00118688
-78
-0.00168321
245
0.00528701
207
0.00446698
1391
0.0300173
-584
-0.0126025
-893
-0.0192706
-104
-0.00224428
182
0.00392749
71
0.00153215
-13
-0.000280535
206
0.0044454
-434
-0.00936556
-348
-0.00750971
-493
-0.0106388
-265
-0.0057186
332
0.00716444
129
0.00278377
-590
-0.012732
-230
-0.00496331
612
0.0132067
-423
-0.00912818
-473
-0.0102072
115
0.00248166
-405
-0.00873975
117
0.00252482
-1047
-0.0225939
190
0.00410013
1393
0.0300604
-178
-0.00384117
-139
-0.00299957
99
0.00213638
-1
-2.15796e-05
57
0.00123004
-130
-0.00280535
129
0.00278377
-1615
-0.0348511
-185
-0.00399223
-244
-0.00526543
9
0.000194217
-328
-0.00707812
-561
-0.0121062
637
0.0137462
-452
-0.00975399
324
0.0069918
-226
-0.004877
314
0.006776
-561
-0.0121062
-725
-0.0156452
214
0.00461804
-45
-0.000971083
110
0.00237376
-270
-0.0058265
-298
-0.00643073
32
0.000690548
-32
-0.000690548
-646
-0.0139404
-260
-0.0056107
-1238
-0.0267156
455
0.00981873
426
0.00919292
-15
-0.000323694
124
0.00267587
16
0.000345274
-41
-0.000884765
95
0.00205006
20
0.000431593
-352
-0.00759603
492
0.0106172
-59
-0.0012732
1026
0.0221407
-202
-0.00435909
-301
-0.00649547
-149
-0.00321536
-692
-0.0149331
-29
-0.000625809
226
0.004877
-263
-0.00567544
547
0.0118041
-254
-0.00548123
441
0.00951662
59
0.0012732
-326
-0.00703496
17
0.000366854
601
0.0129694
-336
-0.00725076
-1942
-0.0419076
-249
-0.00537333
1452
0.0313336
-261
-0.00563228
-283
-0.00610703
297
0.00640915
-188
-0.00405697
169
0.00364696
784
0.0169184
168
0.00362538
290
0.00625809
350
0.00755287
70
0.00151057
-11
-0.000237376
629
0.0135736
-230
-0.00496331
-489
-0.0105524
230
0.00496331
179
0.00386275
-323
-0.00697022
324
0.0069918
221
0.0047691
-422
-0.0091066
-219
-0.00472594
-438
-0.00945188
-417
-0.00899871
668
0.0144152
-206
-0.0044454
-337
-0.00727233
-87
-0.00187743
-317
-0.00684074
-415
-0.00895555
554
0.0119551
-34
-0.000733707
501
0.0108114
-245
-0.00528701
373
0.0080492
378
0.0081571
-98
-0.0021148
-167
-0.0036038
-339
-0.00731549
16
0.000345274
-211
-0.0045533
449
0.00968925
-616
-0.0132931
211
0.0045533
-1313
-0.0283341
-275
-0.0059344
786
0.0169616
-150
-0.00323694
-957
-0.0206517
-435
-0.00938714
-861
-0.0185801
329
0.0070997
157
0.003388
-23
-0.000496331
194
0.00418645
11
0.000237376
571
0.012322
188
0.00405697
151
0.00325852
220
0.00474752
-1184
-0.0255503
245
0.00528701
818
0.0176521
-313
-0.00675442
-604
-0.0130341
175
0.00377644
594
0.0128183
-135
-0.00291325
111
0.00239534
90
0.00194217
-1527
-0.0329521
392
0.00845921
887
0.0191411
-190
-0.00410013
327
0.00705654
-288
-0.00621493
-683
-0.0147389
215
0.00463962
-176
-0.00379801
75
0.00161847
-553
-0.0119335
49
0.0010574
-154
-0.00332326
-104
-0.00224428
-285
-0.00615019
-32
-0.000690548
949
0.0204791
-189
-0.00407855
-798
-0.0172205
363
0.00783341
-143
-0.00308589
-323
-0.00697022
422
0.0091066
-188
-0.00405697
279
0.00602072
130
0.00280535
-699
-0.0150842
241
0.00520069
939
0.0202633
-102
-0.00220112
59
0.0012732
54
0.0011653
-70
-0.00151057
571
0.012322
-270
-0.0058265
-196
-0.00422961
29
0.000625809
-153
-0.00330168
242
0.00522227
-180
-0.00388433
-1146
-0.0247303
-185
-0.00399223
-143
-0.00308589
197
0.00425119
-84
-0.00181269
-30
-0.000647389
325
0.00701338
209
0.00451014
-816
-0.017609
-176
-0.00379801
-858
-0.0185153
50
0.00107898
602
0.0129909
85
0.00183427
-103
-0.0022227
15
0.000323694
181
0.00390591
-87
-0.00187743
577
0.0124514
-346
-0.00746655
-338
-0.00729391
-132
-0.00284851
395
0.00852395
-244
-0.00526543
-251
-0.00541649
304
0.00656021
226
0.004877
262
0.00565386
657
0.0141778
92
0.00198533
480
0.0103582
90
0.00194217
550
0.0118688
287
0.00619335
-589
-0.0127104
-109
-0.00235218
137
0.00295641
-91
-0.00196375
-187
-0.00403539
-370
-0.00798446
587
0.0126672
-25
-0.000539491
-337
-0.00727233
5
0.000107898
435
0.00938714
-238
-0.00513595
577
0.0124514
375
0.00809236
-184
-0.00397065
85
0.00183427
-269
-0.00580492
-165
-0.00356064
342
0.00738023
56
0.00120846
-749
-0.0161631
-51
-0.00110056
-106
-0.00228744
131
0.00282693
628
0.013552
-456
-0.00984031
459
0.00990505
209
0.00451014
220
0.00474752
184
0.00397065
318
0.00686232
269
0.00580492
-19
-0.000410013
72
0.00155373
754
0.016271
-165
-0.00356064
568
0.0122572
470
0.0101424
-457
-0.00986189
-449
-0.00968925
360
0.00776867
439
0.00947346
1146
0.0247303
-317
-0.00684074
-50
-0.00107898
-80
-0.00172637
926
0.0199827
-122
-0.00263271
-825
-0.0178032
-423
-0.00912818
902
0.0194648
339
0.00731549
1155
0.0249245
-34
-0.000733707
-128
-0.00276219
-49
-0.0010574
147
0.00317221
-173
-0.00373328
953
0.0205654
-454
-0.00979715
-490
-0.010574
-141
-0.00304273
-81
-0.00174795
403
0.00869659
-1312
-0.0283125
-492
-0.0106172
177
0.00381959
-212
-0.00457488
-332
-0.00716444
-114
-0.00246008
54
0.0011653
292
0.00630125
-88
-0.00189901
68
0.00146741
164
0.00353906
-154
-0.00332326
1287
0.027773
154
0.00332326
503
0.0108546
449
0.00968925
-51
-0.00110056
772
0.0166595
-636
-0.0137246
-436
-0.00940872
-316
-0.00681916
-275
-0.0059344
83
0.00179111
-189
-0.00407855
-21
-0.000453172
91
0.00196375
-866
-0.018688
-113
-0.0024385
521
0.011243
92
0.00198533
-1163
-0.0250971
75
0.00161847
904
0.019508
170
0.00366854
104
0.00224428
105
0.00226586
-634
-0.0136815
8
0.000172637
336
0.00725076
55
0.00118688
-678
-0.014631
-206
-0.0044454
-591
-0.0127536
14
0.000302115
-548
-0.0118256
-43
-0.000927924
177
0.00381959
70
0.00151057
-760
-0.0164005
346
0.00746655
-512
-0.0110488
-229
-0.00494174
151
0.00325852
-52
-0.00112214
-31
-0.000668968
-76
-0.00164005
356
0.00768235
-167
-0.0036038
-128
-0.00276219
475
0.0102503
-688
-0.0148468
369
0.00796288
-520
-0.0112214
382
0.00824342
649
0.0140052
423
0.00912818
-941
-0.0203064
25
0.000539491
27
0.00058265
-520
-0.0112214
367
0.00791972
288
0.00621493
-339
-0.00731549
62
0.00133794
543
0.0117177
-46
-0.000992663
742
0.0160121
225
0.00485542
807
0.0174148
134
0.00289167
758
0.0163574
-196
-0.00422961
318
0.00686232
-265
-0.0057186
-56
-0.00120846
-46
-0.000992663
-520
-0.0112214
30
0.000647389
-770
-0.0166163
-11
-0.000237376
-570
-0.0123004
-128
-0.00276219
606
0.0130773
279
0.00602072
-448
-0.00966767
-18
-0.000388433
-512
-0.0110488
-412
-0.00889081
-341
-0.00735865
-210
-0.00453172
153
0.00330168
-275
-0.0059344
3
6.47389e-05
142
0.00306431
-367
-0.00791972
51
0.00110056
934
0.0201554
-55
-0.00118688
-487
-0.0105093
108
0.0023306
174
0.00375486
-524
-0.0113077
-198
-0.00427277
171
0.00369012
-154
-0.00332326
-2
-4.31593e-05
1335
0.0288088
-55
-0.00118688
-519
-0.0111998
39
0.000841606
-765
-0.0165084
180
0.00388433
319
0.0068839
355
0.00766077
-43
-0.000927924
-305
-0.00658179
610
0.0131636
81
0.00174795
480
0.0103582
13
0.000280535
105
0.00226586
-487
-0.0105093
-595
-0.0128399
-389
-0.00839448
1
2.15796e-05
-342
-0.00738023
-428
-0.00923608
-270
-0.0058265
310
0.00668968
310
0.00668968
636
0.0137246
203
0.00438066
174
0.00375486
21
0.000453172
-956
-0.0206301
-54
-0.0011653
-75
-0.00161847
121
0.00261114
167
0.0036038
144
0.00310747
595
0.0128399
100
0.00215796
-1166
-0.0251618
544
0.0117393
-202
-0.00435909
-111
-0.00239534
-144
-0.00310747
117
0.00252482
-577
-0.0124514
-167
-0.0036038
595
0.0128399
-157
-0.003388
178
0.00384117
-281
-0.00606388
-80
-0.00172637
-256
-0.00552438
-874
-0.0188606
78
0.00168321
-696
-0.0150194
180
0.00388433
431
0.00930082
153
0.00330168
428
0.00923608
128
0.00276219
106
0.00228744
-76
-0.00164005
1346
0.0290462
-435
-0.00938714
440
0.00949504
93
0.00200691
517
0.0111567
279
0.00602072
1230
0.0265429
255
0.00550281
1043
0.0225076
535
0.0115451
-280
-0.0060423
264
0.00569702
-605
-0.0130557
-113
-0.0024385
1256
0.027104
103
0.0022227
-1041
-0.0224644
-197
-0.00425119
-532
-0.0114804
136
0.00293483
-118
-0.0025464
377
0.00813552
26
0.00056107
-346
-0.00746655
-308
-0.00664653
56
0.00120846
237
0.00511437
-73
-0.00157531
-134
-0.00289167
144
0.00310747
-1181
-0.0254855
22
0.000474752
443
0.00955978
173
0.00373328
-418
-0.00902028
-164
-0.00353906
18
0.000388433
293
0.00632283
-1281
-0.0276435
43
0.000927924
-307
-0.00662495
-67
-0.00144584
-332
-0.00716444
114
0.00246008
1144
0.0246871
37
0.000798446
314
0.006776
-32
-0.000690548
22
0.000474752
147
0.00317221
-619
-0.0133578
282
0.00608546
-59
-0.0012732
-116
-0.00250324
-853
-0.0184074
-350
-0.00755287
1101
0.0237592
-254
-0.00548123
135
0.00291325
128
0.00276219
-217
-0.00468278
390
0.00841606
-467
-0.0100777
-44
-0.000949504
-361
-0.00779025
-141
-0.00304273
-1358
-0.0293051
378
0.0081571
-122
-0.00263271
110
0.00237376
-505
-0.0108977
108
0.0023306
-214
-0.00461804
-342
-0.00738023
887
0.0191411
29
0.000625809
84
0.00181269
-61
-0.00131636
644
0.0138973
7
0.000151057
-1887
-0.0407208
164
0.00353906
-53
-0.00114372
-172
-0.0037117
-193
-0.00416487
443
0.00955978
21
0.000453172
-249
-0.00537333
-1036
-0.0223565
54
0.0011653
-364
-0.00785498
-27
-0.00058265
1032
0.0222702
291
0.00627967
-58
-0.00125162
-119
-0.00256798
827
0.0178464
224
0.00483384
-1015
-0.0219033
414
0.00893397
-45
-0.000971083
-158
-0.00340958
-1050
-0.0226586
-91
-0.00196375
1130
0.024385
97
0.00209322
400
0.00863185
-44
-0.000949504
-146
-0.00315063
-719
-0.0155158
779
0.0168105
-341
-0.00735865
-96
-0.00207164
-56
-0.00120846
760
0.0164005
-41
-0.000884765
-626
-0.0135088
-167
-0.0036038
276
0.00595598
38
0.000820026
374
0.00807078
341
0.00735865
254
0.00548123
-434
-0.00936556
-51
-0.00110056
92
0.00198533
-536
-0.0115667
-4
-8.63185e-05
-91
-0.00196375
139
0.00299957
646
0.0139404
-260
-0.0056107
-240
-0.00517911
-143
-0.00308589
-694
-0.0149763
-105
-0.00226586
1372
0.0296073
-314
-0.006776
-972
-0.0209754
121
0.00261114
113
0.0024385
629
0.0135736
-7
-0.000151057
390
0.00841606
467
0.0100777
-424
-0.00914976
-79
-0.00170479
-164
-0.00353906
-1568
-0.0338369
200
0.00431593
-565
-0.0121925
363
0.00783341
300
0.00647389
234
0.00504963
-379
-0.00817868
-219
-0.00472594
-163
-0.00351748
150
0.00323694
-566
-0.0122141
1
2.15796e-05
395
0.00852395
187
0.00403539
-68
-0.00146741
-172
-0.0037117
-541
-0.0116746
65
0.00140268
-135
-0.00291325
8
0.000172637
195
0.00420803
103
0.0022227
692
0.0149331
-155
-0.00334484
284
0.00612861
-151
-0.00325852
-19
-0.000410013
210
0.00453172
476
0.0102719
-261
-0.00563228
-234
-0.00504963
0
0
591
0.0127536
133
0.00287009
335
0.00722918
201
0.00433751
-479
-0.0103366
-314
-0.006776
733
0.0158179
-82
-0.00176953
1164
0.0251187
89
0.00192059
610
0.0131636
100
0.00215796
795
0.0171558
447
0.00964609
405
0.00873975
-362
-0.00781183
-142
-0.00306431
335
0.00722918
982
0.0211912
-77
-0.00166163
186
0.00401381
-55
-0.00118688
-167
-0.0036038
-551
-0.0118904
-1141
-0.0246224
434
0.00936556
-295
-0.00636599
502
0.010833
-132
-0.00284851
-49
-0.0010574
277
0.00597756
-282
-0.00608546
-516
-0.0111351
360
0.00776867
-1161
-0.0250539
-80
-0.00172637
-112
-0.00241692
-130
-0.00280535
916
0.0197669
379
0.00817868
-176
-0.00379801
125
0.00269745
-713
-0.0153863
420
0.00906344
-194
-0.00418645
-278
-0.00599914
-15
-0.000323694
-297
-0.00640915
366
0.00789814
248
0.00535175
913
0.0197022
-600
-0.0129478
-625
-0.0134873
234
0.00504963
-272
-0.00586966
-132
-0.00284851
-467
-0.0100777
13
0.000280535
-201
-0.00433751
-216
-0.0046612
-132
-0.00284851
-251
-0.00541649
-264
-0.00569702
-221
-0.0047691
779
0.0168105
184
0.00397065
-862
-0.0186016
95
0.00205006
-142
-0.00306431
6
0.000129478
-78
-0.00168321
-234
-0.00504963
483
0.010423
309
0.00666811
580
0.0125162
299
0.00645231
231
0.00498489
-466
-0.0100561
-804
-0.01735
-32
-0.000690548
-499
-0.0107682
221
0.0047691
343
0.00740181
153
0.00330168
61
0.00131636
95
0.00205006
548
0.0118256
226
0.004877
28
0.00060423
-181
-0.00390591
-799
-0.0172421
113
0.0024385
-91
-0.00196375
-203
-0.00438066
312
0.00673284
63
0.00135952
-1057
-0.0228097
-121
-0.00261114
426
0.00919292
-182
-0.00392749
602
0.0129909
284
0.00612861
41
0.000884765
232
0.00500647
-319
-0.0068839
25
0.000539491
418
0.00902028
117
0.00252482
1188
0.0256366
132
0.00284851
872
0.0188174
-71
-0.00153215
-641
-0.0138325
14
0.000302115
-305
-0.00658179
83
0.00179111
373
0.0080492
-265
-0.0057186
105
0.00226586
-94
-0.00202849
-836
-0.0180406
187
0.00403539
1400
0.0302115
-103
-0.0022227
-313
-0.00675442
107
0.00230902
-197
-0.00425119
-417
-0.00899871
-188
-0.00405697
524
0.0113077
623
0.0134441
-92
-0.00198533
697
0.015041
-61
-0.00131636
-503
-0.0108546
101
0.00217954
-552
-0.011912
298
0.00643073
24
0.000517911
-221
-0.0047691
-1469
-0.0317005
14
0.000302115
-316
-0.00681916
-9
-0.000194217
-105
-0.00226586
-268
-0.00578334
789
0.0170263
484
0.0104445
154
0.00332326
-21
-0.000453172
870
0.0187743
280
0.0060423
-170
-0.00366854
-214
-0.00461804
1360
0.0293483
-126
-0.00271903
546
0.0117825
465
0.0100345
-91
-0.00196375
-456
-0.00984031
134
0.00289167
5
0.000107898
-74
-0.00159689
-133
-0.00287009
276
0.00595598
159
0.00343116
187
0.00403539
-105
-0.00226586
-825
-0.0178032
-277
-0.00597756
-1111
-0.023975
343
0.00740181
789
0.0170263
-288
-0.00621493
-291
-0.00627967
-17
-0.000366854
-1223
-0.0263919
-217
-0.00468278
632
0.0136383
-318
-0.00686232
592
0.0127751
389
0.00839448
-147
-0.00317221
-136
-0.00293483
935
0.020177
-69
-0.00148899
463
0.00999137
-29
-0.000625809
850
0.0183427
95
0.00205006
-165
-0.00356064
173
0.00373328
-689
-0.0148684
-186
-0.00401381
854
0.018429
350
0.00755287
-541
-0.0116746
-366
-0.00789814
-802
-0.0173069
133
0.00287009
-96
-0.00207164
194
0.00418645
-1342
-0.0289599
68
0.00146741
287
0.00619335
-10
-0.000215796
-318
-0.00686232
-494
-0.0106603
35
0.000755287
51
0.00110056
-128
-0.00276219
-14
-0.000302115
-951
-0.0205222
307
0.00662495
-1447
-0.0312257
238
0.00513595
-117
-0.00252482
-204
-0.00440224
491
0.0105956
-254
-0.00548123
-50
-0.00107898
296
0.00638757
-676
-0.0145878
191
0.00412171
-633
-0.0136599
-196
-0.00422961
31
0.000668968
-20
-0.000431593
161
0.00347432
-46
-0.000992663
-322
-0.00694864
125
0.00269745
94
0.00202849
-143
-0.00308589
213
0.00459646
80
0.00172637
163
0.00351748
393
0.00848079
243
0.00524385
218
0.00470436
610
0.0131636
21
0.000453172
-253
-0.00545965
-372
-0.00802762
369
0.00796288
97
0.00209322
474
0.0102287
-192
-0.00414329
-664
-0.0143289
233
0.00502805
-661
-0.0142641
42
0.000906344
-287
-0.00619335
276
0.00595598
-167
-0.0036038
278
0.00599914
186
0.00401381
55
0.00118688
280
0.0060423
-223
-0.00481226
173
0.00373328
67
0.00144584
521
0.011243
-36
-0.000776867
-995
-0.0214717
-210
-0.00453172
100
0.00215796
226
0.004877
271
0.00584808
152
0.0032801
-37
-0.000798446
-204
-0.00440224
-374
-0.00807078
626
0.0135088
393
0.00848079
-58
-0.00125162
337
0.00727233
183
0.00394907
-690
-0.0148899
162
0.0034959
186
0.00401381
-340
-0.00733707
403
0.00869659
-108
-0.0023306
192
0.00414329
203
0.00438066
696
0.0150194
0
0
313
0.00675442
-623
-0.0134441
834
0.0179974
-338
-0.00729391
-305
-0.00658179
222
0.00479068
-616
-0.0132931
-86
-0.00185585
-812
-0.0175227
-409
-0.00882607
682
0.0147173
-132
-0.00284851
361
0.00779025
-47
-0.00101424
-241
-0.00520069
-351
-0.00757445
577
0.0124514
-170
-0.00366854
337
0.00727233
238
0.00513595
-176
-0.00379801
101
0.00217954
-1014
-0.0218817
310
0.00668968
1142
0.0246439
-70
-0.00151057
-1382
-0.029823
-155
-0.00334484
-479
-0.0103366
308
0.00664653
-493
-0.0106388
-371
-0.00800604
-158
-0.00340958
-4
-8.63185e-05
343
0.00740181
10
0.000215796
-494
-0.0106603
245
0.00528701
-260
-0.0056107
208
0.00448856
889
0.0191843
60
0.00129478
405
0.00873975
173
0.00373328
-462
-0.00996979
306
0.00660337
106
0.00228744
-97
-0.00209322
665
0.0143505
-254
-0.00548123
-84
-0.00181269
-715
-0.0154294
779
0.0168105
180
0.00388433
-319
-0.0068839
11
0.000237376
-290
-0.00625809
199
0.00429435
-626
-0.0135088
-239
-0.00515753
-426
-0.00919292
152
0.0032801
266
0.00574018
219
0.00472594
955
0.0206085
185
0.00399223
-572
-0.0123435
-103
-0.0022227
7
0.000151057
-353
-0.00761761
558
0.0120414
-211
-0.0045533
329
0.0070997
-107
-0.00230902
-60
-0.00129478
-132
-0.00284851
-136
-0.00293483
123
0.00265429
-129
-0.00278377
-401
-0.00865343
-298
-0.00643073
-63
-0.00135952
-10
-0.000215796
766
0.01653
24
0.000517911
253
0.00545965
-751
-0.0162063
-208
-0.00448856
826
0.0178248
-208
-0.00448856
-83
-0.00179111
59
0.0012732
1796
0.038757
-59
-0.0012732
359
0.00774709
-207
-0.00446698
159
0.00343116
-6
-0.000129478
-336
-0.00725076
-88
-0.00189901
-676
-0.0145878
262
0.00565386
109
0.00235218
10
0.000215796
-10
-0.000215796
-267
-0.00576176
132
0.00284851
-91
-0.00196375
216
0.0046612
-304
-0.00656021
374
0.00807078
-258
-0.00556754
889
0.0191843
-8
-0.000172637
-381
-0.00822184
165
0.00356064
-365
-0.00787656
269
0.00580492
-295
-0.00636599
-143
-0.00308589
-304
-0.00656021
-155
-0.00334484
-329
-0.0070997
606
0.0130773
262
0.00565386
149
0.00321536
430
0.00927924
-397
-0.00856711
606
0.0130773
50
0.00107898
348
0.00750971
48
0.00103582
551
0.0118904
-374
-0.00807078
-197
-0.00425119
126
0.00271903
-502
-0.010833
552
0.011912
615
0.0132715
-25
-0.000539491
-689
-0.0148684
-65
-0.00140268
-234
-0.00504963
463
0.00999137
-86
-0.00185585
132
0.00284851
-458
-0.00988347
-68
-0.00146741
365
0.00787656
-60
-0.00129478
310
0.00668968
315
0.00679758
681
0.0146957
-281
-0.00606388
-643
-0.0138757
-114
-0.00246008
367
0.00791972
161
0.00347432
-488
-0.0105309
204
0.00440224
-90
-0.00194217
-328
-0.00707812
348
0.00750971
-271
-0.00584808
-842
-0.01817
196
0.00422961
266
0.00574018
317
0.00684074
1074
0.0231765
524
0.0113077
1046
0.0225723
315
0.00679758
696
0.0150194
-114
-0.00246008
-749
-0.0161631
-146
-0.00315063
1631
0.0351964
298
0.00643073
627
0.0135304
-118
-0.0025464
170
0.00366854
115
0.00248166
-38
-0.000820026
126
0.00271903
-343
-0.00740181
-74
-0.00159689
123
0.00265429
-2
-4.31593e-05
140
0.00302115
28
0.00060423
393
0.00848079
-296
-0.00638757
-218
-0.00470436
344
0.00742339
240
0.00517911
26
0.00056107
-1
-2.15796e-05
-445
-0.00960293
1104
0.0238239
174
0.00375486
-253
-0.00545965
-361
-0.00779025
-1050
-0.0226586
400
0.00863185
649
0.0140052
-44
-0.000949504
427
0.0092145
136
0.00293483
95
0.00205006
309
0.00666811
-1059
-0.0228528
95
0.00205006
534
0.0115235
112
0.00241692
-315
-0.00679758
-56
-0.00120846
534
0.0115235
-294
-0.00634441
-590
-0.012732
-248
-0.00535175
-329
-0.0070997
401
0.00865343
-577
-0.0124514
256
0.00552438
377
0.00813552
57
0.00123004
190
0.00410013
-5
-0.000107898
-385
-0.00830816
-232
-0.00500647
-1040
-0.0224428
-5
-0.000107898
1202
0.0259387
-676
-0.0145878
1504
0.0324558
-57
-0.00123004
420
0.00906344
-250
-0.00539491
200
0.00431593
130
0.00280535
534
0.0115235
434
0.00936556
647
0.013962
462
0.00996979
428
0.00923608
208
0.00448856
445
0.00960293
-42
-0.000906344
644
0.0138973
-306
-0.00660337
-563
-0.0121493
-120
-0.00258956
385
0.00830816
-262
-0.00565386
-157
-0.003388
-142
-0.00306431
-2133
-0.0460293
-412
-0.00889081
-473
-0.0102072
271
0.00584808
-73
-0.00157531
-258
-0.00556754
-9
-0.000194217
-293
-0.00632283
167
0.0036038
154
0.00332326
1241
0.0267803
-498
-0.0107467
-953
-0.0205654
-360
-0.00776867
-652
-0.0140699
10
0.000215796
388
0.0083729
-36
-0.000776867
-323
-0.00697022
159
0.00343116
-1225
-0.026435
103
0.0022227
630
0.0135952
74
0.00159689
375
0.00809236
74
0.00159689
35
0.000755287
-373
-0.0080492
74
0.00159689
253
0.00545965
-551
-0.0118904
175
0.00377644
1028
0.0221839
382
0.00824342
935
0.020177
509
0.010984
54
0.0011653
-144
-0.00310747
-447
-0.00964609
-204
-0.00440224
-213
-0.00459646
-106
-0.00228744
844
0.0182132
81
0.00174795
271
0.00584808
237
0.00511437
310
0.00668968
-149
-0.00321536
-198
-0.00427277
-642
-0.0138541
931
0.0200906
167
0.0036038
-264
-0.00569702
84
0.00181269
-50
-0.00107898
-294
-0.00634441
-827
-0.0178464
87
0.00187743
181
0.00390591
-210
-0.00453172
-355
-0.00766077
-141
-0.00304273
893
0.0192706
61
0.00131636
-74
-0.00159689
-277
-0.00597756
238
0.00513595
-114
-0.00246008
106
0.00228744
-100
-0.00215796
6
0.000129478
225
0.00485542
78
0.00168321
-165
-0.00356064
-664
-0.0143289
-66
-0.00142426
351
0.00757445
146
0.00315063
-664
-0.0143289
187
0.00403539
-383
-0.008265
-98
-0.0021148
-340
-0.00733707
289
0.00623651
1203
0.0259603
-279
-0.00602072
-891
-0.0192274
176
0.00379801
-9
-0.000194217
-161
-0.00347432
544
0.0117393
-64
-0.0013811
-59
-0.0012732
220
0.00474752
-457
-0.00986189
39
0.000841606
-456
-0.00984031
19
0.000410013
362
0.00781183
-72
-0.00155373
255
0.00550281
46
0.000992663
659
0.014221
450
0.00971083
405
0.00873975
-56
-0.00120846
725
0.0156452
132
0.00284851
497
0.0107251
-214
-0.00461804
1478
0.0318947
289
0.00623651
-322
-0.00694864
-218
-0.00470436
806
0.0173932
175
0.00377644
-427
-0.0092145
-133
-0.00287009
-200
-0.00431593
-120
-0.00258956
-28
-0.00060423
-187
-0.00403539
-322
-0.00694864
-141
-0.00304273
-156
-0.00336642
-229
-0.00494174
387
0.00835132
-396
-0.00854553
317
0.00684074
301
0.00649547
-353
-0.00761761
-21
-0.000453172
1006
0.0217091
-271
-0.00584808
-326
-0.00703496
-46
-0.000992663
414
0.00893397
-140
-0.00302115
125
0.00269745
318
0.00686232
348
0.00750971
0
0
-426
-0.00919292
-111
-0.00239534
-622
-0.0134225
-142
-0.00306431
892
0.019249
-235
-0.00507121
307
0.00662495
322
0.00694864
392
0.00845921
412
0.00889081
-587
-0.0126672
-87
-0.00187743
-297
-0.00640915
-356
-0.00768235
-372
-0.00802762
184
0.00397065
-22
-0.000474752
-212
-0.00457488
351
0.00757445
158
0.00340958
-527
-0.0113725
20
0.000431593
401
0.00865343
257
0.00554596
134
0.00289167
44
0.000949504
1397
0.0301467
30
0.000647389
370
0.00798446
-10
-0.000215796
172
0.0037117
-164
-0.00353906
300
0.00647389
-319
-0.0068839
-1099
-0.023716
3
6.47389e-05
619
0.0133578
105
0.00226586
-271
-0.00584808
-519
-0.0111998
288
0.00621493
-451
-0.00973241
168
0.00362538
-436
-0.00940872
-367
-0.00791972
177
0.00381959
563
0.0121493
-594
-0.0128183
-299
-0.00645231
-181
-0.00390591
1765
0.038088
-229
-0.00494174
-298
-0.00643073
-49
-0.0010574
-1191
-0.0257013
229
0.00494174
890
0.0192059
352
0.00759603
613
0.0132283
23
0.000496331
-1127
-0.0243202
30
0.000647389
175
0.00377644
-2
-4.31593e-05
558
0.0120414
286
0.00617177
-408
-0.00880449
477
0.0102935
-280
-0.0060423
-104
-0.00224428
27
0.00058265
-402
-0.00867501
-915
-0.0197454
-442
-0.0095382
1905
0.0411092
306
0.00660337
-2034
-0.043893
45
0.000971083
-646
-0.0139404
-130
-0.00280535
93
0.00200691
-114
-0.00246008
-186
-0.00401381
-261
-0.00563228
1042
0.022486
-595
-0.0128399
-635
-0.0137031
87
0.00187743
448
0.00966767
-100
-0.00215796
474
0.0102287
17
0.000366854
399
0.00861027
-370
-0.00798446
239
0.00515753
-268
-0.00578334
-494
-0.0106603
223
0.00481226
-914
-0.0197238
-53
-0.00114372
623
0.0134441
584
0.0126025
-1293
-0.0279025
835
0.018019
412
0.00889081
-103
-0.0022227
539
0.0116314
-145
-0.00312905
429
0.00925766
345
0.00744497
171
0.00369012
-51
-0.00110056
145
0.00312905
-109
-0.00235218
-57
-0.00123004
-12
-0.000258956
-1020
-0.0220112
-42
-0.000906344
-396
-0.00854553
-163
-0.00351748
321
0.00692706
155
0.00334484
356
0.00768235
-189
-0.00407855
-658
-0.0141994
146
0.00315063
233
0.00502805
-264
-0.00569702
70
0.00151057
59
0.0012732
-493
-0.0106388
148
0.00319379
-889
-0.0191843
93
0.00200691
416
0.00897713
113
0.0024385
992
0.021407
-320
-0.00690548
-96
-0.00207164
120
0.00258956
253
0.00545965
243
0.00524385
382
0.00824342
682
0.0147173
805
0.0173716
191
0.00412171
433
0.00934398
372
0.00802762
-323
-0.00697022
101
0.00217954
-42
-0.000906344
-118
-0.0025464
820
0.0176953
-412
-0.00889081
692
0.0149331
-428
-0.00923608
-50
-0.00107898
-158
-0.00340958
-376
-0.00811394
-284
-0.00612861
-427
-0.0092145
152
0.0032801
896
0.0193353
79
0.00170479
-679
-0.0146526
45
0.000971083
544
0.0117393
-21
-0.000453172
-478
-0.0103151
124
0.00267587
-660
-0.0142426
87
0.00187743
-378
-0.0081571
266
0.00574018
-665
-0.0143505
42
0.000906344
954
0.020587
87
0.00187743
-162
-0.0034959
588
0.0126888
-457
-0.00986189
-66
-0.00142426
-312
-0.00673284
-171
-0.00369012
-61
-0.00131636
311
0.00671126
-761
-0.0164221
-208
-0.00448856
1303
0.0281183
32
0.000690548
-8
-0.000172637
347
0.00748813
539
0.0116314
700
0.0151057
-934
-0.0201554
-215
-0.00463962
-1641
-0.0354122
-46
-0.000992663
-397
-0.00856711
-225
-0.00485542
411
0.00886923
6
0.000129478
-1002
-0.0216228
-11
-0.000237376
-330
-0.00712128
451
0.00973241
-420
-0.00906344
57
0.00123004
274
0.00591282
-415
-0.00895555
283
0.00610703
-328
-0.00707812
-396
-0.00854553
109
0.00235218
632
0.0136383
71
0.00153215
248
0.00535175
15
0.000323694
897
0.0193569
3
6.47389e-05
-911
-0.019659
494
0.0106603
634
0.0136815
-208
-0.00448856
239
0.00515753
380
0.00820026
637
0.0137462
230
0.00496331
-1162
-0.0250755
135
0.00291325
-175
-0.00377644
-107
-0.00230902
726
0.0156668
72
0.00155373
-989
-0.0213423
-31
-0.000668968
-302
-0.00651705
588
0.0126888
521
0.011243
-102
-0.00220112
24
0.000517911
-356
-0.00768235
-536
-0.0115667
9
0.000194217
-670
-0.0144584
181
0.00390591
468
0.0100993
33
0.000712128
-703
-0.0151705
180
0.00388433
237
0.00511437
1
2.15796e-05
662
0.0142857
287
0.00619335
-562
-0.0121278
-61
-0.00131636
-347
-0.00748813
-86
-0.00185585
1112
0.0239965
256
0.00552438
-578
-0.012473
264
0.00569702
-556
-0.0119983
30
0.000647389
-1429
-0.0308373
180
0.00388433
-961
-0.020738
274
0.00591282
423
0.00912818
-298
-0.00643073
-534
-0.0115235
-18
-0.000388433
-654
-0.0141131
-41
-0.000884765
423
0.00912818
-106
-0.00228744
-1095
-0.0236297
-149
-0.00321536
-284
-0.00612861
-511
-0.0110272
-220
-0.00474752
113
0.0024385
-829
-0.0178895
218
0.00470436
221
0.0047691
532
0.0114804
61
0.00131636
-260
-0.0056107
-330
-0.00712128
-101
-0.00217954
-31
-0.000668968
-21
-0.000453172
-1487
-0.0320889
-356
-0.00768235
205
0.00442382
-28
-0.00060423
-59
-0.0012732
-257
-0.00554596
824
0.0177816
-209
-0.00451014
-161
-0.00347432
170
0.00366854
150
0.00323694
-297
-0.00640915
429
0.00925766
-193
-0.00416487
-685
-0.014782
-139
-0.00299957
13
0.000280535
-29
-0.000625809
476
0.0102719
190
0.00410013
-719
-0.0155158
429
0.00925766
412
0.00889081
103
0.0022227
-204
-0.00440224
-180
-0.00388433
524
0.0113077
88
0.00189901
174
0.00375486
-311
-0.00671126
1386
0.0299094
281
0.00606388
-673
-0.0145231
344
0.00742339
493
0.0106388
-140
-0.00302115
342
0.00738023
-358
-0.00772551
-780
-0.0168321
-105
-0.00226586
603
0.0130125
141
0.00304273
50
0.00107898
166
0.00358222
765
0.0165084
-172
-0.0037117
-531
-0.0114588
-125
-0.00269745
-462
-0.00996979
-63
-0.00135952
379
0.00817868
79
0.00170479
542
0.0116962
-216
-0.0046612
-63
-0.00135952
162
0.0034959
-1167
-0.0251834
252
0.00543807
156
0.00336642
-398
-0.00858869
-159
-0.00343116
102
0.00220112
463
0.00999137
-362
-0.00781183
-596
-0.0128615
20
0.000431593
-677
-0.0146094
201
0.00433751
-1546
-0.0333621
-389
-0.00839448
-313
-0.00675442
-104
-0.00224428
-229
-0.00494174
10
0.000215796
172
0.0037117
-214
-0.00461804
511
0.0110272
61
0.00131636
480
0.0103582
356
0.00768235
-665
-0.0143505
317
0.00684074
120
0.00258956
171
0.00369012
54
0.0011653
-219
-0.00472594
28
0.00060423
20
0.000431593
493
0.0106388
105
0.00226586
281
0.00606388
-455
-0.00981873
116
0.00250324
-184
-0.00397065
194
0.00418645
-50
-0.00107898
328
0.00707812
126
0.00271903
-717
-0.0154726
-188
-0.00405697
-406
-0.00876133
-231
-0.00498489
-768
-0.0165732
322
0.00694864
473
0.0102072
139
0.00299957
619
0.0133578
606
0.0130773
-737
-0.0159042
-867
-0.0187095
-801
-0.0172853
-498
-0.0107467
-771
-0.0166379
-459
-0.00990505
-960
-0.0207164
-47
-0.00101424
-116
-0.00250324
560
0.0120846
-1687
-0.0364048
288
0.00621493
1317
0.0284204
489
0.0105524
364
0.00785498
18
0.000388433
66
0.00142426
-137
-0.00295641
784
0.0169184
208
0.00448856
-52
-0.00112214
117
0.00252482
-328
-0.00707812
83
0.00179111
-280
-0.0060423
69
0.00148899
238
0.00513595
-296
-0.00638757
424
0.00914976
281
0.00606388
252
0.00543807
-163
-0.00351748
-883
-0.0190548
-316
-0.00681916
577
0.0124514
376
0.00811394
-49
-0.0010574
-302
-0.00651705
734
0.0158394
89
0.00192059
282
0.00608546
384
0.00828658
1230
0.0265429
-53
-0.00114372
132
0.00284851
145
0.00312905
566
0.0122141
-336
-0.00725076
-365
-0.00787656
101
0.00217954
-455
-0.00981873
-43
-0.000927924
-32
-0.000690548
256
0.00552438
-158
-0.00340958
260
0.0056107
-931
-0.0200906
341
0.00735865
141
0.00304273
-234
-0.00504963
973
0.020997
-348
-0.00750971
-48
-0.00103582
196
0.00422961
79
0.00170479
512
0.0110488
-827
-0.0178464
122
0.00263271
-824
-0.0177816
-267
-0.00576176
-320
-0.00690548
98
0.0021148
-99
-0.00213638
140
0.00302115
-874
-0.0188606
-169
-0.00364696
-516
-0.0111351
245
0.00528701
-306
-0.00660337
-299
-0.00645231
-683
-0.0147389
329
0.0070997
-145
-0.00312905
112
0.00241692
540
0.011653
-32
-0.000690548
284
0.00612861
-228
-0.00492016
-694
-0.0149763
-125
-0.00269745
-751
-0.0162063
551
0.0118904
1119
0.0241476
-172
-0.0037117
458
0.00988347
78
0.00168321
144
0.00310747
-339
-0.00731549
-933
-0.0201338
-94
-0.00202849
-199
-0.00429435
-411
-0.00886923
1518
0.0327579
128
0.00276219
-343
-0.00740181
-39
-0.000841606
-66
-0.00142426
-245
-0.00528701
-747
-0.01612
231
0.00498489
410
0.00884765
-357
-0.00770393
-556
-0.0119983
-64
-0.0013811
-464
-0.0100129
-423
-0.00912818
-672
-0.0145015
349
0.00753129
-383
-0.008265
-201
-0.00433751
-779
-0.0168105
37
0.000798446
164
0.00353906
-128
-0.00276219
-135
-0.00291325
60
0.00129478
326
0.00703496
157
0.003388
-365
-0.00787656
104
0.00224428
170
0.00366854
-119
-0.00256798
113
0.0024385
-231
-0.00498489
-526
-0.0113509
391
0.00843763
-427
-0.0092145
330
0.00712128
967
0.0208675
177
0.00381959
-299
-0.00645231
-285
-0.00615019
-835
-0.018019
46
0.000992663
332
0.00716444
123
0.00265429
627
0.0135304
-34
-0.000733707
-624
-0.0134657
-158
-0.00340958
289
0.00623651
389
0.00839448
112
0.00241692
-76
-0.00164005
613
0.0132283
70
0.00151057
578
0.012473
40
0.000863185
-805
-0.0173716
-73
-0.00157531
-450
-0.00971083
71
0.00153215
-785
-0.01694
176
0.00379801
-53
-0.00114372
134
0.00289167
-264
-0.00569702
-288
-0.00621493
518
0.0111782
-336
-0.00725076
-207
-0.00446698
267
0.00576176
26
0.00056107
314
0.006776
-664
-0.0143289
31
0.000668968
-173
-0.00373328
18
0.000388433
89
0.00192059
44
0.000949504
343
0.00740181
-264
-0.00569702
321
0.00692706
-57
-0.00123004
-730
-0.0157531
-465
-0.0100345
-878
-0.0189469
-121
-0.00261114
-820
-0.0176953
205
0.00442382
1078
0.0232628
-307
-0.00662495
-178
-0.00384117
50
0.00107898
-497
-0.0107251
270
0.0058265
660
0.0142426
-260
-0.0056107
540
0.011653
480
0.0103582
-748
-0.0161416
-83
-0.00179111
-470
-0.0101424
-145
-0.00312905
1126
0.0242987
-288
-0.00621493
368
0.0079413
-279
-0.00602072
-397
-0.00856711
138
0.00297799
169
0.00364696
-192
-0.00414329
-360
-0.00776867
-212
-0.00457488
450
0.00971083
-415
-0.00895555
-213
-0.00459646
199
0.00429435
317
0.00684074
-183
-0.00394907
-461
-0.00994821
363
0.00783341
-642
-0.0138541
-218
-0.00470436
-356
-0.00768235
-458
-0.00988347
684
0.0147605
368
0.0079413
143
0.00308589
-140
-0.00302115
-485
-0.0104661
-138
-0.00297799
-497
-0.0107251
382
0.00824342
344
0.00742339
54
0.0011653
