130
0.0224448
6
0.00103591
146
0.0252072
99
0.0170925
44
0.00759669
55
0.00949586
56
0.00966851
48
0.00828729
22
0.00379834
29
0.00500691
-113
-0.0195097
136
0.0234807
-20
-0.00345304
37
0.00638812
-224
-0.038674
-44
-0.00759669
-91
-0.0157113
-47
-0.00811464
23
0.00397099
30
0.00517956
-75
-0.0129489
103
0.0177831
-43
-0.00742403
-129
-0.0222721
-25
-0.0043163
-103
-0.0177831
-46
-0.00794199
-103
-0.0177831
186
0.0321133
17
0.00293508
110
0.0189917
-68
-0.0117403
-84
-0.0145028
9
0.00155387
-153
-0.0264157
-2
-0.000345304
-51
-0.00880525
65
0.0112224
-5
-0.00086326
-5
-0.00086326
-136
-0.0234807
31
0.00535221
-156
-0.0269337
157
0.0271064
7
0.00120856
32
0.00552486
86
0.0148481
15
0.00258978
-72
-0.0124309
-23
-0.00397099
68
0.0117403
-78
-0.0134669
-18
-0.00310773
-88
-0.0151934
62
0.0107044
-50
-0.0086326
20
0.00345304
193
0.0333218
-90
-0.0155387
27
0.0046616
69
0.011913
24
0.00414365
230
0.0397099
-20
-0.00345304
-111
-0.0191644
-40
-0.00690608
7
0.00120856
59
0.0101865
20
0.00345304
54
0.0093232
-8
-0.00138122
-10
-0.00172652
109
0.0188191
35
0.00604282
42
0.00725138
-129
-0.0222721
63
0.0108771
30
0.00517956
29
0.00500691
-102
-0.0176105
-53
-0.00915055
-51
-0.00880525
31
0.00535221
-85
-0.0146754
56
0.00966851
-29
-0.00500691
24
0.00414365
142
0.0245166
69
0.011913
-130
-0.0224448
-41
-0.00707873
-101
-0.0174378
13
0.00224448
-63
-0.0108771
-9
-0.00155387
-48
-0.00828729
217
0.0374655
-38
-0.00656077
150
0.0258978
4
0.000690608
101
0.0174378
-83
-0.0143301
-200
-0.0345304
86
0.0148481
110
0.0189917
-38
-0.00656077
98
0.0169199
-2
-0.000345304
184
0.031768
-75
-0.0129489
-62
-0.0107044
-29
-0.00500691
70
0.0120856
91
0.0157113
27
0.0046616
11
0.00189917
133
0.0229627
1
0.000172652
-81
-0.0139848
-3
-0.000517956
23
0.00397099
46
0.00794199
121
0.0208909
-17
-0.00293508
-47
-0.00811464
111
0.0191644
125
0.0215815
30
0.00517956
-5
-0.00086326
58
0.0100138
136
0.0234807
-15
-0.00258978
-76
-0.0131215
-23
-0.00397099
83
0.0143301
-99
-0.0170925
-28
-0.00483425
-27
-0.0046616
78
0.0134669
37
0.00638812
-143
-0.0246892
-87
-0.0150207
25
0.0043163
-37
-0.00638812
62
0.0107044
-80
-0.0138122
89
0.015366
-96
-0.0165746
5
0.00086326
-24
-0.00414365
-68
-0.0117403
12
0.00207182
28
0.00483425
-34
-0.00587017
10
0.00172652
10
0.00172652
-103
-0.0177831
51
0.00880525
90
0.0155387
-165
-0.0284876
-160
-0.0276243
-51
-0.00880525
-88
-0.0151934
19
0.00328039
65
0.0112224
-23
-0.00397099
160
0.0276243
54
0.0093232
10
0.00172652
61
0.0105318
76
0.0131215
-100
-0.0172652
58
0.0100138
26
0.00448895
153
0.0264157
-8
-0.00138122
109
0.0188191
25
0.0043163
46
0.00794199
25
0.0043163
147
0.0253798
-68
-0.0117403
-6
-0.00103591
-12
-0.00207182
79
0.0136395
-4
-0.000690608
121
0.0208909
-102
-0.0176105
37
0.00638812
110
0.0189917
-62
-0.0107044
-66
-0.011395
-103
-0.0177831
-49
-0.00845994
8
0.00138122
-166
-0.0286602
-64
-0.0110497
-75
-0.0129489
-36
-0.00621547
-9
-0.00155387
35
0.00604282
41
0.00707873
-116
-0.0200276
103
0.0177831
-29
-0.00500691
58
0.0100138
-17
-0.00293508
-130
-0.0224448
-66
-0.011395
29
0.00500691
26
0.00448895
67
0.0115677
50
0.0086326
-57
-0.00984116
165
0.0284876
-72
-0.0124309
-28
-0.00483425
6
0.00103591
-27
-0.0046616
48
0.00828729
34
0.00587017
-21
-0.00362569
-47
-0.00811464
119
0.0205456
71
0.0122583
18
0.00310773
-36
-0.00621547
93
0.0160566
37
0.00638812
8
0.00138122
-2
-0.000345304
-94
-0.0162293
83
0.0143301
-72
-0.0124309
93
0.0160566
-87
-0.0150207
-42
-0.00725138
3
0.000517956
-188
-0.0324586
-49
-0.00845994
94
0.0162293
96
0.0165746
-10
-0.00172652
11
0.00189917
-63
-0.0108771
-38
-0.00656077
-40
-0.00690608
-43
-0.00742403
75
0.0129489
145
0.0250345
35
0.00604282
59
0.0101865
-16
-0.00276243
-79
-0.0136395
3
0.000517956
10
0.00172652
2
0.000345304
-34
-0.00587017
17
0.00293508
-60
-0.0103591
21
0.00362569
1
0.000172652
110
0.0189917
-54
-0.0093232
-104
-0.0179558
32
0.00552486
-5
-0.00086326
-15
-0.00258978
85
0.0146754
-133
-0.0229627
76
0.0131215
9
0.00155387
210
0.0362569
-19
-0.00328039
-22
-0.00379834
-117
-0.0202003
168
0.0290055
-38
-0.00656077
54
0.0093232
-26
-0.00448895
-48
-0.00828729
-14
-0.00241713
138
0.023826
55
0.00949586
270
0.046616
-64
-0.0110497
-21
-0.00362569
39
0.00673343
79
0.0136395
64
0.0110497
-26
-0.00448895
6
0.00103591
-11
-0.00189917
2
0.000345304
-54
-0.0093232
10
0.00172652
13
0.00224448
-45
-0.00776934
-5
-0.00086326
79
0.0136395
-82
-0.0141575
-4
-0.000690608
-38
-0.00656077
120
0.0207182
-48
-0.00828729
-34
-0.00587017
116
0.0200276
-14
-0.00241713
-227
-0.039192
56
0.00966851
-49
-0.00845994
187
0.0322859
200
0.0345304
-68
-0.0117403
-37
-0.00638812
-66
-0.011395
38
0.00656077
197
0.0340124
-193
-0.0333218
141
0.0243439
-237
-0.0409185
57
0.00984116
61
0.0105318
-9
-0.00155387
-188
-0.0324586
-127
-0.0219268
1
0.000172652
-84
-0.0145028
130
0.0224448
13
0.00224448
-4
-0.000690608
-41
-0.00707873
-60
-0.0103591
-106
-0.0183011
6
0.00103591
-26
-0.00448895
-67
-0.0115677
28
0.00483425
20
0.00345304
82
0.0141575
23
0.00397099
9
0.00155387
176
0.0303867
-9
-0.00155387
-82
-0.0141575
54
0.0093232
-77
-0.0132942
-29
-0.00500691
15
0.00258978
27
0.0046616
-29
-0.00500691
45
0.00776934
1
0.000172652
40
0.00690608
-26
-0.00448895
-18
-0.00310773
26
0.00448895
-98
-0.0169199
1
0.000172652
-107
-0.0184738
35
0.00604282
57
0.00984116
-43
-0.00742403
91
0.0157113
84
0.0145028
-49
-0.00845994
-23
-0.00397099
-36
-0.00621547
35
0.00604282
63
0.0108771
-32
-0.00552486
0
0
-37
-0.00638812
-52
-0.0089779
71
0.0122583
19
0.00328039
219
0.0378108
-6
-0.00103591
-168
-0.0290055
50
0.0086326
-106
-0.0183011
-23
-0.00397099
-69
-0.011913
-16
-0.00276243
-207
-0.035739
79
0.0136395
-117
-0.0202003
75
0.0129489
15
0.00258978
50
0.0086326
-127
-0.0219268
67
0.0115677
-41
-0.00707873
55
0.00949586
-46
-0.00794199
42
0.00725138
29
0.00500691
46
0.00794199
-161
-0.027797
-28
-0.00483425
189
0.0326312
-35
-0.00604282
-42
-0.00725138
-39
-0.00673343
19
0.00328039
16
0.00276243
62
0.0107044
84
0.0145028
-10
-0.00172652
-144
-0.0248619
88
0.0151934
22
0.00379834
53
0.00915055
-48
-0.00828729
-63
-0.0108771
108
0.0186464
-168
-0.0290055
123
0.0212362
-22
-0.00379834
-66
-0.011395
60
0.0103591
-34
-0.00587017
104
0.0179558
73
0.0126036
-28
-0.00483425
26
0.00448895
97
0.0167472
34
0.00587017
-25
-0.0043163
43
0.00742403
-102
-0.0176105
-108
-0.0186464
71
0.0122583
7
0.00120856
-118
-0.0203729
-8
-0.00138122
129
0.0222721
46
0.00794199
61
0.0105318
-6
-0.00103591
-80
-0.0138122
6
0.00103591
90
0.0155387
-96
-0.0165746
-55
-0.00949586
24
0.00414365
-38
-0.00656077
-44
-0.00759669
-6
-0.00103591
38
0.00656077
13
0.00224448
21
0.00362569
-260
-0.0448895
45
0.00776934
167
0.0288329
6
0.00103591
117
0.0202003
-32
-0.00552486
1
0.000172652
111
0.0191644
67
0.0115677
-116
-0.0200276
-97
-0.0167472
96
0.0165746
-80
-0.0138122
-105
-0.0181285
0
0
-147
-0.0253798
-120
-0.0207182
57
0.00984116
-113
-0.0195097
-17
-0.00293508
-78
-0.0134669
-124
-0.0214088
-82
-0.0141575
21
0.00362569
-91
-0.0157113
8
0.00138122
-55
-0.00949586
-52
-0.0089779
105
0.0181285
32
0.00552486
-191
-0.0329765
88
0.0151934
-18
-0.00310773
34
0.00587017
82
0.0141575
9
0.00155387
-97
-0.0167472
53
0.00915055
103
0.0177831
80
0.0138122
-72
-0.0124309
8
0.00138122
-224
-0.038674
186
0.0321133
20
0.00345304
-94
-0.0162293
32
0.00552486
-2
-0.000345304
-7
-0.00120856
-76
-0.0131215
-232
-0.0400552
-76
-0.0131215
-134
-0.0231354
22
0.00379834
-57
-0.00984116
4
0.000690608
-23
-0.00397099
-86
-0.0148481
36
0.00621547
13
0.00224448
55
0.00949586
-79
-0.0136395
0
0
4
0.000690608
-75
-0.0129489
73
0.0126036
-30
-0.00517956
-96
-0.0165746
-5
-0.00086326
-48
-0.00828729
-112
-0.019337
-57
-0.00984116
8
0.00138122
-48
-0.00828729
65
0.0112224
-24
-0.00414365
168
0.0290055
23
0.00397099
-112
-0.019337
-114
-0.0196823
87
0.0150207
-113
-0.0195097
-47
-0.00811464
26
0.00448895
135
0.023308
-70
-0.0120856
38
0.00656077
7
0.00120856
128
0.0220994
-34
-0.00587017
-47
-0.00811464
1
0.000172652
1
0.000172652
39
0.00673343
47
0.00811464
-128
-0.0220994
225
0.0388467
9
0.00155387
54
0.0093232
27
0.0046616
11
0.00189917
-22
-0.00379834
218
0.0376381
-10
-0.00172652
-156
-0.0269337
-34
-0.00587017
120
0.0207182
82
0.0141575
40
0.00690608
21
0.00362569
4
0.000690608
47
0.00811464
-69
-0.011913
-77
-0.0132942
-40
-0.00690608
-113
-0.0195097
-86
-0.0148481
124
0.0214088
115
0.019855
-12
-0.00207182
-52
-0.0089779
62
0.0107044
141
0.0243439
-35
-0.00604282
41
0.00707873
85
0.0146754
65
0.0112224
87
0.0150207
-164
-0.0283149
-57
-0.00984116
2
0.000345304
4
0.000690608
15
0.00258978
116
0.0200276
142
0.0245166
-21
-0.00362569
-139
-0.0239986
117
0.0202003
-49
-0.00845994
-57
-0.00984116
-15
-0.00258978
-34
-0.00587017
201
0.034703
61
0.0105318
-105
-0.0181285
18
0.00310773
85
0.0146754
45
0.00776934
236
0.0407459
133
0.0229627
112
0.019337
-144
-0.0248619
-90
-0.0155387
-10
-0.00172652
33
0.00569751
56
0.00966851
-69
-0.011913
82
0.0141575
-153
-0.0264157
-3
-0.000517956
-118
-0.0203729
-106
-0.0183011
3
0.000517956
-1
-0.000172652
17
0.00293508
-40
-0.00690608
-14
-0.00241713
1
0.000172652
-41
-0.00707873
115
0.019855
-55
-0.00949586
1
0.000172652
106
0.0183011
26
0.00448895
-33
-0.00569751
-10
-0.00172652
-114
-0.0196823
22
0.00379834
52
0.0089779
-22
-0.00379834
8
0.00138122
112
0.019337
-120
-0.0207182
-76
-0.0131215
39
0.00673343
-66
-0.011395
160
0.0276243
-22
-0.00379834
-26
-0.00448895
-146
-0.0252072
-74
-0.0127762
-117
-0.0202003
-131
-0.0226174
-75
-0.0129489
169
0.0291782
37
0.00638812
-42
-0.00725138
65
0.0112224
-30
-0.00517956
-23
-0.00397099
-145
-0.0250345
90
0.0155387
-13
-0.00224448
22
0.00379834
-82
-0.0141575
42
0.00725138
101
0.0174378
-26
-0.00448895
115
0.019855
60
0.0103591
-3
-0.000517956
9
0.00155387
63
0.0108771
-107
-0.0184738
14
0.00241713
13
0.00224448
80
0.0138122
1
0.000172652
-50
-0.0086326
-23
-0.00397099
-6
-0.00103591
-143
-0.0246892
104
0.0179558
103
0.0177831
14
0.00241713
-100
-0.0172652
-15
-0.00258978
-120
-0.0207182
-166
-0.0286602
27
0.0046616
35
0.00604282
-25
-0.0043163
5
0.00086326
72
0.0124309
80
0.0138122
-22
-0.00379834
-106
-0.0183011
-78
-0.0134669
0
0
30
0.00517956
-198
-0.0341851
7
0.00120856
-46
-0.00794199
-3
-0.000517956
-194
-0.0334945
187
0.0322859
19
0.00328039
-38
-0.00656077
-109
-0.0188191
17
0.00293508
117
0.0202003
-57
-0.00984116
20
0.00345304
-84
-0.0145028
109
0.0188191
-17
-0.00293508
40
0.00690608
21
0.00362569
89
0.015366
-75
-0.0129489
18
0.00310773
64
0.0110497
29
0.00500691
-72
-0.0124309
-154
-0.0265884
-5
-0.00086326
81
0.0139848
66
0.011395
70
0.0120856
85
0.0146754
-29
-0.00500691
-2
-0.000345304
-33
-0.00569751
-79
-0.0136395
-99
-0.0170925
-84
-0.0145028
59
0.0101865
-33
-0.00569751
172
0.0296961
47
0.00811464
18
0.00310773
-40
-0.00690608
-53
-0.00915055
127
0.0219268
-109
-0.0188191
37
0.00638812
-45
-0.00776934
134
0.0231354
-11
-0.00189917
-57
-0.00984116
-95
-0.0164019
51
0.00880525
-192
-0.0331492
8
0.00138122
-27
-0.0046616
-113
-0.0195097
103
0.0177831
-69
-0.011913
-35
-0.00604282
39
0.00673343
-14
-0.00241713
17
0.00293508
80
0.0138122
-88
-0.0151934
-62
-0.0107044
81
0.0139848
45
0.00776934
3
0.000517956
210
0.0362569
-9
-0.00155387
102
0.0176105
-90
-0.0155387
160
0.0276243
21
0.00362569
103
0.0177831
-36
-0.00621547
226
0.0390193
66
0.011395
136
0.0234807
2
0.000345304
-18
-0.00310773
25
0.0043163
144
0.0248619
-46
-0.00794199
-87
-0.0150207
65
0.0112224
-113
-0.0195097
6
0.00103591
206
0.0355663
15
0.00258978
130
0.0224448
79
0.0136395
120
0.0207182
-80
-0.0138122
28
0.00483425
-10
-0.00172652
-119
-0.0205456
22
0.00379834
-12
-0.00207182
-141
-0.0243439
-68
-0.0117403
5
0.00086326
-10
-0.00172652
-47
-0.00811464
92
0.015884
-42
-0.00725138
-173
-0.0298688
-35
-0.00604282
-154
-0.0265884
-17
-0.00293508
32
0.00552486
73
0.0126036
-106
-0.0183011
17
0.00293508
-73
-0.0126036
31
0.00535221
7
0.00120856
-139
-0.0239986
27
0.0046616
-15
-0.00258978
69
0.011913
202
0.0348757
133
0.0229627
29
0.00500691
53
0.00915055
100
0.0172652
49
0.00845994
-41
-0.00707873
-23
-0.00397099
-13
-0.00224448
73
0.0126036
-22
-0.00379834
-99
-0.0170925
-89
-0.015366
95
0.0164019
-73
-0.0126036
123
0.0212362
30
0.00517956
-171
-0.0295235
-67
-0.0115677
48
0.00828729
-71
-0.0122583
65
0.0112224
16
0.00276243
135
0.023308
-11
-0.00189917
121
0.0208909
-78
-0.0134669
2
0.000345304
-82
-0.0141575
-32
-0.00552486
-134
-0.0231354
32
0.00552486
-190
-0.0328039
248
0.0428177
76
0.0131215
-101
-0.0174378
45
0.00776934
-50
-0.0086326
-45
-0.00776934
-77
-0.0132942
-26
-0.00448895
-31
-0.00535221
-53
-0.00915055
102
0.0176105
89
0.015366
-40
-0.00690608
4
0.000690608
-19
-0.00328039
36
0.00621547
90
0.0155387
66
0.011395
-118
-0.0203729
23
0.00397099
54
0.0093232
58
0.0100138
133
0.0229627
-1
-0.000172652
107
0.0184738
69
0.011913
-63
-0.0108771
-16
-0.00276243
-190
-0.0328039
-35
-0.00604282
-29
-0.00500691
62
0.0107044
-118
-0.0203729
-1
-0.000172652
-17
-0.00293508
-85
-0.0146754
138
0.023826
-66
-0.011395
-84
-0.0145028
67
0.0115677
-104
-0.0179558
37
0.00638812
-20
-0.00345304
32
0.00552486
7
0.00120856
-25
-0.0043163
188
0.0324586
-1
-0.000172652
-22
-0.00379834
-35
-0.00604282
77
0.0132942
-51
-0.00880525
76
0.0131215
88
0.0151934
11
0.00189917
123
0.0212362
-65
-0.0112224
9
0.00155387
-29
-0.00500691
16
0.00276243
100
0.0172652
-73
-0.0126036
-34
-0.00587017
48
0.00828729
-10
-0.00172652
140
0.0241713
113
0.0195097
20
0.00345304
-92
-0.015884
-2
-0.000345304
126
0.0217541
-7
-0.00120856
22
0.00379834
-58
-0.0100138
-2
-0.000345304
-11
-0.00189917
-73
-0.0126036
4
0.000690608
7
0.00120856
-6
-0.00103591
-139
-0.0239986
48
0.00828729
79
0.0136395
-43
-0.00742403
-40
-0.00690608
28
0.00483425
89
0.015366
104
0.0179558
-191
-0.0329765
-65
-0.0112224
-64
-0.0110497
5
0.00086326
-53
-0.00915055
88
0.0151934
-5
-0.00086326
22
0.00379834
-97
-0.0167472
27
0.0046616
67
0.0115677
69
0.011913
81
0.0139848
-46
-0.00794199
116
0.0200276
80
0.0138122
225
0.0388467
12
0.00207182
-84
-0.0145028
27
0.0046616
15
0.00258978
81
0.0139848
-44
-0.00759669
24
0.00414365
114
0.0196823
-41
-0.00707873
147
0.0253798
-68
-0.0117403
-29
-0.00500691
-31
-0.00535221
304
0.0524862
80
0.0138122
114
0.0196823
-60
-0.0103591
-111
-0.0191644
1
0.000172652
87
0.0150207
44
0.00759669
-189
-0.0326312
86
0.0148481
-13
-0.00224448
25
0.0043163
-181
-0.03125
60
0.0103591
22
0.00379834
28
0.00483425
-76
-0.0131215
55
0.00949586
-68
-0.0117403
21
0.00362569
-43
-0.00742403
7
0.00120856
-93
-0.0160566
109
0.0188191
-57
-0.00984116
90
0.0155387
-88
-0.0151934
29
0.00500691
-94
-0.0162293
97
0.0167472
-149
-0.0257251
26
0.00448895
10
0.00172652
-82
-0.0141575
-167
-0.0288329
-47
-0.00811464
-213
-0.0367749
-117
-0.0202003
54
0.0093232
31
0.00535221
-82
-0.0141575
84
0.0145028
66
0.011395
28
0.00483425
129
0.0222721
25
0.0043163
140
0.0241713
-4
-0.000690608
62
0.0107044
-4
-0.000690608
27
0.0046616
-101
-0.0174378
-19
-0.00328039
100
0.0172652
53
0.00915055
59
0.0101865
60
0.0103591
-91
-0.0157113
76
0.0131215
-39
-0.00673343
-29
-0.00500691
-8
-0.00138122
20
0.00345304
52
0.0089779
58
0.0100138
46
0.00794199
0
0
27
0.0046616
28
0.00483425
-14
-0.00241713
-68
-0.0117403
43
0.00742403
-18
-0.00310773
34
0.00587017
-150
-0.0258978
-1
-0.000172652
-116
-0.0200276
66
0.011395
229
0.0395373
-124
-0.0214088
-88
-0.0151934
20
0.00345304
-11
-0.00189917
-18
-0.00310773
-39
-0.00673343
74
0.0127762
-17
-0.00293508
-14
-0.00241713
43
0.00742403
36
0.00621547
5
0.00086326
23
0.00397099
-84
-0.0145028
-62
-0.0107044
90
0.0155387
-66
-0.011395
111
0.0191644
-159
-0.0274517
-187
-0.0322859
25
0.0043163
158
0.027279
-50
-0.0086326
220
0.0379834
-12
-0.00207182
57
0.00984116
-13
-0.00224448
-82
-0.0141575
17
0.00293508
-96
-0.0165746
162
0.0279696
-153
-0.0264157
-44
-0.00759669
-59
-0.0101865
-24
-0.00414365
28
0.00483425
-35
-0.00604282
42
0.00725138
-27
-0.0046616
142
0.0245166
8
0.00138122
22
0.00379834
-3
-0.000517956
-104
-0.0179558
-35
-0.00604282
12
0.00207182
-125
-0.0215815
96
0.0165746
-71
-0.0122583
225
0.0388467
36
0.00621547
-242
-0.0417818
71
0.0122583
-3
-0.000517956
93
0.0160566
83
0.0143301
-42
-0.00725138
-147
-0.0253798
-63
-0.0108771
-54
-0.0093232
-142
-0.0245166
193
0.0333218
-51
-0.00880525
-163
-0.0281423
-17
-0.00293508
-5
-0.00086326
-45
-0.00776934
144
0.0248619
111
0.0191644
-1
-0.000172652
63
0.0108771
158
0.027279
-88
-0.0151934
133
0.0229627
16
0.00276243
71
0.0122583
-73
-0.0126036
3
0.000517956
29
0.00500691
-116
-0.0200276
87
0.0150207
136
0.0234807
121
0.0208909
-22
-0.00379834
24
0.00414365
-55
-0.00949586
-1
-0.000172652
-113
-0.0195097
-29
-0.00500691
-80
-0.0138122
137
0.0236533
11
0.00189917
43
0.00742403
-144
-0.0248619
-19
-0.00328039
104
0.0179558
-76
-0.0131215
94
0.0162293
-77
-0.0132942
23
0.00397099
39
0.00673343
-47
-0.00811464
32
0.00552486
47
0.00811464
-54
-0.0093232
33
0.00569751
-19
-0.00328039
-163
-0.0281423
-60
-0.0103591
-64
-0.0110497
-48
-0.00828729
120
0.0207182
-38
-0.00656077
41
0.00707873
19
0.00328039
-109
-0.0188191
-48
-0.00828729
-66
-0.011395
-35
-0.00604282
-130
-0.0224448
55
0.00949586
215
0.0371202
-97
-0.0167472
-80
-0.0138122
74
0.0127762
25
0.0043163
61
0.0105318
-19
-0.00328039
51
0.00880525
27
0.0046616
11
0.00189917
-24
-0.00414365
5
0.00086326
-7
-0.00120856
42
0.00725138
-31
-0.00535221
112
0.019337
105
0.0181285
20
0.00345304
30
0.00517956
49
0.00845994
-83
-0.0143301
60
0.0103591
92
0.015884
-10
-0.00172652
187
0.0322859
29
0.00500691
1
0.000172652
11
0.00189917
-53
-0.00915055
-44
-0.00759669
53
0.00915055
-35
-0.00604282
112
0.019337
-67
-0.0115677
-86
-0.0148481
-63
-0.0108771
-113
-0.0195097
-55
-0.00949586
87
0.0150207
58
0.0100138
-114
-0.0196823
80
0.0138122
25
0.0043163
39
0.00673343
-96
-0.0165746
18
0.00310773
-164
-0.0283149
-81
-0.0139848
77
0.0132942
73
0.0126036
-20
-0.00345304
-61
-0.0105318
-99
-0.0170925
-4
-0.000690608
66
0.011395
22
0.00379834
-1
-0.000172652
-36
-0.00621547
156
0.0269337
81
0.0139848
140
0.0241713
-140
-0.0241713
248
0.0428177
-55
-0.00949586
92
0.015884
-19
-0.00328039
-188
-0.0324586
-9
-0.00155387
-119
-0.0205456
0
0
-54
-0.0093232
-47
-0.00811464
23
0.00397099
18
0.00310773
132
0.0227901
37
0.00638812
-2
-0.000345304
63
0.0108771
31
0.00535221
66
0.011395
-19
-0.00328039
-5
-0.00086326
62
0.0107044
67
0.0115677
-83
-0.0143301
64
0.0110497
105
0.0181285
-32
-0.00552486
223
0.0385014
70
0.0120856
4
0.000690608
12
0.00207182
-249
-0.0429903
-7
-0.00120856
53
0.00915055
63
0.0108771
-5
-0.00086326
-1
-0.000172652
127
0.0219268
63
0.0108771
-172
-0.0296961
175
0.0302141
-198
-0.0341851
32
0.00552486
-107
-0.0184738
54
0.0093232
57
0.00984116
-96
-0.0165746
-189
-0.0326312
-83
-0.0143301
-108
-0.0186464
129
0.0222721
-113
-0.0195097
39
0.00673343
-35
-0.00604282
-13
-0.00224448
82
0.0141575
36
0.00621547
-39
-0.00673343
-68
-0.0117403
-81
-0.0139848
-71
-0.0122583
100
0.0172652
2
0.000345304
-164
-0.0283149
-135
-0.023308
29
0.00500691
85
0.0146754
-72
-0.0124309
75
0.0129489
-44
-0.00759669
-96
-0.0165746
144
0.0248619
-121
-0.0208909
-6
-0.00103591
-101
-0.0174378
111
0.0191644
99
0.0170925
-39
-0.00673343
73
0.0126036
117
0.0202003
-41
-0.00707873
57
0.00984116
-108
-0.0186464
141
0.0243439
114
0.0196823
65
0.0112224
-82
-0.0141575
-142
-0.0245166
41
0.00707873
70
0.0120856
-12
-0.00207182
-70
-0.0120856
13
0.00224448
137
0.0236533
-24
-0.00414365
22
0.00379834
-37
-0.00638812
-46
-0.00794199
33
0.00569751
58
0.0100138
138
0.023826
-91
-0.0157113
2
0.000345304
26
0.00448895
-128
-0.0220994
-120
-0.0207182
65
0.0112224
-179
-0.0309047
44
0.00759669
-12
-0.00207182
-23
-0.00397099
123
0.0212362
78
0.0134669
191
0.0329765
158
0.027279
120
0.0207182
66
0.011395
-62
-0.0107044
37
0.00638812
56
0.00966851
29
0.00500691
44
0.00759669
-109
-0.0188191
-14
-0.00241713
7
0.00120856
82
0.0141575
83
0.0143301
-107
-0.0184738
46
0.00794199
128
0.0220994
-64
-0.0110497
-147
-0.0253798
36
0.00621547
4
0.000690608
-30
-0.00517956
29
0.00500691
-58
-0.0100138
46
0.00794199
19
0.00328039
61
0.0105318
-127
-0.0219268
87
0.0150207
5
0.00086326
-56
-0.00966851
77
0.0132942
41
0.00707873
45
0.00776934
-42
-0.00725138
-68
-0.0117403
-62
-0.0107044
50
0.0086326
25
0.0043163
-108
-0.0186464
62
0.0107044
122
0.0210635
62
0.0107044
34
0.00587017
27
0.0046616
-94
-0.0162293
-4
-0.000690608
44
0.00759669
0
0
-86
-0.0148481
119
0.0205456
108
0.0186464
-165
-0.0284876
12
0.00207182
-125
-0.0215815
72
0.0124309
-83
-0.0143301
71
0.0122583
5
0.00086326
-181
-0.03125
-27
-0.0046616
69
0.011913
-114
-0.0196823
86
0.0148481
79
0.0136395
46
0.00794199
87
0.0150207
-25
-0.0043163
132
0.0227901
62
0.0107044
-71
-0.0122583
11
0.00189917
-25
-0.0043163
73
0.0126036
-76
-0.0131215
5
0.00086326
-31
-0.00535221
26
0.00448895
-55
-0.00949586
72
0.0124309
16
0.00276243
72
0.0124309
123
0.0212362
147
0.0253798
110
0.0189917
-39
-0.00673343
-81
-0.0139848
-36
-0.00621547
-67
-0.0115677
73
0.0126036
-214
-0.0369475
48
0.00828729
111
0.0191644
27
0.0046616
-153
-0.0264157
39
0.00673343
-213
-0.0367749
27
0.0046616
-292
-0.0504144
4
0.000690608
-15
-0.00258978
58
0.0100138
-80
-0.0138122
-4
-0.000690608
-16
-0.00276243
85
0.0146754
46
0.00794199
-63
-0.0108771
23
0.00397099
32
0.00552486
111
0.0191644
-142
-0.0245166
-9
-0.00155387
75
0.0129489
-64
-0.0110497
28
0.00483425
-141
-0.0243439
-78
-0.0134669
21
0.00362569
-10
-0.00172652
-58
-0.0100138
-7
-0.00120856
-76
-0.0131215
49
0.00845994
207
0.035739
-72
-0.0124309
-35
-0.00604282
47
0.00811464
100
0.0172652
-4
-0.000690608
153
0.0264157
-127
-0.0219268
80
0.0138122
92
0.015884
-101
-0.0174378
-4
-0.000690608
-89
-0.015366
88
0.0151934
34
0.00587017
-13
-0.00224448
20
0.00345304
-10
-0.00172652
104
0.0179558
50
0.0086326
111
0.0191644
86
0.0148481
35
0.00604282
92
0.015884
101
0.0174378
81
0.0139848
-101
-0.0174378
42
0.00725138
-72
-0.0124309
58
0.0100138
51
0.00880525
91
0.0157113
-32
-0.00552486
161
0.027797
-116
-0.0200276
-48
-0.00828729
-37
-0.00638812
34
0.00587017
-141
-0.0243439
-15
-0.00258978
-126
-0.0217541
98
0.0169199
-45
-0.00776934
-42
-0.00725138
52
0.0089779
50
0.0086326
3
0.000517956
-47
-0.00811464
-43
-0.00742403
124
0.0214088
-21
-0.00362569
23
0.00397099
45
0.00776934
12
0.00207182
74
0.0127762
-10
-0.00172652
-27
-0.0046616
-13
-0.00224448
-17
-0.00293508
-29
-0.00500691
-38
-0.00656077
-68
-0.0117403
51
0.00880525
127
0.0219268
-62
-0.0107044
-75
-0.0129489
-32
-0.00552486
-158
-0.027279
131
0.0226174
17
0.00293508
-10
-0.00172652
-19
-0.00328039
-130
-0.0224448
4
0.000690608
-65
-0.0112224
130
0.0224448
170
0.0293508
105
0.0181285
91
0.0157113
29
0.00500691
-17
-0.00293508
-90
-0.0155387
36
0.00621547
-171
-0.0295235
56
0.00966851
-104
-0.0179558
-124
-0.0214088
87
0.0150207
54
0.0093232
-15
-0.00258978
107
0.0184738
-43
-0.00742403
-253
-0.0436809
67
0.0115677
-52
-0.0089779
81
0.0139848
-56
-0.00966851
-36
-0.00621547
-59
-0.0101865
146
0.0252072
153
0.0264157
-76
-0.0131215
77
0.0132942
77
0.0132942
236
0.0407459
19
0.00328039
146
0.0252072
-65
-0.0112224
-125
-0.0215815
64
0.0110497
-73
-0.0126036
-49
-0.00845994
2
0.000345304
92
0.015884
73
0.0126036
-26
-0.00448895
-54
-0.0093232
130
0.0224448
41
0.00707873
20
0.00345304
-228
-0.0393646
185
0.0319406
156
0.0269337
-82
-0.0141575
115
0.019855
-1
-0.000172652
78
0.0134669
-67
-0.0115677
-21
-0.00362569
-62
-0.0107044
-17
-0.00293508
53
0.00915055
-70
-0.0120856
-18
-0.00310773
80
0.0138122
22
0.00379834
112
0.019337
-23
-0.00397099
4
0.000690608
9
0.00155387
-69
-0.011913
117
0.0202003
-51
-0.00880525
-5
-0.00086326
66
0.011395
-105
-0.0181285
-338
-0.0583564
44
0.00759669
53
0.00915055
-13
-0.00224448
-153
-0.0264157
33
0.00569751
-113
-0.0195097
-51
-0.00880525
-62
-0.0107044
-35
-0.00604282
206
0.0355663
76
0.0131215
-114
-0.0196823
-52
-0.0089779
-14
-0.00241713
44
0.00759669
-47
-0.00811464
-12
-0.00207182
-72
-0.0124309
-68
-0.0117403
-88
-0.0151934
-7
-0.00120856
108
0.0186464
42
0.00725138
-101
-0.0174378
20
0.00345304
-52
-0.0089779
3
0.000517956
94
0.0162293
-127
-0.0219268
73
0.0126036
-40
-0.00690608
-30
-0.00517956
-66
-0.011395
54
0.0093232
-54
-0.0093232
-52
-0.0089779
-93
-0.0160566
3
0.000517956
28
0.00483425
172
0.0296961
-44
-0.00759669
11
0.00189917
-58
-0.0100138
56
0.00966851
-39
-0.00673343
-97
-0.0167472
-70
-0.0120856
7
0.00120856
77
0.0132942
90
0.0155387
-13
-0.00224448
21
0.00362569
57
0.00984116
-42
-0.00725138
-44
-0.00759669
87
0.0150207
35
0.00604282
187
0.0322859
-86
-0.0148481
46
0.00794199
-61
-0.0105318
-78
-0.0134669
-36
-0.00621547
-16
-0.00276243
-141
-0.0243439
-169
-0.0291782
51
0.00880525
-34
-0.00587017
-55
-0.00949586
92
0.015884
29
0.00500691
115
0.019855
-74
-0.0127762
30
0.00517956
-126
-0.0217541
-120
-0.0207182
34
0.00587017
-103
-0.0177831
-47
-0.00811464
-15
-0.00258978
-30
-0.00517956
42
0.00725138
27
0.0046616
-37
-0.00638812
91
0.0157113
-63
-0.0108771
-42
-0.00725138
-28
-0.00483425
74
0.0127762
-43
-0.00742403
5
0.00086326
1
0.000172652
101
0.0174378
158
0.027279
-51
-0.00880525
100
0.0172652
47
0.00811464
104
0.0179558
-106
-0.0183011
-153
-0.0264157
9
0.00155387
124
0.0214088
-28
-0.00483425
90
0.0155387
196
0.0338398
-6
-0.00103591
94
0.0162293
-165
-0.0284876
8
0.00138122
15
0.00258978
-34
-0.00587017
-53
-0.00915055
84
0.0145028
-219
-0.0378108
102
0.0176105
-79
-0.0136395
8
0.00138122
-59
-0.0101865
11
0.00189917
-200
-0.0345304
112
0.019337
-108
-0.0186464
-47
-0.00811464
45
0.00776934
48
0.00828729
64
0.0110497
-149
-0.0257251
-99
-0.0170925
-105
-0.0181285
1
0.000172652
-12
-0.00207182
14
0.00241713
-72
-0.0124309
-18
-0.00310773
86
0.0148481
183
0.0315953
22
0.00379834
-1
-0.000172652
17
0.00293508
-43
-0.00742403
-58
-0.0100138
23
0.00397099
-8
-0.00138122
-69
-0.011913
40
0.00690608
151
0.0260704
-17
-0.00293508
226
0.0390193
-76
-0.0131215
78
0.0134669
1
0.000172652
52
0.0089779
60
0.0103591
60
0.0103591
-47
-0.00811464
-54
-0.0093232
-46
-0.00794199
-86
-0.0148481
-19
-0.00328039
164
0.0283149
75
0.0129489
204
0.035221
-52
-0.0089779
-89
-0.015366
25
0.0043163
121
0.0208909
-108
-0.0186464
-42
-0.00725138
-142
-0.0245166
4
0.000690608
-20
-0.00345304
61
0.0105318
-45
-0.00776934
26
0.00448895
-122
-0.0210635
112
0.019337
0
0
94
0.0162293
-46
-0.00794199
9
0.00155387
-84
-0.0145028
42
0.00725138
-24
-0.00414365
-76
-0.0131215
-47
-0.00811464
10
0.00172652
-74
-0.0127762
8
0.00138122
-61
-0.0105318
172
0.0296961
-27
-0.0046616
-72
-0.0124309
-18
-0.00310773
-47
-0.00811464
-17
-0.00293508
-83
-0.0143301
-58
-0.0100138
-18
-0.00310773
76
0.0131215
2
0.000345304
-76
-0.0131215
-143
-0.0246892
53
0.00915055
12
0.00207182
22
0.00379834
93
0.0160566
-43
-0.00742403
184
0.031768
126
0.0217541
160
0.0276243
-106
-0.0183011
-41
-0.00707873
20
0.00345304
126
0.0217541
67
0.0115677
-146
-0.0252072
51
0.00880525
102
0.0176105
-61
-0.0105318
15
0.00258978
38
0.00656077
22
0.00379834
-26
-0.00448895
-8
-0.00138122
-27
-0.0046616
-24
-0.00414365
-22
-0.00379834
-162
-0.0279696
-18
-0.00310773
-66
-0.011395
-6
-0.00103591
97
0.0167472
11
0.00189917
44
0.00759669
-68
-0.0117403
106
0.0183011
-40
-0.00690608
-118
-0.0203729
-48
-0.00828729
1
0.000172652
81
0.0139848
151
0.0260704
-29
-0.00500691
-8
-0.00138122
-29
-0.00500691
-113
-0.0195097
-51
-0.00880525
33
0.00569751
49
0.00845994
160
0.0276243
23
0.00397099
23
0.00397099
-1
-0.000172652
21
0.00362569
19
0.00328039
-109
-0.0188191
-79
-0.0136395
70
0.0120856
-57
-0.00984116
-182
-0.0314227
16
0.00276243
65
0.0112224
-22
-0.00379834
8
0.00138122
-171
-0.0295235
-59
-0.0101865
-105
-0.0181285
-35
-0.00604282
-18
-0.00310773
-136
-0.0234807
-97
-0.0167472
16
0.00276243
-40
-0.00690608
-153
-0.0264157
75
0.0129489
-116
-0.0200276
-4
-0.000690608
63
0.0108771
-47
-0.00811464
165
0.0284876
-34
-0.00587017
-126
-0.0217541
30
0.00517956
3
0.000517956
58
0.0100138
31
0.00535221
15
0.00258978
-120
-0.0207182
39
0.00673343
-83
-0.0143301
125
0.0215815
48
0.00828729
103
0.0177831
-14
-0.00241713
31
0.00535221
50
0.0086326
-75
-0.0129489
-86
-0.0148481
-49
-0.00845994
134
0.0231354
-4
-0.000690608
-80
-0.0138122
-16
-0.00276243
25
0.0043163
41
0.00707873
-161
-0.027797
-13
-0.00224448
13
0.00224448
100
0.0172652
-47
-0.00811464
-92
-0.015884
79
0.0136395
9
0.00155387
8
0.00138122
60
0.0103591
-28
-0.00483425
-131
-0.0226174
-101
-0.0174378
45
0.00776934
121
0.0208909
-68
-0.0117403
117
0.0202003
24
0.00414365
9
0.00155387
84
0.0145028
33
0.00569751
28
0.00483425
18
0.00310773
-62
-0.0107044
-87
-0.0150207
-75
-0.0129489
118
0.0203729
-39
-0.00673343
7
0.00120856
10
0.00172652
8
0.00138122
38
0.00656077
27
0.0046616
-27
-0.0046616
-1
-0.000172652
-74
-0.0127762
-8
-0.00138122
82
0.0141575
-108
-0.0186464
55
0.00949586
119
0.0205456
-25
-0.0043163
142
0.0245166
-69
-0.011913
2
0.000345304
-148
-0.0255525
43
0.00742403
63
0.0108771
-76
-0.0131215
-7
-0.00120856
21
0.00362569
1
0.000172652
44
0.00759669
46
0.00794199
200
0.0345304
3
0.000517956
121
0.0208909
-7
-0.00120856
82
0.0141575
114
0.0196823
110
0.0189917
-75
-0.0129489
-183
-0.0315953
-36
-0.00621547
121
0.0208909
92
0.015884
-47
-0.00811464
-19
-0.00328039
60
0.0103591
80
0.0138122
-235
-0.0405732
27
0.0046616
-182
-0.0314227
40
0.00690608
11
0.00189917
44
0.00759669
20
0.00345304
-127
-0.0219268
86
0.0148481
118
0.0203729
-70
-0.0120856
11
0.00189917
-6
-0.00103591
20
0.00345304
-42
-0.00725138
35
0.00604282
-52
-0.0089779
77
0.0132942
-112
-0.019337
-13
-0.00224448
141
0.0243439
53
0.00915055
-81
-0.0139848
-86
-0.0148481
88
0.0151934
-51
-0.00880525
-31
-0.00535221
13
0.00224448
64
0.0110497
-37
-0.00638812
52
0.0089779
-10
-0.00172652
95
0.0164019
30
0.00517956
180
0.0310773
-59
-0.0101865
79
0.0136395
4
0.000690608
16
0.00276243
-37
-0.00638812
-116
-0.0200276
35
0.00604282
31
0.00535221
-61
-0.0105318
-89
-0.015366
-50
-0.0086326
-14
-0.00241713
58
0.0100138
107
0.0184738
40
0.00690608
84
0.0145028
112
0.019337
-58
-0.0100138
-31
-0.00535221
-84
-0.0145028
8
0.00138122
-24
-0.00414365
-100
-0.0172652
-205
-0.0353936
61
0.0105318
41
0.00707873
7
0.00120856
52
0.0089779
-5
-0.00086326
58
0.0100138
-96
-0.0165746
71
0.0122583
-53
-0.00915055
84
0.0145028
43
0.00742403
110
0.0189917
83
0.0143301
36
0.00621547
27
0.0046616
-41
-0.00707873
-147
-0.0253798
-126
-0.0217541
-48
-0.00828729
41
0.00707873
-80
-0.0138122
153
0.0264157
-77
-0.0132942
217
0.0374655
87
0.0150207
-115
-0.019855
28
0.00483425
61
0.0105318
-70
-0.0120856
41
0.00707873
0
0
112
0.019337
-45
-0.00776934
-136
-0.0234807
-77
-0.0132942
-142
-0.0245166
-64
-0.0110497
0
0
50
0.0086326
-44
-0.00759669
4
0.000690608
-49
-0.00845994
-91
-0.0157113
120
0.0207182
-2
-0.000345304
-46
-0.00794199
20
0.00345304
-71
-0.0122583
-24
-0.00414365
26
0.00448895
-79
-0.0136395
70
0.0120856
169
0.0291782
-51
-0.00880525
-61
-0.0105318
-50
-0.0086326
-45
-0.00776934
-23
-0.00397099
6
0.00103591
214
0.0369475
-11
-0.00189917
-105
-0.0181285
-2
-0.000345304
124
0.0214088
113
0.0195097
5
0.00086326
-122
-0.0210635
14
0.00241713
55
0.00949586
-42
-0.00725138
-72
-0.0124309
-96
-0.0165746
-45
-0.00776934
-34
-0.00587017
41
0.00707873
319
0.055076
13
0.00224448
-165
-0.0284876
78
0.0134669
135
0.023308
-52
-0.0089779
-7
-0.00120856
-81
-0.0139848
21
0.00362569
45
0.00776934
-141
-0.0243439
19
0.00328039
55
0.00949586
28
0.00483425
-110
-0.0189917
-51
-0.00880525
-176
-0.0303867
7
0.00120856
46
0.00794199
-8
-0.00138122
-60
-0.0103591
18
0.00310773
85
0.0146754
-98
-0.0169199
74
0.0127762
27
0.0046616
-146
-0.0252072
85
0.0146754
54
0.0093232
46
0.00794199
19
0.00328039
-8
-0.00138122
51
0.00880525
-12
-0.00207182
-131
-0.0226174
51
0.00880525
-93
-0.0160566
-43
-0.00742403
55
0.00949586
89
0.015366
9
0.00155387
62
0.0107044
106
0.0183011
118
0.0203729
116
0.0200276
-97
-0.0167472
30
0.00517956
27
0.0046616
106
0.0183011
97
0.0167472
-115
-0.019855
-61
-0.0105318
-43
-0.00742403
-14
-0.00241713
-5
-0.00086326
73
0.0126036
-176
-0.0303867
-72
-0.0124309
2
0.000345304
30
0.00517956
-5
-0.00086326
-14
-0.00241713
62
0.0107044
11
0.00189917
-98
-0.0169199
104
0.0179558
12
0.00207182
116
0.0200276
24
0.00414365
-10
-0.00172652
-7
-0.00120856
32
0.00552486
-89
-0.015366
-54
-0.0093232
-175
-0.0302141
-11
-0.00189917
-30
-0.00517956
-41
-0.00707873
50
0.0086326
-50
-0.0086326
-70
-0.0120856
-72
-0.0124309
-111
-0.0191644
-41
-0.00707873
40
0.00690608
-45
-0.00776934
158
0.027279
-65
-0.0112224
-83
-0.0143301
5
0.00086326
-346
-0.0597376
139
0.0239986
-27
-0.0046616
107
0.0184738
-71
-0.0122583
-96
-0.0165746
70
0.0120856
-98
-0.0169199
158
0.027279
-45
-0.00776934
-142
-0.0245166
116
0.0200276
-197
-0.0340124
-177
-0.0305594
-10
-0.00172652
-18
-0.00310773
-72
-0.0124309
18
0.00310773
-26
-0.00448895
40
0.00690608
-61
-0.0105318
7
0.00120856
-75
-0.0129489
40
0.00690608
59
0.0101865
122
0.0210635
243
0.0419544
-133
-0.0229627
-95
-0.0164019
103
0.0177831
-75
-0.0129489
2
0.000345304
56
0.00966851
47
0.00811464
106
0.0183011
70
0.0120856
-94
-0.0162293
44
0.00759669
-75
-0.0129489
47
0.00811464
31
0.00535221
25
0.0043163
124
0.0214088
-5
-0.00086326
-178
-0.030732
15
0.00258978
-62
-0.0107044
99
0.0170925
115
0.019855
-33
-0.00569751
45
0.00776934
-9
-0.00155387
-13
-0.00224448
-3
-0.000517956
-6
-0.00103591
-47
-0.00811464
-84
-0.0145028
-9
-0.00155387
-241
-0.0416091
-65
-0.0112224
-147
-0.0253798
-4
-0.000690608
85
0.0146754
50
0.0086326
33
0.00569751
-73
-0.0126036
14
0.00241713
32
0.00552486
21
0.00362569
41
0.00707873
-112
-0.019337
-64
-0.0110497
-4
-0.000690608
-52
-0.0089779
3
0.000517956
33
0.00569751
-110
-0.0189917
18
0.00310773
-149
-0.0257251
30
0.00517956
18
0.00310773
-63
-0.0108771
-45
-0.00776934
-1
-0.000172652
-146
-0.0252072
19
0.00328039
-30
-0.00517956
16
0.00276243
-119
-0.0205456
-30
-0.00517956
-117
-0.0202003
-109
-0.0188191
-25
-0.0043163
-31
-0.00535221
-137
-0.0236533
88
0.0151934
-146
-0.0252072
170
0.0293508
-108
-0.0186464
-124
-0.0214088
176
0.0303867
-22
-0.00379834
83
0.0143301
-73
-0.0126036
143
0.0246892
-86
-0.0148481
-1
-0.000172652
-21
-0.00362569
17
0.00293508
12
0.00207182
-136
-0.0234807
-145
-0.0250345
-75
-0.0129489
21
0.00362569
-167
-0.0288329
-124
-0.0214088
-59
-0.0101865
-72
-0.0124309
146
0.0252072
91
0.0157113
151
0.0260704
33
0.00569751
-55
-0.00949586
24
0.00414365
88
0.0151934
60
0.0103591
31
0.00535221
-98
-0.0169199
127
0.0219268
-50
-0.0086326
48
0.00828729
-20
-0.00345304
-112
-0.019337
132
0.0227901
-222
-0.0383287
-131
-0.0226174
168
0.0290055
-7
-0.00120856
52
0.0089779
0
0
-125
-0.0215815
-27
-0.0046616
-72
-0.0124309
38
0.00656077
43
0.00742403
21
0.00362569
102
0.0176105
136
0.0234807
-70
-0.0120856
77
0.0132942
-143
-0.0246892
50
0.0086326
-5
-0.00086326
-19
-0.00328039
-31
-0.00535221
-5
-0.00086326
-97
-0.0167472
-103
-0.0177831
-99
-0.0170925
6
0.00103591
89
0.015366
-99
-0.0170925
11
0.00189917
48
0.00828729
141
0.0243439
-67
-0.0115677
-68
-0.0117403
83
0.0143301
-66
-0.011395
1
0.000172652
98
0.0169199
-15
-0.00258978
-54
-0.0093232
-64
-0.0110497
-84
-0.0145028
-47
-0.00811464
37
0.00638812
-43
-0.00742403
-15
-0.00258978
89
0.015366
26
0.00448895
96
0.0165746
23
0.00397099
87
0.0150207
-21
-0.00362569
-76
-0.0131215
-23
-0.00397099
12
0.00207182
-72
-0.0124309
-56
-0.00966851
178
0.030732
13
0.00224448
35
0.00604282
-2
-0.000345304
146
0.0252072
19
0.00328039
-140
-0.0241713
-7
-0.00120856
60
0.0103591
67
0.0115677
80
0.0138122
-35
-0.00604282
-49
-0.00845994
43
0.00742403
100
0.0172652
-3
-0.000517956
6
0.00103591
-170
-0.0293508
-62
-0.0107044
-24
-0.00414365
122
0.0210635
-91
-0.0157113
-85
-0.0146754
149
0.0257251
118
0.0203729
70
0.0120856
60
0.0103591
-144
-0.0248619
-3
-0.000517956
-171
-0.0295235
11
0.00189917
43
0.00742403
-18
-0.00310773
100
0.0172652
-51
-0.00880525
-51
-0.00880525
51
0.00880525
-52
-0.0089779
-152
-0.0262431
-144
-0.0248619
72
0.0124309
-172
-0.0296961
-117
-0.0202003
-139
-0.0239986
103
0.0177831
-22
-0.00379834
-168
-0.0290055
122
0.0210635
-100
-0.0172652
-10
-0.00172652
79
0.0136395
76
0.0131215
116
0.0200276
-20
-0.00345304
-24
-0.00414365
-19
-0.00328039
98
0.0169199
-84
-0.0145028
23
0.00397099
86
0.0148481
78
0.0134669
-49
-0.00845994
-81
-0.0139848
1
0.000172652
-86
-0.0148481
-45
-0.00776934
-86
-0.0148481
10
0.00172652
101
0.0174378
29
0.00500691
-22
-0.00379834
-98
-0.0169199
58
0.0100138
-96
-0.0165746
15
0.00258978
39
0.00673343
102
0.0176105
3
0.000517956
-168
-0.0290055
48
0.00828729
2
0.000345304
63
0.0108771
-109
-0.0188191
-24
-0.00414365
-142
-0.0245166
-58
-0.0100138
49
0.00845994
12
0.00207182
-60
-0.0103591
-100
-0.0172652
-37
-0.00638812
10
0.00172652
-175
-0.0302141
6
0.00103591
19
0.00328039
-100
-0.0172652
123
0.0212362
-79
-0.0136395
-87
-0.0150207
10
0.00172652
50
0.0086326
29
0.00500691
-22
-0.00379834
95
0.0164019
-52
-0.0089779
33
0.00569751
60
0.0103591
53
0.00915055
-63
-0.0108771
-60
-0.0103591
-45
-0.00776934
16
0.00276243
80
0.0138122
33
0.00569751
29
0.00500691
73
0.0126036
-112
-0.019337
2
0.000345304
-139
-0.0239986
-73
-0.0126036
51
0.00880525
62
0.0107044
43
0.00742403
-73
-0.0126036
61
0.0105318
24
0.00414365
-38
-0.00656077
64
0.0110497
-9
-0.00155387
-32
-0.00552486
-22
-0.00379834
19
0.00328039
18
0.00310773
-98
-0.0169199
33
0.00569751
-12
-0.00207182
-199
-0.0343577
-28
-0.00483425
206
0.0355663
0
0
-94
-0.0162293
-10
-0.00172652
92
0.015884
56
0.00966851
-134
-0.0231354
-111
-0.0191644
-23
-0.00397099
-3
-0.000517956
9
0.00155387
-68
-0.0117403
114
0.0196823
76
0.0131215
-29
-0.00500691
33
0.00569751
-9
-0.00155387
1
0.000172652
-23
-0.00397099
-16
-0.00276243
116
0.0200276
12
0.00207182
-163
-0.0281423
-47
-0.00811464
64
0.0110497
-25
-0.0043163
-36
-0.00621547
-35
-0.00604282
-53
-0.00915055
87
0.0150207
179
0.0309047
-157
-0.0271064
-124
-0.0214088
8
0.00138122
25
0.0043163
72
0.0124309
-167
-0.0288329
61
0.0105318
-201
-0.034703
147
0.0253798
19
0.00328039
-59
-0.0101865
80
0.0138122
-38
-0.00656077
-89
-0.015366
-45
-0.00776934
108
0.0186464
5
0.00086326
-13
-0.00224448
39
0.00673343
-48
-0.00828729
150
0.0258978
-81
-0.0139848
-8
-0.00138122
170
0.0293508
39
0.00673343
-180
-0.0310773
48
0.00828729
-51
-0.00880525
124
0.0214088
-154
-0.0265884
46
0.00794199
-88
-0.0151934
-143
-0.0246892
-34
-0.00587017
-11
-0.00189917
156
0.0269337
22
0.00379834
-59
-0.0101865
-4
-0.000690608
-17
-0.00293508
78
0.0134669
27
0.0046616
82
0.0141575
86
0.0148481
67
0.0115677
-53
-0.00915055
23
0.00397099
46
0.00794199
70
0.0120856
-64
-0.0110497
-72
-0.0124309
41
0.00707873
49
0.00845994
-120
-0.0207182
-81
-0.0139848
-147
-0.0253798
107
0.0184738
80
0.0138122
-24
-0.00414365
84
0.0145028
-37
-0.00638812
22
0.00379834
29
0.00500691
-125
-0.0215815
71
0.0122583
-13
-0.00224448
-106
-0.0183011
78
0.0134669
-71
-0.0122583
-115
-0.019855
-37
-0.00638812
-59
-0.0101865
-60
-0.0103591
143
0.0246892
37
0.00638812
-147
-0.0253798
-7
-0.00120856
65
0.0112224
13
0.00224448
156
0.0269337
11
0.00189917
87
0.0150207
-80
-0.0138122
172
0.0296961
-6
-0.00103591
-184
-0.031768
-45
-0.00776934
27
0.0046616
-5
-0.00086326
-47
-0.00811464
11
0.00189917
187
0.0322859
159
0.0274517
64
0.0110497
-27
-0.0046616
-83
-0.0143301
-102
-0.0176105
-94
-0.0162293
-135
-0.023308
-70
-0.0120856
31
0.00535221
-61
-0.0105318
-2
-0.000345304
57
0.00984116
-19
-0.00328039
-79
-0.0136395
26
0.00448895
39
0.00673343
-108
-0.0186464
-76
-0.0131215
16
0.00276243
216
0.0372928
48
0.00828729
-7
-0.00120856
40
0.00690608
15
0.00258978
9
0.00155387
17
0.00293508
17
0.00293508
115
0.019855
92
0.015884
-149
-0.0257251
-11
-0.00189917
-99
-0.0170925
9
0.00155387
-67
-0.0115677
-17
-0.00293508
-87
-0.0150207
-122
-0.0210635
-24
-0.00414365
53
0.00915055
-43
-0.00742403
-70
-0.0120856
24
0.00414365
29
0.00500691
114
0.0196823
-41
-0.00707873
-55
-0.00949586
-39
-0.00673343
-182
-0.0314227
-4
-0.000690608
111
0.0191644
102
0.0176105
-48
-0.00828729
-30
-0.00517956
21
0.00362569
-27
-0.0046616
87
0.0150207
-32
-0.00552486
98
0.0169199
8
0.00138122
88
0.0151934
-2
-0.000345304
207
0.035739
-72
-0.0124309
41
0.00707873
36
0.00621547
136
0.0234807
91
0.0157113
-91
-0.0157113
95
0.0164019
1
0.000172652
-191
-0.0329765
144
0.0248619
39
0.00673343
-114
-0.0196823
-59
-0.0101865
100
0.0172652
51
0.00880525
-93
-0.0160566
0
0
-164
-0.0283149
28
0.00483425
-81
-0.0139848
21
0.00362569
10
0.00172652
-234
-0.0404006
148
0.0255525
30
0.00517956
49
0.00845994
12
0.00207182
-78
-0.0134669
14
0.00241713
83
0.0143301
-56
-0.00966851
10
0.00172652
124
0.0214088
19
0.00328039
-37
-0.00638812
63
0.0108771
-51
-0.00880525
-119
-0.0205456
30
0.00517956
-37
-0.00638812
42
0.00725138
90
0.0155387
-68
-0.0117403
146
0.0252072
144
0.0248619
70
0.0120856
120
0.0207182
-95
-0.0164019
36
0.00621547
124
0.0214088
-47
-0.00811464
67
0.0115677
-58
-0.0100138
26
0.00448895
47
0.00811464
45
0.00776934
73
0.0126036
-71
-0.0122583
-7
-0.00120856
92
0.015884
50
0.0086326
93
0.0160566
11
0.00189917
-62
-0.0107044
-45
-0.00776934
-141
-0.0243439
15
0.00258978
-46
-0.00794199
-34
-0.00587017
-61
-0.0105318
56
0.00966851
-162
-0.0279696
2
0.000345304
-106
-0.0183011
-19
-0.00328039
-60
-0.0103591
0
0
69
0.011913
50
0.0086326
-139
-0.0239986
114
0.0196823
14
0.00241713
-89
-0.015366
-67
-0.0115677
-157
-0.0271064
55
0.00949586
-78
-0.0134669
114
0.0196823
129
0.0222721
104
0.0179558
64
0.0110497
85
0.0146754
-1
-0.000172652
267
0.0460981
141
0.0243439
-129
-0.0222721
-170
-0.0293508
69
0.011913
-8
-0.00138122
88
0.0151934
118
0.0203729
16
0.00276243
-40
-0.00690608
-135
-0.023308
-122
-0.0210635
8
0.00138122
-66
-0.011395
-124
-0.0214088
85
0.0146754
183
0.0315953
-155
-0.026761
-130
-0.0224448
53
0.00915055
47
0.00811464
-111
-0.0191644
33
0.00569751
33
0.00569751
-36
-0.00621547
-138
-0.023826
-126
-0.0217541
107
0.0184738
-108
-0.0186464
60
0.0103591
-251
-0.0433356
-19
-0.00328039
68
0.0117403
25
0.0043163
-49
-0.00845994
-1
-0.000172652
39
0.00673343
18
0.00310773
-168
-0.0290055
-45
-0.00776934
-87
-0.0150207
-215
-0.0371202
-71
-0.0122583
0
0
9
0.00155387
-40
-0.00690608
-137
-0.0236533
-135
-0.023308
33
0.00569751
115
0.019855
-128
-0.0220994
-23
-0.00397099
-47
-0.00811464
-75
-0.0129489
-150
-0.0258978
-51
-0.00880525
-30
-0.00517956
67
0.0115677
48
0.00828729
-45
-0.00776934
-15
-0.00258978
-85
-0.0146754
-130
-0.0224448
-161
-0.027797
5
0.00086326
-35
-0.00604282
-25
-0.0043163
14
0.00241713
6
0.00103591
10
0.00172652
-118
-0.0203729
7
0.00120856
90
0.0155387
-113
-0.0195097
173
0.0298688
-89
-0.015366
18
0.00310773
-17
-0.00293508
-58
-0.0100138
-11
-0.00189917
44
0.00759669
1
0.000172652
100
0.0172652
-45
-0.00776934
-31
-0.00535221
-132
-0.0227901
-3
-0.000517956
16
0.00276243
22
0.00379834
-42
-0.00725138
98
0.0169199
31
0.00535221
-13
-0.00224448
48
0.00828729
-102
-0.0176105
-14
-0.00241713
204
0.035221
-2
-0.000345304
94
0.0162293
-20
-0.00345304
-230
-0.0397099
-49
-0.00845994
34
0.00587017
-65
-0.0112224
138
0.023826
29
0.00500691
15
0.00258978
14
0.00241713
-102
-0.0176105
46
0.00794199
-111
-0.0191644
5
0.00086326
64
0.0110497
-27
-0.0046616
-53
-0.00915055
-74
-0.0127762
-87
-0.0150207
1
0.000172652
74
0.0127762
30
0.00517956
-90
-0.0155387
-135
-0.023308
38
0.00656077
-5
-0.00086326
25
0.0043163
95
0.0164019
163
0.0281423
-142
-0.0245166
-179
-0.0309047
45
0.00776934
-88
-0.0151934
141
0.0243439
35
0.00604282
-110
-0.0189917
-175
-0.0302141
33
0.00569751
135
0.023308
-18
-0.00310773
-207
-0.035739
-33
-0.00569751
93
0.0160566
80
0.0138122
-50
-0.0086326
20
0.00345304
40
0.00690608
-19
-0.00328039
21
0.00362569
-21
-0.00362569
-34
-0.00587017
-47
-0.00811464
141
0.0243439
8
0.00138122
71
0.0122583
42
0.00725138
69
0.011913
-74
-0.0127762
93
0.0160566
13
0.00224448
-77
-0.0132942
53
0.00915055
147
0.0253798
14
0.00241713
-84
-0.0145028
5
0.00086326
39
0.00673343
-21
-0.00362569
177
0.0305594
20
0.00345304
-147
-0.0253798
34
0.00587017
-63
-0.0108771
-79
-0.0136395
-28
-0.00483425
-44
-0.00759669
-50
-0.0086326
24
0.00414365
-33
-0.00569751
26
0.00448895
-44
-0.00759669
-13
-0.00224448
-8
-0.00138122
68
0.0117403
-114
-0.0196823
-14
-0.00241713
-225
-0.0388467
-75
-0.0129489
203
0.0350483
16
0.00276243
-38
-0.00656077
10
0.00172652
122
0.0210635
-46
-0.00794199
118
0.0203729
-38
-0.00656077
150
0.0258978
87
0.0150207
63
0.0108771
-114
-0.0196823
4
0.000690608
-1
-0.000172652
-63
-0.0108771
50
0.0086326
-171
-0.0295235
-172
-0.0296961
-3
-0.000517956
-61
-0.0105318
-8
-0.00138122
-1
-0.000172652
99
0.0170925
-20
-0.00345304
28
0.00483425
42
0.00725138
101
0.0174378
-32
-0.00552486
75
0.0129489
-157
-0.0271064
75
0.0129489
-95
-0.0164019
18
0.00310773
-7
-0.00120856
-6
-0.00103591
-79
-0.0136395
92
0.015884
3
0.000517956
-162
-0.0279696
-5
-0.00086326
78
0.0134669
-77
-0.0132942
16
0.00276243
24
0.00414365
-39
-0.00673343
-114
-0.0196823
11
0.00189917
-100
-0.0172652
7
0.00120856
-120
-0.0207182
202
0.0348757
-162
-0.0279696
-39
-0.00673343
-53
-0.00915055
-93
-0.0160566
-50
-0.0086326
-30
-0.00517956
-6
-0.00103591
84
0.0145028
45
0.00776934
39
0.00673343
-88
-0.0151934
-35
-0.00604282
-60
-0.0103591
3
0.000517956
55
0.00949586
12
0.00207182
63
0.0108771
122
0.0210635
-13
-0.00224448
48
0.00828729
-122
-0.0210635
-48
-0.00828729
-46
-0.00794199
33
0.00569751
61
0.0105318
-5
-0.00086326
-31
-0.00535221
-19
-0.00328039
-99
-0.0170925
203
0.0350483
55
0.00949586
46
0.00794199
-66
-0.011395
-129
-0.0222721
163
0.0281423
-79
-0.0136395
-33
-0.00569751
-15
-0.00258978
-28
-0.00483425
180
0.0310773
-47
-0.00811464
88
0.0151934
-85
-0.0146754
-24
-0.00414365
-18
-0.00310773
-6
-0.00103591
-47
-0.00811464
-92
-0.015884
13
0.00224448
-8
-0.00138122
115
0.019855
101
0.0174378
-16
-0.00276243
3
0.000517956
23
0.00397099
159
0.0274517
68
0.0117403
-165
-0.0284876
-62
-0.0107044
-17
-0.00293508
177
0.0305594
27
0.0046616
-104
-0.0179558
95
0.0164019
169
0.0291782
-11
-0.00189917
-83
-0.0143301
-124
-0.0214088
-55
-0.00949586
-38
-0.00656077
61
0.0105318
80
0.0138122
-107
-0.0184738
-113
-0.0195097
19
0.00328039
-181
-0.03125
-10
-0.00172652
30
0.00517956
-29
-0.00500691
51
0.00880525
173
0.0298688
45
0.00776934
41
0.00707873
21
0.00362569
182
0.0314227
67
0.0115677
-7
-0.00120856
-8
-0.00138122
10
0.00172652
93
0.0160566
-14
-0.00241713
-133
-0.0229627
-36
-0.00621547
165
0.0284876
-14
-0.00241713
109
0.0188191
-62
-0.0107044
44
0.00759669
15
0.00258978
-27
-0.0046616
-233
-0.0402279
44
0.00759669
-70
-0.0120856
83
0.0143301
99
0.0170925
-170
-0.0293508
41
0.00707873
254
0.0438536
64
0.0110497
-101
-0.0174378
-2
-0.000345304
-35
-0.00604282
43
0.00742403
28
0.00483425
-1
-0.000172652
9
0.00155387
100
0.0172652
-90
-0.0155387
-39
-0.00673343
-21
-0.00362569
-96
-0.0165746
-30
-0.00517956
23
0.00397099
232
0.0400552
26
0.00448895
132
0.0227901
-9
-0.00155387
-88
-0.0151934
-61
-0.0105318
-4
-0.000690608
106
0.0183011
197
0.0340124
-97
-0.0167472
17
0.00293508
10
0.00172652
3
0.000517956
-113
-0.0195097
-109
-0.0188191
-105
-0.0181285
9
0.00155387
26
0.00448895
69
0.011913
24
0.00414365
-101
-0.0174378
-42
-0.00725138
-32
-0.00552486
-41
-0.00707873
-59
-0.0101865
42
0.00725138
12
0.00207182
-5
-0.00086326
-57
-0.00984116
113
0.0195097
-79
-0.0136395
66
0.011395
79
0.0136395
-152
-0.0262431
65
0.0112224
-46
-0.00794199
-23
-0.00397099
-26
-0.00448895
171
0.0295235
26
0.00448895
-285
-0.0492058
3
0.000517956
-67
-0.0115677
66
0.011395
25
0.0043163
13
0.00224448
113
0.0195097
8
0.00138122
-142
-0.0245166
-48
-0.00828729
-11
-0.00189917
-4
-0.000690608
-22
-0.00379834
-18
-0.00310773
-75
-0.0129489
57
0.00984116
183
0.0315953
48
0.00828729
208
0.0359116
107
0.0184738
-38
-0.00656077
-68
-0.0117403
-67
-0.0115677
39
0.00673343
143
0.0246892
7
0.00120856
58
0.0100138
131
0.0226174
-44
-0.00759669
-40
-0.00690608
65
0.0112224
-54
-0.0093232
-26
-0.00448895
-88
-0.0151934
116
0.0200276
-19
-0.00328039
32
0.00552486
18
0.00310773
-19
-0.00328039
-106
-0.0183011
-64
-0.0110497
-100
-0.0172652
74
0.0127762
137
0.0236533
32
0.00552486
100
0.0172652
128
0.0220994
-9
-0.00155387
-88
-0.0151934
-100
-0.0172652
35
0.00604282
22
0.00379834
-72
-0.0124309
-98
-0.0169199
-19
-0.00328039
45
0.00776934
58
0.0100138
10
0.00172652
41
0.00707873
55
0.00949586
112
0.019337
-56
-0.00966851
-180
-0.0310773
-46
-0.00794199
-8
-0.00138122
24
0.00414365
-163
-0.0281423
15
0.00258978
64
0.0110497
220
0.0379834
103
0.0177831
157
0.0271064
-27
-0.0046616
-73
-0.0126036
25
0.0043163
-11
-0.00189917
94
0.0162293
-52
-0.0089779
120
0.0207182
2
0.000345304
74
0.0127762
49
0.00845994
41
0.00707873
-14
-0.00241713
224
0.038674
75
0.0129489
120
0.0207182
7
0.00120856
-189
-0.0326312
19
0.00328039
4
0.000690608
24
0.00414365
188
0.0324586
13
0.00224448
18
0.00310773
29
0.00500691
-88
-0.0151934
45
0.00776934
-7
-0.00120856
-16
-0.00276243
-50
-0.0086326
-31
-0.00535221
-203
-0.0350483
-10
-0.00172652
-3
-0.000517956
-61
-0.0105318
43
0.00742403
-18
-0.00310773
190
0.0328039
102
0.0176105
-3
-0.000517956
170
0.0293508
-60
-0.0103591
-112
-0.019337
163
0.0281423
38
0.00656077
-74
-0.0127762
-6
-0.00103591
36
0.00621547
65
0.0112224
-120
-0.0207182
-132
-0.0227901
89
0.015366
42
0.00725138
-29
-0.00500691
-96
-0.0165746
-47
-0.00811464
77
0.0132942
42
0.00725138
13
0.00224448
-41
-0.00707873
119
0.0205456
277
0.0478246
-26
-0.00448895
47
0.00811464
-116
-0.0200276
-20
-0.00345304
-27
-0.0046616
-208
-0.0359116
-10
-0.00172652
111
0.0191644
-106
-0.0183011
-138
-0.023826
-54
-0.0093232
56
0.00966851
-18
-0.00310773
131
0.0226174
117
0.0202003
-25
-0.0043163
-47
-0.00811464
44
0.00759669
47
0.00811464
-113
-0.0195097
45
0.00776934
67
0.0115677
4
0.000690608
-55
-0.00949586
36
0.00621547
-47
-0.00811464
-49
-0.00845994
-64
-0.0110497
6
0.00103591
-15
-0.00258978
67
0.0115677
188
0.0324586
-91
-0.0157113
48
0.00828729
115
0.019855
26
0.00448895
-90
-0.0155387
86
0.0148481
48
0.00828729
-13
-0.00224448
-115
-0.019855
95
0.0164019
-51
-0.00880525
80
0.0138122
17
0.00293508
-18
-0.00310773
-109
-0.0188191
-107
-0.0184738
-97
-0.0167472
-23
-0.00397099
-22
-0.00379834
-138
-0.023826
-120
-0.0207182
-110
-0.0189917
-16
-0.00276243
-61
-0.0105318
54
0.0093232
311
0.0536948
3
0.000517956
-99
-0.0170925
-20
-0.00345304
-10
-0.00172652
52
0.0089779
42
0.00725138
-46
-0.00794199
59
0.0101865
161
0.027797
-59
-0.0101865
24
0.00414365
106
0.0183011
58
0.0100138
-23
-0.00397099
53
0.00915055
-24
-0.00414365
7
0.00120856
-56
-0.00966851
17
0.00293508
155
0.026761
-238
-0.0410912
43
0.00742403
-48
-0.00828729
-71
-0.0122583
-17
-0.00293508
-13
-0.00224448
66
0.011395
-9
-0.00155387
-62
-0.0107044
137
0.0236533
131
0.0226174
-50
-0.0086326
74
0.0127762
-30
-0.00517956
-126
-0.0217541
-24
-0.00414365
-86
-0.0148481
103
0.0177831
-40
-0.00690608
-13
-0.00224448
-1
-0.000172652
-65
-0.0112224
10
0.00172652
-42
-0.00725138
70
0.0120856
-12
-0.00207182
81
0.0139848
-17
-0.00293508
-7
-0.00120856
58
0.0100138
157
0.0271064
38
0.00656077
-13
-0.00224448
117
0.0202003
-7
-0.00120856
-50
-0.0086326
-59
-0.0101865
29
0.00500691
1
0.000172652
-96
-0.0165746
25
0.0043163
-126
-0.0217541
58
0.0100138
-45
-0.00776934
-19
-0.00328039
-45
-0.00776934
-14
-0.00241713
37
0.00638812
-67
-0.0115677
26
0.00448895
-135
-0.023308
43
0.00742403
-44
-0.00759669
36
0.00621547
43
0.00742403
-7
-0.00120856
-7
-0.00120856
21
0.00362569
75
0.0129489
131
0.0226174
-13
-0.00224448
-11
-0.00189917
-73
-0.0126036
96
0.0165746
200
0.0345304
76
0.0131215
-77
-0.0132942
86
0.0148481
-61
-0.0105318
-122
-0.0210635
33
0.00569751
-20
-0.00345304
52
0.0089779
219
0.0378108
-103
-0.0177831
-52
-0.0089779
148
0.0255525
30
0.00517956
41
0.00707873
-57
-0.00984116
3
0.000517956
-71
-0.0122583
-4
-0.000690608
-55
-0.00949586
-43
-0.00742403
-115
-0.019855
-28
-0.00483425
2
0.000345304
106
0.0183011
-97
-0.0167472
-51
-0.00880525
110
0.0189917
19
0.00328039
12
0.00207182
-78
-0.0134669
-30
-0.00517956
33
0.00569751
46
0.00794199
26
0.00448895
-185
-0.0319406
90
0.0155387
167
0.0288329
-10
-0.00172652
-53
-0.00915055
-78
-0.0134669
76
0.0131215
12
0.00207182
73
0.0126036
-11
-0.00189917
-52
-0.0089779
18
0.00310773
-141
-0.0243439
80
0.0138122
123
0.0212362
40
0.00690608
24
0.00414365
-138
-0.023826
-26
-0.00448895
63
0.0108771
50
0.0086326
-34
-0.00587017
58
0.0100138
21
0.00362569
-92
-0.015884
185
0.0319406
-11
-0.00189917
-10
-0.00172652
-63
-0.0108771
169
0.0291782
-100
-0.0172652
76
0.0131215
112
0.019337
-122
-0.0210635
-46
-0.00794199
-3
-0.000517956
65
0.0112224
156
0.0269337
-96
-0.0165746
-48
-0.00828729
-20
-0.00345304
132
0.0227901
-219
-0.0378108
85
0.0146754
-21
-0.00362569
-17
-0.00293508
44
0.00759669
51
0.00880525
-30
-0.00517956
-30
-0.00517956
-209
-0.0360843
25
0.0043163
-81
-0.0139848
-6
-0.00103591
-223
-0.0385014
-39
-0.00673343
4
0.000690608
108
0.0186464
-54
-0.0093232
-39
-0.00673343
-16
-0.00276243
20
0.00345304
-169
-0.0291782
44
0.00759669
101
0.0174378
14
0.00241713
-24
-0.00414365
31
0.00535221
40
0.00690608
36
0.00621547
14
0.00241713
11
0.00189917
34
0.00587017
39
0.00673343
-21
-0.00362569
-65
-0.0112224
-188
-0.0324586
-13
-0.00224448
137
0.0236533
-38
-0.00656077
69
0.011913
-106
-0.0183011
22
0.00379834
68
0.0117403
-70
-0.0120856
115
0.019855
-113
-0.0195097
-8
-0.00138122
-102
-0.0176105
72
0.0124309
74
0.0127762
-116
-0.0200276
-38
-0.00656077
8
0.00138122
30
0.00517956
-98
-0.0169199
47
0.00811464
-42
-0.00725138
-146
-0.0252072
82
0.0141575
-24
-0.00414365
99
0.0170925
60
0.0103591
-66
-0.011395
-200
-0.0345304
37
0.00638812
-80
-0.0138122
8
0.00138122
-91
-0.0157113
-38
-0.00656077
22
0.00379834
107
0.0184738
-84
-0.0145028
196
0.0338398
16
0.00276243
53
0.00915055
75
0.0129489
-88
-0.0151934
-137
-0.0236533
35
0.00604282
-102
-0.0176105
65
0.0112224
60
0.0103591
-95
-0.0164019
238
0.0410912
-39
-0.00673343
141
0.0243439
-48
-0.00828729
12
0.00207182
37
0.00638812
242
0.0417818
13
0.00224448
-40
-0.00690608
91
0.0157113
134
0.0231354
-27
-0.0046616
46
0.00794199
-3
-0.000517956
-48
-0.00828729
36
0.00621547
-232
-0.0400552
-114
-0.0196823
85
0.0146754
-96
-0.0165746
-202
-0.0348757
-79
-0.0136395
38
0.00656077
54
0.0093232
57
0.00984116
67
0.0115677
165
0.0284876
31
0.00535221
-79
-0.0136395
14
0.00241713
89
0.015366
1
0.000172652
-186
-0.0321133
-42
-0.00725138
7
0.00120856
92
0.015884
137
0.0236533
-7
-0.00120856
-99
-0.0170925
109
0.0188191
126
0.0217541
62
0.0107044
-2
-0.000345304
-5
-0.00086326
145
0.0250345
-3
-0.000517956
-81
-0.0139848
115
0.019855
94
0.0162293
-76
-0.0131215
120
0.0207182
-90
-0.0155387
-4
-0.000690608
100
0.0172652
-143
-0.0246892
-48
-0.00828729
-59
-0.0101865
99
0.0170925
119
0.0205456
66
0.011395
95
0.0164019
-52
-0.0089779
-39
-0.00673343
-12
-0.00207182
2
0.000345304
-16
-0.00276243
231
0.0398826
-11
-0.00189917
1
0.000172652
-3
-0.000517956
49
0.00845994
89
0.015366
-28
-0.00483425
-18
-0.00310773
106
0.0183011
46
0.00794199
-173
-0.0298688
51
0.00880525
-190
-0.0328039
-42
-0.00725138
-169
-0.0291782
48
0.00828729
179
0.0309047
-39
-0.00673343
-33
-0.00569751
-5
-0.00086326
-52
-0.0089779
-27
-0.0046616
117
0.0202003
-49
-0.00845994
-68
-0.0117403
-87
-0.0150207
20
0.00345304
70
0.0120856
-136
-0.0234807
83
0.0143301
-113
-0.0195097
-87
-0.0150207
196
0.0338398
39
0.00673343
50
0.0086326
-2
-0.000345304
118
0.0203729
-127
-0.0219268
76
0.0131215
-29
-0.00500691
-43
-0.00742403
-74
-0.0127762
-205
-0.0353936
-75
-0.0129489
120
0.0207182
83
0.0143301
51
0.00880525
-134
-0.0231354
-167
-0.0288329
-63
-0.0108771
97
0.0167472
79
0.0136395
-25
-0.0043163
11
0.00189917
104
0.0179558
-105
-0.0181285
-134
-0.0231354
11
0.00189917
-114
-0.0196823
73
0.0126036
-95
-0.0164019
77
0.0132942
9
0.00155387
-93
-0.0160566
-6
-0.00103591
-65
-0.0112224
-27
-0.0046616
-21
-0.00362569
128
0.0220994
-48
-0.00828729
-196
-0.0338398
95
0.0164019
-313
-0.0540401
-54
-0.0093232
13
0.00224448
48
0.00828729
-8
-0.00138122
-20
-0.00345304
-148
-0.0255525
-26
-0.00448895
173
0.0298688
-33
-0.00569751
-69
-0.011913
28
0.00483425
-65
-0.0112224
-81
-0.0139848
-114
-0.0196823
-68
-0.0117403
2
0.000345304
-110
-0.0189917
74
0.0127762
-43
-0.00742403
-73
-0.0126036
22
0.00379834
154
0.0265884
12
0.00207182
96
0.0165746
26
0.00448895
-60
-0.0103591
51
0.00880525
-39
-0.00673343
49
0.00845994
-44
-0.00759669
-26
-0.00448895
26
0.00448895
-49
-0.00845994
143
0.0246892
-58
-0.0100138
32
0.00552486
65
0.0112224
9
0.00155387
-14
-0.00241713
-166
-0.0286602
-93
-0.0160566
13
0.00224448
-46
-0.00794199
-243
-0.0419544
-67
-0.0115677
40
0.00690608
10
0.00172652
50
0.0086326
-83
-0.0143301
5
0.00086326
-39
-0.00673343
19
0.00328039
-42
-0.00725138
-132
-0.0227901
-75
-0.0129489
-35
-0.00604282
41
0.00707873
-36
-0.00621547
-73
-0.0126036
4
0.000690608
-15
-0.00258978
21
0.00362569
-6
-0.00103591
83
0.0143301
-203
-0.0350483
153
0.0264157
92
0.015884
132
0.0227901
-40
-0.00690608
-27
-0.0046616
92
0.015884
135
0.023308
42
0.00725138
36
0.00621547
-17
-0.00293508
-83
-0.0143301
116
0.0200276
93
0.0160566
-70
-0.0120856
12
0.00207182
-30
-0.00517956
-134
-0.0231354
-9
-0.00155387
-56
-0.00966851
23
0.00397099
158
0.027279
-11
-0.00189917
86
0.0148481
16
0.00276243
-30
-0.00517956
46
0.00794199
-184
-0.031768
-59
-0.0101865
61
0.0105318
62
0.0107044
56
0.00966851
-70
-0.0120856
80
0.0138122
-80
-0.0138122
9
0.00155387
2
0.000345304
63
0.0108771
133
0.0229627
93
0.0160566
-118
-0.0203729
-59
-0.0101865
42
0.00725138
66
0.011395
-59
-0.0101865
-133
-0.0229627
-33
-0.00569751
-124
-0.0214088
5
0.00086326
-68
-0.0117403
-47
-0.00811464
114
0.0196823
-19
-0.00328039
70
0.0120856
-49
-0.00845994
-74
-0.0127762
72
0.0124309
-93
-0.0160566
-58
-0.0100138
-116
-0.0200276
-117
-0.0202003
45
0.00776934
87
0.0150207
67
0.0115677
37
0.00638812
22
0.00379834
-60
-0.0103591
-24
-0.00414365
48
0.00828729
-232
-0.0400552
65
0.0112224
-31
-0.00535221
-30
-0.00517956
89
0.015366
121
0.0208909
-97
-0.0167472
115
0.019855
191
0.0329765
8
0.00138122
-71
-0.0122583
-24
-0.00414365
-9
-0.00155387
-99
-0.0170925
-36
-0.00621547
103
0.0177831
-48
-0.00828729
-79
-0.0136395
12
0.00207182
-6
-0.00103591
41
0.00707873
-102
-0.0176105
33
0.00569751
21
0.00362569
-68
-0.0117403
3
0.000517956
52
0.0089779
-45
-0.00776934
31
0.00535221
60
0.0103591
-180
-0.0310773
-2
-0.000345304
31
0.00535221
-9
-0.00155387
58
0.0100138
13
0.00224448
-34
-0.00587017
83
0.0143301
52
0.0089779
52
0.0089779
-149
-0.0257251
-42
-0.00725138
213
0.0367749
4
0.000690608
-112
-0.019337
28
0.00483425
43
0.00742403
-84
-0.0145028
159
0.0274517
-2
-0.000345304
-122
-0.0210635
81
0.0139848
102
0.0176105
37
0.00638812
44
0.00759669
-11
-0.00189917
-196
-0.0338398
118
0.0203729
-83
-0.0143301
127
0.0219268
-14
-0.00241713
108
0.0186464
-216
-0.0372928
-21
-0.00362569
-94
-0.0162293
158
0.027279
-113
-0.0195097
-69
-0.011913
10
0.00172652
37
0.00638812
62
0.0107044
-66
-0.011395
-29
-0.00500691
-95
-0.0164019
-138
-0.023826
-2
-0.000345304
25
0.0043163
-30
-0.00517956
-119
-0.0205456
-75
-0.0129489
