-34
-0.0117403
17
0.00587017
58
0.0200276
-30
-0.0103591
74
0.0255525
77
0.0265884
-60
-0.0207182
37
0.0127762
-25
-0.0086326
39
0.0134669
-128
-0.0441989
8
0.00276243
-22
-0.00759669
-18
-0.00621547
7
0.00241713
38
0.0131215
20
0.00690608
-50
-0.0172652
-149
-0.0514503
-10
-0.00345304
2
0.000690608
16
0.00552486
0
0
-7
-0.00241713
67
0.0231354
77
0.0265884
0
0
-8
-0.00276243
-59
-0.0203729
20
0.00690608
-8
-0.00276243
78
0.0269337
-75
-0.0258978
-15
-0.00517956
96
0.0331492
19
0.00656077
-18
-0.00621547
-23
-0.00794199
97
0.0334945
18
0.00621547
-15
-0.00517956
44
0.0151934
66
0.0227901
22
0.00759669
-59
-0.0203729
-33
-0.011395
81
0.0279696
-3
-0.00103591
150
0.0517956
-20
-0.00690608
69
0.023826
14
0.00483425
7
0.00241713
75
0.0258978
-56
-0.019337
69
0.023826
-9
-0.00310773
-56
-0.019337
58
0.0200276
-32
-0.0110497
70
0.0241713
-40
-0.0138122
29
0.0100138
16
0.00552486
-94
-0.0324586
34
0.0117403
20
0.00690608
49
0.0169199
-60
-0.0207182
20
0.00690608
18
0.00621547
-60
-0.0207182
-52
-0.0179558
-80
-0.0276243
40
0.0138122
-17
-0.00587017
16
0.00552486
-7
-0.00241713
54
0.0186464
-52
-0.0179558
20
0.00690608
-53
-0.0183011
44
0.0151934
15
0.00517956
-23
-0.00794199
58
0.0200276
96
0.0331492
69
0.023826
-68
-0.0234807
6
0.00207182
113
0.0390193
57
0.0196823
51
0.0176105
-5
-0.00172652
81
0.0279696
-41
-0.0141575
44
0.0151934
-22
-0.00759669
159
0.0549033
82
0.0283149
91
0.0314227
8
0.00276243
-4
-0.00138122
-50
-0.0172652
22
0.00759669
70
0.0241713
7
0.00241713
145
0.0500691
-89
-0.030732
4
0.00138122
-6
-0.00207182
7
0.00241713
-3
-0.00103591
18
0.00621547
-41
-0.0141575
-8
-0.00276243
-32
-0.0110497
-40
-0.0138122
-36
-0.0124309
-52
-0.0179558
-36
-0.0124309
9
0.00310773
22
0.00759669
22
0.00759669
39
0.0134669
28
0.00966851
-22
-0.00759669
-40
-0.0138122
22
0.00759669
25
0.0086326
-66
-0.0227901
15
0.00517956
-41
-0.0141575
4
0.00138122
-94
-0.0324586
26
0.0089779
8
0.00276243
51
0.0176105
-20
-0.00690608
41
0.0141575
12
0.00414365
50
0.0172652
-43
-0.0148481
-45
-0.0155387
58
0.0200276
44
0.0151934
66
0.0227901
128
0.0441989
47
0.0162293
21
0.00725138
-20
-0.00690608
51
0.0176105
-89
-0.030732
-37
-0.0127762
-47
-0.0162293
80
0.0276243
110
0.0379834
127
0.0438536
-62
-0.0214088
-1
-0.000345304
-29
-0.0100138
29
0.0100138
-9
-0.00310773
3
0.00103591
-72
-0.0248619
-8
-0.00276243
50
0.0172652
-64
-0.0220994
-29
-0.0100138
20
0.00690608
-41
-0.0141575
-57
-0.0196823
-46
-0.015884
-65
-0.0224448
-32
-0.0110497
33
0.011395
-64
-0.0220994
33
0.011395
34
0.0117403
26
0.0089779
1
0.000345304
60
0.0207182
55
0.0189917
-38
-0.0131215
-6
-0.00207182
33
0.011395
-5
-0.00172652
-88
-0.0303867
-21
-0.00725138
-7
-0.00241713
-120
-0.0414365
-25
-0.0086326
-16
-0.00552486
22
0.00759669
99
0.0341851
-24
-0.00828729
7
0.00241713
1
0.000345304
-61
-0.0210635
-25
-0.0086326
28
0.00966851
0
0
-53
-0.0183011
22
0.00759669
38
0.0131215
-33
-0.011395
-2
-0.000690608
-64
-0.0220994
-1
-0.000345304
30
0.0103591
44
0.0151934
69
0.023826
130
0.0448895
20
0.00690608
12
0.00414365
21
0.00725138
-22
-0.00759669
-4
-0.00138122
56
0.019337
-76
-0.0262431
71
0.0245166
12
0.00414365
-14
-0.00483425
42
0.0145028
5
0.00172652
-40
-0.0138122
14
0.00483425
12
0.00414365
-49
-0.0169199
0
0
-121
-0.0417818
-27
-0.0093232
-32
-0.0110497
-31
-0.0107044
3
0.00103591
-62
-0.0214088
28
0.00966851
18
0.00621547
36
0.0124309
113
0.0390193
-46
-0.015884
-74
-0.0255525
12
0.00414365
-39
-0.0134669
19
0.00656077
37
0.0127762
51
0.0176105
19
0.00656077
42
0.0145028
-8
-0.00276243
-2
-0.000690608
54
0.0186464
-132
-0.0455801
25
0.0086326
7
0.00241713
13
0.00448895
-46
-0.015884
29
0.0100138
-11
-0.00379834
-50
-0.0172652
85
0.0293508
49
0.0169199
48
0.0165746
16
0.00552486
29
0.0100138
8
0.00276243
-42
-0.0145028
-31
-0.0107044
-25
-0.0086326
-31
-0.0107044
20
0.00690608
-12
-0.00414365
-14
-0.00483425
-28
-0.00966851
186
0.0642265
-58
-0.0200276
26
0.0089779
2
0.000690608
154
0.0531768
-72
-0.0248619
8
0.00276243
-3
-0.00103591
-24
-0.00828729
54
0.0186464
-67
-0.0231354
15
0.00517956
-86
-0.0296961
62
0.0214088
-47
-0.0162293
19
0.00656077
40
0.0138122
-138
-0.0476519
110
0.0379834
28
0.00966851
59
0.0203729
-2
-0.000690608
-48
-0.0165746
13
0.00448895
15
0.00517956
37
0.0127762
-49
-0.0169199
-45
-0.0155387
89
0.030732
70
0.0241713
-83
-0.0286602
-59
-0.0203729
-33
-0.011395
71
0.0245166
-12
-0.00414365
7
0.00241713
83
0.0286602
-11
-0.00379834
-6
-0.00207182
4
0.00138122
66
0.0227901
3
0.00103591
-17
-0.00587017
12
0.00414365
74
0.0255525
106
0.0366022
-30
-0.0103591
-10
-0.00345304
2
0.000690608
-28
-0.00966851
-2
-0.000690608
43
0.0148481
-57
-0.0196823
47
0.0162293
-131
-0.0452348
-18
-0.00621547
96
0.0331492
-24
-0.00828729
43
0.0148481
9
0.00310773
49
0.0169199
89
0.030732
-38
-0.0131215
-48
-0.0165746
-27
-0.0093232
45
0.0155387
17
0.00587017
20
0.00690608
19
0.00656077
-106
-0.0366022
-61
-0.0210635
35
0.0120856
9
0.00310773
4
0.00138122
82
0.0283149
-27
-0.0093232
-15
-0.00517956
23
0.00794199
70
0.0241713
51
0.0176105
-106
-0.0366022
-45
-0.0155387
-42
-0.0145028
-35
-0.0120856
7
0.00241713
-12
-0.00414365
-44
-0.0151934
103
0.0355663
-18
-0.00621547
-48
-0.0165746
-57
-0.0196823
-12
-0.00414365
25
0.0086326
22
0.00759669
95
0.0328039
-40
-0.0138122
-166
-0.0573204
48
0.0165746
-6
-0.00207182
-50
-0.0172652
-78
-0.0269337
2
0.000690608
159
0.0549033
-12
-0.00414365
54
0.0186464
32
0.0110497
-12
-0.00414365
47
0.0162293
22
0.00759669
-11
-0.00379834
-92
-0.031768
106
0.0366022
31
0.0107044
-63
-0.0217541
1
0.000345304
57
0.0196823
-10
-0.00345304
-20
-0.00690608
-17
-0.00587017
-16
-0.00552486
-21
-0.00725138
-17
-0.00587017
-155
-0.0535221
-5
-0.00172652
6
0.00207182
-39
-0.0134669
58
0.0200276
-20
-0.00690608
-43
-0.0148481
-53
-0.0183011
83
0.0286602
37
0.0127762
158
0.054558
-27
-0.0093232
-4
-0.00138122
-37
-0.0127762
41
0.0141575
25
0.0086326
-22
-0.00759669
39
0.0134669
28
0.00966851
-8
-0.00276243
2
0.000690608
-57
-0.0196823
137
0.0473066
-44
-0.0151934
23
0.00794199
6
0.00207182
-13
-0.00448895
49
0.0169199
-30
-0.0103591
-49
-0.0169199
37
0.0127762
-55
-0.0189917
-30
-0.0103591
4
0.00138122
220
0.0759669
38
0.0131215
74
0.0255525
67
0.0231354
-107
-0.0369475
-34
-0.0117403
-30
-0.0103591
94
0.0324586
-15
-0.00517956
-44
-0.0151934
55
0.0189917
-7
-0.00241713
50
0.0172652
-34
-0.0117403
6
0.00207182
-6
-0.00207182
-139
-0.0479972
52
0.0179558
-12
-0.00414365
12
0.00414365
71
0.0245166
-63
-0.0217541
24
0.00828729
-37
-0.0127762
8
0.00276243
-31
-0.0107044
-76
-0.0262431
61
0.0210635
53
0.0183011
-16
-0.00552486
-66
-0.0227901
23
0.00794199
74
0.0255525
21
0.00725138
40
0.0138122
39
0.0134669
3
0.00103591
-91
-0.0314227
-48
-0.0165746
47
0.0162293
-99
-0.0341851
24
0.00828729
-15
-0.00517956
-43
-0.0148481
-60
-0.0207182
10
0.00345304
25
0.0086326
25
0.0086326
48
0.0165746
-58
-0.0200276
89
0.030732
-30
-0.0103591
45
0.0155387
-22
-0.00759669
3
0.00103591
17
0.00587017
79
0.027279
18
0.00621547
-44
-0.0151934
18
0.00621547
18
0.00621547
-1
-0.000345304
-11
-0.00379834
-3
-0.00103591
69
0.023826
-8
-0.00276243
38
0.0131215
37
0.0127762
-17
-0.00587017
-57
-0.0196823
-9
-0.00310773
-22
-0.00759669
-29
-0.0100138
-74
-0.0255525
-8
-0.00276243
14
0.00483425
-13
-0.00448895
23
0.00794199
20
0.00690608
43
0.0148481
-39
-0.0134669
17
0.00587017
8
0.00276243
-14
-0.00483425
151
0.0521409
-47
-0.0162293
53
0.0183011
-29
-0.0100138
10
0.00345304
8
0.00276243
-33
-0.011395
-54
-0.0186464
25
0.0086326
-24
-0.00828729
-153
-0.0528315
-8
-0.00276243
3
0.00103591
-65
-0.0224448
7
0.00241713
62
0.0214088
-16
-0.00552486
-3
-0.00103591
38
0.0131215
52
0.0179558
-33
-0.011395
136
0.0469613
-10
-0.00345304
-26
-0.0089779
58
0.0200276
48
0.0165746
34
0.0117403
-15
-0.00517956
-37
-0.0127762
3
0.00103591
-36
-0.0124309
-8
-0.00276243
-56
-0.019337
20
0.00690608
3
0.00103591
-17
-0.00587017
17
0.00587017
-18
-0.00621547
59
0.0203729
50
0.0172652
62
0.0214088
39
0.0134669
-17
-0.00587017
-1
-0.000345304
-55
-0.0189917
68
0.0234807
-7
-0.00241713
-38
-0.0131215
-21
-0.00725138
-13
-0.00448895
22
0.00759669
9
0.00310773
71
0.0245166
51
0.0176105
22
0.00759669
-61
-0.0210635
23
0.00794199
-81
-0.0279696
4
0.00138122
11
0.00379834
-14
-0.00483425
19
0.00656077
1
0.000345304
36
0.0124309
15
0.00517956
-46
-0.015884
8
0.00276243
12
0.00414365
49
0.0169199
-13
-0.00448895
34
0.0117403
-42
-0.0145028
62
0.0214088
-53
-0.0183011
-28
-0.00966851
-37
-0.0127762
-46
-0.015884
12
0.00414365
-32
-0.0110497
-75
-0.0258978
-44
-0.0151934
-47
-0.0162293
-25
-0.0086326
23
0.00794199
-139
-0.0479972
9
0.00310773
202
0.0697514
9
0.00310773
-12
-0.00414365
-69
-0.023826
-47
-0.0162293
-38
-0.0131215
-50
-0.0172652
2
0.000690608
-55
-0.0189917
15
0.00517956
8
0.00276243
-8
-0.00276243
83
0.0286602
-21
-0.00725138
-31
-0.0107044
-76
-0.0262431
-38
-0.0131215
12
0.00414365
-97
-0.0334945
-60
-0.0207182
10
0.00345304
-2
-0.000690608
-161
-0.0555939
-100
-0.0345304
-66
-0.0227901
-31
-0.0107044
65
0.0224448
-35
-0.0120856
-28
-0.00966851
-38
-0.0131215
98
0.0338398
-7
-0.00241713
7
0.00241713
52
0.0179558
13
0.00448895
-70
-0.0241713
-34
-0.0117403
-42
-0.0145028
108
0.0372928
25
0.0086326
53
0.0183011
-14
-0.00483425
-108
-0.0372928
47
0.0162293
28
0.00966851
-42
-0.0145028
-25
-0.0086326
12
0.00414365
30
0.0103591
65
0.0224448
43
0.0148481
-104
-0.0359116
-29
-0.0100138
-27
-0.0093232
-4
-0.00138122
72
0.0248619
31
0.0107044
-70
-0.0241713
13
0.00448895
25
0.0086326
51
0.0176105
-26
-0.0089779
-13
-0.00448895
-16
-0.00552486
-52
-0.0179558
-57
-0.0196823
53
0.0183011
-14
-0.00483425
-70
-0.0241713
10
0.00345304
-75
-0.0258978
-4
-0.00138122
-1
-0.000345304
30
0.0103591
-7
-0.00241713
39
0.0134669
32
0.0110497
17
0.00587017
-27
-0.0093232
-29
-0.0100138
18
0.00621547
42
0.0145028
25
0.0086326
126
0.0435083
62
0.0214088
20
0.00690608
49
0.0169199
-25
-0.0086326
-39
-0.0134669
67
0.0231354
-42
-0.0145028
20
0.00690608
3
0.00103591
105
0.0362569
27
0.0093232
23
0.00794199
-28
-0.00966851
26
0.0089779
28
0.00966851
22
0.00759669
-42
-0.0145028
-90
-0.0310773
90
0.0310773
-4
-0.00138122
105
0.0362569
54
0.0186464
-91
-0.0314227
-7
-0.00241713
-11
-0.00379834
77
0.0265884
-57
-0.0196823
-59
-0.0203729
102
0.035221
45
0.0155387
-8
-0.00276243
-137
-0.0473066
-9
-0.00310773
89
0.030732
125
0.043163
22
0.00759669
-2
-0.000690608
14
0.00483425
74
0.0255525
15
0.00517956
-55
-0.0189917
-9
-0.00310773
-16
-0.00552486
6
0.00207182
-10
-0.00345304
70
0.0241713
32
0.0110497
-29
-0.0100138
-37
-0.0127762
110
0.0379834
-50
-0.0172652
-12
-0.00414365
132
0.0455801
-80
-0.0276243
-15
-0.00517956
22
0.00759669
-15
-0.00517956
-80
-0.0276243
22
0.00759669
14
0.00483425
-46
-0.015884
-6
-0.00207182
23
0.00794199
106
0.0366022
-58
-0.0200276
20
0.00690608
-4
-0.00138122
11
0.00379834
-72
-0.0248619
40
0.0138122
15
0.00517956
-54
-0.0186464
-27
-0.0093232
-30
-0.0103591
69
0.023826
-53
-0.0183011
-68
-0.0234807
37
0.0127762
-86
-0.0296961
-37
-0.0127762
-122
-0.0421271
19
0.00656077
13
0.00448895
-34
-0.0117403
-4
-0.00138122
62
0.0214088
13
0.00448895
-125
-0.043163
-15
-0.00517956
-26
-0.0089779
-12
-0.00414365
23
0.00794199
44
0.0151934
51
0.0176105
-13
-0.00448895
-49
-0.0169199
15
0.00517956
7
0.00241713
54
0.0186464
29
0.0100138
-37
-0.0127762
-51
-0.0176105
-34
-0.0117403
-111
-0.0383287
-12
-0.00414365
4
0.00138122
100
0.0345304
6
0.00207182
15
0.00517956
-15
-0.00517956
-16
-0.00552486
-48
-0.0165746
-10
-0.00345304
-56
-0.019337
-48
-0.0165746
-3
-0.00103591
58
0.0200276
40
0.0138122
-4
-0.00138122
100
0.0345304
25
0.0086326
45
0.0155387
-45
-0.0155387
-2
-0.000690608
95
0.0328039
7
0.00241713
29
0.0100138
-52
-0.0179558
-107
-0.0369475
-24
-0.00828729
-16
-0.00552486
-106
-0.0366022
12
0.00414365
69
0.023826
114
0.0393646
-2
-0.000690608
169
0.0583564
-31
-0.0107044
116
0.0400552
49
0.0169199
-64
-0.0220994
1
0.000345304
-47
-0.0162293
51
0.0176105
-74
-0.0255525
-62
-0.0214088
17
0.00587017
36
0.0124309
-51
-0.0176105
-53
-0.0183011
68
0.0234807
-38
-0.0131215
-61
-0.0210635
11
0.00379834
126
0.0435083
-83
-0.0286602
-44
-0.0151934
36
0.0124309
-26
-0.0089779
-51
-0.0176105
-42
-0.0145028
113
0.0390193
-66
-0.0227901
30
0.0103591
66
0.0227901
-25
-0.0086326
44
0.0151934
-33
-0.011395
131
0.0452348
56
0.019337
-104
-0.0359116
12
0.00414365
88
0.0303867
-19
-0.00656077
-36
-0.0124309
18
0.00621547
42
0.0145028
11
0.00379834
31
0.0107044
-19
-0.00656077
75
0.0258978
36
0.0124309
52
0.0179558
-19
-0.00656077
69
0.023826
9
0.00310773
33
0.011395
-42
-0.0145028
-61
-0.0210635
-9
-0.00310773
-71
-0.0245166
-13
-0.00448895
84
0.0290055
-68
-0.0234807
46
0.015884
-72
-0.0248619
-37
-0.0127762
32
0.0110497
16
0.00552486
44
0.0151934
-19
-0.00656077
-15
-0.00517956
-26
-0.0089779
80
0.0276243
-37
-0.0127762
-73
-0.0252072
8
0.00276243
-15
-0.00517956
40
0.0138122
-23
-0.00794199
84
0.0290055
-35
-0.0120856
-5
-0.00172652
23
0.00794199
-26
-0.0089779
69
0.023826
-53
-0.0183011
-20
-0.00690608
-45
-0.0155387
39
0.0134669
152
0.0524862
50
0.0172652
-53
-0.0183011
47
0.0162293
14
0.00483425
10
0.00345304
12
0.00414365
-11
-0.00379834
-22
-0.00759669
3
0.00103591
11
0.00379834
-6
-0.00207182
14
0.00483425
-54
-0.0186464
23
0.00794199
51
0.0176105
97
0.0334945
3
0.00103591
5
0.00172652
44
0.0151934
10
0.00345304
52
0.0179558
-44
-0.0151934
73
0.0252072
-102
-0.035221
-19
-0.00656077
-70
-0.0241713
45
0.0155387
91
0.0314227
48
0.0165746
34
0.0117403
25
0.0086326
50
0.0172652
-54
-0.0186464
-58
-0.0200276
-24
-0.00828729
-30
-0.0103591
-27
-0.0093232
-152
-0.0524862
-33
-0.011395
-46
-0.015884
-15
-0.00517956
-70
-0.0241713
16
0.00552486
-30
-0.0103591
55
0.0189917
78
0.0269337
-19
-0.00656077
-82
-0.0283149
14
0.00483425
31
0.0107044
-25
-0.0086326
-26
-0.0089779
-52
-0.0179558
106
0.0366022
-61
-0.0210635
31
0.0107044
81
0.0279696
-21
-0.00725138
-9
-0.00310773
-105
-0.0362569
31
0.0107044
-49
-0.0169199
-25
-0.0086326
24
0.00828729
-4
-0.00138122
-47
-0.0162293
-50
-0.0172652
41
0.0141575
88
0.0303867
59
0.0203729
75
0.0258978
23
0.00794199
27
0.0093232
38
0.0131215
58
0.0200276
116
0.0400552
36
0.0124309
68
0.0234807
10
0.00345304
61
0.0210635
24
0.00828729
-34
-0.0117403
-83
-0.0286602
-71
-0.0245166
19
0.00656077
-32
-0.0110497
-42
-0.0145028
-21
-0.00725138
83
0.0286602
-1
-0.000345304
35
0.0120856
48
0.0165746
79
0.027279
8
0.00276243
-39
-0.0134669
13
0.00448895
12
0.00414365
25
0.0086326
43
0.0148481
5
0.00172652
-53
-0.0183011
-71
-0.0245166
7
0.00241713
-31
-0.0107044
27
0.0093232
-102
-0.035221
-56
-0.019337
-66
-0.0227901
-31
-0.0107044
-56
-0.019337
3
0.00103591
37
0.0127762
31
0.0107044
10
0.00345304
43
0.0148481
-80
-0.0276243
29
0.0100138
49
0.0169199
17
0.00587017
-14
-0.00483425
10
0.00345304
-53
-0.0183011
58
0.0200276
23
0.00794199
42
0.0145028
15
0.00517956
2
0.000690608
34
0.0117403
19
0.00656077
16
0.00552486
25
0.0086326
86
0.0296961
34
0.0117403
100
0.0345304
-19
-0.00656077
39
0.0134669
-26
-0.0089779
67
0.0231354
4
0.00138122
-89
-0.030732
19
0.00656077
-18
-0.00621547
-45
-0.0155387
63
0.0217541
-26
-0.0089779
78
0.0269337
-4
-0.00138122
-75
-0.0258978
-1
-0.000345304
54
0.0186464
15
0.00517956
-4
-0.00138122
98
0.0338398
-2
-0.000690608
45
0.0155387
115
0.0397099
-3
-0.00103591
43
0.0148481
29
0.0100138
36
0.0124309
-19
-0.00656077
-105
-0.0362569
-32
-0.0110497
80
0.0276243
-8
-0.00276243
51
0.0176105
-52
-0.0179558
-32
-0.0110497
93
0.0321133
-46
-0.015884
40
0.0138122
-23
-0.00794199
30
0.0103591
-28
-0.00966851
-14
-0.00483425
13
0.00448895
53
0.0183011
87
0.0300414
22
0.00759669
1
0.000345304
-14
-0.00483425
24
0.00828729
-50
-0.0172652
-7
-0.00241713
-23
-0.00794199
-26
-0.0089779
-25
-0.0086326
4
0.00138122
69
0.023826
-44
-0.0151934
-142
-0.0490331
-101
-0.0348757
83
0.0286602
136
0.0469613
20
0.00690608
-61
-0.0210635
56
0.019337
10
0.00345304
-18
-0.00621547
-2
-0.000690608
39
0.0134669
-50
-0.0172652
14
0.00483425
-81
-0.0279696
-114
-0.0393646
-9
-0.00310773
-15
-0.00517956
63
0.0217541
74
0.0255525
-43
-0.0148481
10
0.00345304
16
0.00552486
51
0.0176105
-17
-0.00587017
92
0.031768
-22
-0.00759669
-17
-0.00587017
14
0.00483425
8
0.00276243
63
0.0217541
-88
-0.0303867
59
0.0203729
-78
-0.0269337
-9
-0.00310773
66
0.0227901
-37
-0.0127762
-37
-0.0127762
42
0.0145028
2
0.000690608
-93
-0.0321133
-49
-0.0169199
-5
-0.00172652
36
0.0124309
-2
-0.000690608
-20
-0.00690608
-29
-0.0100138
-10
-0.00345304
67
0.0231354
-53
-0.0183011
22
0.00759669
3
0.00103591
-10
-0.00345304
7
0.00241713
28
0.00966851
-41
-0.0141575
4
0.00138122
-69
-0.023826
-83
-0.0286602
-27
-0.0093232
-46
-0.015884
70
0.0241713
111
0.0383287
12
0.00414365
-54
-0.0186464
-11
-0.00379834
31
0.0107044
27
0.0093232
61
0.0210635
-22
-0.00759669
-18
-0.00621547
23
0.00794199
32
0.0110497
-23
-0.00794199
40
0.0138122
36
0.0124309
-47
-0.0162293
21
0.00725138
-66
-0.0227901
-53
-0.0183011
109
0.0376381
9
0.00310773
-6
-0.00207182
92
0.031768
-41
-0.0141575
49
0.0169199
71
0.0245166
-55
-0.0189917
172
0.0593923
86
0.0296961
-20
-0.00690608
-34
-0.0117403
126
0.0435083
-24
-0.00828729
-1
-0.000345304
60
0.0207182
60
0.0207182
-38
-0.0131215
-1
-0.000345304
-25
-0.0086326
41
0.0141575
8
0.00276243
-23
-0.00794199
19
0.00656077
42
0.0145028
82
0.0283149
-35
-0.0120856
2
0.000690608
-24
-0.00828729
13
0.00448895
57
0.0196823
-20
-0.00690608
47
0.0162293
3
0.00103591
43
0.0148481
28
0.00966851
-20
-0.00690608
47
0.0162293
-52
-0.0179558
93
0.0321133
-51
-0.0176105
-33
-0.011395
24
0.00828729
66
0.0227901
28
0.00966851
105
0.0362569
-17
-0.00587017
93
0.0321133
-148
-0.051105
-12
-0.00414365
-105
-0.0362569
51
0.0176105
-41
-0.0141575
-4
-0.00138122
-93
-0.0321133
62
0.0214088
-67
-0.0231354
-16
-0.00552486
25
0.0086326
-22
-0.00759669
58
0.0200276
-56
-0.019337
43
0.0148481
12
0.00414365
45
0.0155387
112
0.038674
-59
-0.0203729
9
0.00310773
9
0.00310773
-40
-0.0138122
-27
-0.0093232
-4
-0.00138122
-97
-0.0334945
-15
-0.00517956
-71
-0.0245166
32
0.0110497
31
0.0107044
14
0.00483425
-43
-0.0148481
14
0.00483425
4
0.00138122
-102
-0.035221
5
0.00172652
0
0
42
0.0145028
14
0.00483425
36
0.0124309
-82
-0.0283149
-24
-0.00828729
63
0.0217541
-26
-0.0089779
64
0.0220994
37
0.0127762
-7
-0.00241713
-108
-0.0372928
-33
-0.011395
37
0.0127762
-36
-0.0124309
-65
-0.0224448
-48
-0.0165746
-69
-0.023826
14
0.00483425
-43
-0.0148481
94
0.0324586
30
0.0103591
-17
-0.00587017
-95
-0.0328039
-53
-0.0183011
-31
-0.0107044
-79
-0.027279
-12
-0.00414365
-40
-0.0138122
-69
-0.023826
7
0.00241713
57
0.0196823
-62
-0.0214088
-24
-0.00828729
-54
-0.0186464
-32
-0.0110497
-42
-0.0145028
14
0.00483425
3
0.00103591
-32
-0.0110497
47
0.0162293
-78
-0.0269337
-60
-0.0207182
18
0.00621547
-10
-0.00345304
-14
-0.00483425
12
0.00414365
-57
-0.0196823
29
0.0100138
-113
-0.0390193
-75
-0.0258978
57
0.0196823
-51
-0.0176105
62
0.0214088
-28
-0.00966851
-14
-0.00483425
-16
-0.00552486
40
0.0138122
-8
-0.00276243
-77
-0.0265884
-11
-0.00379834
-19
-0.00656077
-68
-0.0234807
-22
-0.00759669
12
0.00414365
-72
-0.0248619
25
0.0086326
27
0.0093232
12
0.00414365
-34
-0.0117403
-45
-0.0155387
-93
-0.0321133
11
0.00379834
-76
-0.0262431
-52
-0.0179558
30
0.0103591
-51
-0.0176105
-83
-0.0286602
5
0.00172652
-116
-0.0400552
100
0.0345304
66
0.0227901
-37
-0.0127762
-4
-0.00138122
79
0.027279
49
0.0169199
13
0.00448895
87
0.0300414
3
0.00103591
39
0.0134669
26
0.0089779
30
0.0103591
-29
-0.0100138
49
0.0169199
-62
-0.0214088
-5
-0.00172652
43
0.0148481
48
0.0165746
83
0.0286602
164
0.0566298
24
0.00828729
69
0.023826
-53
-0.0183011
146
0.0504144
33
0.011395
37
0.0127762
2
0.000690608
-147
-0.0507597
-25
-0.0086326
-30
-0.0103591
-75
-0.0258978
54
0.0186464
10
0.00345304
-103
-0.0355663
-45
-0.0155387
26
0.0089779
-26
-0.0089779
-32
-0.0110497
1
0.000345304
-72
-0.0248619
4
0.00138122
-120
-0.0414365
6
0.00207182
10
0.00345304
-55
-0.0189917
-45
-0.0155387
-57
-0.0196823
-42
-0.0145028
-68
-0.0234807
42
0.0145028
39
0.0134669
-61
-0.0210635
-13
-0.00448895
60
0.0207182
106
0.0366022
55
0.0189917
-75
-0.0258978
-49
-0.0169199
-25
-0.0086326
72
0.0248619
-10
-0.00345304
73
0.0252072
55
0.0189917
-14
-0.00483425
-1
-0.000345304
-44
-0.0151934
71
0.0245166
-22
-0.00759669
-60
-0.0207182
184
0.0635359
-50
-0.0172652
89
0.030732
-52
-0.0179558
5
0.00172652
70
0.0241713
-81
-0.0279696
61
0.0210635
-32
-0.0110497
81
0.0279696
-13
-0.00448895
-64
-0.0220994
-112
-0.038674
35
0.0120856
85
0.0293508
-40
-0.0138122
-133
-0.0459254
31
0.0107044
-95
-0.0328039
-1
-0.000345304
-50
-0.0172652
39
0.0134669
-101
-0.0348757
-79
-0.027279
38
0.0131215
9
0.00310773
73
0.0252072
-21
-0.00725138
10
0.00345304
77
0.0265884
-53
-0.0183011
37
0.0127762
33
0.011395
39
0.0134669
-21
-0.00725138
13
0.00448895
51
0.0176105
-45
-0.0155387
-38
-0.0131215
-33
-0.011395
19
0.00656077
22
0.00759669
-55
-0.0189917
-4
-0.00138122
-26
-0.0089779
-5
-0.00172652
34
0.0117403
101
0.0348757
-2
-0.000690608
24
0.00828729
-28
-0.00966851
31
0.0107044
81
0.0279696
-10
-0.00345304
-14
-0.00483425
10
0.00345304
7
0.00241713
79
0.027279
-27
-0.0093232
29
0.0100138
-23
-0.00794199
-27
-0.0093232
8
0.00276243
65
0.0224448
51
0.0176105
-78
-0.0269337
42
0.0145028
26
0.0089779
-48
-0.0165746
-27
-0.0093232
-111
-0.0383287
-9
-0.00310773
-87
-0.0300414
28
0.00966851
22
0.00759669
49
0.0169199
17
0.00587017
9
0.00310773
-66
-0.0227901
-38
-0.0131215
-63
-0.0217541
-77
-0.0265884
25
0.0086326
-34
-0.0117403
109
0.0376381
28
0.00966851
-138
-0.0476519
-27
-0.0093232
8
0.00276243
-4
-0.00138122
-38
-0.0131215
-63
-0.0217541
-55
-0.0189917
-42
-0.0145028
5
0.00172652
-38
-0.0131215
-23
-0.00794199
2
0.000690608
45
0.0155387
-34
-0.0117403
-48
-0.0165746
-55
-0.0189917
-65
-0.0224448
-77
-0.0265884
23
0.00794199
9
0.00310773
-27
-0.0093232
-93
-0.0321133
-10
-0.00345304
81
0.0279696
6
0.00207182
8
0.00276243
-66
-0.0227901
67
0.0231354
-28
-0.00966851
96
0.0331492
28
0.00966851
-32
-0.0110497
65
0.0224448
100
0.0345304
-96
-0.0331492
19
0.00656077
-100
-0.0345304
31
0.0107044
-95
-0.0328039
-56
-0.019337
-80
-0.0276243
-77
-0.0265884
-100
-0.0345304
52
0.0179558
47
0.0162293
-37
-0.0127762
65
0.0224448
14
0.00483425
32
0.0110497
34
0.0117403
-54
-0.0186464
-17
-0.00587017
29
0.0100138
-22
-0.00759669
114
0.0393646
10
0.00345304
-11
-0.00379834
37
0.0127762
2
0.000690608
-19
-0.00656077
-50
-0.0172652
24
0.00828729
-136
-0.0469613
-6
-0.00207182
142
0.0490331
-68
-0.0234807
-10
-0.00345304
-24
-0.00828729
-8
-0.00276243
67
0.0231354
21
0.00725138
10
0.00345304
-8
-0.00276243
90
0.0310773
-74
-0.0255525
63
0.0217541
-12
-0.00414365
54
0.0186464
-40
-0.0138122
-34
-0.0117403
-37
-0.0127762
-58
-0.0200276
71
0.0245166
-54
-0.0186464
22
0.00759669
57
0.0196823
-22
-0.00759669
-84
-0.0290055
-29
-0.0100138
-62
-0.0214088
-1
-0.000345304
13
0.00448895
-38
-0.0131215
3
0.00103591
-38
-0.0131215
-12
-0.00414365
63
0.0217541
30
0.0103591
29
0.0100138
-30
-0.0103591
-14
-0.00483425
-21
-0.00725138
-131
-0.0452348
-50
-0.0172652
25
0.0086326
-29
-0.0100138
52
0.0179558
-50
-0.0172652
0
0
-47
-0.0162293
-5
-0.00172652
32
0.0110497
20
0.00690608
4
0.00138122
9
0.00310773
57
0.0196823
13
0.00448895
-31
-0.0107044
-48
-0.0165746
7
0.00241713
88
0.0303867
-43
-0.0148481
46
0.015884
74
0.0255525
18
0.00621547
27
0.0093232
-19
-0.00656077
68
0.0234807
23
0.00794199
50
0.0172652
13
0.00448895
-57
-0.0196823
22
0.00759669
32
0.0110497
11
0.00379834
-49
-0.0169199
-59
-0.0203729
7
0.00241713
7
0.00241713
-38
-0.0131215
-75
-0.0258978
23
0.00794199
-86
-0.0296961
-42
-0.0145028
48
0.0165746
-10
-0.00345304
-36
-0.0124309
-52
-0.0179558
-62
-0.0214088
-20
-0.00690608
64
0.0220994
-17
-0.00587017
-52
-0.0179558
47
0.0162293
-19
-0.00656077
32
0.0110497
-7
-0.00241713
23
0.00794199
47
0.0162293
11
0.00379834
6
0.00207182
-19
-0.00656077
170
0.0587017
21
0.00725138
-50
-0.0172652
-10
-0.00345304
5
0.00172652
-30
-0.0103591
76
0.0262431
15
0.00517956
76
0.0262431
-18
-0.00621547
-6
-0.00207182
30
0.0103591
-69
-0.023826
-104
-0.0359116
8
0.00276243
-63
-0.0217541
15
0.00517956
-85
-0.0293508
121
0.0417818
-10
-0.00345304
45
0.0155387
-14
-0.00483425
25
0.0086326
-83
-0.0286602
107
0.0369475
27
0.0093232
-67
-0.0231354
-90
-0.0310773
31
0.0107044
29
0.0100138
6
0.00207182
-21
-0.00725138
37
0.0127762
-31
-0.0107044
-33
-0.011395
-36
-0.0124309
-88
-0.0303867
-12
-0.00414365
-31
-0.0107044
21
0.00725138
-55
-0.0189917
37
0.0127762
-29
-0.0100138
63
0.0217541
42
0.0145028
18
0.00621547
-47
-0.0162293
2
0.000690608
105
0.0362569
12
0.00414365
53
0.0183011
-33
-0.011395
-84
-0.0290055
-102
-0.035221
41
0.0141575
-23
-0.00794199
-73
-0.0252072
-39
-0.0134669
-17
-0.00587017
-45
-0.0155387
-132
-0.0455801
17
0.00587017
57
0.0196823
7
0.00241713
-82
-0.0283149
-10
-0.00345304
73
0.0252072
-18
-0.00621547
-52
-0.0179558
140
0.0483425
67
0.0231354
47
0.0162293
60
0.0207182
18
0.00621547
-15
-0.00517956
-29
-0.0100138
46
0.015884
-46
-0.015884
7
0.00241713
-103
-0.0355663
89
0.030732
-24
-0.00828729
17
0.00587017
-27
-0.0093232
-16
-0.00552486
6
0.00207182
29
0.0100138
-18
-0.00621547
-80
-0.0276243
30
0.0103591
-66
-0.0227901
-9
-0.00310773
-25
-0.0086326
-14
-0.00483425
44
0.0151934
64
0.0220994
22
0.00759669
95
0.0328039
-178
-0.0614641
-50
-0.0172652
80
0.0276243
-60
-0.0207182
-12
-0.00414365
32
0.0110497
-6
-0.00207182
-20
-0.00690608
29
0.0100138
9
0.00310773
-24
-0.00828729
22
0.00759669
-29
-0.0100138
9
0.00310773
-27
-0.0093232
-71
-0.0245166
-73
-0.0252072
17
0.00587017
-1
-0.000345304
37
0.0127762
-49
-0.0169199
43
0.0148481
-7
-0.00241713
11
0.00379834
-60
-0.0207182
-35
-0.0120856
-72
-0.0248619
-24
-0.00828729
65
0.0224448
-51
-0.0176105
-23
-0.00794199
-68
-0.0234807
-1
-0.000345304
-80
-0.0276243
-29
-0.0100138
-27
-0.0093232
-74
-0.0255525
-1
-0.000345304
-115
-0.0397099
68
0.0234807
-36
-0.0124309
-15
-0.00517956
-11
-0.00379834
-55
-0.0189917
28
0.00966851
-5
-0.00172652
23
0.00794199
27
0.0093232
67
0.0231354
1
0.000345304
-120
-0.0414365
55
0.0189917
-69
-0.023826
59
0.0203729
57
0.0196823
-22
-0.00759669
-61
-0.0210635
16
0.00552486
-94
-0.0324586
-14
-0.00483425
39
0.0134669
-104
-0.0359116
-32
-0.0110497
55
0.0189917
55
0.0189917
-79
-0.027279
-14
-0.00483425
82
0.0283149
-160
-0.0552486
-106
-0.0366022
20
0.00690608
33
0.011395
37
0.0127762
-33
-0.011395
-64
-0.0220994
0
0
15
0.00517956
83
0.0286602
102
0.035221
-33
-0.011395
11
0.00379834
13
0.00448895
36
0.0124309
30
0.0103591
28
0.00966851
79
0.027279
39
0.0134669
5
0.00172652
86
0.0296961
83
0.0286602
-51
-0.0176105
52
0.0179558
-63
-0.0217541
-46
-0.015884
-73
-0.0252072
42
0.0145028
-44
-0.0151934
-36
-0.0124309
71
0.0245166
-17
-0.00587017
61
0.0210635
7
0.00241713
-78
-0.0269337
23
0.00794199
-30
-0.0103591
-12
-0.00414365
5
0.00172652
-33
-0.011395
-81
-0.0279696
12
0.00414365
-23
-0.00794199
2
0.000690608
-57
-0.0196823
-24
-0.00828729
5
0.00172652
-51
-0.0176105
-18
-0.00621547
-75
-0.0258978
90
0.0310773
-46
-0.015884
-6
-0.00207182
-23
-0.00794199
45
0.0155387
22
0.00759669
-26
-0.0089779
8
0.00276243
-7
-0.00241713
39
0.0134669
32
0.0110497
-80
-0.0276243
34
0.0117403
0
0
-109
-0.0376381
64
0.0220994
-2
-0.000690608
25
0.0086326
44
0.0151934
-78
-0.0269337
63
0.0217541
-37
-0.0127762
-133
-0.0459254
-6
-0.00207182
-6
-0.00207182
-63
-0.0217541
-135
-0.046616
44
0.0151934
-17
-0.00587017
-34
-0.0117403
63
0.0217541
8
0.00276243
19
0.00656077
0
0
-27
-0.0093232
-36
-0.0124309
75
0.0258978
-16
-0.00552486
-38
-0.0131215
-11
-0.00379834
3
0.00103591
-28
-0.00966851
8
0.00276243
-17
-0.00587017
-111
-0.0383287
-26
-0.0089779
-26
-0.0089779
39
0.0134669
23
0.00794199
-36
-0.0124309
88
0.0303867
-73
-0.0252072
46
0.015884
62
0.0214088
4
0.00138122
61
0.0210635
26
0.0089779
-41
-0.0141575
144
0.0497238
-1
-0.000345304
7
0.00241713
-81
-0.0279696
21
0.00725138
-35
-0.0120856
-1
-0.000345304
40
0.0138122
-7
-0.00241713
-33
-0.011395
102
0.035221
-57
-0.0196823
-47
-0.0162293
87
0.0300414
-7
-0.00241713
-119
-0.0410912
-33
-0.011395
-74
-0.0255525
-21
-0.00725138
34
0.0117403
-57
-0.0196823
-135
-0.046616
-72
-0.0248619
-27
-0.0093232
-42
-0.0145028
-84
-0.0290055
59
0.0203729
38
0.0131215
-62
-0.0214088
40
0.0138122
-56
-0.019337
25
0.0086326
67
0.0231354
63
0.0217541
-7
-0.00241713
-81
-0.0279696
49
0.0169199
-20
-0.00690608
26
0.0089779
-7
-0.00241713
36
0.0124309
-41
-0.0141575
7
0.00241713
65
0.0224448
-64
-0.0220994
-4
-0.00138122
32
0.0110497
-14
-0.00483425
88
0.0303867
4
0.00138122
-41
-0.0141575
-47
-0.0162293
43
0.0148481
94
0.0324586
37
0.0127762
26
0.0089779
-54
-0.0186464
51
0.0176105
-127
-0.0438536
-101
-0.0348757
-49
-0.0169199
76
0.0262431
-1
-0.000345304
47
0.0162293
-142
-0.0490331
-34
-0.0117403
-55
-0.0189917
41
0.0141575
149
0.0514503
3
0.00103591
-63
-0.0217541
78
0.0269337
-112
-0.038674
29
0.0100138
-59
-0.0203729
27
0.0093232
49
0.0169199
-8
-0.00276243
18
0.00621547
40
0.0138122
-99
-0.0341851
56
0.019337
39
0.0134669
-44
-0.0151934
-4
-0.00138122
8
0.00276243
-17
-0.00587017
18
0.00621547
119
0.0410912
-2
-0.000690608
-28
-0.00966851
-22
-0.00759669
125
0.043163
26
0.0089779
-11
-0.00379834
-13
-0.00448895
57
0.0196823
19
0.00656077
-6
-0.00207182
41
0.0141575
12
0.00414365
-13
-0.00448895
-59
-0.0203729
-20
-0.00690608
-13
-0.00448895
95
0.0328039
-61
-0.0210635
29
0.0100138
-18
-0.00621547
11
0.00379834
-29
-0.0100138
50
0.0172652
5
0.00172652
-23
-0.00794199
35
0.0120856
-66
-0.0227901
-135
-0.046616
59
0.0203729
7
0.00241713
26
0.0089779
49
0.0169199
-14
-0.00483425
10
0.00345304
15
0.00517956
-11
-0.00379834
-35
-0.0120856
-41
-0.0141575
-57
-0.0196823
76
0.0262431
69
0.023826
37
0.0127762
-38
-0.0131215
-110
-0.0379834
-6
-0.00207182
79
0.027279
12
0.00414365
135
0.046616
-36
-0.0124309
-24
-0.00828729
2
0.000690608
59
0.0203729
14
0.00483425
-29
-0.0100138
-6
-0.00207182
67
0.0231354
92
0.031768
38
0.0131215
-30
-0.0103591
-63
-0.0217541
-101
-0.0348757
-89
-0.030732
-40
-0.0138122
-69
-0.023826
35
0.0120856
110
0.0379834
16
0.00552486
37
0.0127762
55
0.0189917
-70
-0.0241713
-8
-0.00276243
67
0.0231354
31
0.0107044
83
0.0286602
5
0.00172652
-40
-0.0138122
-28
-0.00966851
37
0.0127762
-68
-0.0234807
-41
-0.0141575
21
0.00725138
-74
-0.0255525
-10
-0.00345304
-67
-0.0231354
46
0.015884
-45
-0.0155387
17
0.00587017
-6
-0.00207182
-139
-0.0479972
-35
-0.0120856
-50
-0.0172652
-31
-0.0107044
66
0.0227901
-33
-0.011395
39
0.0134669
-126
-0.0435083
9
0.00310773
-49
-0.0169199
7
0.00241713
6
0.00207182
-33
-0.011395
55
0.0189917
57
0.0196823
66
0.0227901
17
0.00587017
9
0.00310773
42
0.0145028
5
0.00172652
-28
-0.00966851
-11
-0.00379834
-19
-0.00656077
27
0.0093232
14
0.00483425
-43
-0.0148481
102
0.035221
-12
-0.00414365
-28
-0.00966851
-134
-0.0462707
-47
-0.0162293
-6
-0.00207182
-97
-0.0334945
-11
-0.00379834
-70
-0.0241713
117
0.0404006
37
0.0127762
16
0.00552486
-28
-0.00966851
8
0.00276243
-16
-0.00552486
-60
-0.0207182
-7
-0.00241713
35
0.0120856
60
0.0207182
-50
-0.0172652
14
0.00483425
54
0.0186464
60
0.0207182
-95
-0.0328039
-3
-0.00103591
160
0.0552486
-32
-0.0110497
-86
-0.0296961
82
0.0283149
-65
-0.0224448
27
0.0093232
-25
-0.0086326
-18
-0.00621547
-40
-0.0138122
49
0.0169199
86
0.0296961
-14
-0.00483425
70
0.0241713
-88
-0.0303867
30
0.0103591
49
0.0169199
19
0.00656077
35
0.0120856
-24
-0.00828729
33
0.011395
36
0.0124309
-21
-0.00725138
21
0.00725138
44
0.0151934
10
0.00345304
73
0.0252072
137
0.0473066
49
0.0169199
-64
-0.0220994
-2
-0.000690608
25
0.0086326
-9
-0.00310773
-7
-0.00241713
126
0.0435083
-71
-0.0245166
-118
-0.0407459
44
0.0151934
9
0.00310773
-59
-0.0203729
-86
-0.0296961
-10
-0.00345304
-33
-0.011395
104
0.0359116
-34
-0.0117403
-14
-0.00483425
-28
-0.00966851
34
0.0117403
41
0.0141575
29
0.0100138
-47
-0.0162293
22
0.00759669
12
0.00414365
14
0.00483425
25
0.0086326
79
0.027279
-40
-0.0138122
-18
-0.00621547
0
0
80
0.0276243
-3
-0.00103591
-71
-0.0245166
-12
-0.00414365
-51
-0.0176105
-46
-0.015884
-45
-0.0155387
-41
-0.0141575
-8
-0.00276243
16
0.00552486
9
0.00310773
-1
-0.000345304
38
0.0131215
-31
-0.0107044
6
0.00207182
33
0.011395
-20
-0.00690608
-53
-0.0183011
-26
-0.0089779
-35
-0.0120856
-33
-0.011395
3
0.00103591
-3
-0.00103591
54
0.0186464
-115
-0.0397099
42
0.0145028
-2
-0.000690608
90
0.0310773
139
0.0479972
-19
-0.00656077
-74
-0.0255525
109
0.0376381
-14
-0.00483425
47
0.0162293
77
0.0265884
8
0.00276243
34
0.0117403
80
0.0276243
0
0
-29
-0.0100138
-47
-0.0162293
27
0.0093232
-123
-0.0424724
-1
-0.000345304
-37
-0.0127762
-12
-0.00414365
73
0.0252072
36
0.0124309
-22
-0.00759669
23
0.00794199
73
0.0252072
24
0.00828729
40
0.0138122
49
0.0169199
35
0.0120856
52
0.0179558
-158
-0.054558
48
0.0165746
67
0.0231354
-13
-0.00448895
-71
-0.0245166
32
0.0110497
-70
-0.0241713
25
0.0086326
-66
-0.0227901
9
0.00310773
-2
-0.000690608
-55
-0.0189917
115
0.0397099
71
0.0245166
-1
-0.000345304
-11
-0.00379834
-34
-0.0117403
-37
-0.0127762
-77
-0.0265884
-71
-0.0245166
-140
-0.0483425
1
0.000345304
-51
-0.0176105
64
0.0220994
1
0.000345304
-29
-0.0100138
35
0.0120856
-39
-0.0134669
153
0.0528315
-21
-0.00725138
11
0.00379834
-11
-0.00379834
28
0.00966851
-12
-0.00414365
-95
-0.0328039
-52
-0.0179558
-65
-0.0224448
-43
-0.0148481
60
0.0207182
0
0
84
0.0290055
-53
-0.0183011
-26
-0.0089779
-6
-0.00207182
-32
-0.0110497
-59
-0.0203729
-12
-0.00414365
-29
-0.0100138
-69
-0.023826
-56
-0.019337
26
0.0089779
83
0.0286602
50
0.0172652
-63
-0.0217541
57
0.0196823
-44
-0.0151934
50
0.0172652
70
0.0241713
61
0.0210635
12
0.00414365
-12
-0.00414365
-23
-0.00794199
33
0.011395
50
0.0172652
36
0.0124309
-23
-0.00794199
-25
-0.0086326
30
0.0103591
-155
-0.0535221
-45
-0.0155387
88
0.0303867
3
0.00103591
2
0.000690608
-73
-0.0252072
16
0.00552486
20
0.00690608
25
0.0086326
-29
-0.0100138
-34
-0.0117403
7
0.00241713
-39
-0.0134669
10
0.00345304
127
0.0438536
55
0.0189917
-78
-0.0269337
13
0.00448895
-2
-0.000690608
-38
-0.0131215
70
0.0241713
-48
-0.0165746
-5
-0.00172652
-7
-0.00241713
-44
-0.0151934
-5
-0.00172652
108
0.0372928
-11
-0.00379834
7
0.00241713
-15
-0.00517956
22
0.00759669
-6
-0.00207182
-78
-0.0269337
62
0.0214088
35
0.0120856
-86
-0.0296961
68
0.0234807
-38
-0.0131215
23
0.00794199
79
0.027279
24
0.00828729
-25
-0.0086326
37
0.0127762
15
0.00517956
-45
-0.0155387
2
0.000690608
-37
-0.0127762
10
0.00345304
-48
-0.0165746
-42
-0.0145028
79
0.027279
-16
-0.00552486
9
0.00310773
-31
-0.0107044
44
0.0151934
79
0.027279
-112
-0.038674
-59
-0.0203729
40
0.0138122
75
0.0258978
3
0.00103591
-57
-0.0196823
24
0.00828729
-1
-0.000345304
-12
-0.00414365
21
0.00725138
79
0.027279
19
0.00656077
-4
-0.00138122
-7
-0.00241713
-44
-0.0151934
4
0.00138122
26
0.0089779
-27
-0.0093232
65
0.0224448
-5
-0.00172652
-42
-0.0145028
-55
-0.0189917
64
0.0220994
106
0.0366022
77
0.0265884
65
0.0224448
-31
-0.0107044
56
0.019337
-112
-0.038674
-138
-0.0476519
43
0.0148481
-138
-0.0476519
105
0.0362569
25
0.0086326
4
0.00138122
-54
-0.0186464
-7
-0.00241713
-81
-0.0279696
-23
-0.00794199
51
0.0176105
53
0.0183011
-41
-0.0141575
-90
-0.0310773
23
0.00794199
60
0.0207182
-19
-0.00656077
-21
-0.00725138
-21
-0.00725138
-57
-0.0196823
20
0.00690608
-33
-0.011395
-20
-0.00690608
29
0.0100138
-133
-0.0459254
109
0.0376381
16
0.00552486
-43
-0.0148481
27
0.0093232
72
0.0248619
131
0.0452348
16
0.00552486
-6
-0.00207182
2
0.000690608
3
0.00103591
-63
-0.0217541
7
0.00241713
-1
-0.000345304
11
0.00379834
59
0.0203729
-27
-0.0093232
56
0.019337
9
0.00310773
75
0.0258978
19
0.00656077
32
0.0110497
-49
-0.0169199
8
0.00276243
-28
-0.00966851
-19
-0.00656077
8
0.00276243
-19
-0.00656077
4
0.00138122
35
0.0120856
-26
-0.0089779
21
0.00725138
-38
-0.0131215
63
0.0217541
61
0.0210635
40
0.0138122
-41
-0.0141575
26
0.0089779
-66
-0.0227901
-37
-0.0127762
29
0.0100138
-21
-0.00725138
61
0.0210635
-49
-0.0169199
49
0.0169199
94
0.0324586
51
0.0176105
23
0.00794199
6
0.00207182
-57
-0.0196823
31
0.0107044
21
0.00725138
7
0.00241713
29
0.0100138
-60
-0.0207182
114
0.0393646
-54
-0.0186464
85
0.0293508
37
0.0127762
125
0.043163
137
0.0473066
43
0.0148481
44
0.0151934
0
0
82
0.0283149
7
0.00241713
31
0.0107044
-47
-0.0162293
-48
-0.0165746
-20
-0.00690608
-25
-0.0086326
54
0.0186464
4
0.00138122
-8
-0.00276243
17
0.00587017
-8
-0.00276243
-20
-0.00690608
54
0.0186464
-9
-0.00310773
-114
-0.0393646
-36
-0.0124309
78
0.0269337
-37
-0.0127762
-37
-0.0127762
92
0.031768
-87
-0.0300414
-24
-0.00828729
76
0.0262431
-39
-0.0134669
-73
-0.0252072
-51
-0.0176105
26
0.0089779
49
0.0169199
-57
-0.0196823
-27
-0.0093232
11
0.00379834
1
0.000345304
-80
-0.0276243
-86
-0.0296961
94
0.0324586
76
0.0262431
-85
-0.0293508
44
0.0151934
34
0.0117403
22
0.00759669
-1
-0.000345304
-50
-0.0172652
60
0.0207182
-98
-0.0338398
-96
-0.0331492
13
0.00448895
2
0.000690608
-95
-0.0328039
-2
-0.000690608
-30
-0.0103591
-47
-0.0162293
-5
-0.00172652
-44
-0.0151934
-60
-0.0207182
65
0.0224448
18
0.00621547
11
0.00379834
-44
-0.0151934
54
0.0186464
-47
-0.0162293
50
0.0172652
27
0.0093232
-67
-0.0231354
14
0.00483425
-6
-0.00207182
-98
-0.0338398
-46
-0.015884
43
0.0148481
-69
-0.023826
-12
-0.00414365
-65
-0.0224448
5
0.00172652
-19
-0.00656077
33
0.011395
112
0.038674
-18
-0.00621547
-26
-0.0089779
56
0.019337
-23
-0.00794199
-2
-0.000690608
39
0.0134669
16
0.00552486
99
0.0341851
40
0.0138122
-49
-0.0169199
100
0.0345304
-17
-0.00587017
-30
-0.0103591
-4
-0.00138122
-14
-0.00483425
10
0.00345304
-8
-0.00276243
-9
-0.00310773
7
0.00241713
-44
-0.0151934
-26
-0.0089779
-37
-0.0127762
-27
-0.0093232
-34
-0.0117403
53
0.0183011
118
0.0407459
31
0.0107044
-62
-0.0214088
-39
-0.0134669
30
0.0103591
-27
-0.0093232
55
0.0189917
-8
-0.00276243
-13
-0.00448895
10
0.00345304
-7
-0.00241713
3
0.00103591
24
0.00828729
-49
-0.0169199
-68
-0.0234807
72
0.0248619
-11
-0.00379834
9
0.00310773
43
0.0148481
17
0.00587017
3
0.00103591
4
0.00138122
30
0.0103591
63
0.0217541
28
0.00966851
79
0.027279
-35
-0.0120856
-39
-0.0134669
-123
-0.0424724
-7
-0.00241713
5
0.00172652
-45
-0.0155387
148
0.051105
-26
-0.0089779
-22
-0.00759669
-13
-0.00448895
92
0.031768
-50
-0.0172652
-57
-0.0196823
-33
-0.011395
60
0.0207182
51
0.0176105
53
0.0183011
-6
-0.00207182
-123
-0.0424724
22
0.00759669
74
0.0255525
26
0.0089779
26
0.0089779
-118
-0.0407459
23
0.00794199
0
0
-45
-0.0155387
43
0.0148481
11
0.00379834
-48
-0.0165746
76
0.0262431
-21
-0.00725138
-1
-0.000345304
-16
-0.00552486
-19
-0.00656077
57
0.0196823
41
0.0141575
22
0.00759669
25
0.0086326
47
0.0162293
-92
-0.031768
-42
-0.0145028
115
0.0397099
-9
-0.00310773
-29
-0.0100138
-72
-0.0248619
-95
-0.0328039
37
0.0127762
50
0.0172652
-4
-0.00138122
90
0.0310773
-33
-0.011395
22
0.00759669
47
0.0162293
2
0.000690608
-50
-0.0172652
-7
-0.00241713
75
0.0258978
-67
-0.0231354
43
0.0148481
49
0.0169199
56
0.019337
-10
-0.00345304
3
0.00103591
51
0.0176105
72
0.0248619
-24
-0.00828729
16
0.00552486
40
0.0138122
-56
-0.019337
17
0.00587017
-85
-0.0293508
3
0.00103591
-24
-0.00828729
-37
-0.0127762
-16
-0.00552486
28
0.00966851
-73
-0.0252072
-11
-0.00379834
72
0.0248619
-67
-0.0231354
-72
-0.0248619
-39
-0.0134669
-65
-0.0224448
-6
-0.00207182
-102
-0.035221
40
0.0138122
10
0.00345304
-24
-0.00828729
-100
-0.0345304
-35
-0.0120856
16
0.00552486
56
0.019337
30
0.0103591
63
0.0217541
46
0.015884
-36
-0.0124309
0
0
117
0.0404006
57
0.0196823
-170
-0.0587017
0
0
97
0.0334945
43
0.0148481
-115
-0.0397099
80
0.0276243
18
0.00621547
10
0.00345304
-4
-0.00138122
-29
-0.0100138
-4
-0.00138122
-63
-0.0217541
-43
-0.0148481
-2
-0.000690608
12
0.00414365
-7
-0.00241713
94
0.0324586
3
0.00103591
-59
-0.0203729
-32
-0.0110497
-13
-0.00448895
-3
-0.00103591
116
0.0400552
11
0.00379834
-37
-0.0127762
-23
-0.00794199
-22
-0.00759669
-71
-0.0245166
-95
-0.0328039
-72
-0.0248619
11
0.00379834
59
0.0203729
61
0.0210635
18
0.00621547
42
0.0145028
56
0.019337
8
0.00276243
27
0.0093232
-74
-0.0255525
-56
-0.019337
-44
-0.0151934
-101
-0.0348757
-2
-0.000690608
-26
-0.0089779
-15
-0.00517956
-31
-0.0107044
-17
-0.00587017
-14
-0.00483425
-7
-0.00241713
-4
-0.00138122
-9
-0.00310773
-22
-0.00759669
5
0.00172652
4
0.00138122
92
0.031768
41
0.0141575
45
0.0155387
32
0.0110497
-33
-0.011395
-51
-0.0176105
-56
-0.019337
87
0.0300414
-22
-0.00759669
57
0.0196823
-23
-0.00794199
-25
-0.0086326
-66
-0.0227901
8
0.00276243
23
0.00794199
-37
-0.0127762
-44
-0.0151934
2
0.000690608
-66
-0.0227901
-63
-0.0217541
128
0.0441989
-20
-0.00690608
53
0.0183011
-47
-0.0162293
73
0.0252072
12
0.00414365
-13
-0.00448895
13
0.00448895
-27
-0.0093232
22
0.00759669
-78
-0.0269337
93
0.0321133
12
0.00414365
-82
-0.0283149
40
0.0138122
99
0.0341851
-12
-0.00414365
-36
-0.0124309
35
0.0120856
-3
-0.00103591
-58
-0.0200276
26
0.0089779
-21
-0.00725138
68
0.0234807
4
0.00138122
-50
-0.0172652
19
0.00656077
-26
-0.0089779
-45
-0.0155387
-4
-0.00138122
1
0.000345304
-18
-0.00621547
9
0.00310773
-28
-0.00966851
47
0.0162293
34
0.0117403
17
0.00587017
-4
-0.00138122
34
0.0117403
-1
-0.000345304
28
0.00966851
61
0.0210635
-37
-0.0127762
77
0.0265884
42
0.0145028
53
0.0183011
-122
-0.0421271
-8
-0.00276243
3
0.00103591
66
0.0227901
23
0.00794199
-53
-0.0183011
14
0.00483425
0
0
-78
-0.0269337
-1
-0.000345304
-42
-0.0145028
-10
-0.00345304
47
0.0162293
-35
-0.0120856
-38
-0.0131215
-22
-0.00759669
-8
-0.00276243
-29
-0.0100138
17
0.00587017
-58
-0.0200276
9
0.00310773
28
0.00966851
118
0.0407459
-69
-0.023826
19
0.00656077
-10
-0.00345304
-9
-0.00310773
2
0.000690608
37
0.0127762
-5
-0.00172652
-43
-0.0148481
-99
-0.0341851
-27
-0.0093232
99
0.0341851
-34
-0.0117403
-42
-0.0145028
29
0.0100138
-60
-0.0207182
102
0.035221
-17
-0.00587017
-40
-0.0138122
91
0.0314227
-26
-0.0089779
-59
-0.0203729
-65
-0.0224448
-83
-0.0286602
-110
-0.0379834
-19
-0.00656077
-7
-0.00241713
-9
-0.00310773
-53
-0.0183011
53
0.0183011
-7
-0.00241713
1
0.000345304
82
0.0283149
32
0.0110497
21
0.00725138
47
0.0162293
-4
-0.00138122
87
0.0300414
114
0.0393646
-4
-0.00138122
-69
-0.023826
37
0.0127762
-23
-0.00794199
77
0.0265884
140
0.0483425
-66
-0.0227901
12
0.00414365
-27
-0.0093232
21
0.00725138
26
0.0089779
-103
-0.0355663
5
0.00172652
-7
-0.00241713
41
0.0141575
-81
-0.0279696
-13
-0.00448895
37
0.0127762
-2
-0.000690608
-53
-0.0183011
-15
-0.00517956
33
0.011395
69
0.023826
21
0.00725138
52
0.0179558
-67
-0.0231354
29
0.0100138
86
0.0296961
-88
-0.0303867
-106
-0.0366022
48
0.0165746
26
0.0089779
-20
-0.00690608
4
0.00138122
20
0.00690608
-99
-0.0341851
27
0.0093232
60
0.0207182
-29
-0.0100138
94
0.0324586
-61
-0.0210635
108
0.0372928
50
0.0172652
51
0.0176105
-81
-0.0279696
71
0.0245166
-66
-0.0227901
-64
-0.0220994
118
0.0407459
-81
-0.0279696
-65
-0.0224448
-75
-0.0258978
1
0.000345304
-28
-0.00966851
43
0.0148481
-38
-0.0131215
36
0.0124309
64
0.0220994
13
0.00448895
68
0.0234807
-10
-0.00345304
-28
-0.00966851
64
0.0220994
-85
-0.0293508
-1
-0.000345304
7
0.00241713
-20
-0.00690608
-46
-0.015884
8
0.00276243
3
0.00103591
-12
-0.00414365
30
0.0103591
62
0.0214088
-51
-0.0176105
-22
-0.00759669
115
0.0397099
-38
-0.0131215
26
0.0089779
-74
-0.0255525
-22
-0.00759669
-21
-0.00725138
41
0.0141575
-2
-0.000690608
38
0.0131215
-126
-0.0435083
-71
-0.0245166
8
0.00276243
20
0.00690608
16
0.00552486
43
0.0148481
-40
-0.0138122
13
0.00448895
-3
-0.00103591
-47
-0.0162293
24
0.00828729
137
0.0473066
24
0.00828729
-127
-0.0438536
-10
-0.00345304
33
0.011395
110
0.0379834
-49
-0.0169199
-8
-0.00276243
-49
-0.0169199
-25
-0.0086326
-2
-0.000690608
-34
-0.0117403
94
0.0324586
43
0.0148481
-83
-0.0286602
-52
-0.0179558
-41
-0.0141575
-74
-0.0255525
63
0.0217541
-33
-0.011395
-127
-0.0438536
37
0.0127762
14
0.00483425
15
0.00517956
73
0.0252072
1
0.000345304
48
0.0165746
-8
-0.00276243
93
0.0321133
-23
-0.00794199
8
0.00276243
32
0.0110497
149
0.0514503
42
0.0145028
22
0.00759669
-38
-0.0131215
-72
-0.0248619
45
0.0155387
-73
-0.0252072
-30
-0.0103591
59
0.0203729
-24
-0.00828729
6
0.00207182
23
0.00794199
110
0.0379834
4
0.00138122
78
0.0269337
20
0.00690608
-153
-0.0528315
-5
-0.00172652
23
0.00794199
-32
-0.0110497
-81
-0.0279696
-11
-0.00379834
-21
-0.00725138
12
0.00414365
-26
-0.0089779
-10
-0.00345304
-39
-0.0134669
-107
-0.0369475
50
0.0172652
-14
-0.00483425
28
0.00966851
0
0
-16
-0.00552486
3
0.00103591
-37
-0.0127762
22
0.00759669
-14
-0.00483425
-42
-0.0145028
53
0.0183011
34
0.0117403
14
0.00483425
-51
-0.0176105
-34
-0.0117403
-33
-0.011395
77
0.0265884
-4
-0.00138122
7
0.00241713
-98
-0.0338398
-29
-0.0100138
33
0.011395
-32
-0.0110497
6
0.00207182
-66
-0.0227901
38
0.0131215
-68
-0.0234807
-50
-0.0172652
1
0.000345304
-30
-0.0103591
94
0.0324586
23
0.00794199
9
0.00310773
-23
-0.00794199
-25
-0.0086326
-53
-0.0183011
-4
-0.00138122
-40
-0.0138122
-6
-0.00207182
69
0.023826
78
0.0269337
49
0.0169199
-68
-0.0234807
-39
-0.0134669
-100
-0.0345304
-11
-0.00379834
-76
-0.0262431
-11
-0.00379834
69
0.023826
-25
-0.0086326
-12
-0.00414365
-61
-0.0210635
96
0.0331492
40
0.0138122
39
0.0134669
57
0.0196823
120
0.0414365
-58
-0.0200276
-27
-0.0093232
-5
-0.00172652
-6
-0.00207182
-11
-0.00379834
-62
-0.0214088
-45
-0.0155387
-152
-0.0524862
19
0.00656077
77
0.0265884
-67
-0.0231354
-52
-0.0179558
25
0.0086326
-98
-0.0338398
54
0.0186464
-36
-0.0124309
-44
-0.0151934
30
0.0103591
40
0.0138122
-25
-0.0086326
10
0.00345304
19
0.00656077
-38
-0.0131215
33
0.011395
-23
-0.00794199
0
0
-6
-0.00207182
-50
-0.0172652
86
0.0296961
52
0.0179558
-74
-0.0255525
-40
-0.0138122
-89
-0.030732
-24
-0.00828729
-63
-0.0217541
75
0.0258978
-65
-0.0224448
-147
-0.0507597
-6
-0.00207182
-21
-0.00725138
-58
-0.0200276
21
0.00725138
-63
-0.0217541
1
0.000345304
31
0.0107044
-10
-0.00345304
16
0.00552486
-16
-0.00552486
34
0.0117403
-198
-0.0683702
32
0.0110497
59
0.0203729
32
0.0110497
74
0.0255525
20
0.00690608
-28
-0.00966851
30
0.0103591
77
0.0265884
41
0.0141575
-61
-0.0210635
118
0.0407459
-68
-0.0234807
51
0.0176105
24
0.00828729
88
0.0303867
-16
-0.00552486
-19
-0.00656077
50
0.0172652
-49
-0.0169199
15
0.00517956
41
0.0141575
33
0.011395
-16
-0.00552486
19
0.00656077
101
0.0348757
-109
-0.0376381
-19
-0.00656077
43
0.0148481
-31
-0.0107044
-10
-0.00345304
-72
-0.0248619
36
0.0124309
28
0.00966851
130
0.0448895
57
0.0196823
-83
-0.0286602
-78
-0.0269337
-39
-0.0134669
40
0.0138122
-28
-0.00966851
27
0.0093232
-20
-0.00690608
71
0.0245166
-109
-0.0376381
-40
-0.0138122
114
0.0393646
2
0.000690608
-2
-0.000690608
17
0.00587017
29
0.0100138
-11
-0.00379834
-33
-0.011395
70
0.0241713
96
0.0331492
25
0.0086326
77
0.0265884
-59
-0.0203729
63
0.0217541
14
0.00483425
-133
-0.0459254
22
0.00759669
96
0.0331492
-59
-0.0203729
-27
-0.0093232
5
0.00172652
8
0.00276243
55
0.0189917
-73
-0.0252072
9
0.00310773
-31
-0.0107044
54
0.0186464
100
0.0345304
-25
-0.0086326
5
0.00172652
1
0.000345304
60
0.0207182
-24
-0.00828729
-58
-0.0200276
91
0.0314227
15
0.00517956
-46
-0.015884
95
0.0328039
-43
-0.0148481
52
0.0179558
19
0.00656077
28
0.00966851
25
0.0086326
-74
-0.0255525
48
0.0165746
11
0.00379834
7
0.00241713
88
0.0303867
21
0.00725138
40
0.0138122
20
0.00690608
20
0.00690608
-56
-0.019337
0
0
-15
-0.00517956
-21
-0.00725138
-21
-0.00725138
-86
-0.0296961
-52
-0.0179558
38
0.0131215
61
0.0210635
53
0.0183011
1
0.000345304
30
0.0103591
-126
-0.0435083
30
0.0103591
65
0.0224448
-5
-0.00172652
-69
-0.023826
23
0.00794199
28
0.00966851
-36
-0.0124309
50
0.0172652
-14
-0.00483425
11
0.00379834
34
0.0117403
38
0.0131215
-11
-0.00379834
-9
-0.00310773
10
0.00345304
5
0.00172652
-57
-0.0196823
-28
-0.00966851
80
0.0276243
-109
-0.0376381
-27
-0.0093232
42
0.0145028
91
0.0314227
42
0.0145028
97
0.0334945
-12
-0.00414365
-60
-0.0207182
-67
-0.0231354
69
0.023826
-77
-0.0265884
36
0.0124309
7
0.00241713
-38
-0.0131215
23
0.00794199
16
0.00552486
15
0.00517956
40
0.0138122
80
0.0276243
-31
-0.0107044
52
0.0179558
74
0.0255525
85
0.0293508
36
0.0124309
-49
-0.0169199
91
0.0314227
-10
-0.00345304
35
0.0120856
-15
-0.00517956
13
0.00448895
-47
-0.0162293
40
0.0138122
39
0.0134669
-53
-0.0183011
-12
-0.00414365
69
0.023826
2
0.000690608
56
0.019337
4
0.00138122
2
0.000690608
81
0.0279696
97
0.0334945
-15
-0.00517956
-41
-0.0141575
-1
-0.000345304
-132
-0.0455801
-48
-0.0165746
58
0.0200276
-35
-0.0120856
2
0.000690608
13
0.00448895
-92
-0.031768
-22
-0.00759669
10
0.00345304
-56
-0.019337
24
0.00828729
-7
-0.00241713
14
0.00483425
3
0.00103591
92
0.031768
8
0.00276243
9
0.00310773
-29
-0.0100138
27
0.0093232
-3
-0.00103591
-64
-0.0220994
-77
-0.0265884
-39
-0.0134669
55
0.0189917
-57
-0.0196823
-24
-0.00828729
34
0.0117403
34
0.0117403
25
0.0086326
-40
-0.0138122
-80
-0.0276243
6
0.00207182
-1
-0.000345304
-33
-0.011395
63
0.0217541
9
0.00310773
-22
-0.00759669
59
0.0203729
12
0.00414365
-61
-0.0210635
-66
-0.0227901
-44
-0.0151934
-14
-0.00483425
3
0.00103591
-25
-0.0086326
25
0.0086326
-51
-0.0176105
86
0.0296961
-30
-0.0103591
-12
-0.00414365
52
0.0179558
-37
-0.0127762
111
0.0383287
-1
-0.000345304
56
0.019337
-92
-0.031768
10
0.00345304
84
0.0290055
-66
-0.0227901
16
0.00552486
19
0.00656077
15
0.00517956
111
0.0383287
44
0.0151934
36
0.0124309
-85
-0.0293508
96
0.0331492
0
0
47
0.0162293
-78
-0.0269337
-67
-0.0231354
-15
-0.00517956
16
0.00552486
-43
-0.0148481
-43
-0.0148481
6
0.00207182
80
0.0276243
-22
-0.00759669
-67
-0.0231354
2
0.000690608
-32
-0.0110497
-14
-0.00483425
95
0.0328039
81
0.0279696
-83
-0.0286602
80
0.0276243
150
0.0517956
41
0.0141575
31
0.0107044
-7
-0.00241713
54
0.0186464
1
0.000345304
115
0.0397099
75
0.0258978
-78
-0.0269337
10
0.00345304
67
0.0231354
6
0.00207182
32
0.0110497
10
0.00345304
-15
-0.00517956
-55
-0.0189917
23
0.00794199
-27
-0.0093232
10
0.00345304
-3
-0.00103591
-28
-0.00966851
-49
-0.0169199
-73
-0.0252072
3
0.00103591
-2
-0.000690608
31
0.0107044
23
0.00794199
54
0.0186464
-29
-0.0100138
27
0.0093232
-17
-0.00587017
-18
-0.00621547
-62
-0.0214088
32
0.0110497
-33
-0.011395
-20
-0.00690608
48
0.0165746
16
0.00552486
-32
-0.0110497
-12
-0.00414365
-2
-0.000690608
-73
-0.0252072
-141
-0.0486878
12
0.00414365
32
0.0110497
35
0.0120856
5
0.00172652
-36
-0.0124309
-167
-0.0576657
17
0.00587017
-48
-0.0165746
84
0.0290055
-102
-0.035221
-38
-0.0131215
-26
-0.0089779
-58
-0.0200276
29
0.0100138
9
0.00310773
23
0.00794199
19
0.00656077
-79
-0.027279
34
0.0117403
-41
-0.0141575
-54
-0.0186464
53
0.0183011
4
0.00138122
-42
-0.0145028
1
0.000345304
43
0.0148481
-3
-0.00103591
23
0.00794199
32
0.0110497
-2
-0.000690608
8
0.00276243
-145
-0.0500691
1
0.000345304
-5
-0.00172652
-62
-0.0214088
34
0.0117403
8
0.00276243
104
0.0359116
-69
-0.023826
12
0.00414365
-27
-0.0093232
29
0.0100138
29
0.0100138
69
0.023826
-35
-0.0120856
27
0.0093232
7
0.00241713
72
0.0248619
-3
-0.00103591
-1
-0.000345304
18
0.00621547
-118
-0.0407459
32
0.0110497
80
0.0276243
44
0.0151934
-53
-0.0183011
-12
-0.00414365
-60
-0.0207182
-22
-0.00759669
39
0.0134669
-29
-0.0100138
-52
-0.0179558
73
0.0252072
-27
-0.0093232
-25
-0.0086326
79
0.027279
-20
-0.00690608
135
0.046616
26
0.0089779
10
0.00345304
46
0.015884
-27
-0.0093232
24
0.00828729
131
0.0452348
23
0.00794199
-116
-0.0400552
-94
-0.0324586
54
0.0186464
-33
-0.011395
-38
-0.0131215
-40
-0.0138122
60
0.0207182
71
0.0245166
7
0.00241713
93
0.0321133
-16
-0.00552486
2
0.000690608
41
0.0141575
-25
-0.0086326
-89
-0.030732
73
0.0252072
-19
-0.00656077
54
0.0186464
73
0.0252072
-86
-0.0296961
0
0
22
0.00759669
-26
-0.0089779
55
0.0189917
22
0.00759669
6
0.00207182
-88
-0.0303867
62
0.0214088
-61
-0.0210635
-62
-0.0214088
-29
-0.0100138
73
0.0252072
-21
-0.00725138
33
0.011395
51
0.0176105
-23
-0.00794199
26
0.0089779
-54
-0.0186464
82
0.0283149
-54
-0.0186464
-35
-0.0120856
33
0.011395
-14
-0.00483425
-7
-0.00241713
-50
-0.0172652
-14
-0.00483425
-51
-0.0176105
9
0.00310773
-69
-0.023826
20
0.00690608
-2
-0.000690608
-59
-0.0203729
43
0.0148481
-31
-0.0107044
-80
-0.0276243
29
0.0100138
-12
-0.00414365
51
0.0176105
81
0.0279696
-44
-0.0151934
-26
-0.0089779
6
0.00207182
63
0.0217541
19
0.00656077
53
0.0183011
-20
-0.00690608
-11
-0.00379834
-15
-0.00517956
-60
-0.0207182
-33
-0.011395
22
0.00759669
40
0.0138122
-2
-0.000690608
5
0.00172652
-124
-0.0428177
-62
-0.0214088
-60
-0.0207182
100
0.0345304
18
0.00621547
-13
-0.00448895
81
0.0279696
-13
-0.00448895
-109
-0.0376381
16
0.00552486
-23
-0.00794199
-74
-0.0255525
-51
-0.0176105
-26
-0.0089779
-76
-0.0262431
5
0.00172652
-101
-0.0348757
-4
-0.00138122
33
0.011395
14
0.00483425
86
0.0296961
-21
-0.00725138
37
0.0127762
-102
-0.035221
68
0.0234807
56
0.019337
71
0.0245166
-24
-0.00828729
68
0.0234807
-22
-0.00759669
-37
-0.0127762
-50
-0.0172652
40
0.0138122
5
0.00172652
62
0.0214088
-23
-0.00794199
63
0.0217541
-38
-0.0131215
-37
-0.0127762
39
0.0134669
-62
-0.0214088
-13
-0.00448895
99
0.0341851
-58
-0.0200276
23
0.00794199
3
0.00103591
-98
-0.0338398
-11
-0.00379834
-11
-0.00379834
-47
-0.0162293
-107
-0.0369475
-53
-0.0183011
-4
-0.00138122
-59
-0.0203729
90
0.0310773
32
0.0110497
64
0.0220994
-66
-0.0227901
-40
-0.0138122
-72
-0.0248619
81
0.0279696
31
0.0107044
40
0.0138122
-15
-0.00517956
135
0.046616
24
0.00828729
63
0.0217541
26
0.0089779
-82
-0.0283149
40
0.0138122
-58
-0.0200276
39
0.0134669
17
0.00587017
-15
-0.00517956
16
0.00552486
88
0.0303867
41
0.0141575
51
0.0176105
-61
-0.0210635
-4
-0.00138122
-43
-0.0148481
-34
-0.0117403
-41
-0.0141575
33
0.011395
-55
-0.0189917
5
0.00172652
-24
-0.00828729
-8
-0.00276243
-14
-0.00483425
81
0.0279696
-28
-0.00966851
-38
-0.0131215
13
0.00448895
19
0.00656077
3
0.00103591
-31
-0.0107044
-15
-0.00517956
81
0.0279696
-122
-0.0421271
-67
-0.0231354
-19
-0.00656077
-2
-0.000690608
-26
-0.0089779
-47
-0.0162293
-65
-0.0224448
-99
-0.0341851
22
0.00759669
-5
-0.00172652
-21
-0.00725138
-55
-0.0189917
2
0.000690608
-36
-0.0124309
-1
-0.000345304
-51
-0.0176105
93
0.0321133
25
0.0086326
27
0.0093232
-5
-0.00172652
63
0.0217541
-44
-0.0151934
7
0.00241713
58
0.0200276
12
0.00414365
24
0.00828729
72
0.0248619
-19
-0.00656077
-12
-0.00414365
43
0.0148481
-18
-0.00621547
-37
-0.0127762
-16
-0.00552486
-46
-0.015884
39
0.0134669
2
0.000690608
-87
-0.0300414
62
0.0214088
27
0.0093232
-19
-0.00656077
15
0.00517956
-86
-0.0296961
-138
-0.0476519
33
0.011395
-13
-0.00448895
11
0.00379834
42
0.0145028
-51
-0.0176105
20
0.00690608
-9
-0.00310773
12
0.00414365
-120
-0.0414365
-46
-0.015884
-1
-0.000345304
65
0.0224448
42
0.0145028
62
0.0214088
-15
-0.00517956
73
0.0252072
-17
-0.00587017
29
0.0100138
-28
-0.00966851
37
0.0127762
20
0.00690608
-30
-0.0103591
11
0.00379834
-52
-0.0179558
-9
-0.00310773
121
0.0417818
-85
-0.0293508
-32
-0.0110497
-22
-0.00759669
-6
-0.00207182
-16
-0.00552486
38
0.0131215
-48
-0.0165746
-3
-0.00103591
-42
-0.0145028
-16
-0.00552486
-90
-0.0310773
-80
-0.0276243
-61
-0.0210635
-7
-0.00241713
-46
-0.015884
27
0.0093232
8
0.00276243
-109
-0.0376381
-46
-0.015884
35
0.0120856
-19
-0.00656077
-48
-0.0165746
45
0.0155387
-56
-0.019337
-88
-0.0303867
86
0.0296961
-95
-0.0328039
-88
-0.0303867
-33
-0.011395
15
0.00517956
-38
-0.0131215
21
0.00725138
43
0.0148481
10
0.00345304
4
0.00138122
75
0.0258978
128
0.0441989
-25
-0.0086326
-27
-0.0093232
-16
-0.00552486
39
0.0134669
51
0.0176105
-61
-0.0210635
-22
-0.00759669
-77
-0.0265884
-31
-0.0107044
2
0.000690608
4
0.00138122
-19
-0.00656077
-93
-0.0321133
-38
-0.0131215
61
0.0210635
-20
-0.00690608
43
0.0148481
15
0.00517956
-11
-0.00379834
11
0.00379834
-40
-0.0138122
-50
-0.0172652
-55
-0.0189917
48
0.0165746
-85
-0.0293508
59
0.0203729
-20
-0.00690608
-39
-0.0134669
153
0.0528315
45
0.0155387
26
0.0089779
-18
-0.00621547
32
0.0110497
31
0.0107044
101
0.0348757
23
0.00794199
-47
-0.0162293
-27
-0.0093232
10
0.00345304
89
0.030732
-4
-0.00138122
25
0.0086326
-82
-0.0283149
-55
-0.0189917
59
0.0203729
17
0.00587017
13
0.00448895
-18
-0.00621547
12
0.00414365
-20
-0.00690608
52
0.0179558
65
0.0224448
98
0.0338398
35
0.0120856
-83
-0.0286602
18
0.00621547
5
0.00172652
-21
-0.00725138
1
0.000345304
154
0.0531768
5
0.00172652
-45
-0.0155387
-61
-0.0210635
-12
-0.00414365
115
0.0397099
-8
-0.00276243
16
0.00552486
42
0.0145028
-131
-0.0452348
93
0.0321133
60
0.0207182
2
0.000690608
-10
-0.00345304
-39
-0.0134669
-8
-0.00276243
14
0.00483425
-31
-0.0107044
57
0.0196823
-41
-0.0141575
-52
-0.0179558
6
0.00207182
12
0.00414365
0
0
62
0.0214088
-67
-0.0231354
23
0.00794199
104
0.0359116
66
0.0227901
-108
-0.0372928
-48
-0.0165746
-2
-0.000690608
19
0.00656077
-12
-0.00414365
156
0.0538674
84
0.0290055
42
0.0145028
41
0.0141575
-56
-0.019337
18
0.00621547
-122
-0.0421271
-7
-0.00241713
-51
-0.0176105
2
0.000690608
44
0.0151934
73
0.0252072
-52
-0.0179558
32
0.0110497
25
0.0086326
-18
-0.00621547
24
0.00828729
30
0.0103591
-34
-0.0117403
-93
-0.0321133
-30
-0.0103591
-63
-0.0217541
33
0.011395
42
0.0145028
62
0.0214088
-48
-0.0165746
-16
-0.00552486
104
0.0359116
25
0.0086326
-51
-0.0176105
35
0.0120856
118
0.0407459
33
0.011395
20
0.00690608
2
0.000690608
-15
-0.00517956
46
0.015884
106
0.0366022
-117
-0.0404006
-43
-0.0148481
34
0.0117403
73
0.0252072
36
0.0124309
36
0.0124309
-40
-0.0138122
-81
-0.0279696
-15
-0.00517956
-7
-0.00241713
1
0.000345304
-17
-0.00587017
11
0.00379834
35
0.0120856
61
0.0210635
-35
-0.0120856
-9
-0.00310773
-22
-0.00759669
23
0.00794199
21
0.00725138
-3
-0.00103591
13
0.00448895
21
0.00725138
102
0.035221
33
0.011395
-109
-0.0376381
-48
-0.0165746
-54
-0.0186464
-96
-0.0331492
39
0.0134669
0
0
-3
-0.00103591
14
0.00483425
