-14
-0.0136719
-14
-0.0136719
-5
-0.00488281
11
0.0107422
3
0.00292969
24
0.0234375
-26
-0.0253906
-46
-0.0449219
-7
-0.00683594
20
0.0195312
-23
-0.0224609
18
0.0175781
28
0.0273438
33
0.0322266
48
0.046875
4
0.00390625
52
0.0507812
28
0.0273438
-23
-0.0224609
-26
-0.0253906
-6
-0.00585938
58
0.0566406
48
0.046875
17
0.0166016
29
0.0283203
-5
-0.00488281
2
0.00195312
-60
-0.0585938
-66
-0.0644531
-38
-0.0371094
30
0.0292969
-1
-0.000976562
-40
-0.0390625
1
0.000976562
27
0.0263672
-30
-0.0292969
-7
-0.00683594
-2
-0.00195312
8
0.0078125
-2
-0.00195312
-42
-0.0410156
24
0.0234375
-49
-0.0478516
-41
-0.0400391
-16
-0.015625
45
0.0439453
-6
-0.00585938
50
0.0488281
26
0.0253906
-32
-0.03125
-1
-0.000976562
5
0.00488281
24
0.0234375
4
0.00390625
92
0.0898438
34
0.0332031
9
0.00878906
88
0.0859375
-47
-0.0458984
26
0.0253906
-9
-0.00878906
29
0.0283203
49
0.0478516
41
0.0400391
1
0.000976562
-8
-0.0078125
-6
-0.00585938
9
0.00878906
11
0.0107422
32
0.03125
2
0.00195312
44
0.0429688
9
0.00878906
-25
-0.0244141
-35
-0.0341797
-3
-0.00292969
-54
-0.0527344
-44
-0.0429688
-22
-0.0214844
-21
-0.0205078
31
0.0302734
5
0.00488281
14
0.0136719
-56
-0.0546875
74
0.0722656
37
0.0361328
17
0.0166016
33
0.0322266
32
0.03125
-7
-0.00683594
14
0.0136719
28
0.0273438
-25
-0.0244141
-31
-0.0302734
18
0.0175781
-24
-0.0234375
-26
-0.0253906
50
0.0488281
-1
-0.000976562
34
0.0332031
-73
-0.0712891
-17
-0.0166016
7
0.00683594
-1
-0.000976562
-55
-0.0537109
-7
-0.00683594
25
0.0244141
1
0.000976562
-18
-0.0175781
-40
-0.0390625
31
0.0302734
6
0.00585938
13
0.0126953
20
0.0195312
7
0.00683594
-7
-0.00683594
28
0.0273438
-48
-0.046875
-50
-0.0488281
-34
-0.0332031
31
0.0302734
-38
-0.0371094
6
0.00585938
-2
-0.00195312
-2
-0.00195312
-19
-0.0185547
-45
-0.0439453
-30
-0.0292969
-6
-0.00585938
-23
-0.0224609
19
0.0185547
14
0.0136719
64
0.0625
35
0.0341797
-41
-0.0400391
-13
-0.0126953
-12
-0.0117188
-38
-0.0371094
1
0.000976562
-50
-0.0488281
23
0.0224609
-7
-0.00683594
-53
-0.0517578
10
0.00976562
-11
-0.0107422
11
0.0107422
-13
-0.0126953
-16
-0.015625
-13
-0.0126953
17
0.0166016
-23
-0.0224609
-8
-0.0078125
-14
-0.0136719
18
0.0175781
17
0.0166016
-1
-0.000976562
-32
-0.03125
-42
-0.0410156
10
0.00976562
-31
-0.0302734
-5
-0.00488281
-27
-0.0263672
13
0.0126953
-9
-0.00878906
-5
-0.00488281
2
0.00195312
43
0.0419922
-26
-0.0253906
-6
-0.00585938
-5
-0.00488281
38
0.0371094
9
0.00878906
9
0.00878906
-40
-0.0390625
-8
-0.0078125
-20
-0.0195312
-6
-0.00585938
-19
-0.0185547
30
0.0292969
-7
-0.00683594
8
0.0078125
-54
-0.0527344
55
0.0537109
-2
-0.00195312
8
0.0078125
9
0.00878906
3
0.00292969
33
0.0322266
-5
-0.00488281
43
0.0419922
-35
-0.0341797
-1
-0.000976562
23
0.0224609
40
0.0390625
-18
-0.0175781
19
0.0185547
-59
-0.0576172
36
0.0351562
29
0.0283203
3
0.00292969
-20
-0.0195312
33
0.0322266
51
0.0498047
-27
-0.0263672
37
0.0361328
4
0.00390625
12
0.0117188
6
0.00585938
4
0.00390625
-17
-0.0166016
10
0.00976562
18
0.0175781
-7
-0.00683594
-42
-0.0410156
13
0.0126953
32
0.03125
-24
-0.0234375
-20
-0.0195312
46
0.0449219
21
0.0205078
4
0.00390625
-16
-0.015625
-61
-0.0595703
37
0.0361328
-32
-0.03125
-24
-0.0234375
70
0.0683594
-45
-0.0439453
29
0.0283203
32
0.03125
-11
-0.0107422
0
0
-10
-0.00976562
2
0.00195312
-16
-0.015625
11
0.0107422
-19
-0.0185547
-29
-0.0283203
-11
-0.0107422
-11
-0.0107422
-2
-0.00195312
-26
-0.0253906
5
0.00488281
12
0.0117188
-1
-0.000976562
-13
-0.0126953
80
0.078125
2
0.00195312
-45
-0.0439453
-17
-0.0166016
29
0.0283203
3
0.00292969
10
0.00976562
-33
-0.0322266
-36
-0.0351562
-4
-0.00390625
51
0.0498047
67
0.0654297
-13
-0.0126953
51
0.0498047
20
0.0195312
10
0.00976562
68
0.0664062
16
0.015625
-24
-0.0234375
7
0.00683594
52
0.0507812
-27
-0.0263672
25
0.0244141
23
0.0224609
-14
-0.0136719
46
0.0449219
17
0.0166016
-7
-0.00683594
15
0.0146484
-8
-0.0078125
1
0.000976562
-54
-0.0527344
-11
-0.0107422
-16
-0.015625
32
0.03125
-17
-0.0166016
-23
-0.0224609
-1
-0.000976562
-55
-0.0537109
12
0.0117188
9
0.00878906
10
0.00976562
1
0.000976562
-9
-0.00878906
-4
-0.00390625
-6
-0.00585938
43
0.0419922
26
0.0253906
6
0.00585938
4
0.00390625
-41
-0.0400391
20
0.0195312
-31
-0.0302734
-9
-0.00878906
20
0.0195312
49
0.0478516
-20
-0.0195312
33
0.0322266
-12
-0.0117188
-23
-0.0224609
-35
-0.0341797
-35
-0.0341797
-34
-0.0332031
65
0.0634766
-22
-0.0214844
-38
-0.0371094
-21
-0.0205078
-6
-0.00585938
-22
-0.0214844
2
0.00195312
7
0.00683594
-2
-0.00195312
-1
-0.000976562
2
0.00195312
-8
-0.0078125
-38
-0.0371094
-26
-0.0253906
-3
-0.00292969
-36
-0.0351562
-21
-0.0205078
-43
-0.0419922
17
0.0166016
31
0.0302734
9
0.00878906
44
0.0429688
-21
-0.0205078
-29
-0.0283203
23
0.0224609
35
0.0341797
45
0.0439453
45
0.0439453
7
0.00683594
-33
-0.0322266
-2
-0.00195312
38
0.0371094
-35
-0.0341797
24
0.0234375
13
0.0126953
30
0.0292969
3
0.00292969
-7
-0.00683594
-21
-0.0205078
29
0.0283203
-29
-0.0283203
-13
-0.0126953
-25
-0.0244141
-48
-0.046875
-21
-0.0205078
-11
-0.0107422
19
0.0185547
33
0.0322266
0
0
-4
-0.00390625
16
0.015625
35
0.0341797
-27
-0.0263672
8
0.0078125
14
0.0136719
-53
-0.0517578
20
0.0195312
0
0
-4
-0.00390625
13
0.0126953
2
0.00195312
26
0.0253906
-4
-0.00390625
26
0.0253906
14
0.0136719
46
0.0449219
0
0
48
0.046875
-8
-0.0078125
1
0.000976562
5
0.00488281
35
0.0341797
-32
-0.03125
-34
-0.0332031
-21
-0.0205078
4
0.00390625
8
0.0078125
7
0.00683594
13
0.0126953
-56
-0.0546875
54
0.0527344
-37
-0.0361328
-30
-0.0292969
17
0.0166016
57
0.0556641
45
0.0439453
37
0.0361328
30
0.0292969
-2
-0.00195312
32
0.03125
-28
-0.0273438
24
0.0234375
25
0.0244141
2
0.00195312
27
0.0263672
-4
-0.00390625
-11
-0.0107422
-31
-0.0302734
7
0.00683594
17
0.0166016
-40
-0.0390625
29
0.0283203
2
0.00195312
49
0.0478516
-19
-0.0185547
9
0.00878906
-29
-0.0283203
17
0.0166016
-9
-0.00878906
7
0.00683594
-14
-0.0136719
-13
-0.0126953
19
0.0185547
55
0.0537109
31
0.0302734
-22
-0.0214844
-36
-0.0351562
46
0.0449219
61
0.0595703
-19
-0.0185547
36
0.0351562
-20
-0.0195312
1
0.000976562
-37
-0.0361328
-26
-0.0253906
14
0.0136719
19
0.0185547
0
0
2
0.00195312
-15
-0.0146484
-3
-0.00292969
42
0.0410156
32
0.03125
52
0.0507812
5
0.00488281
1
0.000976562
15
0.0146484
-43
-0.0419922
10
0.00976562
-27
-0.0263672
-16
-0.015625
19
0.0185547
-22
-0.0214844
5
0.00488281
9
0.00878906
14
0.0136719
12
0.0117188
-27
-0.0263672
4
0.00390625
-10
-0.00976562
-11
-0.0107422
-49
-0.0478516
-7
-0.00683594
-1
-0.000976562
-28
-0.0273438
10
0.00976562
-31
-0.0302734
-18
-0.0175781
14
0.0136719
50
0.0488281
24
0.0234375
29
0.0283203
-25
-0.0244141
-13
-0.0126953
4
0.00390625
0
0
-15
-0.0146484
23
0.0224609
6
0.00585938
37
0.0361328
-20
-0.0195312
3
0.00292969
7
0.00683594
-10
-0.00976562
-20
-0.0195312
52
0.0507812
34
0.0332031
22
0.0214844
-2
-0.00195312
29
0.0283203
-20
-0.0195312
-44
-0.0429688
6
0.00585938
46
0.0449219
2
0.00195312
4
0.00390625
-22
-0.0214844
-65
-0.0634766
18
0.0175781
-33
-0.0322266
2
0.00195312
34
0.0332031
5
0.00488281
-25
-0.0244141
-18
-0.0175781
15
0.0146484
43
0.0419922
-15
-0.0146484
-46
-0.0449219
-25
-0.0244141
6
0.00585938
35
0.0341797
-3
-0.00292969
-22
-0.0214844
26
0.0253906
23
0.0224609
-14
-0.0136719
4
0.00390625
-36
-0.0351562
-72
-0.0703125
-22
-0.0214844
-20
-0.0195312
1
0.000976562
-31
-0.0302734
35
0.0341797
57
0.0556641
15
0.0146484
19
0.0185547
-23
-0.0224609
83
0.0810547
12
0.0117188
25
0.0244141
7
0.00683594
-53
-0.0517578
-37
-0.0361328
17
0.0166016
8
0.0078125
-53
-0.0517578
38
0.0371094
36
0.0351562
7
0.00683594
-26
-0.0253906
-14
-0.0136719
-14
-0.0136719
44
0.0429688
30
0.0292969
10
0.00976562
-3
-0.00292969
22
0.0214844
-25
-0.0244141
-10
-0.00976562
-43
-0.0419922
27
0.0263672
-21
-0.0205078
-39
-0.0380859
67
0.0654297
36
0.0351562
55
0.0537109
-64
-0.0625
-40
-0.0390625
2
0.00195312
-25
-0.0244141
5
0.00488281
14
0.0136719
11
0.0107422
-51
-0.0498047
13
0.0126953
9
0.00878906
-36
-0.0351562
32
0.03125
-33
-0.0322266
16
0.015625
36
0.0351562
43
0.0419922
63
0.0615234
-30
-0.0292969
7
0.00683594
16
0.015625
11
0.0107422
26
0.0253906
-32
-0.03125
-56
-0.0546875
-43
-0.0419922
-45
-0.0439453
19
0.0185547
-29
-0.0283203
-3
-0.00292969
13
0.0126953
-22
-0.0214844
-20
-0.0195312
-8
-0.0078125
30
0.0292969
13
0.0126953
-37
-0.0361328
-43
-0.0419922
-56
-0.0546875
41
0.0400391
-20
-0.0195312
-17
-0.0166016
-50
-0.0488281
-40
-0.0390625
12
0.0117188
29
0.0283203
-46
-0.0449219
-18
-0.0175781
35
0.0341797
-60
-0.0585938
22
0.0214844
-28
-0.0273438
-49
-0.0478516
-3
-0.00292969
-9
-0.00878906
22
0.0214844
51
0.0498047
-69
-0.0673828
-29
-0.0283203
-20
-0.0195312
-23
-0.0224609
1
0.000976562
23
0.0224609
30
0.0292969
10
0.00976562
27
0.0263672
55
0.0537109
-11
-0.0107422
-7
-0.00683594
-5
-0.00488281
-19
-0.0185547
42
0.0410156
-30
-0.0292969
-14
-0.0136719
74
0.0722656
-34
-0.0332031
-15
-0.0146484
-67
-0.0654297
34
0.0332031
-22
-0.0214844
6
0.00585938
17
0.0166016
-58
-0.0566406
-20
-0.0195312
9
0.00878906
56
0.0546875
32
0.03125
-42
-0.0410156
12
0.0117188
5
0.00488281
18
0.0175781
-10
-0.00976562
9
0.00878906
34
0.0332031
15
0.0146484
10
0.00976562
-15
-0.0146484
-2
-0.00195312
-17
-0.0166016
-41
-0.0400391
-3
-0.00292969
-20
-0.0195312
-8
-0.0078125
34
0.0332031
16
0.015625
-18
-0.0175781
27
0.0263672
-9
-0.00878906
49
0.0478516
21
0.0205078
2
0.00195312
-21
-0.0205078
-35
-0.0341797
-12
-0.0117188
-2
-0.00195312
-20
-0.0195312
28
0.0273438
-34
-0.0332031
-44
-0.0429688
56
0.0546875
-70
-0.0683594
62
0.0605469
-19
-0.0185547
-19
-0.0185547
-44
-0.0429688
-15
-0.0146484
-2
-0.00195312
21
0.0205078
-11
-0.0107422
-6
-0.00585938
-21
-0.0205078
-18
-0.0175781
16
0.015625
9
0.00878906
33
0.0322266
-17
-0.0166016
-8
-0.0078125
-12
-0.0117188
4
0.00390625
-42
-0.0410156
27
0.0263672
54
0.0527344
-38
-0.0371094
-10
-0.00976562
-40
-0.0390625
12
0.0117188
62
0.0605469
35
0.0341797
-9
-0.00878906
35
0.0341797
-31
-0.0302734
-56
-0.0546875
9
0.00878906
14
0.0136719
71
0.0693359
8
0.0078125
-54
-0.0527344
-23
-0.0224609
6
0.00585938
-24
-0.0234375
-11
-0.0107422
-35
-0.0341797
8
0.0078125
-32
-0.03125
-2
-0.00195312
-10
-0.00976562
10
0.00976562
17
0.0166016
20
0.0195312
-25
-0.0244141
40
0.0390625
-15
-0.0146484
-53
-0.0517578
-4
-0.00390625
-72
-0.0703125
-20
-0.0195312
-30
-0.0292969
-8
-0.0078125
-26
-0.0253906
-32
-0.03125
17
0.0166016
54
0.0527344
47
0.0458984
9
0.00878906
-17
-0.0166016
13
0.0126953
7
0.00683594
-11
-0.0107422
31
0.0302734
-26
-0.0253906
52
0.0507812
10
0.00976562
40
0.0390625
-46
-0.0449219
29
0.0283203
-55
-0.0537109
17
0.0166016
1
0.000976562
-49
-0.0478516
8
0.0078125
-28
-0.0273438
34
0.0332031
-37
-0.0361328
-2
-0.00195312
-42
-0.0410156
1
0.000976562
-23
-0.0224609
-24
-0.0234375
1
0.000976562
-2
-0.00195312
-28
-0.0273438
7
0.00683594
-26
-0.0253906
-51
-0.0498047
-3
-0.00292969
-12
-0.0117188
2
0.00195312
12
0.0117188
-21
-0.0205078
-30
-0.0292969
37
0.0361328
-11
-0.0107422
-24
-0.0234375
41
0.0400391
-57
-0.0556641
-17
-0.0166016
49
0.0478516
28
0.0273438
-67
-0.0654297
-65
-0.0634766
-9
-0.00878906
3
0.00292969
-38
-0.0371094
-10
-0.00976562
-26
-0.0253906
-3
-0.00292969
8
0.0078125
-80
-0.078125
-18
-0.0175781
10
0.00976562
-6
-0.00585938
8
0.0078125
19
0.0185547
3
0.00292969
39
0.0380859
-31
-0.0302734
44
0.0429688
-1
-0.000976562
1
0.000976562
-44
-0.0429688
36
0.0351562
12
0.0117188
18
0.0175781
18
0.0175781
-7
-0.00683594
-16
-0.015625
29
0.0283203
-37
-0.0361328
-23
-0.0224609
21
0.0205078
16
0.015625
-50
-0.0488281
21
0.0205078
-21
-0.0205078
23
0.0224609
-28
-0.0273438
-26
-0.0253906
-39
-0.0380859
37
0.0361328
20
0.0195312
30
0.0292969
-47
-0.0458984
19
0.0185547
-5
-0.00488281
11
0.0107422
20
0.0195312
-2
-0.00195312
11
0.0107422
-2
-0.00195312
3
0.00292969
-37
-0.0361328
3
0.00292969
32
0.03125
39
0.0380859
4
0.00390625
-11
-0.0107422
53
0.0517578
8
0.0078125
-13
-0.0126953
-57
-0.0556641
19
0.0185547
10
0.00976562
11
0.0107422
-5
-0.00488281
100
0.0976562
-19
-0.0185547
-43
-0.0419922
0
0
-4
-0.00390625
-4
-0.00390625
18
0.0175781
12
0.0117188
-55
-0.0537109
16
0.015625
-20
-0.0195312
-28
-0.0273438
1
0.000976562
4
0.00390625
-19
-0.0185547
-9
-0.00878906
28
0.0273438
-25
-0.0244141
-20
-0.0195312
53
0.0517578
23
0.0224609
-15
-0.0146484
27
0.0263672
50
0.0488281
-10
-0.00976562
22
0.0214844
-15
-0.0146484
-13
-0.0126953
37
0.0361328
-38
-0.0371094
-20
-0.0195312
-12
-0.0117188
-87
-0.0849609
29
0.0283203
4
0.00390625
15
0.0146484
-47
-0.0458984
62
0.0605469
17
0.0166016
-2
-0.00195312
59
0.0576172
-24
-0.0234375
-39
-0.0380859
3
0.00292969
3
0.00292969
-18
-0.0175781
16
0.015625
-46
-0.0449219
19
0.0185547
6
0.00585938
19
0.0185547
-16
-0.015625
-12
-0.0117188
35
0.0341797
-22
-0.0214844
20
0.0195312
58
0.0566406
-14
-0.0136719
-43
-0.0419922
-10
-0.00976562
-32
-0.03125
-6
-0.00585938
11
0.0107422
60
0.0585938
13
0.0126953
-22
-0.0214844
-45
-0.0439453
21
0.0205078
17
0.0166016
19
0.0185547
50
0.0488281
-21
-0.0205078
-16
-0.015625
22
0.0214844
19
0.0185547
17
0.0166016
43
0.0419922
36
0.0351562
-32
-0.03125
-25
-0.0244141
3
0.00292969
34
0.0332031
-34
-0.0332031
14
0.0136719
21
0.0205078
0
0
-8
-0.0078125
-13
-0.0126953
-8
-0.0078125
-17
-0.0166016
-48
-0.046875
13
0.0126953
-22
-0.0214844
3
0.00292969
-8
-0.0078125
-26
-0.0253906
25
0.0244141
-31
-0.0302734
-4
-0.00390625
35
0.0341797
55
0.0537109
-14
-0.0136719
30
0.0292969
-11
-0.0107422
-37
-0.0361328
11
0.0107422
-4
-0.00390625
22
0.0214844
14
0.0136719
-37
-0.0361328
-41
-0.0400391
52
0.0507812
-76
-0.0742188
16
0.015625
-50
-0.0488281
-16
-0.015625
10
0.00976562
27
0.0263672
32
0.03125
21
0.0205078
34
0.0332031
-14
-0.0136719
-13
-0.0126953
-21
-0.0205078
-8
-0.0078125
-1
-0.000976562
-9
-0.00878906
34
0.0332031
12
0.0117188
19
0.0185547
9
0.00878906
-8
-0.0078125
-13
-0.0126953
-22
-0.0214844
48
0.046875
-3
-0.00292969
-6
-0.00585938
23
0.0224609
39
0.0380859
-33
-0.0322266
35
0.0341797
-59
-0.0576172
-17
-0.0166016
3
0.00292969
30
0.0292969
12
0.0117188
-2
-0.00195312
-39
-0.0380859
21
0.0205078
-21
-0.0205078
56
0.0546875
8
0.0078125
-39
-0.0380859
-14
-0.0136719
0
0
-42
-0.0410156
-14
-0.0136719
4
0.00390625
-31
-0.0302734
5
0.00488281
-16
-0.015625
-9
-0.00878906
-1
-0.000976562
-36
-0.0351562
-36
-0.0351562
28
0.0273438
-22
-0.0214844
-61
-0.0595703
-19
-0.0185547
-40
-0.0390625
0
0
-7
-0.00683594
13
0.0126953
-30
-0.0292969
8
0.0078125
8
0.0078125
-28
-0.0273438
13
0.0126953
-11
-0.0107422
-3
-0.00292969
47
0.0458984
28
0.0273438
18
0.0175781
19
0.0185547
-32
-0.03125
-25
-0.0244141
0
0
12
0.0117188
-21
-0.0205078
-14
-0.0136719
-16
-0.015625
9
0.00878906
-61
-0.0595703
4
0.00390625
-20
-0.0195312
-22
-0.0214844
-19
-0.0185547
14
0.0136719
-59
-0.0576172
-21
-0.0205078
-2
-0.00195312
22
0.0214844
13
0.0126953
-45
-0.0439453
48
0.046875
14
0.0136719
-34
-0.0332031
-5
-0.00488281
-10
-0.00976562
62
0.0605469
-12
-0.0117188
-26
-0.0253906
-4
-0.00390625
10
0.00976562
-13
-0.0126953
-54
-0.0527344
52
0.0507812
-27
-0.0263672
-25
-0.0244141
23
0.0224609
20
0.0195312
-3
-0.00292969
-34
-0.0332031
33
0.0322266
55
0.0537109
17
0.0166016
-8
-0.0078125
-44
-0.0429688
2
0.00195312
40
0.0390625
-16
-0.015625
9
0.00878906
-45
-0.0439453
-7
-0.00683594
-58
-0.0566406
-7
-0.00683594
51
0.0498047
16
0.015625
78
0.0761719
40
0.0390625
7
0.00683594
-15
-0.0146484
-43
-0.0419922
-22
-0.0214844
-6
-0.00585938
9
0.00878906
57
0.0556641
11
0.0107422
18
0.0175781
61
0.0595703
-5
-0.00488281
-31
-0.0302734
-16
-0.015625
10
0.00976562
-5
-0.00488281
19
0.0185547
-43
-0.0419922
43
0.0419922
-34
-0.0332031
-7
-0.00683594
-9
-0.00878906
11
0.0107422
25
0.0244141
-28
-0.0273438
31
0.0302734
29
0.0283203
12
0.0117188
21
0.0205078
26
0.0253906
-1
-0.000976562
-34
-0.0332031
39
0.0380859
22
0.0214844
-22
-0.0214844
18
0.0175781
41
0.0400391
-128
-0.125
-7
-0.00683594
-29
-0.0283203
59
0.0576172
-49
-0.0478516
-13
-0.0126953
-9
-0.00878906
29
0.0283203
42
0.0410156
-55
-0.0537109
-30
-0.0292969
17
0.0166016
-81
-0.0791016
31
0.0302734
-32
-0.03125
2
0.00195312
4
0.00390625
-19
-0.0185547
-28
-0.0273438
1
0.000976562
45
0.0439453
-6
-0.00585938
-35
-0.0341797
2
0.00195312
14
0.0136719
-14
-0.0136719
-39
-0.0380859
16
0.015625
-58
-0.0566406
-1
-0.000976562
30
0.0292969
-33
-0.0322266
-5
-0.00488281
-63
-0.0615234
-20
-0.0195312
46
0.0449219
33
0.0322266
-4
-0.00390625
9
0.00878906
-2
-0.00195312
-40
-0.0390625
11
0.0107422
8
0.0078125
0
0
2
0.00195312
23
0.0224609
-39
-0.0380859
26
0.0253906
-5
-0.00488281
15
0.0146484
-18
-0.0175781
32
0.03125
10
0.00976562
-36
-0.0351562
-7
-0.00683594
-62
-0.0605469
-2
-0.00195312
-66
-0.0644531
21
0.0205078
18
0.0175781
-22
-0.0214844
4
0.00390625
-14
-0.0136719
25
0.0244141
16
0.015625
37
0.0361328
-22
-0.0214844
43
0.0419922
17
0.0166016
-9
-0.00878906
27
0.0263672
-1
-0.000976562
21
0.0205078
-1
-0.000976562
46
0.0449219
-40
-0.0390625
41
0.0400391
25
0.0244141
-3
-0.00292969
-26
-0.0253906
-44
-0.0429688
30
0.0292969
-14
-0.0136719
6
0.00585938
23
0.0224609
-6
-0.00585938
-4
-0.00390625
-39
-0.0380859
-45
-0.0439453
-13
-0.0126953
-84
-0.0820312
45
0.0439453
18
0.0175781
-43
-0.0419922
26
0.0253906
-10
-0.00976562
-7
-0.00683594
31
0.0302734
-19
-0.0185547
10
0.00976562
-27
-0.0263672
-11
-0.0107422
17
0.0166016
-47
-0.0458984
17
0.0166016
27
0.0263672
-12
-0.0117188
24
0.0234375
-56
-0.0546875
-12
-0.0117188
40
0.0390625
-45
-0.0439453
-45
-0.0439453
15
0.0146484
-4
-0.00390625
61
0.0595703
-43
-0.0419922
-8
-0.0078125
2
0.00195312
-16
-0.015625
59
0.0576172
0
0
-3
-0.00292969
-14
-0.0136719
20
0.0195312
46
0.0449219
-38
-0.0371094
-24
-0.0234375
17
0.0166016
33
0.0322266
-28
-0.0273438
27
0.0263672
43
0.0419922
-26
-0.0253906
41
0.0400391
-23
-0.0224609
-3
-0.00292969
44
0.0429688
4
0.00390625
-27
-0.0263672
-7
-0.00683594
-24
-0.0234375
-12
-0.0117188
32
0.03125
65
0.0634766
-24
-0.0234375
-12
-0.0117188
14
0.0136719
-22
-0.0214844
8
0.0078125
-24
-0.0234375
13
0.0126953
-7
-0.00683594
-22
-0.0214844
32
0.03125
34
0.0332031
-8
-0.0078125
13
0.0126953
-21
-0.0205078
-59
-0.0576172
-17
-0.0166016
-5
-0.00488281
20
0.0195312
18
0.0175781
-22
-0.0214844
-38
-0.0371094
17
0.0166016
27
0.0263672
-12
-0.0117188
9
0.00878906
28
0.0273438
-19
-0.0185547
64
0.0625
-14
-0.0136719
-18
-0.0175781
-14
-0.0136719
-15
-0.0146484
19
0.0185547
-25
-0.0244141
-9
-0.00878906
33
0.0322266
21
0.0205078
39
0.0380859
10
0.00976562
40
0.0390625
-30
-0.0292969
16
0.015625
-47
-0.0458984
17
0.0166016
-37
-0.0361328
-49
-0.0478516
62
0.0605469
32
0.03125
-15
-0.0146484
-28
-0.0273438
8
0.0078125
-20
-0.0195312
3
0.00292969
-18
-0.0175781
-61
-0.0595703
-37
-0.0361328
57
0.0556641
-52
-0.0507812
18
0.0175781
15
0.0146484
19
0.0185547
20
0.0195312
-15
-0.0146484
-15
-0.0146484
5
0.00488281
-23
-0.0224609
46
0.0449219
16
0.015625
25
0.0244141
-24
-0.0234375
63
0.0615234
-48
-0.046875
22
0.0214844
0
0
-5
-0.00488281
5
0.00488281
15
0.0146484
8
0.0078125
9
0.00878906
60
0.0585938
-4
-0.00390625
7
0.00683594
-20
-0.0195312
-54
-0.0527344
-15
-0.0146484
-10
-0.00976562
-11
-0.0107422
4
0.00390625
19
0.0185547
-28
-0.0273438
-28
-0.0273438
-16
-0.015625
-52
-0.0507812
-31
-0.0302734
-17
-0.0166016
-35
-0.0341797
20
0.0195312
11
0.0107422
4
0.00390625
-52
-0.0507812
0
0
4
0.00390625
-15
-0.0146484
34
0.0332031
-25
-0.0244141
30
0.0292969
1
0.000976562
26
0.0253906
-40
-0.0390625
-77
-0.0751953
48
0.046875
3
0.00292969
-30
-0.0292969
21
0.0205078
3
0.00292969
-43
-0.0419922
-25
-0.0244141
14
0.0136719
-2
-0.00195312
-1
-0.000976562
-9
-0.00878906
-26
-0.0253906
8
0.0078125
25
0.0244141
19
0.0185547
7
0.00683594
17
0.0166016
-17
-0.0166016
-12
-0.0117188
22
0.0214844
11
0.0107422
3
0.00292969
47
0.0458984
-12
-0.0117188
-8
-0.0078125
40
0.0390625
-44
-0.0429688
-14
-0.0136719
9
0.00878906
34
0.0332031
-44
-0.0429688
-7
-0.00683594
15
0.0146484
-54
-0.0527344
-4
-0.00390625
-17
-0.0166016
-37
-0.0361328
13
0.0126953
-12
-0.0117188
-19
-0.0185547
-28
-0.0273438
-14
-0.0136719
26
0.0253906
13
0.0126953
-34
-0.0332031
36
0.0351562
-32
-0.03125
9
0.00878906
32
0.03125
-6
-0.00585938
35
0.0341797
-22
-0.0214844
-30
-0.0292969
-18
-0.0175781
9
0.00878906
-9
-0.00878906
-27
-0.0263672
-48
-0.046875
-16
-0.015625
-26
-0.0253906
-11
-0.0107422
34
0.0332031
0
0
-21
-0.0205078
-6
-0.00585938
33
0.0322266
9
0.00878906
12
0.0117188
-16
-0.015625
17
0.0166016
-2
-0.00195312
-30
-0.0292969
-2
-0.00195312
-18
-0.0175781
5
0.00488281
-23
-0.0224609
1
0.000976562
-44
-0.0429688
-10
-0.00976562
-43
-0.0419922
23
0.0224609
17
0.0166016
-18
-0.0175781
0
0
-20
-0.0195312
5
0.00488281
-25
-0.0244141
31
0.0302734
21
0.0205078
-35
-0.0341797
-44
-0.0429688
-5
-0.00488281
-60
-0.0585938
33
0.0322266
30
0.0292969
47
0.0458984
-10
-0.00976562
-72
-0.0703125
13
0.0126953
-30
-0.0292969
-53
-0.0517578
-27
-0.0263672
-34
-0.0332031
-22
-0.0214844
-25
-0.0244141
15
0.0146484
61
0.0595703
-13
-0.0126953
47
0.0458984
-10
-0.00976562
-14
-0.0136719
6
0.00585938
-13
-0.0126953
22
0.0214844
33
0.0322266
8
0.0078125
-4
-0.00390625
-33
-0.0322266
-30
-0.0292969
-12
-0.0117188
29
0.0283203
-38
-0.0371094
-19
-0.0185547
3
0.00292969
-10
-0.00976562
-5
-0.00488281
41
0.0400391
4
0.00390625
-56
-0.0546875
-49
-0.0478516
5
0.00488281
-1
-0.000976562
21
0.0205078
-90
-0.0878906
25
0.0244141
56
0.0546875
-26
-0.0253906
-10
-0.00976562
9
0.00878906
15
0.0146484
23
0.0224609
12
0.0117188
-10
-0.00976562
-41
-0.0400391
19
0.0185547
57
0.0556641
8
0.0078125
27
0.0263672
-34
-0.0332031
-17
-0.0166016
25
0.0244141
26
0.0253906
37
0.0361328
-41
-0.0400391
-22
-0.0214844
-23
-0.0224609
-9
-0.00878906
-77
-0.0751953
28
0.0273438
28
0.0273438
30
0.0292969
30
0.0292969
-46
-0.0449219
-56
-0.0546875
3
0.00292969
-14
-0.0136719
-7
-0.00683594
3
0.00292969
-33
-0.0322266
35
0.0341797
-8
-0.0078125
16
0.015625
23
0.0224609
8
0.0078125
-6
-0.00585938
29
0.0283203
-12
-0.0117188
-4
-0.00390625
-9
-0.00878906
-2
-0.00195312
18
0.0175781
-21
-0.0205078
-10
-0.00976562
32
0.03125
23
0.0224609
-10
-0.00976562
19
0.0185547
46
0.0449219
15
0.0146484
-3
-0.00292969
54
0.0527344
41
0.0400391
9
0.00878906
15
0.0146484
-70
-0.0683594
26
0.0253906
-19
-0.0185547
4
0.00390625
16
0.015625
30
0.0292969
-12
-0.0117188
-8
-0.0078125
-40
-0.0390625
-15
-0.0146484
-14
-0.0136719
-48
-0.046875
-29
-0.0283203
31
0.0302734
41
0.0400391
-31
-0.0302734
87
0.0849609
-5
-0.00488281
41
0.0400391
12
0.0117188
13
0.0126953
-8
-0.0078125
-33
-0.0322266
42
0.0410156
0
0
-36
-0.0351562
47
0.0458984
-34
-0.0332031
-41
-0.0400391
-13
-0.0126953
53
0.0517578
13
0.0126953
28
0.0273438
1
0.000976562
50
0.0488281
34
0.0332031
12
0.0117188
27
0.0263672
8
0.0078125
17
0.0166016
32
0.03125
7
0.00683594
-61
-0.0595703
27
0.0263672
-5
-0.00488281
9
0.00878906
0
0
51
0.0498047
-37
-0.0361328
-47
-0.0458984
-20
-0.0195312
9
0.00878906
28
0.0273438
41
0.0400391
-45
-0.0439453
36
0.0351562
-4
-0.00390625
6
0.00585938
-14
-0.0136719
21
0.0205078
28
0.0273438
27
0.0263672
-32
-0.03125
-23
-0.0224609
9
0.00878906
-48
-0.046875
35
0.0341797
-15
-0.0146484
-8
-0.0078125
-6
-0.00585938
26
0.0253906
-20
-0.0195312
-29
-0.0283203
-40
-0.0390625
34
0.0332031
9
0.00878906
-12
-0.0117188
15
0.0146484
52
0.0507812
19
0.0185547
2
0.00195312
-32
-0.03125
-11
-0.0107422
5
0.00488281
-41
-0.0400391
24
0.0234375
7
0.00683594
-9
-0.00878906
-22
-0.0214844
34
0.0332031
-63
-0.0615234
71
0.0693359
33
0.0322266
-7
-0.00683594
37
0.0361328
21
0.0205078
21
0.0205078
0
0
-10
-0.00976562
-14
-0.0136719
18
0.0175781
-41
-0.0400391
-19
-0.0185547
-4
-0.00390625
-18
-0.0175781
42
0.0410156
-23
-0.0224609
-50
-0.0488281
6
0.00585938
11
0.0107422
-19
-0.0185547
25
0.0244141
-66
-0.0644531
-26
-0.0253906
10
0.00976562
30
0.0292969
-14
-0.0136719
-29
-0.0283203
42
0.0410156
-1
-0.000976562
30
0.0292969
-23
-0.0224609
-6
-0.00585938
-21
-0.0205078
28
0.0273438
2
0.00195312
37
0.0361328
-32
-0.03125
6
0.00585938
-10
-0.00976562
16
0.015625
-3
-0.00292969
40
0.0390625
-18
-0.0175781
-46
-0.0449219
33
0.0322266
4
0.00390625
-6
-0.00585938
29
0.0283203
4
0.00390625
15
0.0146484
-45
-0.0439453
-24
-0.0234375
1
0.000976562
-18
-0.0175781
3
0.00292969
-43
-0.0419922
-31
-0.0302734
-9
-0.00878906
2
0.00195312
-41
-0.0400391
-34
-0.0332031
-44
-0.0429688
-29
-0.0283203
48
0.046875
-58
-0.0566406
6
0.00585938
45
0.0439453
-34
-0.0332031
11
0.0107422
-42
-0.0410156
15
0.0146484
-27
-0.0263672
21
0.0205078
43
0.0419922
-9
-0.00878906
-10
-0.00976562
-1
-0.000976562
8
0.0078125
16
0.015625
-28
-0.0273438
13
0.0126953
9
0.00878906
-47
-0.0458984
1
0.000976562
-59
-0.0576172
-34
-0.0332031
-31
-0.0302734
5
0.00488281
34
0.0332031
11
0.0107422
91
0.0888672
-12
-0.0117188
-17
-0.0166016
18
0.0175781
-3
-0.00292969
26
0.0253906
-7
-0.00683594
9
0.00878906
18
0.0175781
33
0.0322266
4
0.00390625
26
0.0253906
16
0.015625
-21
-0.0205078
47
0.0458984
10
0.00976562
-25
-0.0244141
64
0.0625
-50
-0.0488281
19
0.0185547
-12
-0.0117188
-25
-0.0244141
-30
-0.0292969
10
0.00976562
-10
-0.00976562
18
0.0175781
17
0.0166016
23
0.0224609
36
0.0351562
-40
-0.0390625
20
0.0195312
-42
-0.0410156
-4
-0.00390625
-4
-0.00390625
26
0.0253906
-12
-0.0117188
11
0.0107422
-53
-0.0517578
-22
-0.0214844
-14
-0.0136719
-11
-0.0107422
-47
-0.0458984
-3
-0.00292969
-4
-0.00390625
31
0.0302734
-38
-0.0371094
-5
-0.00488281
-30
-0.0292969
34
0.0332031
-41
-0.0400391
10
0.00976562
-20
-0.0195312
-22
-0.0214844
21
0.0205078
14
0.0136719
-41
-0.0400391
-52
-0.0507812
-6
-0.00585938
-8
-0.0078125
-31
-0.0302734
78
0.0761719
-5
-0.00488281
-4
-0.00390625
-12
-0.0117188
-10
-0.00976562
7
0.00683594
27
0.0263672
42
0.0410156
-9
-0.00878906
-2
-0.00195312
-42
-0.0410156
2
0.00195312
17
0.0166016
-23
-0.0224609
1
0.000976562
17
0.0166016
-9
-0.00878906
3
0.00292969
18
0.0175781
21
0.0205078
-32
-0.03125
-6
-0.00585938
16
0.015625
10
0.00976562
-13
-0.0126953
-15
-0.0146484
1
0.000976562
-2
-0.00195312
17
0.0166016
57
0.0556641
39
0.0380859
19
0.0185547
-17
-0.0166016
-22
-0.0214844
-30
-0.0292969
-3
-0.00292969
-29
-0.0283203
19
0.0185547
-33
-0.0322266
-30
-0.0292969
-12
-0.0117188
-4
-0.00390625
17
0.0166016
3
0.00292969
-35
-0.0341797
-4
-0.00390625
-8
-0.0078125
-5
-0.00488281
-31
-0.0302734
-69
-0.0673828
-25
-0.0244141
10
0.00976562
-61
-0.0595703
19
0.0185547
33
0.0322266
14
0.0136719
30
0.0292969
33
0.0322266
-41
-0.0400391
34
0.0332031
58
0.0566406
-22
-0.0214844
29
0.0283203
29
0.0283203
-5
-0.00488281
-24
-0.0234375
-30
-0.0292969
1
0.000976562
18
0.0175781
-23
-0.0224609
-42
-0.0410156
-20
-0.0195312
-13
-0.0126953
-1
-0.000976562
-21
-0.0205078
-19
-0.0185547
-19
-0.0185547
-33
-0.0322266
1
0.000976562
51
0.0498047
42
0.0410156
-2
-0.00195312
9
0.00878906
-16
-0.015625
-34
-0.0332031
-7
-0.00683594
3
0.00292969
12
0.0117188
-37
-0.0361328
-17
-0.0166016
-9
-0.00878906
47
0.0458984
11
0.0107422
-10
-0.00976562
-42
-0.0410156
13
0.0126953
0
0
-81
-0.0791016
-16
-0.015625
-41
-0.0400391
26
0.0253906
-18
-0.0175781
-68
-0.0664062
14
0.0136719
-47
-0.0458984
12
0.0117188
42
0.0410156
26
0.0253906
-9
-0.00878906
8
0.0078125
12
0.0117188
39
0.0380859
35
0.0341797
-17
-0.0166016
72
0.0703125
-32
-0.03125
-29
-0.0283203
-25
-0.0244141
9
0.00878906
-63
-0.0615234
-15
-0.0146484
-7
-0.00683594
-38
-0.0371094
30
0.0292969
29
0.0283203
29
0.0283203
52
0.0507812
-1
-0.000976562
41
0.0400391
23
0.0224609
-3
-0.00292969
33
0.0322266
22
0.0214844
9
0.00878906
0
0
1
0.000976562
26
0.0253906
0
0
37
0.0361328
-11
-0.0107422
-56
-0.0546875
-26
-0.0253906
-45
-0.0439453
63
0.0615234
0
0
31
0.0302734
50
0.0488281
-24
-0.0234375
-24
-0.0234375
-4
-0.00390625
11
0.0107422
-14
-0.0136719
-27
-0.0263672
-4
-0.00390625
10
0.00976562
12
0.0117188
-35
-0.0341797
-45
-0.0439453
23
0.0224609
6
0.00585938
45
0.0439453
-40
-0.0390625
-10
-0.00976562
1
0.000976562
8
0.0078125
-49
-0.0478516
-37
-0.0361328
14
0.0136719
-52
-0.0507812
15
0.0146484
-2
-0.00195312
-32
-0.03125
-29
-0.0283203
5
0.00488281
23
0.0224609
-27
-0.0263672
60
0.0585938
35
0.0341797
19
0.0185547
-19
-0.0185547
-37
-0.0361328
14
0.0136719
-6
-0.00585938
-46
-0.0449219
-16
-0.015625
11
0.0107422
-26
-0.0253906
32
0.03125
-61
-0.0595703
8
0.0078125
19
0.0185547
56
0.0546875
-9
-0.00878906
5
0.00488281
-22
-0.0214844
10
0.00976562
-27
-0.0263672
27
0.0263672
49
0.0478516
1
0.000976562
5
0.00488281
-16
-0.015625
-31
-0.0302734
16
0.015625
-21
-0.0205078
-44
-0.0429688
7
0.00683594
29
0.0283203
-63
-0.0615234
-27
-0.0263672
-20
-0.0195312
20
0.0195312
-40
-0.0390625
-71
-0.0693359
-3
-0.00292969
-20
-0.0195312
-19
-0.0185547
-3
-0.00292969
34
0.0332031
56
0.0546875
-10
-0.00976562
-8
-0.0078125
-21
-0.0205078
-5
-0.00488281
7
0.00683594
13
0.0126953
33
0.0322266
-8
-0.0078125
-2
-0.00195312
19
0.0185547
8
0.0078125
30
0.0292969
1
0.000976562
-13
-0.0126953
-18
-0.0175781
-21
-0.0205078
-11
-0.0107422
35
0.0341797
-54
-0.0527344
4
0.00390625
14
0.0136719
-7
-0.00683594
-4
-0.00390625
42
0.0410156
1
0.000976562
9
0.00878906
8
0.0078125
11
0.0107422
10
0.00976562
-13
-0.0126953
34
0.0332031
-39
-0.0380859
-19
-0.0185547
-52
-0.0507812
41
0.0400391
-3
-0.00292969
-23
-0.0224609
40
0.0390625
-11
-0.0107422
13
0.0126953
-24
-0.0234375
29
0.0283203
5
0.00488281
14
0.0136719
-19
-0.0185547
40
0.0390625
19
0.0185547
24
0.0234375
14
0.0136719
-17
-0.0166016
-24
-0.0234375
-24
-0.0234375
-17
-0.0166016
28
0.0273438
25
0.0244141
32
0.03125
35
0.0341797
-17
-0.0166016
12
0.0117188
-4
-0.00390625
14
0.0136719
11
0.0107422
-91
-0.0888672
-1
-0.000976562
28
0.0273438
43
0.0419922
51
0.0498047
-3
-0.00292969
-19
-0.0185547
-35
-0.0341797
-20
-0.0195312
19
0.0185547
-12
-0.0117188
8
0.0078125
6
0.00585938
-11
-0.0107422
-39
-0.0380859
15
0.0146484
-10
-0.00976562
-12
-0.0117188
-35
-0.0341797
-9
-0.00878906
0
0
-18
-0.0175781
-30
-0.0292969
17
0.0166016
20
0.0195312
32
0.03125
-42
-0.0410156
-5
-0.00488281
11
0.0107422
-27
-0.0263672
38
0.0371094
11
0.0107422
22
0.0214844
-16
-0.015625
26
0.0253906
6
0.00585938
33
0.0322266
-22
-0.0214844
21
0.0205078
22
0.0214844
2
0.00195312
-10
-0.00976562
8
0.0078125
-40
-0.0390625
57
0.0556641
35
0.0341797
-1
-0.000976562
-30
-0.0292969
-18
-0.0175781
15
0.0146484
16
0.015625
-23
-0.0224609
2
0.00195312
0
0
9
0.00878906
18
0.0175781
-15
-0.0146484
6
0.00585938
-18
-0.0175781
-22
-0.0214844
34
0.0332031
41
0.0400391
17
0.0166016
6
0.00585938
-21
-0.0205078
-21
-0.0205078
4
0.00390625
16
0.015625
22
0.0214844
-32
-0.03125
15
0.0146484
30
0.0292969
15
0.0146484
36
0.0351562
59
0.0576172
-50
-0.0488281
9
0.00878906
10
0.00976562
-5
-0.00488281
-53
-0.0517578
30
0.0292969
-34
-0.0332031
30
0.0292969
-11
-0.0107422
8
0.0078125
13
0.0126953
4
0.00390625
46
0.0449219
59
0.0576172
-3
-0.00292969
-16
-0.015625
41
0.0400391
20
0.0195312
-17
-0.0166016
18
0.0175781
-42
-0.0410156
38
0.0371094
-15
-0.0146484
-43
-0.0419922
-32
-0.03125
-4
-0.00390625
13
0.0126953
5
0.00488281
-19
-0.0185547
-1
-0.000976562
-24
-0.0234375
-4
-0.00390625
4
0.00390625
-18
-0.0175781
4
0.00390625
-25
-0.0244141
-36
-0.0351562
26
0.0253906
23
0.0224609
0
0
-29
-0.0283203
12
0.0117188
13
0.0126953
39
0.0380859
11
0.0107422
-2
-0.00195312
0
0
18
0.0175781
-25
-0.0244141
8
0.0078125
-24
-0.0234375
-14
-0.0136719
-10
-0.00976562
-44
-0.0429688
43
0.0419922
-16
-0.015625
-36
-0.0351562
18
0.0175781
9
0.00878906
-27
-0.0263672
0
0
17
0.0166016
26
0.0253906
-29
-0.0283203
-95
-0.0927734
-14
-0.0136719
23
0.0224609
33
0.0322266
-4
-0.00390625
0
0
24
0.0234375
17
0.0166016
-8
-0.0078125
86
0.0839844
18
0.0175781
54
0.0527344
-6
-0.00585938
-22
-0.0214844
51
0.0498047
-44
-0.0429688
-6
-0.00585938
4
0.00390625
29
0.0283203
-2
-0.00195312
-34
-0.0332031
25
0.0244141
-8
-0.0078125
19
0.0185547
-13
-0.0126953
39
0.0380859
-7
-0.00683594
61
0.0595703
-48
-0.046875
-25
-0.0244141
18
0.0175781
-14
-0.0136719
6
0.00585938
18
0.0175781
-16
-0.015625
-3
-0.00292969
-5
-0.00488281
-9
-0.00878906
-9
-0.00878906
30
0.0292969
-35
-0.0341797
-14
-0.0136719
-28
-0.0273438
-12
-0.0117188
-7
-0.00683594
14
0.0136719
-19
-0.0185547
15
0.0146484
-11
-0.0107422
46
0.0449219
29
0.0283203
5
0.00488281
-13
-0.0126953
35
0.0341797
-30
-0.0292969
13
0.0126953
-92
-0.0898438
-11
-0.0107422
-21
-0.0205078
15
0.0146484
7
0.00683594
-29
-0.0283203
-45
-0.0439453
2
0.00195312
39
0.0380859
7
0.00683594
-31
-0.0302734
34
0.0332031
54
0.0527344
3
0.00292969
81
0.0791016
31
0.0302734
3
0.00292969
-31
-0.0302734
-3
-0.00292969
-5
-0.00488281
-23
-0.0224609
-44
-0.0429688
20
0.0195312
28
0.0273438
7
0.00683594
12
0.0117188
30
0.0292969
2
0.00195312
-11
-0.0107422
-25
-0.0244141
23
0.0224609
-22
-0.0214844
-21
-0.0205078
8
0.0078125
33
0.0322266
2
0.00195312
-29
-0.0283203
-28
-0.0273438
-45
-0.0439453
-9
-0.00878906
13
0.0126953
19
0.0185547
-10
-0.00976562
-19
-0.0185547
-3
-0.00292969
-51
-0.0498047
20
0.0195312
4
0.00390625
19
0.0185547
-33
-0.0322266
6
0.00585938
-20
-0.0195312
-7
-0.00683594
-12
-0.0117188
-78
-0.0761719
-21
-0.0205078
-20
-0.0195312
-7
-0.00683594
24
0.0234375
29
0.0283203
-29
-0.0283203
-31
-0.0302734
-19
-0.0185547
44
0.0429688
54
0.0527344
-5
-0.00488281
-1
-0.000976562
-40
-0.0390625
0
0
-26
-0.0253906
16
0.015625
20
0.0195312
32
0.03125
-4
-0.00390625
0
0
-17
-0.0166016
-15
-0.0146484
3
0.00292969
16
0.015625
-58
-0.0566406
40
0.0390625
44
0.0429688
-5
-0.00488281
-6
-0.00585938
8
0.0078125
45
0.0439453
-39
-0.0380859
75
0.0732422
7
0.00683594
-16
-0.015625
34
0.0332031
-10
-0.00976562
16
0.015625
-23
-0.0224609
-34
-0.0332031
-53
-0.0517578
8
0.0078125
-34
-0.0332031
-18
-0.0175781
-39
-0.0380859
-10
-0.00976562
46
0.0449219
-16
-0.015625
15
0.0146484
-22
-0.0214844
-21
-0.0205078
-36
-0.0351562
-27
-0.0263672
1
0.000976562
59
0.0576172
16
0.015625
21
0.0205078
-49
-0.0478516
-31
-0.0302734
40
0.0390625
41
0.0400391
37
0.0361328
-12
-0.0117188
45
0.0439453
-20
-0.0195312
10
0.00976562
23
0.0224609
38
0.0371094
18
0.0175781
-6
-0.00585938
38
0.0371094
-14
-0.0136719
-16
-0.015625
8
0.0078125
19
0.0185547
5
0.00488281
-12
-0.0117188
-44
-0.0429688
29
0.0283203
-36
-0.0351562
9
0.00878906
-37
-0.0361328
-54
-0.0527344
15
0.0146484
10
0.00976562
17
0.0166016
61
0.0595703
-22
-0.0214844
49
0.0478516
33
0.0322266
-57
-0.0556641
37
0.0361328
17
0.0166016
35
0.0341797
41
0.0400391
28
0.0273438
-1
-0.000976562
21
0.0205078
-39
-0.0380859
2
0.00195312
-7
-0.00683594
-29
-0.0283203
-43
-0.0419922
-32
-0.03125
-27
-0.0263672
-6
-0.00585938
-96
-0.09375
18
0.0175781
-84
-0.0820312
26
0.0253906
-45
-0.0439453
46
0.0449219
-8
-0.0078125
-51
-0.0498047
41
0.0400391
-7
-0.00683594
-26
-0.0253906
50
0.0488281
25
0.0244141
16
0.015625
-2
-0.00195312
13
0.0126953
36
0.0351562
16
0.015625
-64
-0.0625
-23
-0.0224609
54
0.0527344
-10
-0.00976562
-14
-0.0136719
-1
-0.000976562
2
0.00195312
-7
-0.00683594
-29
-0.0283203
-7
-0.00683594
22
0.0214844
7
0.00683594
-8
-0.0078125
-9
-0.00878906
62
0.0605469
-26
-0.0253906
-12
-0.0117188
-65
-0.0634766
-36
-0.0351562
-24
-0.0234375
-11
-0.0107422
-34
-0.0332031
-22
-0.0214844
31
0.0302734
-21
-0.0205078
-33
-0.0322266
-22
-0.0214844
14
0.0136719
7
0.00683594
-25
-0.0244141
20
0.0195312
-15
-0.0146484
43
0.0419922
-16
-0.015625
11
0.0107422
-17
-0.0166016
-40
-0.0390625
-18
-0.0175781
22
0.0214844
-36
-0.0351562
8
0.0078125
-6
-0.00585938
5
0.00488281
-47
-0.0458984
2
0.00195312
37
0.0361328
-1
-0.000976562
15
0.0146484
1
0.000976562
19
0.0185547
23
0.0224609
14
0.0136719
-10
-0.00976562
4
0.00390625
4
0.00390625
-14
-0.0136719
-21
-0.0205078
-25
-0.0244141
54
0.0527344
52
0.0507812
0
0
-12
-0.0117188
-17
-0.0166016
-42
-0.0410156
-24
-0.0234375
11
0.0107422
-9
-0.00878906
29
0.0283203
-28
-0.0273438
24
0.0234375
14
0.0136719
-2
-0.00195312
-1
-0.000976562
-23
-0.0224609
21
0.0205078
-20
-0.0195312
68
0.0664062
2
0.00195312
-33
-0.0322266
37
0.0361328
4
0.00390625
6
0.00585938
-20
-0.0195312
52
0.0507812
6
0.00585938
-15
-0.0146484
18
0.0175781
-34
-0.0332031
0
0
0
0
-27
-0.0263672
-5
-0.00488281
59
0.0576172
-19
-0.0185547
-6
-0.00585938
22
0.0214844
13
0.0126953
-31
-0.0302734
25
0.0244141
19
0.0185547
-33
-0.0322266
25
0.0244141
10
0.00976562
-12
-0.0117188
-27
-0.0263672
-17
-0.0166016
3
0.00292969
-22
-0.0214844
40
0.0390625
-47
-0.0458984
45
0.0439453
32
0.03125
22
0.0214844
-7
-0.00683594
-5
-0.00488281
26
0.0253906
-9
-0.00878906
14
0.0136719
-21
-0.0205078
50
0.0488281
30
0.0292969
11
0.0107422
-10
-0.00976562
-18
-0.0175781
27
0.0263672
-22
-0.0214844
-3
-0.00292969
9
0.00878906
14
0.0136719
-10
-0.00976562
-46
-0.0449219
-69
-0.0673828
86
0.0839844
-33
-0.0322266
-34
-0.0332031
-20
-0.0195312
-13
-0.0126953
-22
-0.0214844
-8
-0.0078125
-31
-0.0302734
-7
-0.00683594
-8
-0.0078125
-8
-0.0078125
10
0.00976562
38
0.0371094
-31
-0.0302734
-46
-0.0449219
-7
-0.00683594
45
0.0439453
-7
-0.00683594
-9
-0.00878906
15
0.0146484
1
0.000976562
-18
-0.0175781
56
0.0546875
31
0.0302734
0
0
-22
-0.0214844
7
0.00683594
-46
-0.0449219
-6
-0.00585938
-5
-0.00488281
-13
-0.0126953
34
0.0332031
48
0.046875
-12
-0.0117188
-17
-0.0166016
10
0.00976562
15
0.0146484
49
0.0478516
-34
-0.0332031
2
0.00195312
6
0.00585938
7
0.00683594
20
0.0195312
9
0.00878906
-9
-0.00878906
23
0.0224609
16
0.015625
-11
-0.0107422
41
0.0400391
-7
-0.00683594
7
0.00683594
-26
-0.0253906
52
0.0507812
3
0.00292969
-41
-0.0400391
-5
-0.00488281
-16
-0.015625
-87
-0.0849609
13
0.0126953
54
0.0527344
0
0
-9
-0.00878906
6
0.00585938
8
0.0078125
40
0.0390625
-3
-0.00292969
24
0.0234375
-42
-0.0410156
-42
-0.0410156
12
0.0117188
-64
-0.0625
8
0.0078125
15
0.0146484
-16
-0.015625
-17
-0.0166016
22
0.0214844
-17
-0.0166016
-29
-0.0283203
9
0.00878906
-1
-0.000976562
-27
-0.0263672
-54
-0.0527344
11
0.0107422
-3
-0.00292969
-33
-0.0322266
-39
-0.0380859
-3
-0.00292969
-8
-0.0078125
-21
-0.0205078
0
0
2
0.00195312
-74
-0.0722656
-4
-0.00390625
-37
-0.0361328
20
0.0195312
-21
-0.0205078
-23
-0.0224609
-19
-0.0185547
19
0.0185547
-42
-0.0410156
-7
-0.00683594
17
0.0166016
-62
-0.0605469
32
0.03125
-47
-0.0458984
-16
-0.015625
42
0.0410156
18
0.0175781
37
0.0361328
-12
-0.0117188
28
0.0273438
-30
-0.0292969
16
0.015625
3
0.00292969
33
0.0322266
-41
-0.0400391
32
0.03125
-26
-0.0253906
-27
-0.0263672
17
0.0166016
-13
-0.0126953
-17
-0.0166016
-14
-0.0136719
31
0.0302734
10
0.00976562
22
0.0214844
0
0
50
0.0488281
8
0.0078125
-48
-0.046875
-20
-0.0195312
32
0.03125
1
0.000976562
28
0.0273438
8
0.0078125
-21
-0.0205078
-32
-0.03125
-5
-0.00488281
-59
-0.0576172
-12
-0.0117188
-6
-0.00585938
34
0.0332031
34
0.0332031
18
0.0175781
-46
-0.0449219
-44
-0.0429688
48
0.046875
2
0.00195312
-22
-0.0214844
-1
-0.000976562
-19
-0.0185547
-45
-0.0439453
-19
-0.0185547
8
0.0078125
-29
-0.0283203
-11
-0.0107422
-4
-0.00390625
8
0.0078125
55
0.0537109
32
0.03125
-1
-0.000976562
-29
-0.0283203
88
0.0859375
-50
-0.0488281
40
0.0390625
-28
-0.0273438
-18
-0.0175781
22
0.0214844
22
0.0214844
-23
-0.0224609
-16
-0.015625
1
0.000976562
-108
-0.105469
33
0.0322266
-3
-0.00292969
-54
-0.0527344
7
0.00683594
-10
-0.00976562
2
0.00195312
35
0.0341797
7
0.00683594
12
0.0117188
25
0.0244141
22
0.0214844
3
0.00292969
73
0.0712891
3
0.00292969
-6
-0.00585938
-65
-0.0634766
4
0.00390625
19
0.0185547
45
0.0439453
-2
-0.00195312
-6
-0.00585938
6
0.00585938
-17
-0.0166016
-23
-0.0224609
-12
-0.0117188
14
0.0136719
53
0.0517578
-42
-0.0410156
-33
-0.0322266
-14
-0.0136719
-29
-0.0283203
-9
-0.00878906
-33
-0.0322266
-8
-0.0078125
-16
-0.015625
42
0.0410156
1
0.000976562
-11
-0.0107422
21
0.0205078
-15
-0.0146484
-47
-0.0458984
34
0.0332031
2
0.00195312
27
0.0263672
-3
-0.00292969
-23
-0.0224609
-25
-0.0244141
15
0.0146484
-22
-0.0214844
-39
-0.0380859
-23
-0.0224609
22
0.0214844
26
0.0253906
-1
-0.000976562
-43
-0.0419922
-9
-0.00878906
-27
-0.0263672
18
0.0175781
18
0.0175781
-18
-0.0175781
0
0
-27
-0.0263672
-56
-0.0546875
-37
-0.0361328
28
0.0273438
25
0.0244141
-18
-0.0175781
67
0.0654297
5
0.00488281
0
0
-37
-0.0361328
-38
-0.0371094
52
0.0507812
-14
-0.0136719
7
0.00683594
-17
-0.0166016
6
0.00585938
-32
-0.03125
-7
-0.00683594
2
0.00195312
14
0.0136719
57
0.0556641
40
0.0390625
-27
-0.0263672
1
0.000976562
44
0.0429688
-13
-0.0126953
-23
-0.0224609
8
0.0078125
32
0.03125
-24
-0.0234375
22
0.0214844
-41
-0.0400391
35
0.0341797
24
0.0234375
27
0.0263672
-45
-0.0439453
15
0.0146484
26
0.0253906
4
0.00390625
-37
-0.0361328
16
0.015625
49
0.0478516
-16
-0.015625
43
0.0419922
-1
-0.000976562
-19
-0.0185547
11
0.0107422
-23
-0.0224609
-15
-0.0146484
55
0.0537109
25
0.0244141
9
0.00878906
17
0.0166016
-14
-0.0136719
-42
-0.0410156
17
0.0166016
-28
-0.0273438
0
0
-41
-0.0400391
16
0.015625
-20
-0.0195312
-18
-0.0175781
21
0.0205078
0
0
1
0.000976562
34
0.0332031
-32
-0.03125
31
0.0302734
51
0.0498047
-24
-0.0234375
-55
-0.0537109
-48
-0.046875
-30
-0.0292969
48
0.046875
8
0.0078125
-45
-0.0439453
-34
-0.0332031
-9
-0.00878906
1
0.000976562
41
0.0400391
44
0.0429688
-3
-0.00292969
6
0.00585938
-15
-0.0146484
3
0.00292969
29
0.0283203
7
0.00683594
15
0.0146484
1
0.000976562
-21
-0.0205078
-18
-0.0175781
-48
-0.046875
25
0.0244141
-24
-0.0234375
-22
-0.0214844
3
0.00292969
7
0.00683594
3
0.00292969
-25
-0.0244141
-17
-0.0166016
-10
-0.00976562
-35
-0.0341797
12
0.0117188
14
0.0136719
-32
-0.03125
12
0.0117188
10
0.00976562
10
0.00976562
-7
-0.00683594
2
0.00195312
27
0.0263672
-3
-0.00292969
-9
-0.00878906
17
0.0166016
-10
-0.00976562
42
0.0410156
41
0.0400391
-7
-0.00683594
2
0.00195312
12
0.0117188
-46
-0.0449219
-17
-0.0166016
-16
-0.015625
-11
-0.0107422
16
0.015625
-16
-0.015625
17
0.0166016
29
0.0283203
-16
-0.015625
64
0.0625
18
0.0175781
-27
-0.0263672
-15
-0.0146484
-32
-0.03125
-37
-0.0361328
41
0.0400391
12
0.0117188
2
0.00195312
-3
-0.00292969
18
0.0175781
24
0.0234375
-30
-0.0292969
18
0.0175781
-12
-0.0117188
-28
-0.0273438
-64
-0.0625
71
0.0693359
-7
-0.00683594
21
0.0205078
5
0.00488281
5
0.00488281
-4
-0.00390625
-25
-0.0244141
30
0.0292969
-13
-0.0126953
-53
-0.0517578
12
0.0117188
-27
-0.0263672
-68
-0.0664062
13
0.0126953
-33
-0.0322266
-12
-0.0117188
30
0.0292969
-1
-0.000976562
-18
-0.0175781
-8
-0.0078125
38
0.0371094
4
0.00390625
0
0
7
0.00683594
-10
-0.00976562
-14
-0.0136719
-11
-0.0107422
26
0.0253906
-33
-0.0322266
-18
-0.0175781
30
0.0292969
-15
-0.0146484
-28
-0.0273438
-19
-0.0185547
42
0.0410156
-42
-0.0410156
30
0.0292969
6
0.00585938
12
0.0117188
-23
-0.0224609
50
0.0488281
18
0.0175781
4
0.00390625
-14
-0.0136719
-21
-0.0205078
-12
-0.0117188
50
0.0488281
-27
-0.0263672
-48
-0.046875
-28
-0.0273438
11
0.0107422
-35
-0.0341797
-14
-0.0136719
-40
-0.0390625
-6
-0.00585938
58
0.0566406
6
0.00585938
23
0.0224609
-14
-0.0136719
2
0.00195312
43
0.0419922
-15
-0.0146484
-12
-0.0117188
-10
-0.00976562
2
0.00195312
9
0.00878906
10
0.00976562
30
0.0292969
-12
-0.0117188
-36
-0.0351562
1
0.000976562
10
0.00976562
-1
-0.000976562
13
0.0126953
17
0.0166016
-10
-0.00976562
-16
-0.015625
-48
-0.046875
-12
-0.0117188
-16
-0.015625
4
0.00390625
59
0.0576172
-18
-0.0175781
0
0
59
0.0576172
-29
-0.0283203
65
0.0634766
-9
-0.00878906
-42
-0.0410156
-25
-0.0244141
4
0.00390625
11
0.0107422
-17
-0.0166016
13
0.0126953
-1
-0.000976562
-66
-0.0644531
-40
-0.0390625
6
0.00585938
-27
-0.0263672
39
0.0380859
17
0.0166016
51
0.0498047
-14
-0.0136719
-14
-0.0136719
-4
-0.00390625
23
0.0224609
43
0.0419922
13
0.0126953
-58
-0.0566406
33
0.0322266
-27
-0.0263672
-9
-0.00878906
13
0.0126953
10
0.00976562
-31
-0.0302734
-8
-0.0078125
10
0.00976562
63
0.0615234
-8
-0.0078125
-54
-0.0527344
41
0.0400391
9
0.00878906
57
0.0556641
3
0.00292969
42
0.0410156
4
0.00390625
11
0.0107422
26
0.0253906
-57
-0.0556641
-14
-0.0136719
-26
-0.0253906
-28
-0.0273438
25
0.0244141
18
0.0175781
14
0.0136719
-29
-0.0283203
-48
-0.046875
5
0.00488281
24
0.0234375
3
0.00292969
-15
-0.0146484
15
0.0146484
-41
-0.0400391
-51
-0.0498047
-15
-0.0146484
-7
-0.00683594
53
0.0517578
24
0.0234375
-9
-0.00878906
5
0.00488281
1
0.000976562
-32
-0.03125
-37
-0.0361328
12
0.0117188
15
0.0146484
-37
-0.0361328
14
0.0136719
3
0.00292969
-27
-0.0263672
15
0.0146484
-8
-0.0078125
12
0.0117188
-68
-0.0664062
-13
-0.0126953
10
0.00976562
-44
-0.0429688
-48
-0.046875
11
0.0107422
2
0.00195312
-44
-0.0429688
19
0.0185547
8
0.0078125
8
0.0078125
34
0.0332031
-36
-0.0351562
29
0.0283203
83
0.0810547
16
0.015625
-41
-0.0400391
-2
-0.00195312
-1
-0.000976562
-11
-0.0107422
17
0.0166016
-21
-0.0205078
-40
-0.0390625
14
0.0136719
-24
-0.0234375
5
0.00488281
34
0.0332031
-35
-0.0341797
-32
-0.03125
-19
-0.0185547
39
0.0380859
-9
-0.00878906
-15
-0.0146484
-19
-0.0185547
-39
-0.0380859
54
0.0527344
0
0
5
0.00488281
-24
-0.0234375
-42
-0.0410156
72
0.0703125
12
0.0117188
-20
-0.0195312
-56
-0.0546875
-2
-0.00195312
53
0.0517578
-83
-0.0810547
10
0.00976562
-39
-0.0380859
-21
-0.0205078
-35
-0.0341797
27
0.0263672
-8
-0.0078125
-28
-0.0273438
-7
-0.00683594
67
0.0654297
22
0.0214844
-34
-0.0332031
-29
-0.0283203
15
0.0146484
0
0
-25
-0.0244141
-1
-0.000976562
-25
-0.0244141
14
0.0136719
0
0
10
0.00976562
-26
-0.0253906
24
0.0234375
35
0.0341797
74
0.0722656
32
0.03125
34
0.0332031
-36
-0.0351562
-52
-0.0507812
0
0
-30
-0.0292969
34
0.0332031
-2
-0.00195312
-56
-0.0546875
-23
-0.0224609
-29
-0.0283203
3
0.00292969
-14
-0.0136719
-12
-0.0117188
-2
-0.00195312
-68
-0.0664062
3
0.00292969
4
0.00390625
-19
-0.0185547
-36
-0.0351562
-41
-0.0400391
16
0.015625
94
0.0917969
54
0.0527344
-17
-0.0166016
-21
-0.0205078
33
0.0322266
33
0.0322266
-34
-0.0332031
14
0.0136719
1
0.000976562
-34
-0.0332031
35
0.0341797
0
0
-17
-0.0166016
-2
-0.00195312
17
0.0166016
-14
-0.0136719
29
0.0283203
-41
-0.0400391
71
0.0693359
-5
-0.00488281
17
0.0166016
17
0.0166016
20
0.0195312
2
0.00195312
-23
-0.0224609
30
0.0292969
-14
-0.0136719
-2
-0.00195312
-33
-0.0322266
16
0.015625
24
0.0234375
11
0.0107422
19
0.0185547
-12
-0.0117188
11
0.0107422
0
0
-24
-0.0234375
2
0.00195312
-25
-0.0244141
7
0.00683594
40
0.0390625
3
0.00292969
40
0.0390625
-70
-0.0683594
-45
-0.0439453
21
0.0205078
-13
-0.0126953
0
0
-12
-0.0117188
-29
-0.0283203
-4
-0.00390625
44
0.0429688
-1
-0.000976562
4
0.00390625
15
0.0146484
50
0.0488281
-22
-0.0214844
53
0.0517578
-26
-0.0253906
21
0.0205078
-1
-0.000976562
-47
-0.0458984
-15
-0.0146484
-37
-0.0361328
12
0.0117188
6
0.00585938
48
0.046875
-12
-0.0117188
22
0.0214844
-23
-0.0224609
-18
-0.0175781
31
0.0302734
-22
-0.0214844
-32
-0.03125
-11
-0.0107422
0
0
0
0
15
0.0146484
6
0.00585938
-28
-0.0273438
4
0.00390625
-10
-0.00976562
-10
-0.00976562
91
0.0888672
-21
-0.0205078
25
0.0244141
-9
-0.00878906
33
0.0322266
3
0.00292969
-9
-0.00878906
21
0.0205078
0
0
-41
-0.0400391
-2
-0.00195312
-51
-0.0498047
-4
-0.00390625
-21
-0.0205078
-37
-0.0361328
56
0.0546875
27
0.0263672
-30
-0.0292969
-9
-0.00878906
14
0.0136719
-36
-0.0351562
10
0.00976562
21
0.0205078
-2
-0.00195312
38
0.0371094
41
0.0400391
-46
-0.0449219
20
0.0195312
11
0.0107422
15
0.0146484
-40
-0.0390625
-33
-0.0322266
-11
-0.0107422
20
0.0195312
-74
-0.0722656
33
0.0322266
-44
-0.0429688
6
0.00585938
-16
-0.015625
66
0.0644531
-1
-0.000976562
-5
-0.00488281
-24
-0.0234375
26
0.0253906
-10
-0.00976562
-12
-0.0117188
-14
-0.0136719
23
0.0224609
-2
-0.00195312
14
0.0136719
9
0.00878906
20
0.0195312
-19
-0.0185547
-2
-0.00195312
-11
-0.0107422
-48
-0.046875
-30
-0.0292969
-43
-0.0419922
-11
-0.0107422
28
0.0273438
23
0.0224609
-13
-0.0126953
4
0.00390625
-4
-0.00390625
-26
-0.0253906
50
0.0488281
58
0.0566406
-17
-0.0166016
-7
-0.00683594
51
0.0498047
12
0.0117188
-14
-0.0136719
-59
-0.0576172
-19
-0.0185547
6
0.00585938
-46
-0.0449219
-28
-0.0273438
48
0.046875
-7
-0.00683594
-5
-0.00488281
29
0.0283203
12
0.0117188
5
0.00488281
-16
-0.015625
-8
-0.0078125
-4
-0.00390625
4
0.00390625
-7
-0.00683594
6
0.00585938
20
0.0195312
-19
-0.0185547
12
0.0117188
-26
-0.0253906
12
0.0117188
28
0.0273438
37
0.0361328
-1
-0.000976562
38
0.0371094
14
0.0136719
-41
-0.0400391
27
0.0263672
-19
-0.0185547
-39
-0.0380859
5
0.00488281
39
0.0380859
-6
-0.00585938
41
0.0400391
-11
-0.0107422
-8
-0.0078125
43
0.0419922
-1
-0.000976562
-11
-0.0107422
23
0.0224609
14
0.0136719
13
0.0126953
-4
-0.00390625
-20
-0.0195312
57
0.0556641
56
0.0546875
-32
-0.03125
-18
-0.0175781
-36
-0.0351562
15
0.0146484
36
0.0351562
-26
-0.0253906
-88
-0.0859375
-44
-0.0429688
-42
-0.0410156
46
0.0449219
10
0.00976562
-1
-0.000976562
-34
-0.0332031
-32
-0.03125
4
0.00390625
-48
-0.046875
7
0.00683594
-14
-0.0136719
-21
-0.0205078
-59
-0.0576172
-31
-0.0302734
30
0.0292969
-51
-0.0498047
8
0.0078125
-49
-0.0478516
-13
-0.0126953
51
0.0498047
-34
-0.0332031
15
0.0146484
6
0.00585938
12
0.0117188
-17
-0.0166016
10
0.00976562
-11
-0.0107422
-36
-0.0351562
8
0.0078125
-18
-0.0175781
-6
-0.00585938
-10
-0.00976562
-20
-0.0195312
-21
-0.0205078
3
0.00292969
-35
-0.0341797
-16
-0.015625
5
0.00488281
-2
-0.00195312
19
0.0185547
-15
-0.0146484
-50
-0.0488281
-5
-0.00488281
-8
-0.0078125
0
0
-37
-0.0361328
-20
-0.0195312
-48
-0.046875
-27
-0.0263672
6
0.00585938
26
0.0253906
5
0.00488281
-29
-0.0283203
6
0.00585938
27
0.0263672
15
0.0146484
7
0.00683594
-15
-0.0146484
-19
-0.0185547
15
0.0146484
29
0.0283203
6
0.00585938
-34
-0.0332031
-19
-0.0185547
-15
-0.0146484
49
0.0478516
-11
-0.0107422
-28
-0.0273438
-28
-0.0273438
21
0.0205078
14
0.0136719
16
0.015625
48
0.046875
-1
-0.000976562
71
0.0693359
23
0.0224609
26
0.0253906
-7
-0.00683594
52
0.0507812
-38
-0.0371094
-2
-0.00195312
38
0.0371094
52
0.0507812
59
0.0576172
-30
-0.0292969
33
0.0322266
16
0.015625
-36
-0.0351562
14
0.0136719
-12
-0.0117188
-26
-0.0253906
15
0.0146484
-28
-0.0273438
17
0.0166016
16
0.015625
18
0.0175781
-52
-0.0507812
-19
-0.0185547
6
0.00585938
18
0.0175781
35
0.0341797
17
0.0166016
-18
-0.0175781
-23
-0.0224609
22
0.0214844
-18
-0.0175781
48
0.046875
-58
-0.0566406
-18
-0.0175781
-12
-0.0117188
24
0.0234375
-37
-0.0361328
5
0.00488281
33
0.0322266
-42
-0.0410156
22
0.0214844
-33
-0.0322266
16
0.015625
-4
-0.00390625
12
0.0117188
-2
-0.00195312
12
0.0117188
-37
-0.0361328
17
0.0166016
7
0.00683594
13
0.0126953
-41
-0.0400391
-19
-0.0185547
-27
-0.0263672
-35
-0.0341797
26
0.0253906
-13
-0.0126953
27
0.0263672
-29
-0.0283203
54
0.0527344
-17
-0.0166016
28
0.0273438
-42
-0.0410156
31
0.0302734
17
0.0166016
-17
-0.0166016
-11
-0.0107422
18
0.0175781
-8
-0.0078125
2
0.00195312
36
0.0351562
7
0.00683594
-6
-0.00585938
-40
-0.0390625
-23
-0.0224609
69
0.0673828
-36
-0.0351562
35
0.0341797
-7
-0.00683594
37
0.0361328
-3
-0.00292969
8
0.0078125
12
0.0117188
26
0.0253906
11
0.0107422
55
0.0537109
-27
-0.0263672
24
0.0234375
55
0.0537109
3
0.00292969
-13
-0.0126953
21
0.0205078
-8
-0.0078125
-9
-0.00878906
-15
-0.0146484
22
0.0214844
11
0.0107422
-1
-0.000976562
42
0.0410156
-41
-0.0400391
7
0.00683594
-61
-0.0595703
-23
-0.0224609
-15
-0.0146484
-3
-0.00292969
8
0.0078125
-21
-0.0205078
-2
-0.00195312
-10
-0.00976562
24
0.0234375
5
0.00488281
7
0.00683594
9
0.00878906
8
0.0078125
23
0.0224609
-19
-0.0185547
-12
-0.0117188
-24
-0.0234375
4
0.00390625
28
0.0273438
-20
-0.0195312
7
0.00683594
-39
-0.0380859
6
0.00585938
17
0.0166016
-15
-0.0146484
-6
-0.00585938
32
0.03125
66
0.0644531
-6
-0.00585938
-25
-0.0244141
5
0.00488281
67
0.0654297
24
0.0234375
26
0.0253906
4
0.00390625
-37
-0.0361328
-40
-0.0390625
-10
-0.00976562
23
0.0224609
2
0.00195312
14
0.0136719
11
0.0107422
-8
-0.0078125
-16
-0.015625
-17
-0.0166016
-18
-0.0175781
38
0.0371094
-10
-0.00976562
-25
-0.0244141
-26
-0.0253906
-17
-0.0166016
-14
-0.0136719
-11
-0.0107422
36
0.0351562
10
0.00976562
26
0.0253906
25
0.0244141
-5
-0.00488281
23
0.0224609
11
0.0107422
56
0.0546875
-18
-0.0175781
22
0.0214844
-7
-0.00683594
20
0.0195312
18
0.0175781
0
0
57
0.0556641
70
0.0683594
0
0
-2
-0.00195312
36
0.0351562
-3
-0.00292969
-45
-0.0439453
38
0.0371094
25
0.0244141
19
0.0185547
-21
-0.0205078
-17
-0.0166016
-20
-0.0195312
-49
-0.0478516
16
0.015625
32
0.03125
1
0.000976562
22
0.0214844
41
0.0400391
-2
-0.00195312
-47
-0.0458984
-9
-0.00878906
13
0.0126953
-48
-0.046875
22
0.0214844
12
0.0117188
-7
-0.00683594
62
0.0605469
8
0.0078125
5
0.00488281
-31
-0.0302734
-3
-0.00292969
19
0.0185547
-34
-0.0332031
-11
-0.0107422
39
0.0380859
-9
-0.00878906
-23
-0.0224609
13
0.0126953
-38
-0.0371094
-18
-0.0175781
2
0.00195312
13
0.0126953
-8
-0.0078125
22
0.0214844
-30
-0.0292969
3
0.00292969
-19
-0.0185547
-28
-0.0273438
3
0.00292969
6
0.00585938
-13
-0.0126953
10
0.00976562
-46
-0.0449219
8
0.0078125
-31
-0.0302734
27
0.0263672
4
0.00390625
10
0.00976562
28
0.0273438
15
0.0146484
-2
-0.00195312
13
0.0126953
2
0.00195312
-1
-0.000976562
11
0.0107422
-9
-0.00878906
-12
-0.0117188
-59
-0.0576172
-32
-0.03125
-11
-0.0107422
15
0.0146484
33
0.0322266
1
0.000976562
-43
-0.0419922
-6
-0.00585938
-11
-0.0107422
-2
-0.00195312
-11
-0.0107422
-3
-0.00292969
-42
-0.0410156
3
0.00292969
14
0.0136719
-21
-0.0205078
-22
-0.0214844
33
0.0322266
25
0.0244141
55
0.0537109
7
0.00683594
-21
-0.0205078
37
0.0361328
0
0
-1
-0.000976562
5
0.00488281
10
0.00976562
-22
-0.0214844
4
0.00390625
27
0.0263672
-24
-0.0234375
6
0.00585938
-13
-0.0126953
-9
-0.00878906
48
0.046875
-24
-0.0234375
-35
-0.0341797
58
0.0566406
-9
-0.00878906
38
0.0371094
-32
-0.03125
36
0.0351562
-1
-0.000976562
-16
-0.015625
3
0.00292969
16
0.015625
24
0.0234375
-7
-0.00683594
-12
-0.0117188
-23
-0.0224609
-33
-0.0322266
-16
-0.015625
8
0.0078125
-12
-0.0117188
22
0.0214844
-3
-0.00292969
-30
-0.0292969
-43
-0.0419922
36
0.0351562
2
0.00195312
-15
-0.0146484
-10
-0.00976562
5
0.00488281
-63
-0.0615234
-2
-0.00195312
-8
-0.0078125
7
0.00683594
-56
-0.0546875
-45
-0.0439453
-4
-0.00390625
-22
-0.0214844
58
0.0566406
-42
-0.0410156
19
0.0185547
-14
-0.0136719
4
0.00390625
-5
-0.00488281
38
0.0371094
4
0.00390625
11
0.0107422
7
0.00683594
-25
-0.0244141
8
0.0078125
-16
-0.015625
75
0.0732422
48
0.046875
-30
-0.0292969
23
0.0224609
2
0.00195312
72
0.0703125
-3
-0.00292969
30
0.0292969
9
0.00878906
-33
-0.0322266
14
0.0136719
6
0.00585938
22
0.0214844
14
0.0136719
10
0.00976562
-51
-0.0498047
-3
-0.00292969
-29
-0.0283203
20
0.0195312
-14
-0.0136719
2
0.00195312
16
0.015625
-13
-0.0126953
2
0.00195312
-38
-0.0371094
-33
-0.0322266
20
0.0195312
-14
-0.0136719
41
0.0400391
14
0.0136719
-52
-0.0507812
-34
-0.0332031
-17
-0.0166016
-35
-0.0341797
-37
-0.0361328
29
0.0283203
35
0.0341797
22
0.0214844
-11
-0.0107422
-1
-0.000976562
-1
-0.000976562
-56
-0.0546875
-12
-0.0117188
2
0.00195312
60
0.0585938
4
0.00390625
45
0.0439453
4
0.00390625
-12
-0.0117188
6
0.00585938
-38
-0.0371094
10
0.00976562
-36
-0.0351562
-5
-0.00488281
40
0.0390625
-21
-0.0205078
35
0.0341797
43
0.0419922
-6
-0.00585938
85
0.0830078
-39
-0.0380859
-27
-0.0263672
-16
-0.015625
30
0.0292969
-2
-0.00195312
49
0.0478516
-6
-0.00585938
-36
-0.0351562
24
0.0234375
6
0.00585938
-14
-0.0136719
-22
-0.0214844
46
0.0449219
-36
-0.0351562
7
0.00683594
34
0.0332031
-14
-0.0136719
23
0.0224609
-13
-0.0126953
-39
-0.0380859
-50
-0.0488281
-8
-0.0078125
-31
-0.0302734
-35
-0.0341797
54
0.0527344
10
0.00976562
21
0.0205078
-40
-0.0390625
-29
-0.0283203
-11
-0.0107422
-8
-0.0078125
-9
-0.00878906
22
0.0214844
-21
-0.0205078
-35
-0.0341797
-3
-0.00292969
-7
-0.00683594
-1
-0.000976562
-34
-0.0332031
-12
-0.0117188
-8
-0.0078125
4
0.00390625
-3
-0.00292969
-73
-0.0712891
0
0
-25
-0.0244141
19
0.0185547
61
0.0595703
-16
-0.015625
34
0.0332031
14
0.0136719
29
0.0283203
-12
-0.0117188
2
0.00195312
32
0.03125
-26
-0.0253906
4
0.00390625
-62
-0.0605469
29
0.0283203
22
0.0214844
-4
-0.00390625
25
0.0244141
25
0.0244141
18
0.0175781
-79
-0.0771484
-20
-0.0195312
-48
-0.046875
26
0.0253906
-25
-0.0244141
-62
-0.0605469
0
0
-37
-0.0361328
24
0.0234375
14
0.0136719
13
0.0126953
-31
-0.0302734
-38
-0.0371094
4
0.00390625
20
0.0195312
-17
-0.0166016
13
0.0126953
-16
-0.015625
5
0.00488281
-19
-0.0185547
53
0.0517578
17
0.0166016
-11
-0.0107422
6
0.00585938
14
0.0136719
-59
-0.0576172
5
0.00488281
3
0.00292969
-21
-0.0205078
0
0
-4
-0.00390625
-56
-0.0546875
7
0.00683594
