-274
-0.0236513
-87
-0.00750971
117
0.0100993
-69
-0.00595598
-155
-0.0133794
-11
-0.000949504
-185
-0.0159689
24
0.00207164
46
0.00397065
3
0.000258956
-4
-0.000345274
-117
-0.0100993
55
0.00474752
104
0.00897713
-164
-0.0141562
39
0.00336642
258
0.0222702
-165
-0.0142426
259
0.0223565
-134
-0.0115667
-116
-0.0100129
-82
-0.00707812
-98
-0.00845921
71
0.00612861
-246
-0.0212344
124
0.0107035
-482
-0.0416055
-117
-0.0100993
41
0.00353906
61
0.00526543
78
0.00673284
18
0.00155373
-59
-0.00509279
-117
-0.0100993
153
0.0132067
21
0.00181269
0
0
-23
-0.00198533
266
0.0229607
52
0.00448856
-254
-0.0219249
-3
-0.000258956
372
0.0321105
-114
-0.00984031
-165
-0.0142426
26
0.00224428
-25
-0.00215796
-28
-0.00241692
-20
-0.00172637
-118
-0.0101856
136
0.0117393
166
0.0143289
2
0.000172637
116
0.0100129
-298
-0.0257229
35
0.00302115
-57
-0.00492016
-117
-0.0100993
153
0.0132067
115
0.00992663
415
0.0358222
-78
-0.00673284
-277
-0.0239102
-15
-0.00129478
26
0.00224428
-43
-0.0037117
66
0.00569702
-122
-0.0105309
-163
-0.0140699
-37
-0.00319379
-194
-0.0167458
120
0.0103582
-170
-0.0146741
17
0.00146741
-35
-0.00302115
-36
-0.00310747
172
0.0148468
239
0.0206301
67
0.00578334
52
0.00448856
39
0.00336642
16
0.0013811
-34
-0.00293483
137
0.0118256
-20
-0.00172637
0
0
-64
-0.00552438
-196
-0.0169184
77
0.00664653
12
0.00103582
5
0.000431593
-18
-0.00155373
78
0.00673284
-97
-0.0083729
-10
-0.000863185
-64
-0.00552438
-334
-0.0288304
44
0.00379801
-9
-0.000776867
145
0.0125162
-25
-0.00215796
-63
-0.00543807
137
0.0118256
33
0.00284851
-125
-0.0107898
68
0.00586966
-236
-0.0203712
-36
-0.00310747
-23
-0.00198533
-186
-0.0160552
-103
-0.00889081
-28
-0.00241692
-183
-0.0157963
282
0.0243418
-67
-0.00578334
5
0.000431593
-202
-0.0174363
39
0.00336642
-224
-0.0193353
118
0.0101856
-147
-0.0126888
18
0.00155373
-65
-0.0056107
-49
-0.00422961
96
0.00828658
-119
-0.0102719
88
0.00759603
29
0.00250324
-89
-0.00768235
6
0.000517911
31
0.00267587
-250
-0.0215796
50
0.00431593
-34
-0.00293483
-94
-0.00811394
-86
-0.00742339
155
0.0133794
-75
-0.00647389
-135
-0.011653
-107
-0.00923608
-122
-0.0105309
107
0.00923608
-12
-0.00103582
-93
-0.00802762
100
0.00863185
-89
-0.00768235
-405
-0.034959
146
0.0126025
-162
-0.0139836
21
0.00181269
-36
-0.00310747
243
0.0209754
-65
-0.0056107
-213
-0.0183858
236
0.0203712
139
0.0119983
74
0.00638757
-158
-0.0136383
-150
-0.0129478
-141
-0.0121709
-138
-0.011912
102
0.00880449
-95
-0.00820026
31
0.00267587
42
0.00362538
-149
-0.0128615
168
0.0145015
101
0.00871817
149
0.0128615
-194
-0.0167458
-25
-0.00215796
-71
-0.00612861
-226
-0.019508
-47
-0.00405697
132
0.011394
-26
-0.00224428
26
0.00224428
15
0.00129478
-96
-0.00828658
-72
-0.00621493
168
0.0145015
-84
-0.00725076
80
0.00690548
-73
-0.00630125
-96
-0.00828658
56
0.00483384
69
0.00595598
9
0.000776867
72
0.00621493
117
0.0100993
-124
-0.0107035
-71
-0.00612861
124
0.0107035
-43
-0.0037117
-144
-0.0124299
48
0.00414329
13
0.00112214
-24
-0.00207164
-108
-0.0093224
-1
-8.63185e-05
-80
-0.00690548
-65
-0.0056107
-36
-0.00310747
-53
-0.00457488
-56
-0.00483384
85
0.00733707
51
0.00440224
84
0.00725076
-251
-0.0216659
-118
-0.0101856
-44
-0.00379801
62
0.00535175
365
0.0315063
-134
-0.0115667
92
0.0079413
188
0.0162279
57
0.00492016
33
0.00284851
175
0.0151057
-142
-0.0122572
-223
-0.019249
35
0.00302115
-32
-0.00276219
-141
-0.0121709
110
0.00949504
-26
-0.00224428
272
0.0234786
122
0.0105309
-196
-0.0169184
-177
-0.0152784
-95
-0.00820026
27
0.0023306
311
0.0268451
27
0.0023306
167
0.0144152
55
0.00474752
16
0.0013811
6
0.000517911
139
0.0119983
126
0.0108761
234
0.0201985
105
0.00906344
-32
-0.00276219
-97
-0.0083729
-129
-0.0111351
-94
-0.00811394
-138
-0.011912
190
0.0164005
223
0.019249
-29
-0.00250324
-9
-0.000776867
-100
-0.00863185
-96
-0.00828658
-125
-0.0107898
118
0.0101856
124
0.0107035
-46
-0.00397065
-96
-0.00828658
-170
-0.0146741
-117
-0.0100993
17
0.00146741
146
0.0126025
54
0.0046612
115
0.00992663
-178
-0.0153647
65
0.0056107
253
0.0218386
141
0.0121709
-181
-0.0156237
-50
-0.00431593
314
0.027104
109
0.00940872
124
0.0107035
-73
-0.00630125
100
0.00863185
4
0.000345274
-25
-0.00215796
-67
-0.00578334
59
0.00509279
-113
-0.00975399
-81
-0.0069918
160
0.013811
270
0.023306
56
0.00483384
337
0.0290893
77
0.00664653
-104
-0.00897713
-60
-0.00517911
-271
-0.0233923
143
0.0123435
206
0.0177816
31
0.00267587
-49
-0.00422961
-55
-0.00474752
-176
-0.0151921
115
0.00992663
270
0.023306
128
0.0110488
-405
-0.034959
44
0.00379801
149
0.0128615
6
0.000517911
242
0.0208891
-208
-0.0179543
-161
-0.0138973
89
0.00768235
-139
-0.0119983
183
0.0157963
7
0.00060423
30
0.00258956
193
0.0166595
-35
-0.00302115
2
0.000172637
41
0.00353906
167
0.0144152
-3
-0.000258956
154
0.0132931
56
0.00483384
97
0.0083729
6
0.000517911
262
0.0226155
-92
-0.0079413
129
0.0111351
-53
-0.00457488
-215
-0.0185585
-3
-0.000258956
140
0.0120846
-24
-0.00207164
184
0.0158826
-20
-0.00172637
-93
-0.00802762
5
0.000431593
-106
-0.00914976
-132
-0.011394
0
0
-108
-0.0093224
52
0.00448856
-75
-0.00647389
-295
-0.025464
-25
-0.00215796
-314
-0.027104
-83
-0.00716444
-108
-0.0093224
45
0.00388433
-99
-0.00854553
-16
-0.0013811
117
0.0100993
-113
-0.00975399
28
0.00241692
-83
-0.00716444
332
0.0286577
-19
-0.00164005
-282
-0.0243418
75
0.00647389
75
0.00647389
-153
-0.0132067
64
0.00552438
-48
-0.00414329
95
0.00820026
-123
-0.0106172
86
0.00742339
-22
-0.00189901
41
0.00353906
69
0.00595598
-2
-0.000172637
56
0.00483384
353
0.0304704
98
0.00845921
-75
-0.00647389
326
0.0281398
-293
-0.0252913
58
0.00500647
-175
-0.0151057
148
0.0127751
-36
-0.00310747
159
0.0137246
-89
-0.00768235
88
0.00759603
39
0.00336642
-8
-0.000690548
103
0.00889081
215
0.0185585
-90
-0.00776867
82
0.00707812
26
0.00224428
50
0.00431593
-86
-0.00742339
-82
-0.00707812
-20
-0.00172637
-282
-0.0243418
-68
-0.00586966
128
0.0110488
-249
-0.0214933
-58
-0.00500647
163
0.0140699
-82
-0.00707812
158
0.0136383
47
0.00405697
-20
-0.00172637
-166
-0.0143289
-26
-0.00224428
51
0.00440224
179
0.015451
26
0.00224428
-170
-0.0146741
132
0.011394
147
0.0126888
-196
-0.0169184
35
0.00302115
-62
-0.00535175
199
0.0171774
96
0.00828658
2
0.000172637
169
0.0145878
20
0.00172637
-60
-0.00517911
66
0.00569702
187
0.0161416
-290
-0.0250324
280
0.0241692
-495
-0.0427277
-81
-0.0069918
-166
-0.0143289
174
0.0150194
-138
-0.011912
-3
-0.000258956
-46
-0.00397065
-156
-0.0134657
312
0.0269314
-107
-0.00923608
-189
-0.0163142
-80
-0.00690548
-25
-0.00215796
21
0.00181269
-106
-0.00914976
214
0.0184722
170
0.0146741
-83
-0.00716444
122
0.0105309
9
0.000776867
356
0.0307294
-90
-0.00776867
33
0.00284851
-1
-8.63185e-05
152
0.0131204
-12
-0.00103582
-147
-0.0126888
4
0.000345274
80
0.00690548
-40
-0.00345274
-69
-0.00595598
-139
-0.0119983
138
0.011912
65
0.0056107
109
0.00940872
69
0.00595598
-96
-0.00828658
100
0.00863185
-65
-0.0056107
46
0.00397065
149
0.0128615
71
0.00612861
-1
-8.63185e-05
-26
-0.00224428
-210
-0.0181269
-40
-0.00345274
204
0.017609
3
0.000258956
82
0.00707812
-189
-0.0163142
126
0.0108761
-4
-0.000345274
225
0.0194217
64
0.00552438
-112
-0.00966767
136
0.0117393
208
0.0179543
148
0.0127751
-359
-0.0309883
48
0.00414329
-56
-0.00483384
-67
-0.00578334
310
0.0267587
92
0.0079413
-61
-0.00526543
107
0.00923608
74
0.00638757
123
0.0106172
18
0.00155373
124
0.0107035
193
0.0166595
-47
-0.00405697
-63
-0.00543807
-83
-0.00716444
277
0.0239102
-80
-0.00690548
257
0.0221839
-72
-0.00621493
136
0.0117393
-76
-0.00656021
455
0.0392749
18
0.00155373
-7
-0.00060423
34
0.00293483
53
0.00457488
73
0.00630125
62
0.00535175
96
0.00828658
-179
-0.015451
-62
-0.00535175
-37
-0.00319379
-78
-0.00673284
21
0.00181269
-63
-0.00543807
24
0.00207164
35
0.00302115
-186
-0.0160552
-97
-0.0083729
65
0.0056107
88
0.00759603
385
0.0332326
-66
-0.00569702
-102
-0.00880449
-67
-0.00578334
149
0.0128615
2
0.000172637
-38
-0.0032801
-170
-0.0146741
88
0.00759603
14
0.00120846
-244
-0.0210617
-129
-0.0111351
-88
-0.00759603
163
0.0140699
306
0.0264135
-86
-0.00742339
-266
-0.0229607
-1
-8.63185e-05
-104
-0.00897713
-16
-0.0013811
233
0.0201122
-30
-0.00258956
163
0.0140699
-9
-0.000776867
-12
-0.00103582
77
0.00664653
-293
-0.0252913
-7
-0.00060423
196
0.0169184
41
0.00353906
-52
-0.00448856
-130
-0.0112214
-387
-0.0334053
-93
-0.00802762
-128
-0.0110488
-87
-0.00750971
235
0.0202849
-96
-0.00828658
207
0.0178679
-163
-0.0140699
103
0.00889081
65
0.0056107
96
0.00828658
73
0.00630125
252
0.0217523
-26
-0.00224428
331
0.0285714
40
0.00345274
-144
-0.0124299
249
0.0214933
-219
-0.0189038
164
0.0141562
328
0.0283125
-34
-0.00293483
94
0.00811394
-34
-0.00293483
216
0.0186448
89
0.00768235
91
0.00785498
-2
-0.000172637
-3
-0.000258956
66
0.00569702
-132
-0.011394
-74
-0.00638757
-45
-0.00388433
-40
-0.00345274
-254
-0.0219249
-31
-0.00267587
-231
-0.0199396
197
0.0170047
76
0.00656021
-146
-0.0126025
-301
-0.0259819
22
0.00189901
-38
-0.0032801
180
0.0155373
-264
-0.0227881
29
0.00250324
124
0.0107035
3
0.000258956
-36
-0.00310747
-81
-0.0069918
160
0.013811
-170
-0.0146741
-348
-0.0300388
159
0.0137246
-226
-0.019508
207
0.0178679
83
0.00716444
129
0.0111351
-139
-0.0119983
80
0.00690548
48
0.00414329
15
0.00129478
14
0.00120846
-6
-0.000517911
-73
-0.00630125
30
0.00258956
-61
-0.00526543
107
0.00923608
12
0.00103582
47
0.00405697
-222
-0.0191627
92
0.0079413
169
0.0145878
-104
-0.00897713
-126
-0.0108761
-28
-0.00241692
21
0.00181269
24
0.00207164
-47
-0.00405697
-28
-0.00241692
-177
-0.0152784
65
0.0056107
305
0.0263271
7
0.00060423
105
0.00906344
26
0.00224428
-29
-0.00250324
124
0.0107035
-394
-0.0340095
132
0.011394
196
0.0169184
-173
-0.0149331
-95
-0.00820026
-18
-0.00155373
42
0.00362538
1
8.63185e-05
-43
-0.0037117
45
0.00388433
-396
-0.0341821
111
0.00958136
-60
-0.00517911
47
0.00405697
-31
-0.00267587
20
0.00172637
73
0.00630125
-16
-0.0013811
80
0.00690548
-196
-0.0169184
154
0.0132931
-77
-0.00664653
291
0.0251187
-17
-0.00146741
-25
-0.00215796
-19
-0.00164005
-298
-0.0257229
82
0.00707812
24
0.00207164
20
0.00172637
103
0.00889081
-114
-0.00984031
-33
-0.00284851
86
0.00742339
348
0.0300388
51
0.00440224
250
0.0215796
-46
-0.00397065
-55
-0.00474752
33
0.00284851
53
0.00457488
8
0.000690548
218
0.0188174
-97
-0.0083729
218
0.0188174
-31
-0.00267587
114
0.00984031
-131
-0.0113077
127
0.0109625
13
0.00112214
-91
-0.00785498
33
0.00284851
-188
-0.0162279
-3
-0.000258956
-64
-0.00552438
36
0.00310747
291
0.0251187
-1
-8.63185e-05
39
0.00336642
121
0.0104445
-190
-0.0164005
111
0.00958136
291
0.0251187
107
0.00923608
-45
-0.00388433
-38
-0.0032801
61
0.00526543
-47
-0.00405697
-260
-0.0224428
262
0.0226155
164
0.0141562
110
0.00949504
-68
-0.00586966
39
0.00336642
-12
-0.00103582
16
0.0013811
-176
-0.0151921
85
0.00733707
92
0.0079413
47
0.00405697
-108
-0.0093224
-7
-0.00060423
106
0.00914976
104
0.00897713
92
0.0079413
95
0.00820026
-186
-0.0160552
-15
-0.00129478
50
0.00431593
1
8.63185e-05
-123
-0.0106172
21
0.00181269
265
0.0228744
11
0.000949504
13
0.00112214
-24
-0.00207164
177
0.0152784
-99
-0.00854553
-178
-0.0153647
28
0.00241692
-83
-0.00716444
-44
-0.00379801
-11
-0.000949504
136
0.0117393
228
0.0196806
131
0.0113077
-113
-0.00975399
-86
-0.00742339
-220
-0.0189901
8
0.000690548
-164
-0.0141562
2
0.000172637
230
0.0198533
-37
-0.00319379
138
0.011912
-173
-0.0149331
-40
-0.00345274
84
0.00725076
-45
-0.00388433
189
0.0163142
70
0.0060423
-78
-0.00673284
143
0.0123435
-88
-0.00759603
-124
-0.0107035
-17
-0.00146741
51
0.00440224
-77
-0.00664653
-147
-0.0126888
137
0.0118256
-5
-0.000431593
75
0.00647389
-178
-0.0153647
-50
-0.00431593
-8
-0.000690548
-44
-0.00379801
76
0.00656021
-164
-0.0141562
148
0.0127751
107
0.00923608
-142
-0.0122572
185
0.0159689
65
0.0056107
-170
-0.0146741
-198
-0.0170911
-37
-0.00319379
111
0.00958136
226
0.019508
-108
-0.0093224
-21
-0.00181269
7
0.00060423
81
0.0069918
22
0.00189901
53
0.00457488
196
0.0169184
108
0.0093224
-143
-0.0123435
62
0.00535175
20
0.00172637
-132
-0.011394
173
0.0149331
111
0.00958136
93
0.00802762
-65
-0.0056107
129
0.0111351
-33
-0.00284851
-107
-0.00923608
-101
-0.00871817
-136
-0.0117393
140
0.0120846
-151
-0.0130341
-132
-0.011394
-51
-0.00440224
1
8.63185e-05
152
0.0131204
2
0.000172637
-207
-0.0178679
169
0.0145878
-383
-0.03306
19
0.00164005
-24
-0.00207164
-4
-0.000345274
14
0.00120846
-161
-0.0138973
-263
-0.0227018
-191
-0.0164868
127
0.0109625
-139
-0.0119983
-250
-0.0215796
26
0.00224428
234
0.0201985
-53
-0.00457488
-18
-0.00155373
-20
-0.00172637
-109
-0.00940872
-36
-0.00310747
76
0.00656021
-8
-0.000690548
56
0.00483384
-143
-0.0123435
-59
-0.00509279
116
0.0100129
-168
-0.0145015
80
0.00690548
-234
-0.0201985
-14
-0.00120846
74
0.00638757
114
0.00984031
-195
-0.0168321
36
0.00310747
116
0.0100129
27
0.0023306
176
0.0151921
168
0.0145015
-592
-0.0511006
89
0.00768235
-4
-0.000345274
109
0.00940872
186
0.0160552
108
0.0093224
167
0.0144152
115
0.00992663
189
0.0163142
94
0.00811394
-136
-0.0117393
2
0.000172637
-187
-0.0161416
-80
-0.00690548
-59
-0.00509279
39
0.00336642
-246
-0.0212344
17
0.00146741
56
0.00483384
104
0.00897713
-49
-0.00422961
86
0.00742339
413
0.0356495
-21
-0.00181269
-47
-0.00405697
42
0.00362538
-309
-0.0266724
-92
-0.0079413
-169
-0.0145878
-66
-0.00569702
-209
-0.0180406
-90
-0.00776867
-212
-0.0182995
129
0.0111351
-324
-0.0279672
-79
-0.00681916
-204
-0.017609
-65
-0.0056107
-217
-0.0187311
142
0.0122572
-16
-0.0013811
116
0.0100129
-160
-0.013811
83
0.00716444
62
0.00535175
-46
-0.00397065
147
0.0126888
48
0.00414329
-60
-0.00517911
-42
-0.00362538
-102
-0.00880449
-25
-0.00215796
212
0.0182995
16
0.0013811
10
0.000863185
-91
-0.00785498
-257
-0.0221839
57
0.00492016
104
0.00897713
-54
-0.0046612
-40
-0.00345274
-90
-0.00776867
181
0.0156237
23
0.00198533
270
0.023306
7
0.00060423
123
0.0106172
-167
-0.0144152
-55
-0.00474752
43
0.0037117
-169
-0.0145878
135
0.011653
74
0.00638757
-20
-0.00172637
-125
-0.0107898
-15
-0.00129478
50
0.00431593
-20
-0.00172637
-54
-0.0046612
19
0.00164005
-137
-0.0118256
-114
-0.00984031
-53
-0.00457488
-171
-0.0147605
38
0.0032801
-118
-0.0101856
-197
-0.0170047
-53
-0.00457488
-21
-0.00181269
-60
-0.00517911
-223
-0.019249
-234
-0.0201985
-89
-0.00768235
31
0.00267587
70
0.0060423
129
0.0111351
-37
-0.00319379
-125
-0.0107898
-303
-0.0261545
166
0.0143289
-83
-0.00716444
154
0.0132931
212
0.0182995
-53
-0.00457488
30
0.00258956
-5
-0.000431593
-218
-0.0188174
-33
-0.00284851
17
0.00146741
-136
-0.0117393
-106
-0.00914976
-52
-0.00448856
-294
-0.0253776
-17
-0.00146741
-15
-0.00129478
-132
-0.011394
-138
-0.011912
16
0.0013811
201
0.01735
56
0.00483384
262
0.0226155
-137
-0.0118256
251
0.0216659
24
0.00207164
-216
-0.0186448
55
0.00474752
-150
-0.0129478
32
0.00276219
-279
-0.0240829
-126
-0.0108761
-140
-0.0120846
-150
-0.0129478
-331
-0.0285714
97
0.0083729
-137
-0.0118256
19
0.00164005
151
0.0130341
-48
-0.00414329
192
0.0165732
40
0.00345274
341
0.0294346
125
0.0107898
141
0.0121709
-67
-0.00578334
58
0.00500647
130
0.0112214
133
0.0114804
63
0.00543807
-199
-0.0171774
182
0.01571
238
0.0205438
29
0.00250324
186
0.0160552
-159
-0.0137246
-83
-0.00716444
-136
-0.0117393
-224
-0.0193353
25
0.00215796
-233
-0.0201122
3
0.000258956
44
0.00379801
-96
-0.00828658
-91
-0.00785498
-10
-0.000863185
4
0.000345274
-56
-0.00483384
-226
-0.019508
-30
-0.00258956
-81
-0.0069918
-26
-0.00224428
-302
-0.0260682
82
0.00707812
128
0.0110488
-70
-0.0060423
-260
-0.0224428
-24
-0.00207164
-58
-0.00500647
64
0.00552438
-192
-0.0165732
46
0.00397065
-10
-0.000863185
-212
-0.0182995
98
0.00845921
201
0.01735
95
0.00820026
-3
-0.000258956
432
0.0372896
18
0.00155373
-95
-0.00820026
-88
-0.00759603
72
0.00621493
175
0.0151057
136
0.0117393
123
0.0106172
-80
-0.00690548
219
0.0189038
93
0.00802762
86
0.00742339
-177
-0.0152784
37
0.00319379
219
0.0189038
-158
-0.0136383
170
0.0146741
-35
-0.00302115
-264
-0.0227881
-65
-0.0056107
-73
-0.00630125
-98
-0.00845921
-22
-0.00189901
156
0.0134657
-205
-0.0176953
-92
-0.0079413
259
0.0223565
-260
-0.0224428
39
0.00336642
77
0.00664653
12
0.00103582
-18
-0.00155373
-221
-0.0190764
72
0.00621493
-248
-0.021407
60
0.00517911
22
0.00189901
-32
-0.00276219
99
0.00854553
27
0.0023306
-187
-0.0161416
-234
-0.0201985
-51
-0.00440224
-38
-0.0032801
-296
-0.0255503
-83
-0.00716444
175
0.0151057
57
0.00492016
192
0.0165732
-43
-0.0037117
12
0.00103582
71
0.00612861
-105
-0.00906344
90
0.00776867
-356
-0.0307294
133
0.0114804
-56
-0.00483384
-25
-0.00215796
-291
-0.0251187
132
0.011394
198
0.0170911
-11
-0.000949504
38
0.0032801
10
0.000863185
-89
-0.00768235
104
0.00897713
61
0.00526543
120
0.0103582
-125
-0.0107898
6
0.000517911
12
0.00103582
91
0.00785498
420
0.0362538
-61
-0.00526543
218
0.0188174
-54
-0.0046612
218
0.0188174
-60
-0.00517911
232
0.0200259
55
0.00474752
346
0.0298662
-61
-0.00526543
-101
-0.00871817
-143
-0.0123435
3
0.000258956
27
0.0023306
79
0.00681916
26
0.00224428
-46
-0.00397065
-44
-0.00379801
-163
-0.0140699
-22
-0.00189901
-25
-0.00215796
29
0.00250324
-157
-0.013552
-4
-0.000345274
-133
-0.0114804
-191
-0.0164868
102
0.00880449
-22
-0.00189901
65
0.0056107
-90
-0.00776867
-24
-0.00207164
82
0.00707812
82
0.00707812
-17
-0.00146741
234
0.0201985
112
0.00966767
43
0.0037117
9
0.000776867
78
0.00673284
-111
-0.00958136
-309
-0.0266724
209
0.0180406
119
0.0102719
-58
-0.00500647
-54
-0.0046612
-152
-0.0131204
170
0.0146741
-19
-0.00164005
-57
-0.00492016
27
0.0023306
47
0.00405697
12
0.00103582
218
0.0188174
28
0.00241692
-203
-0.0175227
-1
-8.63185e-05
138
0.011912
-216
-0.0186448
107
0.00923608
160
0.013811
332
0.0286577
82
0.00707812
89
0.00768235
-117
-0.0100993
183
0.0157963
-24
-0.00207164
5
0.000431593
-5
-0.000431593
25
0.00215796
108
0.0093224
-274
-0.0236513
-174
-0.0150194
86
0.00742339
121
0.0104445
389
0.0335779
-26
-0.00224428
-155
-0.0133794
5
0.000431593
-103
-0.00889081
-141
-0.0121709
-557
-0.0480794
42
0.00362538
91
0.00785498
115
0.00992663
87
0.00750971
-13
-0.00112214
-280
-0.0241692
57
0.00492016
383
0.03306
93
0.00802762
-181
-0.0156237
30
0.00258956
34
0.00293483
123
0.0106172
-82
-0.00707812
128
0.0110488
29
0.00250324
17
0.00146741
-201
-0.01735
48
0.00414329
389
0.0335779
112
0.00966767
-41
-0.00353906
4
0.000345274
-41
-0.00353906
-49
-0.00422961
103
0.00889081
-87
-0.00750971
-110
-0.00949504
-107
-0.00923608
-19
-0.00164005
14
0.00120846
-242
-0.0208891
-48
-0.00414329
110
0.00949504
13
0.00112214
-334
-0.0288304
151
0.0130341
10
0.000863185
-45
-0.00388433
-179
-0.015451
217
0.0187311
19
0.00164005
93
0.00802762
-24
-0.00207164
86
0.00742339
225
0.0194217
-15
-0.00129478
248
0.021407
102
0.00880449
-69
-0.00595598
53
0.00457488
142
0.0122572
-144
-0.0124299
-123
-0.0106172
40
0.00345274
39
0.00336642
-124
-0.0107035
77
0.00664653
42
0.00362538
209
0.0180406
-9
-0.000776867
231
0.0199396
-344
-0.0296936
92
0.0079413
-23
-0.00198533
13
0.00112214
4
0.000345274
22
0.00189901
-154
-0.0132931
200
0.0172637
-113
-0.00975399
-78
-0.00673284
28
0.00241692
-113
-0.00975399
-171
-0.0147605
-4
-0.000345274
15
0.00129478
302
0.0260682
136
0.0117393
-55
-0.00474752
-96
-0.00828658
-36
-0.00310747
135
0.011653
187
0.0161416
3
0.000258956
261
0.0225291
-38
-0.0032801
-224
-0.0193353
65
0.0056107
15
0.00129478
156
0.0134657
-138
-0.011912
142
0.0122572
29
0.00250324
-122
-0.0105309
-286
-0.0246871
115
0.00992663
-184
-0.0158826
13
0.00112214
-37
-0.00319379
-156
-0.0134657
114
0.00984031
-77
-0.00664653
-137
-0.0118256
-183
-0.0157963
-53
-0.00457488
-24
-0.00207164
15
0.00129478
-187
-0.0161416
74
0.00638757
-6
-0.000517911
-242
-0.0208891
-34
-0.00293483
11
0.000949504
-59
-0.00509279
-212
-0.0182995
48
0.00414329
345
0.0297799
106
0.00914976
-76
-0.00656021
-23
-0.00198533
-216
-0.0186448
-189
-0.0163142
178
0.0153647
124
0.0107035
-44
-0.00379801
192
0.0165732
184
0.0158826
-61
-0.00526543
-18
-0.00155373
53
0.00457488
83
0.00716444
127
0.0109625
13
0.00112214
-6
-0.000517911
90
0.00776867
37
0.00319379
34
0.00293483
44
0.00379801
-11
-0.000949504
-78
-0.00673284
192
0.0165732
-36
-0.00310747
53
0.00457488
32
0.00276219
98
0.00845921
63
0.00543807
57
0.00492016
99
0.00854553
-3
-0.000258956
-137
-0.0118256
-56
-0.00483384
30
0.00258956
-33
-0.00284851
86
0.00742339
-240
-0.0207164
23
0.00198533
-70
-0.0060423
-67
-0.00578334
-194
-0.0167458
-3
-0.000258956
189
0.0163142
106
0.00914976
-48
-0.00414329
64
0.00552438
-39
-0.00336642
-57
-0.00492016
-45
-0.00388433
-140
-0.0120846
-66
-0.00569702
-24
-0.00207164
328
0.0283125
-96
-0.00828658
135
0.011653
26
0.00224428
277
0.0239102
177
0.0152784
228
0.0196806
-57
-0.00492016
12
0.00103582
-8
-0.000690548
196
0.0169184
56
0.00483384
-201
-0.01735
10
0.000863185
48
0.00414329
104
0.00897713
299
0.0258092
156
0.0134657
98
0.00845921
-36
-0.00310747
47
0.00405697
-222
-0.0191627
103
0.00889081
-44
-0.00379801
276
0.0238239
85
0.00733707
-176
-0.0151921
-5
-0.000431593
121
0.0104445
179
0.015451
-63
-0.00543807
-74
-0.00638757
108
0.0093224
14
0.00120846
157
0.013552
-105
-0.00906344
-294
-0.0253776
39
0.00336642
-112
-0.00966767
148
0.0127751
-69
-0.00595598
105
0.00906344
-82
-0.00707812
-101
-0.00871817
-186
-0.0160552
53
0.00457488
-95
-0.00820026
28
0.00241692
-87
-0.00750971
184
0.0158826
-133
-0.0114804
27
0.0023306
-429
-0.0370306
-85
-0.00733707
34
0.00293483
-24
-0.00207164
89
0.00768235
28
0.00241692
-238
-0.0205438
-70
-0.0060423
-42
-0.00362538
-11
-0.000949504
-274
-0.0236513
93
0.00802762
71
0.00612861
17
0.00146741
109
0.00940872
-3
-0.000258956
-294
-0.0253776
98
0.00845921
46
0.00397065
110
0.00949504
-120
-0.0103582
44
0.00379801
-35
-0.00302115
-38
-0.0032801
138
0.011912
-64
-0.00552438
-59
-0.00509279
186
0.0160552
140
0.0120846
77
0.00664653
-97
-0.0083729
22
0.00189901
16
0.0013811
-103
-0.00889081
-347
-0.0299525
117
0.0100993
-10
-0.000863185
-132
-0.011394
150
0.0129478
-90
-0.00776867
-93
-0.00802762
-45
-0.00388433
18
0.00155373
154
0.0132931
207
0.0178679
45
0.00388433
-70
-0.0060423
-83
-0.00716444
120
0.0103582
145
0.0125162
-13
-0.00112214
-194
-0.0167458
-200
-0.0172637
-92
-0.0079413
-142
-0.0122572
-4
-0.000345274
-106
-0.00914976
211
0.0182132
-233
-0.0201122
151
0.0130341
277
0.0239102
28
0.00241692
-207
-0.0178679
-78
-0.00673284
-193
-0.0166595
130
0.0112214
-135
-0.011653
-44
-0.00379801
99
0.00854553
54
0.0046612
143
0.0123435
23
0.00198533
122
0.0105309
81
0.0069918
136
0.0117393
-27
-0.0023306
-313
-0.0270177
-105
-0.00906344
-45
-0.00388433
-53
-0.00457488
-248
-0.021407
95
0.00820026
233
0.0201122
6
0.000517911
-162
-0.0139836
31
0.00267587
271
0.0233923
-66
-0.00569702
108
0.0093224
24
0.00207164
-245
-0.021148
-129
-0.0111351
485
0.0418645
-229
-0.0197669
140
0.0120846
-32
-0.00276219
-28
-0.00241692
72
0.00621493
120
0.0103582
182
0.01571
8
0.000690548
-65
-0.0056107
-92
-0.0079413
-119
-0.0102719
223
0.019249
-71
-0.00612861
-144
-0.0124299
147
0.0126888
48
0.00414329
0
0
-10
-0.000863185
-84
-0.00725076
15
0.00129478
28
0.00241692
-63
-0.00543807
-221
-0.0190764
66
0.00569702
75
0.00647389
124
0.0107035
127
0.0109625
215
0.0185585
177
0.0152784
-213
-0.0183858
22
0.00189901
217
0.0187311
-38
-0.0032801
-67
-0.00578334
115
0.00992663
-43
-0.0037117
62
0.00535175
76
0.00656021
-88
-0.00759603
167
0.0144152
-138
-0.011912
49
0.00422961
43
0.0037117
-60
-0.00517911
132
0.011394
-63
-0.00543807
-30
-0.00258956
56
0.00483384
72
0.00621493
134
0.0115667
260
0.0224428
-45
-0.00388433
-143
-0.0123435
-34
-0.00293483
-74
-0.00638757
63
0.00543807
-82
-0.00707812
254
0.0219249
-18
-0.00155373
-269
-0.0232197
73
0.00630125
-34
-0.00293483
-82
-0.00707812
314
0.027104
-196
-0.0169184
-23
-0.00198533
-196
-0.0169184
246
0.0212344
110
0.00949504
72
0.00621493
47
0.00405697
211
0.0182132
20
0.00172637
-322
-0.0277946
44
0.00379801
-97
-0.0083729
-131
-0.0113077
-194
-0.0167458
-56
-0.00483384
-63
-0.00543807
146
0.0126025
15
0.00129478
-4
-0.000345274
-74
-0.00638757
115
0.00992663
-177
-0.0152784
6
0.000517911
145
0.0125162
8
0.000690548
-77
-0.00664653
-55
-0.00474752
-236
-0.0203712
104
0.00897713
-158
-0.0136383
-78
-0.00673284
110
0.00949504
136
0.0117393
-75
-0.00647389
62
0.00535175
-215
-0.0185585
44
0.00379801
279
0.0240829
-19
-0.00164005
35
0.00302115
-38
-0.0032801
67
0.00578334
0
0
429
0.0370306
28
0.00241692
-61
-0.00526543
57
0.00492016
-339
-0.029262
-223
-0.019249
91
0.00785498
5
0.000431593
35
0.00302115
-146
-0.0126025
35
0.00302115
-23
-0.00198533
-102
-0.00880449
71
0.00612861
91
0.00785498
60
0.00517911
-8
-0.000690548
-34
-0.00293483
106
0.00914976
-183
-0.0157963
-180
-0.0155373
-47
-0.00405697
60
0.00517911
-5
-0.000431593
-117
-0.0100993
-10
-0.000863185
0
0
-117
-0.0100993
66
0.00569702
7
0.00060423
141
0.0121709
-122
-0.0105309
93
0.00802762
52
0.00448856
-6
-0.000517911
-26
-0.00224428
-67
-0.00578334
-7
-0.00060423
-351
-0.0302978
42
0.00362538
202
0.0174363
-199
-0.0171774
-95
-0.00820026
33
0.00284851
14
0.00120846
-213
-0.0183858
-38
-0.0032801
-258
-0.0222702
-348
-0.0300388
136
0.0117393
94
0.00811394
-152
-0.0131204
86
0.00742339
151
0.0130341
92
0.0079413
-4
-0.000345274
-350
-0.0302115
138
0.011912
-44
-0.00379801
-54
-0.0046612
137
0.0118256
131
0.0113077
-90
-0.00776867
-82
-0.00707812
-339
-0.029262
-230
-0.0198533
-53
-0.00457488
205
0.0176953
-140
-0.0120846
-90
-0.00776867
169
0.0145878
-17
-0.00146741
-131
-0.0113077
-43
-0.0037117
8
0.000690548
147
0.0126888
-145
-0.0125162
158
0.0136383
183
0.0157963
37
0.00319379
20
0.00172637
-109
-0.00940872
40
0.00345274
102
0.00880449
403
0.0347864
22
0.00189901
211
0.0182132
-302
-0.0260682
-25
-0.00215796
23
0.00198533
108
0.0093224
30
0.00258956
-404
-0.0348727
-94
-0.00811394
-153
-0.0132067
215
0.0185585
352
0.0303841
47
0.00405697
-10
-0.000863185
45
0.00388433
31
0.00267587
222
0.0191627
-239
-0.0206301
4
0.000345274
241
0.0208028
-50
-0.00431593
350
0.0302115
190
0.0164005
165
0.0142426
159
0.0137246
-200
-0.0172637
57
0.00492016
170
0.0146741
8
0.000690548
77
0.00664653
41
0.00353906
-44
-0.00379801
239
0.0206301
184
0.0158826
2
0.000172637
-345
-0.0297799
-37
-0.00319379
-278
-0.0239965
5
0.000431593
-320
-0.0276219
50
0.00431593
27
0.0023306
-39
-0.00336642
-53
-0.00457488
36
0.00310747
-177
-0.0152784
79
0.00681916
-276
-0.0238239
232
0.0200259
63
0.00543807
-146
-0.0126025
321
0.0277082
-110
-0.00949504
149
0.0128615
57
0.00492016
-127
-0.0109625
1
8.63185e-05
75
0.00647389
-8
-0.000690548
-156
-0.0134657
-1
-8.63185e-05
-143
-0.0123435
-123
-0.0106172
-105
-0.00906344
95
0.00820026
72
0.00621493
-120
-0.0103582
-35
-0.00302115
-21
-0.00181269
457
0.0394476
24
0.00207164
82
0.00707812
-139
-0.0119983
4
0.000345274
-116
-0.0100129
-147
-0.0126888
91
0.00785498
216
0.0186448
99
0.00854553
13
0.00112214
28
0.00241692
-327
-0.0282262
-87
-0.00750971
128
0.0110488
58
0.00500647
-138
-0.011912
121
0.0104445
16
0.0013811
-25
-0.00215796
-54
-0.0046612
-92
-0.0079413
-239
-0.0206301
6
0.000517911
-156
-0.0134657
58
0.00500647
-44
-0.00379801
-44
-0.00379801
169
0.0145878
-46
-0.00397065
-100
-0.00863185
161
0.0138973
143
0.0123435
-70
-0.0060423
-262
-0.0226155
110
0.00949504
103
0.00889081
77
0.00664653
-38
-0.0032801
32
0.00276219
159
0.0137246
-153
-0.0132067
-54
-0.0046612
161
0.0138973
-240
-0.0207164
137
0.0118256
13
0.00112214
-59
-0.00509279
67
0.00578334
103
0.00889081
295
0.025464
-90
-0.00776867
151
0.0130341
-106
-0.00914976
-281
-0.0242555
54
0.0046612
-385
-0.0332326
116
0.0100129
26
0.00224428
-9
-0.000776867
279
0.0240829
-103
-0.00889081
-16
-0.0013811
75
0.00647389
-156
-0.0134657
-113
-0.00975399
77
0.00664653
-125
-0.0107898
-128
-0.0110488
116
0.0100129
77
0.00664653
101
0.00871817
6
0.000517911
22
0.00189901
-344
-0.0296936
-91
-0.00785498
190
0.0164005
56
0.00483384
190
0.0164005
107
0.00923608
121
0.0104445
-18
-0.00155373
78
0.00673284
127
0.0109625
-132
-0.011394
-60
-0.00517911
-130
-0.0112214
-2
-0.000172637
-48
-0.00414329
-30
-0.00258956
-71
-0.00612861
-47
-0.00405697
105
0.00906344
-194
-0.0167458
140
0.0120846
44
0.00379801
230
0.0198533
-43
-0.0037117
101
0.00871817
-24
-0.00207164
53
0.00457488
-12
-0.00103582
-18
-0.00155373
86
0.00742339
118
0.0101856
141
0.0121709
156
0.0134657
-62
-0.00535175
36
0.00310747
51
0.00440224
22
0.00189901
21
0.00181269
228
0.0196806
-196
-0.0169184
255
0.0220112
7
0.00060423
112
0.00966767
62
0.00535175
109
0.00940872
-139
-0.0119983
-84
-0.00725076
8
0.000690548
11
0.000949504
16
0.0013811
-209
-0.0180406
-31
-0.00267587
-144
-0.0124299
52
0.00448856
-205
-0.0176953
93
0.00802762
34
0.00293483
124
0.0107035
-230
-0.0198533
-67
-0.00578334
-340
-0.0293483
-106
-0.00914976
24
0.00207164
179
0.015451
-168
-0.0145015
-10
-0.000863185
61
0.00526543
0
0
109
0.00940872
84
0.00725076
235
0.0202849
118
0.0101856
-179
-0.015451
110
0.00949504
341
0.0294346
102
0.00880449
-30
-0.00258956
40
0.00345274
-64
-0.00552438
74
0.00638757
-63
-0.00543807
-46
-0.00397065
-32
-0.00276219
92
0.0079413
-65
-0.0056107
32
0.00276219
4
0.000345274
-65
-0.0056107
158
0.0136383
-24
-0.00207164
-24
-0.00207164
-247
-0.0213207
49
0.00422961
-41
-0.00353906
149
0.0128615
3
0.000258956
211
0.0182132
83
0.00716444
-176
-0.0151921
82
0.00707812
56
0.00483384
-43
-0.0037117
-36
-0.00310747
93
0.00802762
110
0.00949504
0
0
12
0.00103582
125
0.0107898
52
0.00448856
129
0.0111351
207
0.0178679
215
0.0185585
51
0.00440224
-68
-0.00586966
106
0.00914976
-238
-0.0205438
-362
-0.0312473
-85
-0.00733707
-86
-0.00742339
-46
-0.00397065
-84
-0.00725076
-140
-0.0120846
-23
-0.00198533
-74
-0.00638757
-420
-0.0362538
54
0.0046612
240
0.0207164
45
0.00388433
122
0.0105309
55
0.00474752
-277
-0.0239102
103
0.00889081
-79
-0.00681916
-4
-0.000345274
42
0.00362538
-5
-0.000431593
243
0.0209754
35
0.00302115
76
0.00656021
198
0.0170911
-93
-0.00802762
133
0.0114804
272
0.0234786
-52
-0.00448856
134
0.0115667
172
0.0148468
-59
-0.00509279
-76
-0.00656021
169
0.0145878
-13
-0.00112214
-72
-0.00621493
69
0.00595598
-91
-0.00785498
-74
-0.00638757
-269
-0.0232197
-64
-0.00552438
-183
-0.0157963
87
0.00750971
424
0.0365991
28
0.00241692
301
0.0259819
66
0.00569702
-142
-0.0122572
79
0.00681916
7
0.00060423
-121
-0.0104445
197
0.0170047
-16
-0.0013811
46
0.00397065
92
0.0079413
-223
-0.019249
-84
-0.00725076
-22
-0.00189901
32
0.00276219
157
0.013552
-31
-0.00267587
-22
-0.00189901
-96
-0.00828658
-272
-0.0234786
76
0.00656021
174
0.0150194
-174
-0.0150194
182
0.01571
-116
-0.0100129
-118
-0.0101856
-49
-0.00422961
346
0.0298662
-15
-0.00129478
14
0.00120846
97
0.0083729
-129
-0.0111351
74
0.00638757
233
0.0201122
119
0.0102719
206
0.0177816
-68
-0.00586966
85
0.00733707
-49
-0.00422961
-248
-0.021407
177
0.0152784
-334
-0.0288304
-83
-0.00716444
-420
-0.0362538
41
0.00353906
54
0.0046612
-97
-0.0083729
191
0.0164868
-110
-0.00949504
-9
-0.000776867
-95
-0.00820026
-15
-0.00129478
99
0.00854553
-8
-0.000690548
-44
-0.00379801
26
0.00224428
14
0.00120846
-286
-0.0246871
41
0.00353906
124
0.0107035
-66
-0.00569702
-13
-0.00112214
-221
-0.0190764
88
0.00759603
9
0.000776867
234
0.0201985
-225
-0.0194217
-26
-0.00224428
-61
-0.00526543
138
0.011912
-8
-0.000690548
142
0.0122572
-14
-0.00120846
-64
-0.00552438
-10
-0.000863185
9
0.000776867
-143
-0.0123435
101
0.00871817
-12
-0.00103582
256
0.0220975
-16
-0.0013811
301
0.0259819
-96
-0.00828658
-165
-0.0142426
-119
-0.0102719
-330
-0.0284851
85
0.00733707
-75
-0.00647389
-26
-0.00224428
98
0.00845921
-120
-0.0103582
159
0.0137246
16
0.0013811
-23
-0.00198533
12
0.00103582
99
0.00854553
-14
-0.00120846
206
0.0177816
79
0.00681916
-9
-0.000776867
130
0.0112214
219
0.0189038
160
0.013811
-213
-0.0183858
-42
-0.00362538
-207
-0.0178679
43
0.0037117
223
0.019249
-37
-0.00319379
-75
-0.00647389
92
0.0079413
-130
-0.0112214
-128
-0.0110488
53
0.00457488
122
0.0105309
0
0
10
0.000863185
-127
-0.0109625
-24
-0.00207164
182
0.01571
13
0.00112214
117
0.0100993
-21
-0.00181269
-9
-0.000776867
60
0.00517911
20
0.00172637
1
8.63185e-05
-35
-0.00302115
76
0.00656021
340
0.0293483
149
0.0128615
215
0.0185585
-137
-0.0118256
65
0.0056107
-213
-0.0183858
56
0.00483384
-149
-0.0128615
2
0.000172637
65
0.0056107
146
0.0126025
8
0.000690548
76
0.00656021
-44
-0.00379801
59
0.00509279
69
0.00595598
155
0.0133794
83
0.00716444
3
0.000258956
91
0.00785498
-111
-0.00958136
-47
-0.00405697
253
0.0218386
66
0.00569702
115
0.00992663
93
0.00802762
151
0.0130341
47
0.00405697
65
0.0056107
49
0.00422961
279
0.0240829
-180
-0.0155373
265
0.0228744
-61
-0.00526543
210
0.0181269
47
0.00405697
-235
-0.0202849
74
0.00638757
245
0.021148
197
0.0170047
23
0.00198533
81
0.0069918
37
0.00319379
-67
-0.00578334
-16
-0.0013811
6
0.000517911
-88
-0.00759603
87
0.00750971
267
0.023047
106
0.00914976
-268
-0.0231334
-14
-0.00120846
18
0.00155373
-39
-0.00336642
220
0.0189901
23
0.00198533
-250
-0.0215796
162
0.0139836
127
0.0109625
-83
-0.00716444
120
0.0103582
-169
-0.0145878
-462
-0.0398792
5
0.000431593
91
0.00785498
-39
-0.00336642
158
0.0136383
2
0.000172637
-56
-0.00483384
-81
-0.0069918
-83
-0.00716444
76
0.00656021
-115
-0.00992663
-7
-0.00060423
-532
-0.0459215
-23
-0.00198533
237
0.0204575
-136
-0.0117393
383
0.03306
126
0.0108761
-36
-0.00310747
-85
-0.00733707
-175
-0.0151057
218
0.0188174
17
0.00146741
-70
-0.0060423
-32
-0.00276219
212
0.0182995
133
0.0114804
5
0.000431593
-1
-8.63185e-05
-67
-0.00578334
-277
-0.0239102
-68
-0.00586966
-189
-0.0163142
-197
-0.0170047
189
0.0163142
-39
-0.00336642
-26
-0.00224428
-130
-0.0112214
-186
-0.0160552
5
0.000431593
36
0.00310747
-20
-0.00172637
-56
-0.00483384
-83
-0.00716444
-80
-0.00690548
-192
-0.0165732
-76
-0.00656021
1
8.63185e-05
198
0.0170911
-32
-0.00276219
-91
-0.00785498
-23
-0.00198533
-34
-0.00293483
-218
-0.0188174
-26
-0.00224428
-67
-0.00578334
67
0.00578334
43
0.0037117
-84
-0.00725076
-118
-0.0101856
40
0.00345274
-149
-0.0128615
172
0.0148468
114
0.00984031
-114
-0.00984031
131
0.0113077
58
0.00500647
-78
-0.00673284
125
0.0107898
-152
-0.0131204
-105
-0.00906344
-191
-0.0164868
-93
-0.00802762
43
0.0037117
76
0.00656021
-265
-0.0228744
30
0.00258956
-15
-0.00129478
-103
-0.00889081
-25
-0.00215796
-43
-0.0037117
6
0.000517911
-122
-0.0105309
-115
-0.00992663
150
0.0129478
37
0.00319379
-103
-0.00889081
-23
-0.00198533
60
0.00517911
39
0.00336642
-87
-0.00750971
-10
-0.000863185
42
0.00362538
-93
-0.00802762
116
0.0100129
14
0.00120846
-84
-0.00725076
-158
-0.0136383
-2
-0.000172637
45
0.00388433
-237
-0.0204575
-56
-0.00483384
-57
-0.00492016
-86
-0.00742339
-43
-0.0037117
45
0.00388433
5
0.000431593
-103
-0.00889081
63
0.00543807
-33
-0.00284851
-60
-0.00517911
-9
-0.000776867
192
0.0165732
-157
-0.013552
174
0.0150194
119
0.0102719
111
0.00958136
-84
-0.00725076
348
0.0300388
-62
-0.00535175
-13
-0.00112214
69
0.00595598
161
0.0138973
47
0.00405697
-248
-0.021407
-156
-0.0134657
-112
-0.00966767
66
0.00569702
-202
-0.0174363
30
0.00258956
-145
-0.0125162
-238
-0.0205438
169
0.0145878
214
0.0184722
68
0.00586966
46
0.00397065
-119
-0.0102719
41
0.00353906
-310
-0.0267587
124
0.0107035
84
0.00725076
57
0.00492016
-98
-0.00845921
-64
-0.00552438
-83
-0.00716444
-28
-0.00241692
-105
-0.00906344
94
0.00811394
-71
-0.00612861
-50
-0.00431593
-290
-0.0250324
-76
-0.00656021
97
0.0083729
141
0.0121709
-89
-0.00768235
-11
-0.000949504
216
0.0186448
-123
-0.0106172
-63
-0.00543807
166
0.0143289
-77
-0.00664653
-57
-0.00492016
18
0.00155373
135
0.011653
-15
-0.00129478
-171
-0.0147605
62
0.00535175
21
0.00181269
-112
-0.00966767
30
0.00258956
12
0.00103582
-38
-0.0032801
-358
-0.030902
-65
-0.0056107
-160
-0.013811
103
0.00889081
455
0.0392749
-60
-0.00517911
-96
-0.00828658
115
0.00992663
-50
-0.00431593
52
0.00448856
81
0.0069918
100
0.00863185
130
0.0112214
160
0.013811
-26
-0.00224428
-47
-0.00405697
-158
-0.0136383
-75
-0.00647389
-73
-0.00630125
-48
-0.00414329
145
0.0125162
-78
-0.00673284
168
0.0145015
-22
-0.00189901
-20
-0.00172637
125
0.0107898
-176
-0.0151921
-69
-0.00595598
-13
-0.00112214
55
0.00474752
-76
-0.00656021
59
0.00509279
165
0.0142426
22
0.00189901
175
0.0151057
-300
-0.0258956
201
0.01735
-92
-0.0079413
-120
-0.0103582
25
0.00215796
113
0.00975399
-204
-0.017609
193
0.0166595
35
0.00302115
177
0.0152784
-35
-0.00302115
-141
-0.0121709
-113
-0.00975399
-287
-0.0247734
-109
-0.00940872
-30
-0.00258956
74
0.00638757
217
0.0187311
-60
-0.00517911
-261
-0.0225291
175
0.0151057
-43
-0.0037117
-109
-0.00940872
-22
-0.00189901
56
0.00483384
143
0.0123435
-38
-0.0032801
37
0.00319379
-119
-0.0102719
69
0.00595598
57
0.00492016
-105
-0.00906344
11
0.000949504
-192
-0.0165732
168
0.0145015
-104
-0.00897713
-126
-0.0108761
96
0.00828658
-147
-0.0126888
-146
-0.0126025
115
0.00992663
-115
-0.00992663
-55
-0.00474752
308
0.0265861
123
0.0106172
230
0.0198533
-14
-0.00120846
186
0.0160552
69
0.00595598
42
0.00362538
49
0.00422961
-70
-0.0060423
-11
-0.000949504
-32
-0.00276219
-74
-0.00638757
-20
-0.00172637
-95
-0.00820026
223
0.019249
-1
-8.63185e-05
36
0.00310747
73
0.00630125
16
0.0013811
-108
-0.0093224
-146
-0.0126025
-57
-0.00492016
267
0.023047
-137
-0.0118256
-118
-0.0101856
-187
-0.0161416
143
0.0123435
73
0.00630125
-87
-0.00750971
-21
-0.00181269
-308
-0.0265861
209
0.0180406
168
0.0145015
-174
-0.0150194
-170
-0.0146741
-21
-0.00181269
316
0.0272767
-3
-0.000258956
13
0.00112214
-17
-0.00146741
-121
-0.0104445
127
0.0109625
64
0.00552438
-52
-0.00448856
183
0.0157963
-15
-0.00129478
48
0.00414329
41
0.00353906
-67
-0.00578334
-62
-0.00535175
-134
-0.0115667
19
0.00164005
259
0.0223565
-124
-0.0107035
206
0.0177816
51
0.00440224
-58
-0.00500647
-118
-0.0101856
209
0.0180406
-25
-0.00215796
18
0.00155373
-156
-0.0134657
-71
-0.00612861
-38
-0.0032801
29
0.00250324
1
8.63185e-05
-75
-0.00647389
-79
-0.00681916
-58
-0.00500647
-55
-0.00474752
-103
-0.00889081
68
0.00586966
140
0.0120846
149
0.0128615
-82
-0.00707812
88
0.00759603
400
0.0345274
-128
-0.0110488
23
0.00198533
60
0.00517911
123
0.0106172
-143
-0.0123435
-217
-0.0187311
-33
-0.00284851
130
0.0112214
217
0.0187311
-20
-0.00172637
6
0.000517911
331
0.0285714
-18
-0.00155373
-82
-0.00707812
-22
-0.00189901
-152
-0.0131204
97
0.0083729
78
0.00673284
72
0.00621493
41
0.00353906
-35
-0.00302115
-102
-0.00880449
52
0.00448856
142
0.0122572
-28
-0.00241692
-136
-0.0117393
-54
-0.0046612
25
0.00215796
146
0.0126025
153
0.0132067
-245
-0.021148
77
0.00664653
16
0.0013811
-31
-0.00267587
225
0.0194217
-288
-0.0248597
-135
-0.011653
-92
-0.0079413
-47
-0.00405697
-142
-0.0122572
55
0.00474752
-169
-0.0145878
-144
-0.0124299
-323
-0.0278809
-236
-0.0203712
193
0.0166595
78
0.00673284
-208
-0.0179543
0
0
12
0.00103582
-220
-0.0189901
84
0.00725076
-113
-0.00975399
130
0.0112214
8
0.000690548
-282
-0.0243418
125
0.0107898
182
0.01571
-40
-0.00345274
64
0.00552438
87
0.00750971
159
0.0137246
141
0.0121709
131
0.0113077
230
0.0198533
278
0.0239965
202
0.0174363
-59
-0.00509279
-113
-0.00975399
104
0.00897713
-24
-0.00207164
242
0.0208891
118
0.0101856
-99
-0.00854553
44
0.00379801
-114
-0.00984031
54
0.0046612
117
0.0100993
-138
-0.011912
-3
-0.000258956
17
0.00146741
-41
-0.00353906
133
0.0114804
-51
-0.00440224
-121
-0.0104445
-206
-0.0177816
-122
-0.0105309
4
0.000345274
-82
-0.00707812
-140
-0.0120846
29
0.00250324
-88
-0.00759603
-36
-0.00310747
221
0.0190764
-133
-0.0114804
17
0.00146741
-123
-0.0106172
-217
-0.0187311
-171
-0.0147605
-154
-0.0132931
29
0.00250324
239
0.0206301
-83
-0.00716444
81
0.0069918
85
0.00733707
-213
-0.0183858
41
0.00353906
326
0.0281398
-61
-0.00526543
-156
-0.0134657
-28
-0.00241692
145
0.0125162
-147
-0.0126888
-41
-0.00353906
29
0.00250324
-194
-0.0167458
146
0.0126025
-25
-0.00215796
26
0.00224428
-111
-0.00958136
49
0.00422961
166
0.0143289
12
0.00103582
43
0.0037117
-110
-0.00949504
-438
-0.0378075
-77
-0.00664653
93
0.00802762
145
0.0125162
1
8.63185e-05
-29
-0.00250324
-67
-0.00578334
-19
-0.00164005
-40
-0.00345274
-193
-0.0166595
-28
-0.00241692
-9
-0.000776867
-51
-0.00440224
-114
-0.00984031
-40
-0.00345274
1
8.63185e-05
87
0.00750971
-44
-0.00379801
235
0.0202849
61
0.00526543
-46
-0.00397065
-71
-0.00612861
-12
-0.00103582
115
0.00992663
42
0.00362538
-46
-0.00397065
57
0.00492016
-8
-0.000690548
17
0.00146741
-75
-0.00647389
-83
-0.00716444
52
0.00448856
-188
-0.0162279
146
0.0126025
-150
-0.0129478
52
0.00448856
-23
-0.00198533
25
0.00215796
47
0.00405697
-36
-0.00310747
461
0.0397928
-133
-0.0114804
122
0.0105309
-181
-0.0156237
53
0.00457488
-3
-0.000258956
-246
-0.0212344
11
0.000949504
-313
-0.0270177
202
0.0174363
167
0.0144152
-147
-0.0126888
54
0.0046612
13
0.00112214
-313
-0.0270177
62
0.00535175
233
0.0201122
60
0.00517911
-26
-0.00224428
-35
-0.00302115
-21
-0.00181269
61
0.00526543
5
0.000431593
-79
-0.00681916
120
0.0103582
-119
-0.0102719
-293
-0.0252913
-152
-0.0131204
139
0.0119983
11
0.000949504
-239
-0.0206301
73
0.00630125
153
0.0132067
41
0.00353906
72
0.00621493
91
0.00785498
82
0.00707812
-51
-0.00440224
-76
-0.00656021
-97
-0.0083729
142
0.0122572
-49
-0.00422961
-25
-0.00215796
141
0.0121709
30
0.00258956
101
0.00871817
220
0.0189901
-124
-0.0107035
76
0.00656021
148
0.0127751
-30
-0.00258956
-24
-0.00207164
80
0.00690548
-132
-0.011394
401
0.0346137
-149
-0.0128615
-137
-0.0118256
-44
-0.00379801
231
0.0199396
-85
-0.00733707
493
0.042555
128
0.0110488
288
0.0248597
-88
-0.00759603
97
0.0083729
-93
-0.00802762
-37
-0.00319379
-13
-0.00112214
-19
-0.00164005
-56
-0.00483384
48
0.00414329
71
0.00612861
48
0.00414329
76
0.00656021
-138
-0.011912
93
0.00802762
-146
-0.0126025
-88
-0.00759603
-70
-0.0060423
-157
-0.013552
47
0.00405697
-107
-0.00923608
-176
-0.0151921
-81
-0.0069918
-12
-0.00103582
-139
-0.0119983
71
0.00612861
-134
-0.0115667
-45
-0.00388433
-90
-0.00776867
13
0.00112214
34
0.00293483
89
0.00768235
59
0.00509279
-239
-0.0206301
125
0.0107898
-233
-0.0201122
-100
-0.00863185
-31
-0.00267587
-111
-0.00958136
-234
-0.0201985
-44
-0.00379801
-129
-0.0111351
16
0.0013811
241
0.0208028
-143
-0.0123435
-25
-0.00215796
81
0.0069918
-114
-0.00984031
15
0.00129478
-9
-0.000776867
-163
-0.0140699
30
0.00258956
97
0.0083729
-309
-0.0266724
152
0.0131204
-130
-0.0112214
27
0.0023306
-419
-0.0361675
-95
-0.00820026
-123
-0.0106172
120
0.0103582
34
0.00293483
-35
-0.00302115
-167
-0.0144152
95
0.00820026
173
0.0149331
160
0.013811
119
0.0102719
106
0.00914976
-175
-0.0151057
16
0.0013811
-57
-0.00492016
-208
-0.0179543
86
0.00742339
64
0.00552438
311
0.0268451
147
0.0126888
113
0.00975399
38
0.0032801
227
0.0195943
-83
-0.00716444
168
0.0145015
-33
-0.00284851
18
0.00155373
-107
-0.00923608
289
0.0249461
10
0.000863185
-402
-0.0347
-110
-0.00949504
-86
-0.00742339
59
0.00509279
224
0.0193353
59
0.00509279
-209
-0.0180406
25
0.00215796
-8
-0.000690548
-108
-0.0093224
-235
-0.0202849
-94
-0.00811394
92
0.0079413
4
0.000345274
-117
-0.0100993
124
0.0107035
-239
-0.0206301
-55
-0.00474752
188
0.0162279
131
0.0113077
183
0.0157963
257
0.0221839
55
0.00474752
34
0.00293483
103
0.00889081
-245
-0.021148
24
0.00207164
-41
-0.00353906
-315
-0.0271903
53
0.00457488
176
0.0151921
6
0.000517911
222
0.0191627
222
0.0191627
-182
-0.01571
-200
-0.0172637
-83
-0.00716444
51
0.00440224
126
0.0108761
-54
-0.0046612
-166
-0.0143289
-145
-0.0125162
81
0.0069918
49
0.00422961
-170
-0.0146741
-40
-0.00345274
107
0.00923608
-76
-0.00656021
178
0.0153647
55
0.00474752
489
0.0422098
-123
-0.0106172
-73
-0.00630125
29
0.00250324
-4
-0.000345274
150
0.0129478
122
0.0105309
-150
-0.0129478
32
0.00276219
-23
-0.00198533
20
0.00172637
-1
-8.63185e-05
-230
-0.0198533
-122
-0.0105309
72
0.00621493
57
0.00492016
107
0.00923608
-160
-0.013811
20
0.00172637
44
0.00379801
-175
-0.0151057
-54
-0.0046612
177
0.0152784
57
0.00492016
-19
-0.00164005
31
0.00267587
-201
-0.01735
-89
-0.00768235
-31
-0.00267587
57
0.00492016
63
0.00543807
66
0.00569702
-10
-0.000863185
31
0.00267587
338
0.0291757
-71
-0.00612861
82
0.00707812
-148
-0.0127751
-166
-0.0143289
34
0.00293483
147
0.0126888
-80
-0.00690548
247
0.0213207
56
0.00483384
-164
-0.0141562
-15
-0.00129478
32
0.00276219
-19
-0.00164005
-143
-0.0123435
100
0.00863185
74
0.00638757
77
0.00664653
-82
-0.00707812
7
0.00060423
-60
-0.00517911
-109
-0.00940872
-93
-0.00802762
32
0.00276219
3
0.000258956
159
0.0137246
42
0.00362538
-67
-0.00578334
-36
-0.00310747
-117
-0.0100993
-44
-0.00379801
21
0.00181269
393
0.0339232
16
0.0013811
-78
-0.00673284
-48
-0.00414329
17
0.00146741
153
0.0132067
-10
-0.000863185
-12
-0.00103582
-26
-0.00224428
-99
-0.00854553
-111
-0.00958136
-46
-0.00397065
-203
-0.0175227
-68
-0.00586966
-469
-0.0404834
-159
-0.0137246
227
0.0195943
82
0.00707812
-115
-0.00992663
31
0.00267587
168
0.0145015
81
0.0069918
-75
-0.00647389
4
0.000345274
207
0.0178679
11
0.000949504
-383
-0.03306
96
0.00828658
-66
-0.00569702
-40
-0.00345274
42
0.00362538
-86
-0.00742339
-160
-0.013811
78
0.00673284
177
0.0152784
158
0.0136383
-187
-0.0161416
-60
-0.00517911
24
0.00207164
-50
-0.00431593
-102
-0.00880449
-162
-0.0139836
186
0.0160552
5
0.000431593
39
0.00336642
104
0.00897713
-6
-0.000517911
-131
-0.0113077
152
0.0131204
69
0.00595598
285
0.0246008
-54
-0.0046612
191
0.0164868
-39
-0.00336642
-205
-0.0176953
13
0.00112214
93
0.00802762
140
0.0120846
-212
-0.0182995
47
0.00405697
-519
-0.0447993
76
0.00656021
58
0.00500647
246
0.0212344
-280
-0.0241692
-128
-0.0110488
-26
-0.00224428
123
0.0106172
38
0.0032801
-98
-0.00845921
-247
-0.0213207
-137
-0.0118256
-265
-0.0228744
-35
-0.00302115
-62
-0.00535175
-55
-0.00474752
-67
-0.00578334
-107
-0.00923608
-232
-0.0200259
-14
-0.00120846
280
0.0241692
26
0.00224428
82
0.00707812
-35
-0.00302115
-18
-0.00155373
-66
-0.00569702
375
0.0323694
29
0.00250324
88
0.00759603
155
0.0133794
97
0.0083729
74
0.00638757
-309
-0.0266724
-50
-0.00431593
23
0.00198533
-87
-0.00750971
-241
-0.0208028
11
0.000949504
210
0.0181269
50
0.00431593
-131
-0.0113077
14
0.00120846
-134
-0.0115667
-93
-0.00802762
-184
-0.0158826
-112
-0.00966767
365
0.0315063
-91
-0.00785498
-158
-0.0136383
44
0.00379801
-102
-0.00880449
87
0.00750971
260
0.0224428
104
0.00897713
145
0.0125162
0
0
137
0.0118256
-22
-0.00189901
90
0.00776867
-172
-0.0148468
-105
-0.00906344
-81
-0.0069918
83
0.00716444
115
0.00992663
186
0.0160552
-71
-0.00612861
-84
-0.00725076
-97
-0.0083729
117
0.0100993
32
0.00276219
-23
-0.00198533
-13
-0.00112214
-319
-0.0275356
-83
-0.00716444
60
0.00517911
97
0.0083729
-10
-0.000863185
81
0.0069918
-119
-0.0102719
-12
-0.00103582
-124
-0.0107035
-350
-0.0302115
9
0.000776867
55
0.00474752
-185
-0.0159689
-17
-0.00146741
-4
-0.000345274
202
0.0174363
157
0.013552
-64
-0.00552438
-263
-0.0227018
72
0.00621493
94
0.00811394
-55
-0.00474752
-163
-0.0140699
36
0.00310747
68
0.00586966
-148
-0.0127751
-91
-0.00785498
84
0.00725076
-83
-0.00716444
118
0.0101856
-233
-0.0201122
15
0.00129478
-63
-0.00543807
75
0.00647389
-184
-0.0158826
72
0.00621493
-22
-0.00189901
-82
-0.00707812
115
0.00992663
2
0.000172637
24
0.00207164
-2
-0.000172637
-242
-0.0208891
102
0.00880449
198
0.0170911
109
0.00940872
182
0.01571
72
0.00621493
-82
-0.00707812
-156
-0.0134657
-153
-0.0132067
220
0.0189901
172
0.0148468
80
0.00690548
-161
-0.0138973
-24
-0.00207164
215
0.0185585
76
0.00656021
49
0.00422961
-9
-0.000776867
-176
-0.0151921
-46
-0.00397065
-424
-0.0365991
-68
-0.00586966
226
0.019508
-147
-0.0126888
4
0.000345274
151
0.0130341
8
0.000690548
148
0.0127751
239
0.0206301
100
0.00863185
-277
-0.0239102
32
0.00276219
-5
-0.000431593
-88
-0.00759603
-252
-0.0217523
34
0.00293483
-16
-0.0013811
-89
-0.00768235
242
0.0208891
24
0.00207164
-2
-0.000172637
28
0.00241692
-6
-0.000517911
18
0.00155373
163
0.0140699
-85
-0.00733707
-271
-0.0233923
-131
-0.0113077
-142
-0.0122572
10
0.000863185
-141
-0.0121709
-143
-0.0123435
18
0.00155373
-65
-0.0056107
229
0.0197669
-101
-0.00871817
-92
-0.0079413
24
0.00207164
-54
-0.0046612
79
0.00681916
2
0.000172637
-183
-0.0157963
-307
-0.0264998
88
0.00759603
366
0.0315926
69
0.00595598
31
0.00267587
-91
-0.00785498
-136
-0.0117393
113
0.00975399
-158
-0.0136383
-143
-0.0123435
120
0.0103582
136
0.0117393
186
0.0160552
10
0.000863185
126
0.0108761
74
0.00638757
97
0.0083729
-162
-0.0139836
2
0.000172637
227
0.0195943
70
0.0060423
80
0.00690548
109
0.00940872
41
0.00353906
-230
-0.0198533
-149
-0.0128615
-247
-0.0213207
14
0.00120846
-23
-0.00198533
137
0.0118256
138
0.011912
15
0.00129478
-48
-0.00414329
-174
-0.0150194
-145
-0.0125162
80
0.00690548
-106
-0.00914976
263
0.0227018
349
0.0301252
-196
-0.0169184
11
0.000949504
106
0.00914976
203
0.0175227
-77
-0.00664653
236
0.0203712
70
0.0060423
11
0.000949504
-74
-0.00638757
239
0.0206301
-134
-0.0115667
-57
-0.00492016
59
0.00509279
-38
-0.0032801
-117
-0.0100993
77
0.00664653
197
0.0170047
-27
-0.0023306
-144
-0.0124299
-155
-0.0133794
166
0.0143289
8
0.000690548
17
0.00146741
-240
-0.0207164
5
0.000431593
475
0.0410013
-91
-0.00785498
-32
-0.00276219
305
0.0263271
-198
-0.0170911
61
0.00526543
123
0.0106172
231
0.0199396
1
8.63185e-05
-53
-0.00457488
-229
-0.0197669
-83
-0.00716444
-152
-0.0131204
88
0.00759603
-298
-0.0257229
-106
-0.00914976
79
0.00681916
-238
-0.0205438
211
0.0182132
61
0.00526543
241
0.0208028
-119
-0.0102719
119
0.0102719
200
0.0172637
-141
-0.0121709
-170
-0.0146741
118
0.0101856
160
0.013811
446
0.0384981
-51
-0.00440224
116
0.0100129
71
0.00612861
-2
-0.000172637
72
0.00621493
-119
-0.0102719
83
0.00716444
-53
-0.00457488
62
0.00535175
-72
-0.00621493
117
0.0100993
183
0.0157963
-118
-0.0101856
-42
-0.00362538
-37
-0.00319379
38
0.0032801
143
0.0123435
-138
-0.011912
-68
-0.00586966
-53
-0.00457488
162
0.0139836
-238
-0.0205438
-138
-0.011912
52
0.00448856
181
0.0156237
86
0.00742339
-26
-0.00224428
351
0.0302978
-31
-0.00267587
23
0.00198533
-87
-0.00750971
84
0.00725076
-174
-0.0150194
32
0.00276219
121
0.0104445
-80
-0.00690548
130
0.0112214
-37
-0.00319379
-108
-0.0093224
-121
-0.0104445
128
0.0110488
39
0.00336642
33
0.00284851
182
0.01571
-17
-0.00146741
197
0.0170047
-131
-0.0113077
-313
-0.0270177
21
0.00181269
64
0.00552438
102
0.00880449
-87
-0.00750971
-34
-0.00293483
-101
-0.00871817
57
0.00492016
-62
-0.00535175
-25
-0.00215796
83
0.00716444
29
0.00250324
241
0.0208028
-129
-0.0111351
-418
-0.0360811
31
0.00267587
21
0.00181269
213
0.0183858
182
0.01571
77
0.00664653
-280
-0.0241692
-113
-0.00975399
276
0.0238239
116
0.0100129
-60
-0.00517911
72
0.00621493
128
0.0110488
108
0.0093224
343
0.0296073
18
0.00155373
45
0.00388433
-147
-0.0126888
425
0.0366854
-10
-0.000863185
-175
-0.0151057
-20
-0.00172637
42
0.00362538
18
0.00155373
-162
-0.0139836
29
0.00250324
-115
-0.00992663
-96
-0.00828658
68
0.00586966
-40
-0.00345274
239
0.0206301
-15
-0.00129478
175
0.0151057
93
0.00802762
68
0.00586966
-109
-0.00940872
356
0.0307294
94
0.00811394
-11
-0.000949504
-67
-0.00578334
-57
-0.00492016
-29
-0.00250324
-53
-0.00457488
-85
-0.00733707
-295
-0.025464
107
0.00923608
171
0.0147605
55
0.00474752
-22
-0.00189901
-112
-0.00966767
-192
-0.0165732
-98
-0.00845921
-229
-0.0197669
-33
-0.00284851
117
0.0100993
-103
-0.00889081
65
0.0056107
59
0.00509279
-182
-0.01571
-114
-0.00984031
-162
-0.0139836
-111
-0.00958136
44
0.00379801
-316
-0.0272767
143
0.0123435
-72
-0.00621493
258
0.0222702
-86
-0.00742339
139
0.0119983
3
0.000258956
188
0.0162279
-99
-0.00854553
-243
-0.0209754
148
0.0127751
-312
-0.0269314
82
0.00707812
-120
-0.0103582
35
0.00302115
-8
-0.000690548
26
0.00224428
-232
-0.0200259
59
0.00509279
-211
-0.0182132
182
0.01571
28
0.00241692
85
0.00733707
-50
-0.00431593
54
0.0046612
-99
-0.00854553
67
0.00578334
12
0.00103582
-91
-0.00785498
129
0.0111351
-85
-0.00733707
-136
-0.0117393
66
0.00569702
-214
-0.0184722
31
0.00267587
-122
-0.0105309
-64
-0.00552438
-332
-0.0286577
-123
-0.0106172
186
0.0160552
74
0.00638757
-130
-0.0112214
-59
-0.00509279
82
0.00707812
110
0.00949504
-7
-0.00060423
-161
-0.0138973
24
0.00207164
6
0.000517911
4
0.000345274
-20
-0.00172637
-94
-0.00811394
-14
-0.00120846
145
0.0125162
-118
-0.0101856
-103
-0.00889081
38
0.0032801
-169
-0.0145878
-52
-0.00448856
-88
-0.00759603
-142
-0.0122572
125
0.0107898
23
0.00198533
79
0.00681916
-130
-0.0112214
-33
-0.00284851
17
0.00146741
-249
-0.0214933
-26
-0.00224428
-270
-0.023306
-114
-0.00984031
257
0.0221839
-91
-0.00785498
113
0.00975399
101
0.00871817
-101
-0.00871817
-95
-0.00820026
-353
-0.0304704
17
0.00146741
53
0.00457488
-2
-0.000172637
-54
-0.0046612
240
0.0207164
231
0.0199396
123
0.0106172
-17
-0.00146741
127
0.0109625
105
0.00906344
39
0.00336642
-243
-0.0209754
35
0.00302115
-15
-0.00129478
-21
-0.00181269
-146
-0.0126025
-29
-0.00250324
259
0.0223565
7
0.00060423
72
0.00621493
-47
-0.00405697
67
0.00578334
129
0.0111351
-16
-0.0013811
-36
-0.00310747
46
0.00397065
-48
-0.00414329
91
0.00785498
103
0.00889081
-193
-0.0166595
7
0.00060423
198
0.0170911
166
0.0143289
185
0.0159689
-156
-0.0134657
12
0.00103582
293
0.0252913
-196
-0.0169184
-107
-0.00923608
75
0.00647389
-251
-0.0216659
-10
-0.000863185
67
0.00578334
122
0.0105309
-49
-0.00422961
113
0.00975399
275
0.0237376
36
0.00310747
41
0.00353906
-273
-0.023565
-125
-0.0107898
67
0.00578334
-105
-0.00906344
309
0.0266724
-123
-0.0106172
442
0.0381528
1
8.63185e-05
74
0.00638757
-41
-0.00353906
-95
-0.00820026
107
0.00923608
164
0.0141562
31
0.00267587
50
0.00431593
153
0.0132067
-122
-0.0105309
-259
-0.0223565
-70
-0.0060423
97
0.0083729
-38
-0.0032801
-10
-0.000863185
29
0.00250324
-61
-0.00526543
112
0.00966767
148
0.0127751
-154
-0.0132931
-177
-0.0152784
112
0.00966767
24
0.00207164
-156
-0.0134657
-10
-0.000863185
332
0.0286577
-178
-0.0153647
205
0.0176953
18
0.00155373
18
0.00155373
47
0.00405697
-413
-0.0356495
176
0.0151921
-140
-0.0120846
73
0.00630125
-152
-0.0131204
7
0.00060423
-210
-0.0181269
145
0.0125162
-115
-0.00992663
182
0.01571
260
0.0224428
162
0.0139836
-315
-0.0271903
63
0.00543807
204
0.017609
-54
-0.0046612
-447
-0.0385844
172
0.0148468
318
0.0274493
-114
-0.00984031
-97
-0.0083729
50
0.00431593
103
0.00889081
72
0.00621493
125
0.0107898
4
0.000345274
70
0.0060423
-88
-0.00759603
37
0.00319379
40
0.00345274
-299
-0.0258092
64
0.00552438
294
0.0253776
-100
-0.00863185
-288
-0.0248597
-66
-0.00569702
-94
-0.00811394
115
0.00992663
236
0.0203712
237
0.0204575
87
0.00750971
-37
-0.00319379
286
0.0246871
-155
-0.0133794
-61
-0.00526543
30
0.00258956
158
0.0136383
56
0.00483384
149
0.0128615
-34
-0.00293483
-66
-0.00569702
16
0.0013811
-166
-0.0143289
-89
-0.00768235
64
0.00552438
-27
-0.0023306
-59
-0.00509279
-49
-0.00422961
-69
-0.00595598
45
0.00388433
-49
-0.00422961
26
0.00224428
191
0.0164868
-70
-0.0060423
-7
-0.00060423
79
0.00681916
303
0.0261545
-55
-0.00474752
185
0.0159689
18
0.00155373
-393
-0.0339232
-35
-0.00302115
-71
-0.00612861
24
0.00207164
112
0.00966767
-5
-0.000431593
-36
-0.00310747
66
0.00569702
-198
-0.0170911
-60
-0.00517911
70
0.0060423
67
0.00578334
201
0.01735
175
0.0151057
153
0.0132067
-58
-0.00500647
70
0.0060423
-97
-0.0083729
-270
-0.023306
-108
-0.0093224
-223
-0.019249
107
0.00923608
-174
-0.0150194
69
0.00595598
139
0.0119983
-60
-0.00517911
-197
-0.0170047
14
0.00120846
87
0.00750971
100
0.00863185
-137
-0.0118256
112
0.00966767
372
0.0321105
-85
-0.00733707
147
0.0126888
-96
-0.00828658
-51
-0.00440224
-21
-0.00181269
-380
-0.032801
-90
-0.00776867
101
0.00871817
130
0.0112214
-260
-0.0224428
2
0.000172637
303
0.0261545
92
0.0079413
-243
-0.0209754
8
0.000690548
143
0.0123435
78
0.00673284
22
0.00189901
-97
-0.0083729
165
0.0142426
32
0.00276219
-118
-0.0101856
-109
-0.00940872
45
0.00388433
44
0.00379801
-261
-0.0225291
-176
-0.0151921
-45
-0.00388433
64
0.00552438
-26
-0.00224428
-5
-0.000431593
264
0.0227881
-57
-0.00492016
97
0.0083729
-53
-0.00457488
-65
-0.0056107
142
0.0122572
240
0.0207164
130
0.0112214
115
0.00992663
103
0.00889081
79
0.00681916
115
0.00992663
-3
-0.000258956
80
0.00690548
-255
-0.0220112
-59
-0.00509279
-149
-0.0128615
9
0.000776867
303
0.0261545
55
0.00474752
-103
-0.00889081
50
0.00431593
-32
-0.00276219
82
0.00707812
-105
-0.00906344
59
0.00509279
37
0.00319379
217
0.0187311
5
0.000431593
30
0.00258956
193
0.0166595
-314
-0.027104
-260
-0.0224428
13
0.00112214
107
0.00923608
46
0.00397065
-61
-0.00526543
-156
-0.0134657
38
0.0032801
-261
-0.0225291
-132
-0.011394
-56
-0.00483384
-63
-0.00543807
36
0.00310747
262
0.0226155
-20
-0.00172637
-167
-0.0144152
100
0.00863185
101
0.00871817
-194
-0.0167458
467
0.0403107
-131
-0.0113077
-107
-0.00923608
150
0.0129478
145
0.0125162
-89
-0.00768235
-63
-0.00543807
-33
-0.00284851
45
0.00388433
56
0.00483384
42
0.00362538
-92
-0.0079413
-109
-0.00940872
-119
-0.0102719
-16
-0.0013811
226
0.019508
-1
-8.63185e-05
48
0.00414329
270
0.023306
-63
-0.00543807
179
0.015451
-85
-0.00733707
550
0.0474752
103
0.00889081
-137
-0.0118256
-9
-0.000776867
7
0.00060423
-182
-0.01571
65
0.0056107
163
0.0140699
-71
-0.00612861
-148
-0.0127751
25
0.00215796
37
0.00319379
2
0.000172637
185
0.0159689
108
0.0093224
304
0.0262408
28
0.00241692
104
0.00897713
-24
-0.00207164
-46
-0.00397065
-20
-0.00172637
65
0.0056107
157
0.013552
39
0.00336642
273
0.023565
-33
-0.00284851
180
0.0155373
-44
-0.00379801
259
0.0223565
53
0.00457488
-266
-0.0229607
9
0.000776867
-175
-0.0151057
98
0.00845921
272
0.0234786
107
0.00923608
104
0.00897713
-67
-0.00578334
173
0.0149331
9
0.000776867
94
0.00811394
39
0.00336642
-139
-0.0119983
-116
-0.0100129
-28
-0.00241692
-19
-0.00164005
-365
-0.0315063
15
0.00129478
-166
-0.0143289
-121
-0.0104445
217
0.0187311
-3
-0.000258956
17
0.00146741
-3
-0.000258956
39
0.00336642
44
0.00379801
-62
-0.00535175
-34
-0.00293483
-2
-0.000172637
-54
-0.0046612
25
0.00215796
12
0.00103582
36
0.00310747
178
0.0153647
258
0.0222702
20
0.00172637
23
0.00198533
-16
-0.0013811
-107
-0.00923608
-143
-0.0123435
-120
-0.0103582
-101
-0.00871817
-208
-0.0179543
177
0.0152784
-57
-0.00492016
36
0.00310747
64
0.00552438
88
0.00759603
-239
-0.0206301
-102
-0.00880449
296
0.0255503
-210
-0.0181269
-146
-0.0126025
-319
-0.0275356
-21
-0.00181269
103
0.00889081
310
0.0267587
8
0.000690548
101
0.00871817
116
0.0100129
-57
-0.00492016
160
0.013811
204
0.017609
74
0.00638757
197
0.0170047
-25
-0.00215796
248
0.021407
-161
-0.0138973
-72
-0.00621493
-24
-0.00207164
-308
-0.0265861
-192
-0.0165732
65
0.0056107
215
0.0185585
12
0.00103582
2
0.000172637
41
0.00353906
52
0.00448856
217
0.0187311
-74
-0.00638757
43
0.0037117
31
0.00267587
35
0.00302115
-105
-0.00906344
-217
-0.0187311
-11
-0.000949504
-403
-0.0347864
221
0.0190764
133
0.0114804
81
0.0069918
189
0.0163142
2
0.000172637
-443
-0.0382391
-189
-0.0163142
33
0.00284851
1
8.63185e-05
292
0.025205
157
0.013552
5
0.000431593
-60
-0.00517911
3
0.000258956
52
0.00448856
127
0.0109625
-6
-0.000517911
-213
-0.0183858
11
0.000949504
222
0.0191627
-41
-0.00353906
293
0.0252913
-168
-0.0145015
-52
-0.00448856
26
0.00224428
41
0.00353906
29
0.00250324
100
0.00863185
10
0.000863185
-116
-0.0100129
3
0.000258956
-17
-0.00146741
153
0.0132067
-84
-0.00725076
-56
-0.00483384
341
0.0294346
168
0.0145015
-166
-0.0143289
-161
-0.0138973
-112
-0.00966767
41
0.00353906
-79
-0.00681916
-8
-0.000690548
110
0.00949504
19
0.00164005
419
0.0361675
88
0.00759603
-78
-0.00673284
107
0.00923608
93
0.00802762
-134
-0.0115667
258
0.0222702
-40
-0.00345274
-314
-0.027104
0
0
201
0.01735
13
0.00112214
293
0.0252913
-69
-0.00595598
201
0.01735
-28
-0.00241692
317
0.027363
63
0.00543807
52
0.00448856
-64
-0.00552438
158
0.0136383
49
0.00422961
269
0.0232197
127
0.0109625
-3
-0.000258956
102
0.00880449
-62
-0.00535175
72
0.00621493
-50
-0.00431593
-154
-0.0132931
225
0.0194217
59
0.00509279
76
0.00656021
3
0.000258956
-143
-0.0123435
88
0.00759603
-48
-0.00414329
154
0.0132931
-129
-0.0111351
-30
-0.00258956
-93
-0.00802762
-21
-0.00181269
-27
-0.0023306
39
0.00336642
-263
-0.0227018
-137
-0.0118256
55
0.00474752
41
0.00353906
-36
-0.00310747
303
0.0261545
-436
-0.0376349
-65
-0.0056107
-47
-0.00405697
62
0.00535175
34
0.00293483
289
0.0249461
-402
-0.0347
73
0.00630125
-113
-0.00975399
154
0.0132931
-103
-0.00889081
-15
-0.00129478
-24
-0.00207164
230
0.0198533
