36
0.0175781
-34
-0.0166016
-37
-0.0180664
29
0.0141602
-100
-0.0488281
-20
-0.00976562
-63
-0.0307617
1
0.000488281
-11
-0.00537109
25
0.012207
42
0.0205078
8
0.00390625
10
0.00488281
-19
-0.00927734
5
0.00244141
-22
-0.0107422
87
0.0424805
38
0.0185547
77
0.0375977
36
0.0175781
27
0.0131836
-15
-0.00732422
3
0.00146484
50
0.0244141
-61
-0.0297852
-29
-0.0141602
39
0.019043
-38
-0.0185547
-22
-0.0107422
2
0.000976562
-31
-0.0151367
-34
-0.0166016
-21
-0.0102539
40
0.0195312
-90
-0.0439453
55
0.0268555
24
0.0117188
49
0.0239258
-54
-0.0263672
-43
-0.0209961
-20
-0.00976562
14
0.00683594
88
0.0429688
-59
-0.0288086
-4
-0.00195312
39
0.019043
-33
-0.0161133
58
0.0283203
-80
-0.0390625
-15
-0.00732422
35
0.0170898
24
0.0117188
-25
-0.012207
-75
-0.0366211
-66
-0.0322266
-19
-0.00927734
-113
-0.0551758
23
0.0112305
-32
-0.015625
-18
-0.00878906
62
0.0302734
49
0.0239258
-107
-0.0522461
25
0.012207
24
0.0117188
-49
-0.0239258
-58
-0.0283203
65
0.0317383
-62
-0.0302734
-30
-0.0146484
100
0.0488281
-40
-0.0195312
-34
-0.0166016
48
0.0234375
-59
-0.0288086
12
0.00585938
28
0.0136719
-18
-0.00878906
-69
-0.0336914
10
0.00488281
35
0.0170898
12
0.00585938
35
0.0170898
-29
-0.0141602
24
0.0117188
6
0.00292969
-51
-0.0249023
11
0.00537109
107
0.0522461
-5
-0.00244141
-15
-0.00732422
-46
-0.0224609
76
0.0371094
72
0.0351562
-160
-0.078125
-57
-0.027832
7
0.00341797
-4
-0.00195312
31
0.0151367
-40
-0.0195312
4
0.00195312
-14
-0.00683594
-20
-0.00976562
82
0.0400391
-10
-0.00488281
87
0.0424805
-64
-0.03125
73
0.0356445
45
0.0219727
-33
-0.0161133
-61
-0.0297852
-56
-0.0273438
-12
-0.00585938
-13
-0.00634766
8
0.00390625
-9
-0.00439453
-24
-0.0117188
60
0.0292969
-59
-0.0288086
12
0.00585938
71
0.034668
13
0.00634766
17
0.00830078
47
0.0229492
63
0.0307617
-27
-0.0131836
40
0.0195312
-34
-0.0166016
22
0.0107422
6
0.00292969
-25
-0.012207
49
0.0239258
-9
-0.00439453
22
0.0107422
-59
-0.0288086
23
0.0112305
-9
-0.00439453
-47
-0.0229492
-81
-0.0395508
23
0.0112305
74
0.0361328
-62
-0.0302734
13
0.00634766
-25
-0.012207
-78
-0.0380859
136
0.0664062
-111
-0.0541992
-39
-0.019043
7
0.00341797
-12
-0.00585938
45
0.0219727
21
0.0102539
-17
-0.00830078
-4
-0.00195312
-36
-0.0175781
40
0.0195312
-4
-0.00195312
-45
-0.0219727
-58
-0.0283203
-48
-0.0234375
95
0.0463867
-13
-0.00634766
8
0.00390625
22
0.0107422
-17
-0.00830078
24
0.0117188
25
0.012207
-46
-0.0224609
-4
-0.00195312
63
0.0307617
49
0.0239258
-80
-0.0390625
6
0.00292969
-25
-0.012207
13
0.00634766
14
0.00683594
-18
-0.00878906
-2
-0.000976562
55
0.0268555
60
0.0292969
8
0.00390625
18
0.00878906
12
0.00585938
13
0.00634766
-7
-0.00341797
52
0.0253906
1
0.000488281
-4
-0.00195312
-50
-0.0244141
19
0.00927734
52
0.0253906
43
0.0209961
-30
-0.0146484
-50
-0.0244141
34
0.0166016
68
0.0332031
12
0.00585938
20
0.00976562
77
0.0375977
24
0.0117188
-71
-0.034668
-10
-0.00488281
-87
-0.0424805
-72
-0.0351562
-99
-0.0483398
-5
-0.00244141
-8
-0.00390625
-20
-0.00976562
8
0.00390625
-79
-0.0385742
-30
-0.0146484
-19
-0.00927734
84
0.0410156
39
0.019043
-7
-0.00341797
-30
-0.0146484
-56
-0.0273438
-51
-0.0249023
19
0.00927734
9
0.00439453
-16
-0.0078125
-6
-0.00292969
50
0.0244141
39
0.019043
-7
-0.00341797
1
0.000488281
86
0.0419922
3
0.00146484
-2
-0.000976562
-5
-0.00244141
34
0.0166016
24
0.0117188
23
0.0112305
-39
-0.019043
63
0.0307617
-1
-0.000488281
-37
-0.0180664
38
0.0185547
-40
-0.0195312
29
0.0141602
-10
-0.00488281
-30
-0.0146484
6
0.00292969
-30
-0.0146484
-5
-0.00244141
14
0.00683594
-61
-0.0297852
-73
-0.0356445
30
0.0146484
71
0.034668
81
0.0395508
22
0.0107422
-11
-0.00537109
-7
-0.00341797
-50
-0.0244141
-32
-0.015625
-83
-0.0405273
-23
-0.0112305
13
0.00634766
10
0.00488281
-24
-0.0117188
-61
-0.0297852
132
0.0644531
-30
-0.0146484
-8
-0.00390625
-62
-0.0302734
-2
-0.000976562
-92
-0.0449219
-65
-0.0317383
-35
-0.0170898
-85
-0.0415039
45
0.0219727
-19
-0.00927734
76
0.0371094
-46
-0.0224609
1
0.000488281
33
0.0161133
31
0.0151367
77
0.0375977
19
0.00927734
-37
-0.0180664
0
0
-35
-0.0170898
14
0.00683594
11
0.00537109
-8
-0.00390625
-81
-0.0395508
-18
-0.00878906
-27
-0.0131836
-60
-0.0292969
56
0.0273438
-94
-0.0458984
-32
-0.015625
4
0.00195312
55
0.0268555
-6
-0.00292969
-14
-0.00683594
-29
-0.0141602
84
0.0410156
3
0.00146484
-47
-0.0229492
56
0.0273438
65
0.0317383
22
0.0107422
10
0.00488281
-29
-0.0141602
-7
-0.00341797
-12
-0.00585938
-22
-0.0107422
10
0.00488281
-75
-0.0366211
-21
-0.0102539
55
0.0268555
50
0.0244141
0
0
-92
-0.0449219
-27
-0.0131836
1
0.000488281
-24
-0.0117188
24
0.0117188
-40
-0.0195312
0
0
39
0.019043
11
0.00537109
-29
-0.0141602
39
0.019043
-23
-0.0112305
17
0.00830078
-51
-0.0249023
72
0.0351562
2
0.000976562
12
0.00585938
19
0.00927734
35
0.0170898
-34
-0.0166016
8
0.00390625
-46
-0.0224609
41
0.0200195
-87
-0.0424805
0
0
-2
-0.000976562
-31
-0.0151367
81
0.0395508
52
0.0253906
77
0.0375977
-22
-0.0107422
-71
-0.034668
47
0.0229492
-46
-0.0224609
-24
-0.0117188
58
0.0283203
7
0.00341797
-65
-0.0317383
2
0.000976562
12
0.00585938
-38
-0.0185547
4
0.00195312
-14
-0.00683594
-61
-0.0297852
-43
-0.0209961
148
0.0722656
35
0.0170898
4
0.00195312
-43
-0.0209961
63
0.0307617
-38
-0.0185547
32
0.015625
-15
-0.00732422
35
0.0170898
-10
-0.00488281
-11
-0.00537109
-26
-0.0126953
66
0.0322266
-34
-0.0166016
-31
-0.0151367
-28
-0.0136719
-13
-0.00634766
8
0.00390625
-40
-0.0195312
-5
-0.00244141
58
0.0283203
85
0.0415039
-20
-0.00976562
45
0.0219727
-19
-0.00927734
-29
-0.0141602
50
0.0244141
-22
-0.0107422
25
0.012207
91
0.0444336
0
0
-2
-0.000976562
19
0.00927734
13
0.00634766
-43
-0.0209961
12
0.00585938
-3
-0.00146484
53
0.0258789
-27
-0.0131836
-27
-0.0131836
-13
-0.00634766
-47
-0.0229492
76
0.0371094
9
0.00439453
-38
-0.0185547
-11
-0.00537109
60
0.0292969
11
0.00537109
47
0.0229492
-32
-0.015625
-29
-0.0141602
-61
-0.0297852
-29
-0.0141602
-27
-0.0131836
43
0.0209961
36
0.0175781
39
0.019043
0
0
13
0.00634766
-78
-0.0380859
-68
-0.0332031
-6
-0.00292969
4
0.00195312
-57
-0.027832
69
0.0336914
-7
-0.00341797
12
0.00585938
-26
-0.0126953
40
0.0195312
-74
-0.0361328
41
0.0200195
-29
-0.0141602
29
0.0141602
44
0.0214844
8
0.00390625
-33
-0.0161133
29
0.0141602
47
0.0229492
-98
-0.0478516
-36
-0.0175781
42
0.0205078
15
0.00732422
19
0.00927734
0
0
34
0.0166016
-32
-0.015625
-62
-0.0302734
-6
-0.00292969
-12
-0.00585938
-62
-0.0302734
54
0.0263672
39
0.019043
-3
-0.00146484
-7
-0.00341797
-42
-0.0205078
20
0.00976562
-1
-0.000488281
40
0.0195312
-19
-0.00927734
37
0.0180664
-71
-0.034668
14
0.00683594
20
0.00976562
-21
-0.0102539
35
0.0170898
-26
-0.0126953
-115
-0.0561523
-25
-0.012207
-62
-0.0302734
21
0.0102539
-1
-0.000488281
-24
-0.0117188
3
0.00146484
-34
-0.0166016
55
0.0268555
33
0.0161133
-8
-0.00390625
16
0.0078125
62
0.0302734
18
0.00878906
-18
-0.00878906
109
0.0532227
-21
-0.0102539
53
0.0258789
6
0.00292969
20
0.00976562
-103
-0.050293
-27
-0.0131836
-16
-0.0078125
-13
-0.00634766
59
0.0288086
25
0.012207
93
0.0454102
-14
-0.00683594
25
0.012207
16
0.0078125
-19
-0.00927734
4
0.00195312
12
0.00585938
-19
-0.00927734
-56
-0.0273438
-44
-0.0214844
-135
-0.065918
27
0.0131836
-86
-0.0419922
-6
-0.00292969
-66
-0.0322266
14
0.00683594
-39
-0.019043
-36
-0.0175781
-10
-0.00488281
-9
-0.00439453
22
0.0107422
-89
-0.043457
16
0.0078125
-97
-0.0473633
71
0.034668
-80
-0.0390625
3
0.00146484
37
0.0180664
31
0.0151367
12
0.00585938
-23
-0.0112305
10
0.00488281
-50
-0.0244141
-53
-0.0258789
-48
-0.0234375
-54
-0.0263672
-23
-0.0112305
62
0.0302734
-64
-0.03125
16
0.0078125
-53
-0.0258789
-27
-0.0131836
-5
-0.00244141
-4
-0.00195312
85
0.0415039
45
0.0219727
22
0.0107422
-54
-0.0263672
47
0.0229492
19
0.00927734
81
0.0395508
26
0.0126953
36
0.0175781
8
0.00390625
10
0.00488281
-37
-0.0180664
-60
-0.0292969
21
0.0102539
-5
-0.00244141
23
0.0112305
-29
-0.0141602
-8
-0.00390625
-18
-0.00878906
65
0.0317383
-86
-0.0419922
7
0.00341797
43
0.0209961
13
0.00634766
-7
-0.00341797
31
0.0151367
27
0.0131836
34
0.0166016
27
0.0131836
-36
-0.0175781
40
0.0195312
55
0.0268555
-101
-0.0493164
-41
-0.0200195
33
0.0161133
-16
-0.0078125
47
0.0229492
46
0.0224609
12
0.00585938
16
0.0078125
-8
-0.00390625
-49
-0.0239258
85
0.0415039
85
0.0415039
1
0.000488281
-57
-0.027832
7
0.00341797
17
0.00830078
31
0.0151367
37
0.0180664
48
0.0234375
19
0.00927734
1
0.000488281
5
0.00244141
31
0.0151367
23
0.0112305
16
0.0078125
-18
-0.00878906
31
0.0151367
-21
-0.0102539
-48
-0.0234375
1
0.000488281
-8
-0.00390625
-6
-0.00292969
-37
-0.0180664
-27
-0.0131836
-45
-0.0219727
-21
-0.0102539
-89
-0.043457
-58
-0.0283203
5
0.00244141
9
0.00439453
17
0.00830078
-2
-0.000976562
-43
-0.0209961
-62
-0.0302734
-45
-0.0219727
-8
-0.00390625
83
0.0405273
32
0.015625
-24
-0.0117188
85
0.0415039
-35
-0.0170898
32
0.015625
64
0.03125
-26
-0.0126953
19
0.00927734
15
0.00732422
59
0.0288086
0
0
16
0.0078125
-4
-0.00195312
-5
-0.00244141
-17
-0.00830078
9
0.00439453
69
0.0336914
31
0.0151367
-75
-0.0366211
-44
-0.0214844
25
0.012207
50
0.0244141
-21
-0.0102539
-19
-0.00927734
-19
-0.00927734
23
0.0112305
0
0
-37
-0.0180664
9
0.00439453
-52
-0.0253906
47
0.0229492
-57
-0.027832
-41
-0.0200195
-39
-0.019043
-53
-0.0258789
43
0.0209961
43
0.0209961
60
0.0292969
17
0.00830078
-5
-0.00244141
7
0.00341797
4
0.00195312
2
0.000976562
51
0.0249023
-8
-0.00390625
13
0.00634766
19
0.00927734
-9
-0.00439453
-45
-0.0219727
-11
-0.00537109
11
0.00537109
28
0.0136719
-8
-0.00390625
-23
-0.0112305
-73
-0.0356445
-36
-0.0175781
-71
-0.034668
-111
-0.0541992
9
0.00439453
44
0.0214844
74
0.0361328
-18
-0.00878906
-38
-0.0185547
-16
-0.0078125
0
0
-26
-0.0126953
-5
-0.00244141
-17
-0.00830078
56
0.0273438
11
0.00537109
-22
-0.0107422
13
0.00634766
-15
-0.00732422
-50
-0.0244141
-29
-0.0141602
9
0.00439453
-42
-0.0205078
-38
-0.0185547
31
0.0151367
16
0.0078125
-24
-0.0117188
70
0.0341797
-30
-0.0146484
65
0.0317383
1
0.000488281
-46
-0.0224609
37
0.0180664
-20
-0.00976562
-30
-0.0146484
49
0.0239258
25
0.012207
125
0.0610352
76
0.0371094
25
0.012207
5
0.00244141
-3
-0.00146484
68
0.0332031
46
0.0224609
40
0.0195312
46
0.0224609
-24
-0.0117188
18
0.00878906
12
0.00585938
52
0.0253906
-2
-0.000976562
-7
-0.00341797
-39
-0.019043
3
0.00146484
39
0.019043
-43
-0.0209961
28
0.0136719
-39
-0.019043
-7
-0.00341797
26
0.0126953
28
0.0136719
-106
-0.0517578
-51
-0.0249023
42
0.0205078
-8
-0.00390625
-90
-0.0439453
-36
-0.0175781
8
0.00390625
-29
-0.0141602
-49
-0.0239258
-14
-0.00683594
67
0.0327148
-27
-0.0131836
-21
-0.0102539
-17
-0.00830078
-30
-0.0146484
33
0.0161133
52
0.0253906
4
0.00195312
-43
-0.0209961
-75
-0.0366211
4
0.00195312
15
0.00732422
-44
-0.0214844
12
0.00585938
-42
-0.0205078
-3
-0.00146484
47
0.0229492
-31
-0.0151367
-59
-0.0288086
11
0.00537109
3
0.00146484
-15
-0.00732422
22
0.0107422
6
0.00292969
-69
-0.0336914
-14
-0.00683594
-46
-0.0224609
33
0.0161133
70
0.0341797
-27
-0.0131836
-17
-0.00830078
-15
-0.00732422
-19
-0.00927734
-35
-0.0170898
-114
-0.0556641
45
0.0219727
28
0.0136719
-8
-0.00390625
-19
-0.00927734
-15
-0.00732422
-70
-0.0341797
-91
-0.0444336
-35
-0.0170898
-23
-0.0112305
-4
-0.00195312
-75
-0.0366211
-59
-0.0288086
53
0.0258789
-26
-0.0126953
-40
-0.0195312
92
0.0449219
23
0.0112305
65
0.0317383
27
0.0131836
-73
-0.0356445
-23
-0.0112305
12
0.00585938
-17
-0.00830078
27
0.0131836
-77
-0.0375977
27
0.0131836
-69
-0.0336914
-20
-0.00976562
100
0.0488281
-46
-0.0224609
34
0.0166016
8
0.00390625
-23
-0.0112305
-9
-0.00439453
-47
-0.0229492
9
0.00439453
-46
-0.0224609
-34
-0.0166016
21
0.0102539
23
0.0112305
-14
-0.00683594
32
0.015625
2
0.000976562
4
0.00195312
-18
-0.00878906
-32
-0.015625
-24
-0.0117188
57
0.027832
12
0.00585938
98
0.0478516
-75
-0.0366211
-13
-0.00634766
-12
-0.00585938
26
0.0126953
-45
-0.0219727
-116
-0.0566406
-14
-0.00683594
22
0.0107422
-17
-0.00830078
-48
-0.0234375
-22
-0.0107422
48
0.0234375
-13
-0.00634766
-21
-0.0102539
74
0.0361328
-51
-0.0249023
29
0.0141602
129
0.0629883
-1
-0.000488281
-37
-0.0180664
23
0.0112305
-12
-0.00585938
27
0.0131836
-17
-0.00830078
16
0.0078125
6
0.00292969
-11
-0.00537109
85
0.0415039
-5
-0.00244141
41
0.0200195
-7
-0.00341797
-80
-0.0390625
22
0.0107422
56
0.0273438
59
0.0288086
-27
-0.0131836
-13
-0.00634766
87
0.0424805
33
0.0161133
43
0.0209961
-1
-0.000488281
42
0.0205078
-35
-0.0170898
64
0.03125
-61
-0.0297852
-55
-0.0268555
59
0.0288086
17
0.00830078
-35
-0.0170898
-79
-0.0385742
-10
-0.00488281
-23
-0.0112305
13
0.00634766
-21
-0.0102539
11
0.00537109
-119
-0.0581055
38
0.0185547
-16
-0.0078125
81
0.0395508
38
0.0185547
-7
-0.00341797
90
0.0439453
-1
-0.000488281
-15
-0.00732422
44
0.0214844
40
0.0195312
22
0.0107422
49
0.0239258
46
0.0224609
-2
-0.000976562
-2
-0.000976562
-33
-0.0161133
34
0.0166016
17
0.00830078
-71
-0.034668
-2
-0.000976562
-16
-0.0078125
-5
-0.00244141
5
0.00244141
-2
-0.000976562
9
0.00439453
23
0.0112305
15
0.00732422
-64
-0.03125
-55
-0.0268555
4
0.00195312
89
0.043457
-47
-0.0229492
-37
-0.0180664
-5
-0.00244141
17
0.00830078
15
0.00732422
-60
-0.0292969
-7
-0.00341797
8
0.00390625
-40
-0.0195312
-28
-0.0136719
25
0.012207
34
0.0166016
27
0.0131836
-24
-0.0117188
-25
-0.012207
-31
-0.0151367
-25
-0.012207
-1
-0.000488281
7
0.00341797
-47
-0.0229492
42
0.0205078
44
0.0214844
25
0.012207
-57
-0.027832
13
0.00634766
-53
-0.0258789
-50
-0.0244141
-77
-0.0375977
-151
-0.0737305
-7
-0.00341797
34
0.0166016
-22
-0.0107422
-88
-0.0429688
-61
-0.0297852
-14
-0.00683594
-23
-0.0112305
-7
-0.00341797
-55
-0.0268555
-41
-0.0200195
9
0.00439453
-9
-0.00439453
25
0.012207
-91
-0.0444336
-4
-0.00195312
26
0.0126953
-71
-0.034668
37
0.0180664
17
0.00830078
-69
-0.0336914
-48
-0.0234375
-48
-0.0234375
-7
-0.00341797
34
0.0166016
23
0.0112305
16
0.0078125
-40
-0.0195312
34
0.0166016
11
0.00537109
3
0.00146484
20
0.00976562
54
0.0263672
24
0.0117188
-58
-0.0283203
-31
-0.0151367
79
0.0385742
-21
-0.0102539
43
0.0209961
14
0.00683594
15
0.00732422
72
0.0351562
38
0.0185547
-36
-0.0175781
6
0.00292969
-22
-0.0107422
-31
-0.0151367
16
0.0078125
-17
-0.00830078
-19
-0.00927734
-8
-0.00390625
52
0.0253906
108
0.0527344
42
0.0205078
111
0.0541992
43
0.0209961
11
0.00537109
-40
-0.0195312
-17
-0.00830078
56
0.0273438
31
0.0151367
25
0.012207
-68
-0.0332031
2
0.000976562
-40
-0.0195312
-41
-0.0200195
69
0.0336914
18
0.00878906
21
0.0102539
-28
-0.0136719
44
0.0214844
18
0.00878906
-8
-0.00390625
-12
-0.00585938
14
0.00683594
-19
-0.00927734
70
0.0341797
-26
-0.0126953
13
0.00634766
0
0
100
0.0488281
-3
-0.00146484
-35
-0.0170898
-23
-0.0112305
-16
-0.0078125
56
0.0273438
1
0.000488281
-35
-0.0170898
63
0.0307617
34
0.0166016
-25
-0.012207
59
0.0288086
10
0.00488281
-38
-0.0185547
10
0.00488281
28
0.0136719
-48
-0.0234375
22
0.0107422
-15
-0.00732422
23
0.0112305
-63
-0.0307617
-7
-0.00341797
-84
-0.0410156
-41
-0.0200195
56
0.0273438
-86
-0.0419922
23
0.0112305
-93
-0.0454102
52
0.0253906
15
0.00732422
-16
-0.0078125
53
0.0258789
-49
-0.0239258
79
0.0385742
-83
-0.0405273
17
0.00830078
103
0.050293
71
0.034668
24
0.0117188
-58
-0.0283203
11
0.00537109
-55
-0.0268555
-45
-0.0219727
-21
-0.0102539
-37
-0.0180664
29
0.0141602
16
0.0078125
28
0.0136719
60
0.0292969
0
0
32
0.015625
-16
-0.0078125
9
0.00439453
52
0.0253906
-16
-0.0078125
18
0.00878906
65
0.0317383
12
0.00585938
11
0.00537109
39
0.019043
43
0.0209961
56
0.0273438
69
0.0336914
74
0.0361328
-5
-0.00244141
-30
-0.0146484
4
0.00195312
-7
-0.00341797
46
0.0224609
48
0.0234375
15
0.00732422
-7
-0.00341797
19
0.00927734
-22
-0.0107422
-71
-0.034668
30
0.0146484
-3
-0.00146484
11
0.00537109
25
0.012207
55
0.0268555
45
0.0219727
13
0.00634766
62
0.0302734
4
0.00195312
94
0.0458984
-29
-0.0141602
-17
-0.00830078
19
0.00927734
44
0.0214844
25
0.012207
-98
-0.0478516
-44
-0.0214844
-32
-0.015625
54
0.0263672
-19
-0.00927734
26
0.0126953
12
0.00585938
-32
-0.015625
22
0.0107422
11
0.00537109
79
0.0385742
-31
-0.0151367
-22
-0.0107422
36
0.0175781
24
0.0117188
19
0.00927734
-85
-0.0415039
-32
-0.015625
-40
-0.0195312
-2
-0.000976562
-27
-0.0131836
-48
-0.0234375
22
0.0107422
-25
-0.012207
-45
-0.0219727
47
0.0229492
115
0.0561523
-22
-0.0107422
50
0.0244141
-17
-0.00830078
-35
-0.0170898
33
0.0161133
45
0.0219727
69
0.0336914
56
0.0273438
-38
-0.0185547
7
0.00341797
-105
-0.0512695
-58
-0.0283203
18
0.00878906
41
0.0200195
-67
-0.0327148
-39
-0.019043
32
0.015625
-34
-0.0166016
-28
-0.0136719
72
0.0351562
-3
-0.00146484
-6
-0.00292969
-5
-0.00244141
-29
-0.0141602
70
0.0341797
61
0.0297852
3
0.00146484
-127
-0.0620117
7
0.00341797
-35
-0.0170898
27
0.0131836
-21
-0.0102539
-71
-0.034668
-69
-0.0336914
-52
-0.0253906
-17
-0.00830078
-21
-0.0102539
-5
-0.00244141
0
0
-22
-0.0107422
-8
-0.00390625
-32
-0.015625
-41
-0.0200195
-58
-0.0283203
21
0.0102539
28
0.0136719
-4
-0.00195312
17
0.00830078
20
0.00976562
129
0.0629883
-24
-0.0117188
14
0.00683594
14
0.00683594
-102
-0.0498047
44
0.0214844
46
0.0224609
12
0.00585938
-42
-0.0205078
-27
-0.0131836
98
0.0478516
53
0.0258789
-17
-0.00830078
-8
-0.00390625
3
0.00146484
10
0.00488281
15
0.00732422
40
0.0195312
26
0.0126953
21
0.0102539
60
0.0292969
24
0.0117188
-29
-0.0141602
-6
-0.00292969
26
0.0126953
39
0.019043
12
0.00585938
-54
-0.0263672
13
0.00634766
78
0.0380859
62
0.0302734
-2
-0.000976562
-52
-0.0253906
-8
-0.00390625
53
0.0258789
53
0.0258789
4
0.00195312
25
0.012207
-14
-0.00683594
-68
-0.0332031
-26
-0.0126953
-1
-0.000488281
-91
-0.0444336
14
0.00683594
125
0.0610352
17
0.00830078
78
0.0380859
9
0.00439453
-41
-0.0200195
-18
-0.00878906
-24
-0.0117188
-73
-0.0356445
-16
-0.0078125
-47
-0.0229492
-21
-0.0102539
-99
-0.0483398
39
0.019043
-6
-0.00292969
-39
-0.019043
68
0.0332031
5
0.00244141
28
0.0136719
-63
-0.0307617
-12
-0.00585938
-44
-0.0214844
-49
-0.0239258
-17
-0.00830078
-14
-0.00683594
4
0.00195312
14
0.00683594
-76
-0.0371094
-23
-0.0112305
30
0.0146484
23
0.0112305
-4
-0.00195312
47
0.0229492
-33
-0.0161133
-21
-0.0102539
37
0.0180664
30
0.0146484
-49
-0.0239258
-37
-0.0180664
-7
-0.00341797
5
0.00244141
-4
-0.00195312
-17
-0.00830078
-24
-0.0117188
-39
-0.019043
34
0.0166016
-6
-0.00292969
29
0.0141602
32
0.015625
-17
-0.00830078
48
0.0234375
33
0.0161133
21
0.0102539
-84
-0.0410156
0
0
93
0.0454102
21
0.0102539
44
0.0214844
-22
-0.0107422
70
0.0341797
-37
-0.0180664
9
0.00439453
-9
-0.00439453
50
0.0244141
19
0.00927734
25
0.012207
-61
-0.0297852
-27
-0.0131836
-65
-0.0317383
-19
-0.00927734
-34
-0.0166016
8
0.00390625
-108
-0.0527344
-43
-0.0209961
-6
-0.00292969
47
0.0229492
0
0
39
0.019043
-7
-0.00341797
27
0.0131836
50
0.0244141
18
0.00878906
-6
-0.00292969
-48
-0.0234375
-5
-0.00244141
-7
-0.00341797
-10
-0.00488281
-13
-0.00634766
33
0.0161133
-23
-0.0112305
-35
-0.0170898
65
0.0317383
-6
-0.00292969
63
0.0307617
-36
-0.0175781
-143
-0.0698242
41
0.0200195
-35
-0.0170898
-27
-0.0131836
-62
-0.0302734
8
0.00390625
37
0.0180664
-65
-0.0317383
49
0.0239258
-33
-0.0161133
-37
-0.0180664
-4
-0.00195312
-54
-0.0263672
-78
-0.0380859
102
0.0498047
-56
-0.0273438
-20
-0.00976562
-47
-0.0229492
-71
-0.034668
-56
-0.0273438
-8
-0.00390625
-114
-0.0556641
-39
-0.019043
-28
-0.0136719
11
0.00537109
23
0.0112305
12
0.00585938
30
0.0146484
-22
-0.0107422
9
0.00439453
-60
-0.0292969
10
0.00488281
-31
-0.0151367
-33
-0.0161133
41
0.0200195
71
0.034668
9
0.00439453
-9
-0.00439453
49
0.0239258
28
0.0136719
34
0.0166016
4
0.00195312
14
0.00683594
43
0.0209961
-27
-0.0131836
42
0.0205078
25
0.012207
-3
-0.00146484
18
0.00878906
48
0.0234375
-14
-0.00683594
17
0.00830078
-7
-0.00341797
50
0.0244141
-21
-0.0102539
14
0.00683594
-5
-0.00244141
-35
-0.0170898
11
0.00537109
41
0.0200195
-18
-0.00878906
1
0.000488281
6
0.00292969
-12
-0.00585938
64
0.03125
12
0.00585938
-26
-0.0126953
-26
-0.0126953
-18
-0.00878906
29
0.0141602
-30
-0.0146484
64
0.03125
-19
-0.00927734
26
0.0126953
-81
-0.0395508
-87
-0.0424805
-49
-0.0239258
16
0.0078125
-49
-0.0239258
2
0.000976562
44
0.0214844
-16
-0.0078125
43
0.0209961
-73
-0.0356445
2
0.000976562
-25
-0.012207
86
0.0419922
-62
-0.0302734
53
0.0258789
24
0.0117188
-64
-0.03125
-83
-0.0405273
-1
-0.000488281
-14
-0.00683594
-27
-0.0131836
49
0.0239258
-23
-0.0112305
24
0.0117188
-63
-0.0307617
48
0.0234375
-99
-0.0483398
21
0.0102539
117
0.0571289
29
0.0141602
52
0.0253906
27
0.0131836
-21
-0.0102539
89
0.043457
63
0.0307617
-7
-0.00341797
-3
-0.00146484
-30
-0.0146484
23
0.0112305
-31
-0.0151367
-19
-0.00927734
-56
-0.0273438
49
0.0239258
-19
-0.00927734
16
0.0078125
-48
-0.0234375
-23
-0.0112305
-11
-0.00537109
45
0.0219727
12
0.00585938
59
0.0288086
-31
-0.0151367
62
0.0302734
32
0.015625
-44
-0.0214844
84
0.0410156
-58
-0.0283203
33
0.0161133
-56
-0.0273438
-14
-0.00683594
-4
-0.00195312
14
0.00683594
53
0.0258789
55
0.0268555
-21
-0.0102539
-59
-0.0288086
0
0
-45
-0.0219727
-55
-0.0268555
-5
-0.00244141
6
0.00292969
-47
-0.0229492
13
0.00634766
-73
-0.0356445
17
0.00830078
3
0.00146484
-53
-0.0258789
-8
-0.00390625
18
0.00878906
-14
-0.00683594
56
0.0273438
-50
-0.0244141
-51
-0.0249023
12
0.00585938
-10
-0.00488281
-2
-0.000976562
-14
-0.00683594
14
0.00683594
105
0.0512695
29
0.0141602
61
0.0297852
-85
-0.0415039
17
0.00830078
4
0.00195312
52
0.0253906
-57
-0.027832
24
0.0117188
40
0.0195312
-15
-0.00732422
-39
-0.019043
-32
-0.015625
7
0.00341797
3
0.00146484
-2
-0.000976562
-33
-0.0161133
59
0.0288086
88
0.0429688
-21
-0.0102539
-22
-0.0107422
-6
-0.00292969
29
0.0141602
-70
-0.0341797
27
0.0131836
36
0.0175781
14
0.00683594
0
0
73
0.0356445
43
0.0209961
89
0.043457
10
0.00488281
-4
-0.00195312
-34
-0.0166016
-12
-0.00585938
50
0.0244141
55
0.0268555
-50
-0.0244141
68
0.0332031
-64
-0.03125
19
0.00927734
-2
-0.000976562
-56
-0.0273438
35
0.0170898
53
0.0258789
34
0.0166016
-38
-0.0185547
-8
-0.00390625
-10
-0.00488281
55
0.0268555
-92
-0.0449219
-3
-0.00146484
32
0.015625
-9
-0.00439453
-6
-0.00292969
18
0.00878906
98
0.0478516
-28
-0.0136719
58
0.0283203
16
0.0078125
-56
-0.0273438
46
0.0224609
18
0.00878906
-76
-0.0371094
-67
-0.0327148
-42
-0.0205078
-53
-0.0258789
69
0.0336914
-35
-0.0170898
-52
-0.0253906
18
0.00878906
15
0.00732422
126
0.0615234
12
0.00585938
39
0.019043
18
0.00878906
-17
-0.00830078
-72
-0.0351562
-9
-0.00439453
0
0
-7
-0.00341797
21
0.0102539
-2
-0.000976562
-74
-0.0361328
-25
-0.012207
-72
-0.0351562
38
0.0185547
71
0.034668
-50
-0.0244141
36
0.0175781
87
0.0424805
17
0.00830078
49
0.0239258
-20
-0.00976562
-28
-0.0136719
20
0.00976562
23
0.0112305
5
0.00244141
-30
-0.0146484
-56
-0.0273438
-7
-0.00341797
12
0.00585938
25
0.012207
-13
-0.00634766
-30
-0.0146484
-16
-0.0078125
-37
-0.0180664
20
0.00976562
-53
-0.0258789
-13
-0.00634766
-27
-0.0131836
-24
-0.0117188
53
0.0258789
59
0.0288086
-40
-0.0195312
-70
-0.0341797
-81
-0.0395508
-78
-0.0380859
-11
-0.00537109
50
0.0244141
-23
-0.0112305
0
0
51
0.0249023
-47
-0.0229492
-4
-0.00195312
-16
-0.0078125
-32
-0.015625
-79
-0.0385742
-51
-0.0249023
-51
-0.0249023
44
0.0214844
-4
-0.00195312
26
0.0126953
-11
-0.00537109
20
0.00976562
-2
-0.000976562
51
0.0249023
53
0.0258789
3
0.00146484
46
0.0224609
-5
-0.00244141
4
0.00195312
88
0.0429688
-8
-0.00390625
-53
-0.0258789
-23
-0.0112305
-47
-0.0229492
-49
-0.0239258
25
0.012207
-29
-0.0141602
50
0.0244141
8
0.00390625
-81
-0.0395508
10
0.00488281
24
0.0117188
-56
-0.0273438
-23
-0.0112305
15
0.00732422
36
0.0175781
-26
-0.0126953
-58
-0.0283203
8
0.00390625
43
0.0209961
-24
-0.0117188
-19
-0.00927734
-15
-0.00732422
-48
-0.0234375
20
0.00976562
42
0.0205078
-47
-0.0229492
-84
-0.0410156
27
0.0131836
-29
-0.0141602
-23
-0.0112305
-61
-0.0297852
-19
-0.00927734
62
0.0302734
-4
-0.00195312
20
0.00976562
-24
-0.0117188
-94
-0.0458984
-31
-0.0151367
37
0.0180664
-33
-0.0161133
-20
-0.00976562
14
0.00683594
-6
-0.00292969
-46
-0.0224609
144
0.0703125
21
0.0102539
-25
-0.012207
-4
-0.00195312
-51
-0.0249023
66
0.0322266
-9
-0.00439453
21
0.0102539
-54
-0.0263672
15
0.00732422
2
0.000976562
26
0.0126953
-57
-0.027832
33
0.0161133
-56
-0.0273438
18
0.00878906
-50
-0.0244141
-5
-0.00244141
106
0.0517578
55
0.0268555
-20
-0.00976562
-12
-0.00585938
31
0.0151367
32
0.015625
-65
-0.0317383
35
0.0170898
60
0.0292969
13
0.00634766
0
0
-26
-0.0126953
-23
-0.0112305
-10
-0.00488281
105
0.0512695
-37
-0.0180664
49
0.0239258
-11
-0.00537109
-21
-0.0102539
-25
-0.012207
123
0.0600586
124
0.0605469
-54
-0.0263672
8
0.00390625
17
0.00830078
38
0.0185547
27
0.0131836
-28
-0.0136719
-4
-0.00195312
34
0.0166016
-12
-0.00585938
60
0.0292969
-15
-0.00732422
26
0.0126953
12
0.00585938
97
0.0473633
-33
-0.0161133
25
0.012207
-2
-0.000976562
29
0.0141602
54
0.0263672
1
0.000488281
114
0.0556641
-62
-0.0302734
12
0.00585938
-48
-0.0234375
-45
-0.0219727
40
0.0195312
81
0.0395508
-61
-0.0297852
-1
-0.000488281
40
0.0195312
44
0.0214844
7
0.00341797
31
0.0151367
-34
-0.0166016
-71
-0.034668
28
0.0136719
-46
-0.0224609
38
0.0185547
14
0.00683594
-24
-0.0117188
-54
-0.0263672
-97
-0.0473633
9
0.00439453
-20
-0.00976562
-71
-0.034668
-96
-0.046875
-32
-0.015625
-42
-0.0205078
22
0.0107422
-34
-0.0166016
27
0.0131836
52
0.0253906
9
0.00439453
-37
-0.0180664
41
0.0200195
-68
-0.0332031
72
0.0351562
-31
-0.0151367
7
0.00341797
26
0.0126953
48
0.0234375
4
0.00195312
-34
-0.0166016
54
0.0263672
-64
-0.03125
14
0.00683594
102
0.0498047
-6
-0.00292969
-87
-0.0424805
-38
-0.0185547
-45
-0.0219727
5
0.00244141
-51
-0.0249023
48
0.0234375
-99
-0.0483398
50
0.0244141
7
0.00341797
12
0.00585938
-76
-0.0371094
-44
-0.0214844
-97
-0.0473633
40
0.0195312
-12
-0.00585938
-9
-0.00439453
39
0.019043
-42
-0.0205078
-107
-0.0522461
34
0.0166016
-38
-0.0185547
-27
-0.0131836
-12
-0.00585938
-2
-0.000976562
7
0.00341797
6
0.00292969
-43
-0.0209961
-1
-0.000488281
-65
-0.0317383
28
0.0136719
37
0.0180664
74
0.0361328
-19
-0.00927734
0
0
-21
-0.0102539
-8
-0.00390625
-40
-0.0195312
2
0.000976562
-35
-0.0170898
-39
-0.019043
-1
-0.000488281
24
0.0117188
57
0.027832
-4
-0.00195312
-16
-0.0078125
-28
-0.0136719
75
0.0366211
-70
-0.0341797
29
0.0141602
5
0.00244141
66
0.0322266
-67
-0.0327148
-5
-0.00244141
16
0.0078125
12
0.00585938
-10
-0.00488281
-9
-0.00439453
43
0.0209961
0
0
63
0.0307617
23
0.0112305
-44
-0.0214844
-41
-0.0200195
-52
-0.0253906
48
0.0234375
-14
-0.00683594
-10
-0.00488281
27
0.0131836
29
0.0141602
-49
-0.0239258
56
0.0273438
57
0.027832
13
0.00634766
36
0.0175781
-25
-0.012207
96
0.046875
5
0.00244141
-24
-0.0117188
63
0.0307617
12
0.00585938
31
0.0151367
12
0.00585938
0
0
-20
-0.00976562
16
0.0078125
-72
-0.0351562
-88
-0.0429688
-47
-0.0229492
7
0.00341797
-7
-0.00341797
85
0.0415039
-99
-0.0483398
-16
-0.0078125
10
0.00488281
71
0.034668
-8
-0.00390625
-43
-0.0209961
-10
-0.00488281
-17
-0.00830078
-36
-0.0175781
-17
-0.00830078
73
0.0356445
27
0.0131836
-24
-0.0117188
84
0.0410156
-33
-0.0161133
-22
-0.0107422
-21
-0.0102539
15
0.00732422
-7
-0.00341797
-2
-0.000976562
19
0.00927734
-48
-0.0234375
6
0.00292969
-32
-0.015625
167
0.081543
-60
-0.0292969
2
0.000976562
32
0.015625
-11
-0.00537109
-44
-0.0214844
54
0.0263672
-72
-0.0351562
7
0.00341797
-3
-0.00146484
18
0.00878906
-2
-0.000976562
-24
-0.0117188
71
0.034668
-30
-0.0146484
-40
-0.0195312
7
0.00341797
20
0.00976562
40
0.0195312
-88
-0.0429688
38
0.0185547
-143
-0.0698242
-5
-0.00244141
-49
-0.0239258
1
0.000488281
35
0.0170898
18
0.00878906
-33
-0.0161133
-47
-0.0229492
34
0.0166016
-28
-0.0136719
-13
-0.00634766
-11
-0.00537109
-58
-0.0283203
-50
-0.0244141
16
0.0078125
-31
-0.0151367
4
0.00195312
-10
-0.00488281
53
0.0258789
-35
-0.0170898
23
0.0112305
-20
-0.00976562
-23
-0.0112305
-46
-0.0224609
26
0.0126953
-48
-0.0234375
-46
-0.0224609
-32
-0.015625
-32
-0.015625
28
0.0136719
78
0.0380859
-2
-0.000976562
37
0.0180664
38
0.0185547
-77
-0.0375977
-28
-0.0136719
-3
-0.00146484
-44
-0.0214844
61
0.0297852
20
0.00976562
9
0.00439453
8
0.00390625
25
0.012207
-61
-0.0297852
143
0.0698242
-46
-0.0224609
53
0.0258789
-1
-0.000488281
-1
-0.000488281
-41
-0.0200195
-16
-0.0078125
-43
-0.0209961
-12
-0.00585938
-76
-0.0371094
13
0.00634766
-48
-0.0234375
13
0.00634766
-12
-0.00585938
6
0.00292969
20
0.00976562
108
0.0527344
-18
-0.00878906
43
0.0209961
-7
-0.00341797
24
0.0117188
-2
-0.000976562
-58
-0.0283203
-8
-0.00390625
-39
-0.019043
-69
-0.0336914
6
0.00292969
26
0.0126953
-61
-0.0297852
59
0.0288086
-54
-0.0263672
9
0.00439453
-61
-0.0297852
-4
-0.00195312
119
0.0581055
25
0.012207
18
0.00878906
-10
-0.00488281
-23
-0.0112305
11
0.00537109
-91
-0.0444336
36
0.0175781
48
0.0234375
2
0.000976562
-9
-0.00439453
12
0.00585938
-88
-0.0429688
31
0.0151367
-2
-0.000976562
-28
-0.0136719
7
0.00341797
-28
-0.0136719
20
0.00976562
53
0.0258789
-68
-0.0332031
-82
-0.0400391
-12
-0.00585938
-27
-0.0131836
104
0.0507812
-17
-0.00830078
17
0.00830078
31
0.0151367
84
0.0410156
23
0.0112305
-35
-0.0170898
-16
-0.0078125
-7
-0.00341797
28
0.0136719
-65
-0.0317383
-112
-0.0546875
101
0.0493164
-53
-0.0258789
29
0.0141602
6
0.00292969
-22
-0.0107422
18
0.00878906
-26
-0.0126953
-54
-0.0263672
-27
-0.0131836
57
0.027832
-18
-0.00878906
-73
-0.0356445
-83
-0.0405273
-54
-0.0263672
-23
-0.0112305
-7
-0.00341797
-48
-0.0234375
-9
-0.00439453
-26
-0.0126953
-32
-0.015625
-33
-0.0161133
-15
-0.00732422
14
0.00683594
-44
-0.0214844
-13
-0.00634766
-34
-0.0166016
31
0.0151367
-49
-0.0239258
-51
-0.0249023
52
0.0253906
-11
-0.00537109
-73
-0.0356445
-26
-0.0126953
15
0.00732422
31
0.0151367
-11
-0.00537109
8
0.00390625
94
0.0458984
15
0.00732422
34
0.0166016
0
0
10
0.00488281
61
0.0297852
14
0.00683594
-27
-0.0131836
-82
-0.0400391
62
0.0302734
70
0.0341797
-52
-0.0253906
31
0.0151367
88
0.0429688
10
0.00488281
-33
-0.0161133
-98
-0.0478516
46
0.0224609
-6
-0.00292969
103
0.050293
62
0.0302734
11
0.00537109
-41
-0.0200195
-14
-0.00683594
10
0.00488281
-34
-0.0166016
10
0.00488281
-11
-0.00537109
5
0.00244141
32
0.015625
44
0.0214844
-13
-0.00634766
16
0.0078125
14
0.00683594
-21
-0.0102539
-56
-0.0273438
-2
-0.000976562
117
0.0571289
-26
-0.0126953
121
0.059082
-46
-0.0224609
9
0.00439453
22
0.0107422
8
0.00390625
5
0.00244141
82
0.0400391
122
0.0595703
6
0.00292969
-12
-0.00585938
-89
-0.043457
-15
-0.00732422
-44
-0.0214844
-13
-0.00634766
-23
-0.0112305
1
0.000488281
74
0.0361328
65
0.0317383
50
0.0244141
-31
-0.0151367
-63
-0.0307617
-11
-0.00537109
-54
-0.0263672
10
0.00488281
-76
-0.0371094
-23
-0.0112305
16
0.0078125
35
0.0170898
-8
-0.00390625
118
0.0576172
-3
-0.00146484
12
0.00585938
94
0.0458984
-2
-0.000976562
-11
-0.00537109
-26
-0.0126953
30
0.0146484
16
0.0078125
46
0.0224609
0
0
34
0.0166016
-16
-0.0078125
2
0.000976562
-50
-0.0244141
12
0.00585938
30
0.0146484
32
0.015625
-51
-0.0249023
-48
-0.0234375
26
0.0126953
1
0.000488281
-55
-0.0268555
47
0.0229492
49
0.0239258
5
0.00244141
67
0.0327148
-42
-0.0205078
-50
-0.0244141
27
0.0131836
-39
-0.019043
54
0.0263672
27
0.0131836
-28
-0.0136719
17
0.00830078
25
0.012207
4
0.00195312
-9
-0.00439453
-44
-0.0214844
46
0.0224609
-23
-0.0112305
-35
-0.0170898
-75
-0.0366211
-47
-0.0229492
5
0.00244141
89
0.043457
51
0.0249023
-31
-0.0151367
41
0.0200195
-67
-0.0327148
15
0.00732422
37
0.0180664
2
0.000976562
-27
-0.0131836
15
0.00732422
-17
-0.00830078
3
0.00146484
-98
-0.0478516
-3
-0.00146484
4
0.00195312
-3
-0.00146484
-21
-0.0102539
-25
-0.012207
57
0.027832
-4
-0.00195312
72
0.0351562
25
0.012207
48
0.0234375
-20
-0.00976562
-69
-0.0336914
19
0.00927734
20
0.00976562
10
0.00488281
-1
-0.000488281
81
0.0395508
14
0.00683594
80
0.0390625
-8
-0.00390625
-24
-0.0117188
-56
-0.0273438
-1
-0.000488281
88
0.0429688
65
0.0317383
-56
-0.0273438
36
0.0175781
24
0.0117188
2
0.000976562
-19
-0.00927734
-56
-0.0273438
61
0.0297852
44
0.0214844
17
0.00830078
2
0.000976562
50
0.0244141
64
0.03125
43
0.0209961
54
0.0263672
8
0.00390625
-33
-0.0161133
-59
-0.0288086
15
0.00732422
-29
-0.0141602
-23
-0.0112305
36
0.0175781
-12
-0.00585938
-14
-0.00683594
25
0.012207
-20
-0.00976562
-32
-0.015625
52
0.0253906
26
0.0126953
-20
-0.00976562
15
0.00732422
22
0.0107422
28
0.0136719
34
0.0166016
60
0.0292969
-26
-0.0126953
-7
-0.00341797
-76
-0.0371094
69
0.0336914
-30
-0.0146484
43
0.0209961
20
0.00976562
31
0.0151367
-38
-0.0185547
95
0.0463867
-64
-0.03125
19
0.00927734
64
0.03125
-3
-0.00146484
12
0.00585938
40
0.0195312
47
0.0229492
4
0.00195312
-43
-0.0209961
-17
-0.00830078
-61
-0.0297852
-5
-0.00244141
-55
-0.0268555
42
0.0205078
31
0.0151367
-33
-0.0161133
-3
-0.00146484
101
0.0493164
29
0.0141602
6
0.00292969
-39
-0.019043
51
0.0249023
-40
-0.0195312
40
0.0195312
-53
-0.0258789
-39
-0.019043
40
0.0195312
-5
-0.00244141
1
0.000488281
51
0.0249023
-4
-0.00195312
-9
-0.00439453
-24
-0.0117188
-42
-0.0205078
-26
-0.0126953
-41
-0.0200195
-76
-0.0371094
-46
-0.0224609
-23
-0.0112305
-58
-0.0283203
24
0.0117188
20
0.00976562
13
0.00634766
-94
-0.0458984
24
0.0117188
-68
-0.0332031
-7
-0.00341797
-32
-0.015625
81
0.0395508
-49
-0.0239258
-32
-0.015625
-21
-0.0102539
-19
-0.00927734
1
0.000488281
-7
-0.00341797
58
0.0283203
77
0.0375977
-20
-0.00976562
10
0.00488281
4
0.00195312
45
0.0219727
-6
-0.00292969
22
0.0107422
-2
-0.000976562
-4
-0.00195312
3
0.00146484
-37
-0.0180664
11
0.00537109
-16
-0.0078125
52
0.0253906
-3
-0.00146484
-36
-0.0175781
36
0.0175781
-126
-0.0615234
61
0.0297852
85
0.0415039
7
0.00341797
-25
-0.012207
50
0.0244141
22
0.0107422
-12
-0.00585938
27
0.0131836
104
0.0507812
21
0.0102539
-34
-0.0166016
15
0.00732422
-22
-0.0107422
44
0.0214844
-43
-0.0209961
9
0.00439453
4
0.00195312
-22
-0.0107422
-47
-0.0229492
60
0.0292969
-16
-0.0078125
-44
-0.0214844
9
0.00439453
-19
-0.00927734
4
0.00195312
24
0.0117188
55
0.0268555
-24
-0.0117188
1
0.000488281
-5
-0.00244141
30
0.0146484
-52
-0.0253906
-12
-0.00585938
18
0.00878906
60
0.0292969
-56
-0.0273438
-102
-0.0498047
81
0.0395508
51
0.0249023
-69
-0.0336914
-58
-0.0283203
27
0.0131836
-65
-0.0317383
35
0.0170898
-139
-0.0678711
-32
-0.015625
-35
-0.0170898
15
0.00732422
18
0.00878906
-84
-0.0410156
37
0.0180664
-27
-0.0131836
35
0.0170898
5
0.00244141
-1
-0.000488281
47
0.0229492
70
0.0341797
-31
-0.0151367
-19
-0.00927734
93
0.0454102
20
0.00976562
10
0.00488281
16
0.0078125
-15
-0.00732422
-99
-0.0483398
54
0.0263672
18
0.00878906
9
0.00439453
-19
-0.00927734
4
0.00195312
-33
-0.0161133
41
0.0200195
-33
-0.0161133
48
0.0234375
100
0.0488281
0
0
-22
-0.0107422
56
0.0273438
-8
-0.00390625
-4
-0.00195312
56
0.0273438
-36
-0.0175781
38
0.0185547
55
0.0268555
46
0.0224609
23
0.0112305
19
0.00927734
0
0
31
0.0151367
22
0.0107422
-39
-0.019043
19
0.00927734
-37
-0.0180664
-15
-0.00732422
-3
-0.00146484
13
0.00634766
-28
-0.0136719
2
0.000976562
-30
-0.0146484
55
0.0268555
-4
-0.00195312
48
0.0234375
-25
-0.012207
13
0.00634766
-56
-0.0273438
-21
-0.0102539
22
0.0107422
-21
-0.0102539
10
0.00488281
-24
-0.0117188
2
0.000976562
16
0.0078125
-1
-0.000488281
-35
-0.0170898
87
0.0424805
-18
-0.00878906
19
0.00927734
28
0.0136719
-5
-0.00244141
-2
-0.000976562
-24
-0.0117188
-4
-0.00195312
-19
-0.00927734
-44
-0.0214844
-29
-0.0141602
9
0.00439453
-9
-0.00439453
-49
-0.0239258
-3
-0.00146484
-6
-0.00292969
38
0.0185547
24
0.0117188
12
0.00585938
-1
-0.000488281
-12
-0.00585938
-35
-0.0170898
-49
-0.0239258
26
0.0126953
7
0.00341797
8
0.00390625
-14
-0.00683594
-44
-0.0214844
-71
-0.034668
-21
-0.0102539
26
0.0126953
46
0.0224609
-35
-0.0170898
33
0.0161133
37
0.0180664
-15
-0.00732422
18
0.00878906
22
0.0107422
64
0.03125
-14
-0.00683594
9
0.00439453
-17
-0.00830078
20
0.00976562
30
0.0146484
-20
-0.00976562
-30
-0.0146484
5
0.00244141
-12
-0.00585938
-63
-0.0307617
47
0.0229492
-7
-0.00341797
5
0.00244141
-25
-0.012207
-7
-0.00341797
-25
-0.012207
-12
-0.00585938
6
0.00292969
26
0.0126953
106
0.0517578
-42
-0.0205078
26
0.0126953
-12
-0.00585938
51
0.0249023
17
0.00830078
-2
-0.000976562
-94
-0.0458984
12
0.00585938
118
0.0576172
0
0
1
0.000488281
-128
-0.0625
37
0.0180664
-41
-0.0200195
-7
-0.00341797
-49
-0.0239258
38
0.0185547
14
0.00683594
29
0.0141602
-12
-0.00585938
-69
-0.0336914
61
0.0297852
14
0.00683594
-75
-0.0366211
-14
-0.00683594
-18
-0.00878906
30
0.0146484
-7
-0.00341797
31
0.0151367
87
0.0424805
58
0.0283203
78
0.0380859
-17
-0.00830078
-27
-0.0131836
-24
-0.0117188
-2
-0.000976562
-7
-0.00341797
59
0.0288086
32
0.015625
7
0.00341797
-15
-0.00732422
66
0.0322266
-25
-0.012207
-14
-0.00683594
-5
-0.00244141
-75
-0.0366211
-28
-0.0136719
89
0.043457
-71
-0.034668
34
0.0166016
-17
-0.00830078
16
0.0078125
39
0.019043
80
0.0390625
-12
-0.00585938
-101
-0.0493164
-11
-0.00537109
-37
-0.0180664
-38
-0.0185547
-41
-0.0200195
-13
-0.00634766
-36
-0.0175781
-64
-0.03125
77
0.0375977
-61
-0.0297852
-2
-0.000976562
-12
-0.00585938
-64
-0.03125
12
0.00585938
12
0.00585938
-24
-0.0117188
-24
-0.0117188
41
0.0200195
-18
-0.00878906
-5
-0.00244141
34
0.0166016
25
0.012207
53
0.0258789
22
0.0107422
-34
-0.0166016
-9
-0.00439453
-69
-0.0336914
15
0.00732422
70
0.0341797
49
0.0239258
-118
-0.0576172
-35
-0.0170898
46
0.0224609
82
0.0400391
-11
-0.00537109
72
0.0351562
1
0.000488281
-6
-0.00292969
-28
-0.0136719
62
0.0302734
24
0.0117188
2
0.000976562
-34
-0.0166016
-16
-0.0078125
-12
-0.00585938
-16
-0.0078125
-32
-0.015625
-60
-0.0292969
46
0.0224609
6
0.00292969
-23
-0.0112305
11
0.00537109
21
0.0102539
73
0.0356445
7
0.00341797
15
0.00732422
-6
-0.00292969
-27
-0.0131836
-92
-0.0449219
-35
-0.0170898
-45
-0.0219727
-65
-0.0317383
45
0.0219727
22
0.0107422
2
0.000976562
-15
-0.00732422
62
0.0302734
-42
-0.0205078
-32
-0.015625
-53
-0.0258789
44
0.0214844
50
0.0244141
-71
-0.034668
-41
-0.0200195
27
0.0131836
-41
-0.0200195
-86
-0.0419922
31
0.0151367
10
0.00488281
32
0.015625
-39
-0.019043
-51
-0.0249023
16
0.0078125
-74
-0.0361328
54
0.0263672
-22
-0.0107422
54
0.0263672
7
0.00341797
-44
-0.0214844
19
0.00927734
22
0.0107422
41
0.0200195
-26
-0.0126953
-9
-0.00439453
26
0.0126953
-15
-0.00732422
-26
-0.0126953
19
0.00927734
-26
-0.0126953
8
0.00390625
46
0.0224609
-31
-0.0151367
-52
-0.0253906
32
0.015625
58
0.0283203
18
0.00878906
-25
-0.012207
16
0.0078125
12
0.00585938
-9
-0.00439453
-21
-0.0102539
7
0.00341797
-16
-0.0078125
-7
-0.00341797
-37
-0.0180664
18
0.00878906
-44
-0.0214844
-25
-0.012207
11
0.00537109
-78
-0.0380859
-64
-0.03125
-13
-0.00634766
-9
-0.00439453
49
0.0239258
-15
-0.00732422
35
0.0170898
-68
-0.0332031
-24
-0.0117188
41
0.0200195
-14
-0.00683594
39
0.019043
6
0.00292969
29
0.0141602
44
0.0214844
2
0.000976562
-34
-0.0166016
96
0.046875
76
0.0371094
96
0.046875
-14
-0.00683594
-48
-0.0234375
21
0.0102539
50
0.0244141
-58
-0.0283203
60
0.0292969
-23
-0.0112305
10
0.00488281
-14
-0.00683594
-107
-0.0522461
2
0.000976562
-42
-0.0205078
37
0.0180664
16
0.0078125
2
0.000976562
-58
-0.0283203
-5
-0.00244141
8
0.00390625
-7
-0.00341797
27
0.0131836
-47
-0.0229492
18
0.00878906
6
0.00292969
-35
-0.0170898
-39
-0.019043
-22
-0.0107422
-29
-0.0141602
-71
-0.034668
17
0.00830078
-90
-0.0439453
61
0.0297852
122
0.0595703
-33
-0.0161133
-43
-0.0209961
-11
-0.00537109
122
0.0595703
33
0.0161133
22
0.0107422
14
0.00683594
-76
-0.0371094
8
0.00390625
127
0.0620117
4
0.00195312
-87
-0.0424805
45
0.0219727
39
0.019043
77
0.0375977
21
0.0102539
-6
-0.00292969
-103
-0.050293
86
0.0419922
-9
-0.00439453
70
0.0341797
2
0.000976562
34
0.0166016
-13
-0.00634766
13
0.00634766
-16
-0.0078125
12
0.00585938
9
0.00439453
-66
-0.0322266
-37
-0.0180664
-13
-0.00634766
-33
-0.0161133
9
0.00439453
-6
-0.00292969
3
0.00146484
20
0.00976562
-82
-0.0400391
-9
-0.00439453
79
0.0385742
28
0.0136719
5
0.00244141
-75
-0.0366211
-61
-0.0297852
26
0.0126953
-23
-0.0112305
-101
-0.0493164
-12
-0.00585938
-44
-0.0214844
-36
-0.0175781
-91
-0.0444336
-5
-0.00244141
40
0.0195312
-9
-0.00439453
-15
-0.00732422
-2
-0.000976562
49
0.0239258
-16
-0.0078125
19
0.00927734
-7
-0.00341797
-14
-0.00683594
12
0.00585938
46
0.0224609
12
0.00585938
-29
-0.0141602
26
0.0126953
7
0.00341797
11
0.00537109
-101
-0.0493164
13
0.00634766
59
0.0288086
-52
-0.0253906
16
0.0078125
21
0.0102539
14
0.00683594
67
0.0327148
15
0.00732422
-23
-0.0112305
-23
-0.0112305
4
0.00195312
-20
-0.00976562
-37
-0.0180664
15
0.00732422
44
0.0214844
49
0.0239258
36
0.0175781
-4
-0.00195312
45
0.0219727
6
0.00292969
37
0.0180664
-10
-0.00488281
42
0.0205078
-35
-0.0170898
34
0.0166016
-17
-0.00830078
37
0.0180664
-59
-0.0288086
30
0.0146484
-25
-0.012207
57
0.027832
33
0.0161133
86
0.0419922
-99
-0.0483398
11
0.00537109
16
0.0078125
26
0.0126953
4
0.00195312
-2
-0.000976562
-8
-0.00390625
32
0.015625
60
0.0292969
-13
-0.00634766
-10
-0.00488281
-17
-0.00830078
50
0.0244141
11
0.00537109
-6
-0.00292969
-20
-0.00976562
-8
-0.00390625
17
0.00830078
24
0.0117188
42
0.0205078
20
0.00976562
62
0.0302734
7
0.00341797
80
0.0390625
-17
-0.00830078
27
0.0131836
-3
-0.00146484
-5
-0.00244141
53
0.0258789
-2
-0.000976562
10
0.00488281
27
0.0131836
-97
-0.0473633
112
0.0546875
-22
-0.0107422
32
0.015625
34
0.0166016
-25
-0.012207
-45
-0.0219727
-29
-0.0141602
16
0.0078125
-31
-0.0151367
-28
-0.0136719
-30
-0.0146484
64
0.03125
63
0.0307617
-41
-0.0200195
-3
-0.00146484
24
0.0117188
124
0.0605469
48
0.0234375
41
0.0200195
-12
-0.00585938
-25
-0.012207
-22
-0.0107422
20
0.00976562
27
0.0131836
-81
-0.0395508
48
0.0234375
-31
-0.0151367
39
0.019043
-25
-0.012207
-3
-0.00146484
-35
-0.0170898
-28
-0.0136719
16
0.0078125
73
0.0356445
-29
-0.0141602
26
0.0126953
-84
-0.0410156
-31
-0.0151367
-2
-0.000976562
1
0.000488281
-18
-0.00878906
3
0.00146484
-40
-0.0195312
69
0.0336914
55
0.0268555
-23
-0.0112305
8
0.00390625
29
0.0141602
-5
-0.00244141
-60
-0.0292969
-43
-0.0209961
-35
-0.0170898
42
0.0205078
-14
-0.00683594
19
0.00927734
-25
-0.012207
43
0.0209961
93
0.0454102
55
0.0268555
6
0.00292969
22
0.0107422
-14
-0.00683594
-29
-0.0141602
-37
-0.0180664
-50
-0.0244141
-29
-0.0141602
7
0.00341797
10
0.00488281
66
0.0322266
12
0.00585938
-51
-0.0249023
14
0.00683594
6
0.00292969
76
0.0371094
-6
-0.00292969
-21
-0.0102539
5
0.00244141
-80
-0.0390625
-20
-0.00976562
-29
-0.0141602
-14
-0.00683594
14
0.00683594
22
0.0107422
-25
-0.012207
-1
-0.000488281
-31
-0.0151367
39
0.019043
-30
-0.0146484
21
0.0102539
-2
-0.000976562
69
0.0336914
64
0.03125
99
0.0483398
-28
-0.0136719
-46
-0.0224609
-3
-0.00146484
-52
-0.0253906
32
0.015625
39
0.019043
19
0.00927734
55
0.0268555
47
0.0229492
72
0.0351562
108
0.0527344
11
0.00537109
-50
-0.0244141
-48
-0.0234375
15
0.00732422
42
0.0205078
-51
-0.0249023
-12
-0.00585938
-10
-0.00488281
-31
-0.0151367
12
0.00585938
61
0.0297852
78
0.0380859
0
0
-37
-0.0180664
78
0.0380859
1
0.000488281
-21
-0.0102539
-31
-0.0151367
-29
-0.0141602
-26
-0.0126953
37
0.0180664
-79
-0.0385742
1
0.000488281
-37
-0.0180664
-27
-0.0131836
6
0.00292969
48
0.0234375
41
0.0200195
11
0.00537109
38
0.0185547
-62
-0.0302734
19
0.00927734
49
0.0239258
-22
-0.0107422
23
0.0112305
74
0.0361328
-114
-0.0556641
-92
-0.0449219
-46
-0.0224609
-67
-0.0327148
37
0.0180664
-66
-0.0322266
-50
-0.0244141
21
0.0102539
-20
-0.00976562
57
0.027832
9
0.00439453
67
0.0327148
25
0.012207
79
0.0385742
17
0.00830078
-10
-0.00488281
-20
-0.00976562
-31
-0.0151367
20
0.00976562
-49
-0.0239258
-24
-0.0117188
-15
-0.00732422
33
0.0161133
28
0.0136719
64
0.03125
30
0.0146484
50
0.0244141
-59
-0.0288086
-25
-0.012207
-42
-0.0205078
-59
-0.0288086
-12
-0.00585938
-81
-0.0395508
51
0.0249023
11
0.00537109
82
0.0400391
-28
-0.0136719
4
0.00195312
32
0.015625
41
0.0200195
43
0.0209961
2
0.000976562
-1
-0.000488281
32
0.015625
55
0.0268555
-3
-0.00146484
-81
-0.0395508
6
0.00292969
-4
-0.00195312
-33
-0.0161133
-14
-0.00683594
-57
-0.027832
-13
-0.00634766
-48
-0.0234375
-29
-0.0141602
-62
-0.0302734
-127
-0.0620117
-100
-0.0488281
-47
-0.0229492
-46
-0.0224609
5
0.00244141
-11
-0.00537109
-39
-0.019043
-3
-0.00146484
18
0.00878906
44
0.0214844
22
0.0107422
23
0.0112305
-19
-0.00927734
6
0.00292969
-24
-0.0117188
-52
-0.0253906
-24
-0.0117188
-88
-0.0429688
21
0.0102539
6
0.00292969
-62
-0.0302734
21
0.0102539
-50
-0.0244141
11
0.00537109
-26
-0.0126953
-3
-0.00146484
41
0.0200195
77
0.0375977
-37
-0.0180664
14
0.00683594
20
0.00976562
41
0.0200195
-3
-0.00146484
26
0.0126953
95
0.0463867
-30
-0.0146484
-46
-0.0224609
-19
-0.00927734
-1
-0.000488281
-46
-0.0224609
-18
-0.00878906
51
0.0249023
36
0.0175781
-40
-0.0195312
-9
-0.00439453
7
0.00341797
-41
-0.0200195
11
0.00537109
53
0.0258789
37
0.0180664
-2
-0.000976562
-26
-0.0126953
-30
-0.0146484
72
0.0351562
-1
-0.000488281
-13
-0.00634766
-33
-0.0161133
11
0.00537109
44
0.0214844
-164
-0.0800781
24
0.0117188
5
0.00244141
-8
-0.00390625
40
0.0195312
25
0.012207
-5
-0.00244141
-12
-0.00585938
-38
-0.0185547
24
0.0117188
-20
-0.00976562
27
0.0131836
-35
-0.0170898
10
0.00488281
-14
-0.00683594
-64
-0.03125
44
0.0214844
42
0.0205078
-63
-0.0307617
35
0.0170898
15
0.00732422
-10
-0.00488281
-21
-0.0102539
-39
-0.019043
-36
-0.0175781
-25
-0.012207
70
0.0341797
19
0.00927734
7
0.00341797
-38
-0.0185547
3
0.00146484
1
0.000488281
9
0.00439453
16
0.0078125
-11
-0.00537109
-12
-0.00585938
-4
-0.00195312
-7
-0.00341797
-4
-0.00195312
-33
-0.0161133
-47
-0.0229492
35
0.0170898
-41
-0.0200195
15
0.00732422
-64
-0.03125
-27
-0.0131836
-25
-0.012207
46
0.0224609
13
0.00634766
3
0.00146484
120
0.0585938
-54
-0.0263672
-51
-0.0249023
72
0.0351562
-40
-0.0195312
11
0.00537109
-31
-0.0151367
-24
-0.0117188
106
0.0517578
18
0.00878906
-13
-0.00634766
37
0.0180664
-47
-0.0229492
-36
-0.0175781
30
0.0146484
-2
-0.000976562
-56
-0.0273438
6
0.00292969
-42
-0.0205078
32
0.015625
24
0.0117188
-6
-0.00292969
-2
-0.000976562
-6
-0.00292969
-43
-0.0209961
-2
-0.000976562
-71
-0.034668
8
0.00390625
64
0.03125
-13
-0.00634766
73
0.0356445
-31
-0.0151367
39
0.019043
-55
-0.0268555
20
0.00976562
-59
-0.0288086
-14
-0.00683594
-12
-0.00585938
109
0.0532227
-41
-0.0200195
7
0.00341797
38
0.0185547
29
0.0141602
-50
-0.0244141
22
0.0107422
-31
-0.0151367
-40
-0.0195312
17
0.00830078
69
0.0336914
28
0.0136719
-6
-0.00292969
20
0.00976562
42
0.0205078
41
0.0200195
-97
-0.0473633
11
0.00537109
-75
-0.0366211
121
0.059082
3
0.00146484
52
0.0253906
-6
-0.00292969
7
0.00341797
-56
-0.0273438
34
0.0166016
34
0.0166016
44
0.0214844
-9
-0.00439453
-18
-0.00878906
-3
-0.00146484
3
0.00146484
-76
-0.0371094
-24
-0.0117188
28
0.0136719
-4
-0.00195312
-89
-0.043457
33
0.0161133
-128
-0.0625
-35
-0.0170898
-25
-0.012207
-20
-0.00976562
17
0.00830078
38
0.0185547
-56
-0.0273438
44
0.0214844
-29
-0.0141602
14
0.00683594
4
0.00195312
-59
-0.0288086
-57
-0.027832
6
0.00292969
-56
-0.0273438
42
0.0205078
-7
-0.00341797
12
0.00585938
0
0
-24
-0.0117188
33
0.0161133
31
0.0151367
93
0.0454102
-43
-0.0209961
34
0.0166016
2
0.000976562
44
0.0214844
37
0.0180664
-47
-0.0229492
26
0.0126953
-42
-0.0205078
-43
-0.0209961
53
0.0258789
45
0.0219727
-4
-0.00195312
-46
-0.0224609
8
0.00390625
28
0.0136719
-94
-0.0458984
4
0.00195312
-26
-0.0126953
35
0.0170898
-77
-0.0375977
68
0.0332031
40
0.0195312
16
0.0078125
35
0.0170898
-44
-0.0214844
76
0.0371094
6
0.00292969
43
0.0209961
39
0.019043
85
0.0415039
-46
-0.0224609
-72
-0.0351562
6
0.00292969
-45
-0.0219727
-30
-0.0146484
-19
-0.00927734
28
0.0136719
86
0.0419922
-6
-0.00292969
92
0.0449219
41
0.0200195
8
0.00390625
-7
-0.00341797
9
0.00439453
-9
-0.00439453
-29
-0.0141602
26
0.0126953
31
0.0151367
4
0.00195312
-44
-0.0214844
-2
-0.000976562
-37
-0.0180664
-23
-0.0112305
-2
-0.000976562
31
0.0151367
-16
-0.0078125
-76
-0.0371094
-55
-0.0268555
-18
-0.00878906
100
0.0488281
-1
-0.000488281
8
0.00390625
73
0.0356445
-1
-0.000488281
29
0.0141602
-8
-0.00390625
-98
-0.0478516
-18
-0.00878906
0
0
78
0.0380859
68
0.0332031
-48
-0.0234375
5
0.00244141
29
0.0141602
53
0.0258789
1
0.000488281
-47
-0.0229492
18
0.00878906
-63
-0.0307617
4
0.00195312
64
0.03125
84
0.0410156
58
0.0283203
36
0.0175781
-15
-0.00732422
-20
-0.00976562
-46
-0.0224609
63
0.0307617
-7
-0.00341797
27
0.0131836
14
0.00683594
-22
-0.0107422
21
0.0102539
21
0.0102539
-87
-0.0424805
-16
-0.0078125
-1
-0.000488281
67
0.0327148
-11
-0.00537109
66
0.0322266
47
0.0229492
17
0.00830078
-68
-0.0332031
-10
-0.00488281
-84
-0.0410156
-62
-0.0302734
0
0
-36
-0.0175781
-33
-0.0161133
-1
-0.000488281
-26
-0.0126953
-25
-0.012207
-14
-0.00683594
14
0.00683594
-36
-0.0175781
-31
-0.0151367
45
0.0219727
82
0.0400391
-83
-0.0405273
14
0.00683594
17
0.00830078
-14
-0.00683594
-22
-0.0107422
-26
-0.0126953
-12
-0.00585938
-17
-0.00830078
46
0.0224609
8
0.00390625
-6
-0.00292969
60
0.0292969
25
0.012207
65
0.0317383
-20
-0.00976562
54
0.0263672
-30
-0.0146484
28
0.0136719
-41
-0.0200195
72
0.0351562
31
0.0151367
52
0.0253906
-26
-0.0126953
-25
-0.012207
32
0.015625
28
0.0136719
49
0.0239258
-2
-0.000976562
60
0.0292969
-35
-0.0170898
-31
-0.0151367
19
0.00927734
29
0.0141602
-91
-0.0444336
-30
-0.0146484
1
0.000488281
36
0.0175781
-35
-0.0170898
11
0.00537109
-27
-0.0131836
68
0.0332031
14
0.00683594
1
0.000488281
32
0.015625
34
0.0166016
15
0.00732422
11
0.00537109
-21
-0.0102539
-25
-0.012207
59
0.0288086
-30
-0.0146484
-38
-0.0185547
-16
-0.0078125
42
0.0205078
-9
-0.00439453
58
0.0283203
-2
-0.000976562
40
0.0195312
15
0.00732422
34
0.0166016
-35
-0.0170898
-98
-0.0478516
60
0.0292969
29
0.0141602
-43
-0.0209961
-31
-0.0151367
2
0.000976562
-76
-0.0371094
-7
-0.00341797
-15
-0.00732422
46
0.0224609
31
0.0151367
28
0.0136719
18
0.00878906
-43
-0.0209961
-23
-0.0112305
0
0
-11
-0.00537109
-4
-0.00195312
-22
-0.0107422
43
0.0209961
40
0.0195312
32
0.015625
52
0.0253906
56
0.0273438
-46
-0.0224609
43
0.0209961
-67
-0.0327148
-5
-0.00244141
5
0.00244141
76
0.0371094
-38
-0.0185547
3
0.00146484
37
0.0180664
-34
-0.0166016
-81
-0.0395508
8
0.00390625
-7
-0.00341797
16
0.0078125
-78
-0.0380859
-40
-0.0195312
24
0.0117188
-55
-0.0268555
-16
-0.0078125
-76
-0.0371094
-52
-0.0253906
-26
-0.0126953
-62
-0.0302734
-33
-0.0161133
14
0.00683594
-39
-0.019043
46
0.0224609
-1
-0.000488281
-58
-0.0283203
-23
-0.0112305
-110
-0.0537109
-4
-0.00195312
-71
-0.034668
-31
-0.0151367
-99
-0.0483398
-10
-0.00488281
24
0.0117188
-11
-0.00537109
-26
-0.0126953
-18
-0.00878906
-78
-0.0380859
16
0.0078125
2
0.000976562
48
0.0234375
-16
-0.0078125
47
0.0229492
-8
-0.00390625
47
0.0229492
63
0.0307617
6
0.00292969
2
0.000976562
8
0.00390625
8
0.00390625
50
0.0244141
-21
-0.0102539
23
0.0112305
21
0.0102539
30
0.0146484
67
0.0327148
-5
-0.00244141
-56
-0.0273438
55
0.0268555
63
0.0307617
-9
-0.00439453
2
0.000976562
-65
-0.0317383
0
0
40
0.0195312
-35
-0.0170898
-73
-0.0356445
-34
-0.0166016
17
0.00830078
11
0.00537109
-24
-0.0117188
-124
-0.0605469
-44
-0.0214844
3
0.00146484
-26
-0.0126953
-71
-0.034668
-62
-0.0302734
46
0.0224609
15
0.00732422
17
0.00830078
88
0.0429688
9
0.00439453
-2
-0.000976562
-18
-0.00878906
-3
-0.00146484
20
0.00976562
-64
-0.03125
47
0.0229492
53
0.0258789
34
0.0166016
-4
-0.00195312
26
0.0126953
29
0.0141602
-82
-0.0400391
-15
-0.00732422
-79
-0.0385742
78
0.0380859
-27
-0.0131836
-51
-0.0249023
48
0.0234375
59
0.0288086
-43
-0.0209961
-46
-0.0224609
5
0.00244141
-10
-0.00488281
-26
-0.0126953
92
0.0449219
-65
-0.0317383
-74
-0.0361328
27
0.0131836
2
0.000976562
48
0.0234375
-34
-0.0166016
49
0.0239258
14
0.00683594
-7
-0.00341797
-23
-0.0112305
43
0.0209961
-2
-0.000976562
-95
-0.0463867
-17
-0.00830078
-81
-0.0395508
-35
-0.0170898
23
0.0112305
-20
-0.00976562
133
0.0649414
85
0.0415039
13
0.00634766
-60
-0.0292969
-45
-0.0219727
-1
-0.000488281
24
0.0117188
-27
-0.0131836
-8
-0.00390625
-1
-0.000488281
-12
-0.00585938
-17
-0.00830078
117
0.0571289
-8
-0.00390625
28
0.0136719
-39
-0.019043
-44
-0.0214844
-33
-0.0161133
74
0.0361328
52
0.0253906
48
0.0234375
18
0.00878906
-46
-0.0224609
-50
-0.0244141
-29
-0.0141602
-53
-0.0258789
81
0.0395508
0
0
91
0.0444336
23
0.0112305
38
0.0185547
20
0.00976562
55
0.0268555
21
0.0102539
-41
-0.0200195
1
0.000488281
-23
-0.0112305
-15
-0.00732422
8
0.00390625
-2
-0.000976562
28
0.0136719
-17
-0.00830078
54
0.0263672
27
0.0131836
69
0.0336914
3
0.00146484
-42
-0.0205078
5
0.00244141
38
0.0185547
4
0.00195312
-31
-0.0151367
-67
-0.0327148
50
0.0244141
29
0.0141602
-68
-0.0332031
47
0.0229492
53
0.0258789
-82
-0.0400391
-51
-0.0249023
15
0.00732422
-89
-0.043457
65
0.0317383
49
0.0239258
-33
-0.0161133
-47
-0.0229492
29
0.0141602
1
0.000488281
-6
-0.00292969
49
0.0239258
62
0.0302734
-27
-0.0131836
-21
-0.0102539
13
0.00634766
-4
-0.00195312
9
0.00439453
-10
-0.00488281
66
0.0322266
-15
-0.00732422
34
0.0166016
50
0.0244141
-21
-0.0102539
0
0
-39
-0.019043
-37
-0.0180664
65
0.0317383
87
0.0424805
-24
-0.0117188
-7
-0.00341797
-67
-0.0327148
31
0.0151367
16
0.0078125
28
0.0136719
-67
-0.0327148
48
0.0234375
-4
-0.00195312
-11
-0.00537109
34
0.0166016
-61
-0.0297852
-28
-0.0136719
31
0.0151367
37
0.0180664
-17
-0.00830078
-47
-0.0229492
30
0.0146484
-24
-0.0117188
-28
-0.0136719
-44
-0.0214844
57
0.027832
42
0.0205078
38
0.0185547
43
0.0209961
28
0.0136719
3
0.00146484
33
0.0161133
-34
-0.0166016
-82
-0.0400391
-3
-0.00146484
-5
-0.00244141
25
0.012207
-20
-0.00976562
36
0.0175781
-43
-0.0209961
31
0.0151367
2
0.000976562
97
0.0473633
-17
-0.00830078
-96
-0.046875
-9
-0.00439453
-33
-0.0161133
11
0.00537109
6
0.00292969
0
0
18
0.00878906
23
0.0112305
-3
-0.00146484
45
0.0219727
36
0.0175781
-102
-0.0498047
-18
-0.00878906
8
0.00390625
-5
-0.00244141
60
0.0292969
6
0.00292969
71
0.034668
-59
-0.0288086
44
0.0214844
82
0.0400391
10
0.00488281
1
0.000488281
-24
-0.0117188
61
0.0297852
53
0.0258789
-19
-0.00927734
-29
-0.0141602
-5
-0.00244141
1
0.000488281
14
0.00683594
78
0.0380859
157
0.0766602
9
0.00439453
-19
-0.00927734
-40
-0.0195312
-93
-0.0454102
-10
-0.00488281
13
0.00634766
-10
-0.00488281
-49
-0.0239258
97
0.0473633
-61
-0.0297852
16
0.0078125
-6
-0.00292969
-40
-0.0195312
-38
-0.0185547
-12
-0.00585938
-13
-0.00634766
0
0
-8
-0.00390625
53
0.0258789
-28
-0.0136719
21
0.0102539
-23
-0.0112305
18
0.00878906
-5
-0.00244141
38
0.0185547
38
0.0185547
-26
-0.0126953
-11
-0.00537109
19
0.00927734
68
0.0332031
-14
-0.00683594
7
0.00341797
70
0.0341797
8
0.00390625
-40
-0.0195312
-109
-0.0532227
-34
-0.0166016
-13
-0.00634766
-59
-0.0288086
-25
-0.012207
-46
-0.0224609
2
0.000976562
-59
-0.0288086
-8
-0.00390625
114
0.0556641
-47
-0.0229492
-17
-0.00830078
15
0.00732422
-42
-0.0205078
-17
-0.00830078
108
0.0527344
41
0.0200195
-60
-0.0292969
-58
-0.0283203
65
0.0317383
-41
-0.0200195
-53
-0.0258789
-57
-0.027832
18
0.00878906
37
0.0180664
9
0.00439453
28
0.0136719
-32
-0.015625
-40
-0.0195312
-32
-0.015625
32
0.015625
32
0.015625
-47
-0.0229492
-29
-0.0141602
53
0.0258789
31
0.0151367
-89
-0.043457
-28
-0.0136719
-6
-0.00292969
-8
-0.00390625
13
0.00634766
75
0.0366211
-51
-0.0249023
-21
-0.0102539
10
0.00488281
-16
-0.0078125
-62
-0.0302734
-25
-0.012207
24
0.0117188
-18
-0.00878906
-7
-0.00341797
-20
-0.00976562
48
0.0234375
66
0.0322266
-10
-0.00488281
-9
-0.00439453
77
0.0375977
-39
-0.019043
88
0.0429688
-3
-0.00146484
-12
-0.00585938
8
0.00390625
-41
-0.0200195
23
0.0112305
-37
-0.0180664
6
0.00292969
-49
-0.0239258
17
0.00830078
23
0.0112305
-43
-0.0209961
110
0.0537109
59
0.0288086
-23
-0.0112305
3
0.00146484
-32
-0.015625
-28
-0.0136719
-102
-0.0498047
-73
-0.0356445
-21
-0.0102539
17
0.00830078
-60
-0.0292969
-68
-0.0332031
30
0.0146484
43
0.0209961
48
0.0234375
32
0.015625
46
0.0224609
10
0.00488281
-32
-0.015625
4
0.00195312
-47
-0.0229492
-1
-0.000488281
71
0.034668
-46
-0.0224609
-11
-0.00537109
-31
-0.0151367
14
0.00683594
-34
-0.0166016
-72
-0.0351562
12
0.00585938
32
0.015625
10
0.00488281
-37
-0.0180664
34
0.0166016
-71
-0.034668
21
0.0102539
-43
-0.0209961
127
0.0620117
-15
-0.00732422
98
0.0478516
94
0.0458984
-60
-0.0292969
43
0.0209961
49
0.0239258
-69
-0.0336914
2
0.000976562
36
0.0175781
-11
-0.00537109
-28
-0.0136719
-4
-0.00195312
-4
-0.00195312
54
0.0263672
38
0.0185547
-68
-0.0332031
55
0.0268555
-62
-0.0302734
7
0.00341797
-32
-0.015625
-23
-0.0112305
-68
-0.0332031
-33
-0.0161133
-14
-0.00683594
-64
-0.03125
-21
-0.0102539
-24
-0.0117188
-55
-0.0268555
2
0.000976562
18
0.00878906
-82
-0.0400391
-6
-0.00292969
51
0.0249023
-86
-0.0419922
-9
-0.00439453
-24
-0.0117188
54
0.0263672
23
0.0112305
-17
-0.00830078
18
0.00878906
-63
-0.0307617
0
0
-13
-0.00634766
-11
-0.00537109
-59
-0.0288086
-10
-0.00488281
-56
-0.0273438
3
0.00146484
0
0
26
0.0126953
-24
-0.0117188
42
0.0205078
37
0.0180664
-77
-0.0375977
-6
-0.00292969
12
0.00585938
66
0.0322266
-11
-0.00537109
-48
-0.0234375
6
0.00292969
-2
-0.000976562
76
0.0371094
13
0.00634766
-1
-0.000488281
9
0.00439453
2
0.000976562
-55
-0.0268555
18
0.00878906
36
0.0175781
-50
-0.0244141
53
0.0258789
-33
-0.0161133
56
0.0273438
-65
-0.0317383
-33
-0.0161133
-23
-0.0112305
-28
-0.0136719
7
0.00341797
23
0.0112305
-35
-0.0170898
20
0.00976562
-6
-0.00292969
10
0.00488281
6
0.00292969
-47
-0.0229492
-44
-0.0214844
77
0.0375977
8
0.00390625
-77
-0.0375977
25
0.012207
18
0.00878906
-60
-0.0292969
