-57
-0.00695801
49
0.00598145
249
0.0303955
78
0.00952148
153
0.0186768
109
0.0133057
-23
-0.00280762
88
0.0107422
130
0.0158691
53
0.00646973
28
0.00341797
-134
-0.0163574
-145
-0.0177002
-77
-0.00939941
-170
-0.020752
149
0.0181885
-20
-0.00244141
-27
-0.0032959
220
0.0268555
142
0.017334
-238
-0.0290527
-252
-0.0307617
-149
-0.0181885
18
0.00219727
-79
-0.00964355
14
0.00170898
-156
-0.019043
-3
-0.000366211
-212
-0.0258789
-19
-0.00231934
212
0.0258789
-154
-0.0187988
147
0.0179443
172
0.0209961
-164
-0.0200195
19
0.00231934
-99
-0.012085
74
0.0090332
-159
-0.0194092
1
0.00012207
105
0.0128174
71
0.00866699
-126
-0.0153809
7
0.000854492
68
0.00830078
-58
-0.00708008
-97
-0.0118408
32
0.00390625
257
0.0313721
85
0.010376
109
0.0133057
127
0.0155029
35
0.00427246
123
0.0150146
-3
-0.000366211
-43
-0.00524902
-97
-0.0118408
-29
-0.00354004
167
0.0203857
-129
-0.0157471
37
0.0045166
139
0.0169678
19
0.00231934
-71
-0.00866699
136
0.0166016
60
0.00732422
234
0.0285645
71
0.00866699
53
0.00646973
-192
-0.0234375
352
0.0429688
49
0.00598145
-81
-0.0098877
72
0.00878906
121
0.0147705
-233
-0.0284424
-40
-0.00488281
-26
-0.00317383
18
0.00219727
-56
-0.00683594
-51
-0.00622559
-62
-0.00756836
44
0.00537109
33
0.00402832
129
0.0157471
208
0.0253906
59
0.00720215
107
0.0130615
78
0.00952148
11
0.00134277
-159
-0.0194092
80
0.00976562
-212
-0.0258789
55
0.00671387
175
0.0213623
-89
-0.0108643
-46
-0.00561523
11
0.00134277
-17
-0.0020752
81
0.0098877
175
0.0213623
-100
-0.012207
-110
-0.0134277
84
0.0102539
219
0.0267334
-133
-0.0162354
-356
-0.043457
-53
-0.00646973
131
0.0159912
-36
-0.00439453
-4
-0.000488281
143
0.0174561
132
0.0161133
43
0.00524902
-55
-0.00671387
-31
-0.00378418
180
0.0219727
-94
-0.0114746
21
0.00256348
-84
-0.0102539
150
0.0183105
-131
-0.0159912
2
0.000244141
170
0.020752
123
0.0150146
-64
-0.0078125
92
0.0112305
-123
-0.0150146
74
0.0090332
-34
-0.00415039
-136
-0.0166016
-124
-0.0151367
82
0.0100098
-77
-0.00939941
-157
-0.019165
-7
-0.000854492
-13
-0.00158691
-63
-0.00769043
-137
-0.0167236
103
0.0125732
127
0.0155029
97
0.0118408
-131
-0.0159912
19
0.00231934
24
0.00292969
25
0.00305176
100
0.012207
65
0.00793457
31
0.00378418
-70
-0.00854492
44
0.00537109
64
0.0078125
-14
-0.00170898
-38
-0.00463867
-226
-0.0275879
-76
-0.00927734
4
0.000488281
-4
-0.000488281
9
0.00109863
87
0.0106201
214
0.026123
100
0.012207
7
0.000854492
73
0.00891113
85
0.010376
13
0.00158691
-149
-0.0181885
23
0.00280762
226
0.0275879
-2
-0.000244141
80
0.00976562
-139
-0.0169678
-148
-0.0180664
-14
-0.00170898
-56
-0.00683594
104
0.0126953
40
0.00488281
-105
-0.0128174
-193
-0.0235596
-31
-0.00378418
-305
-0.0372314
56
0.00683594
60
0.00732422
77
0.00939941
83
0.0101318
-24
-0.00292969
-4
-0.000488281
-95
-0.0115967
111
0.0135498
0
0
-39
-0.00476074
-44
-0.00537109
59
0.00720215
58
0.00708008
91
0.0111084
-93
-0.0113525
-308
-0.0375977
78
0.00952148
21
0.00256348
-23
-0.00280762
-127
-0.0155029
-59
-0.00720215
-294
-0.0358887
-26
-0.00317383
85
0.010376
32
0.00390625
46
0.00561523
-113
-0.0137939
-26
-0.00317383
-23
-0.00280762
-116
-0.0141602
-23
-0.00280762
-67
-0.00817871
35
0.00427246
10
0.0012207
29
0.00354004
-104
-0.0126953
-17
-0.0020752
-134
-0.0163574
28
0.00341797
82
0.0100098
-39
-0.00476074
-134
-0.0163574
-76
-0.00927734
86
0.010498
26
0.00317383
-3
-0.000366211
-71
-0.00866699
19
0.00231934
5
0.000610352
190
0.0231934
-147
-0.0179443
-21
-0.00256348
-139
-0.0169678
41
0.00500488
4
0.000488281
29
0.00354004
-57
-0.00695801
101
0.0123291
122
0.0148926
180
0.0219727
-14
-0.00170898
188
0.0229492
58
0.00708008
43
0.00524902
7
0.000854492
-7
-0.000854492
-28
-0.00341797
-320
-0.0390625
15
0.00183105
-9
-0.00109863
-43
-0.00524902
353
0.0430908
-68
-0.00830078
239
0.0291748
-23
-0.00280762
128
0.015625
102
0.0124512
167
0.0203857
52
0.00634766
66
0.00805664
211
0.0257568
-41
-0.00500488
13
0.00158691
81
0.0098877
-75
-0.00915527
-17
-0.0020752
-52
-0.00634766
232
0.0283203
36
0.00439453
-181
-0.0220947
69
0.00842285
-138
-0.0168457
158
0.0192871
-84
-0.0102539
211
0.0257568
-1
-0.00012207
107
0.0130615
-4
-0.000488281
-11
-0.00134277
-116
-0.0141602
-157
-0.019165
134
0.0163574
-61
-0.00744629
-34
-0.00415039
144
0.0175781
-208
-0.0253906
-52
-0.00634766
43
0.00524902
32
0.00390625
132
0.0161133
-197
-0.0240479
50
0.00610352
-42
-0.00512695
286
0.0349121
-122
-0.0148926
-85
-0.010376
30
0.00366211
-21
-0.00256348
80
0.00976562
176
0.0214844
-95
-0.0115967
-81
-0.0098877
-60
-0.00732422
-115
-0.0140381
130
0.0158691
-10
-0.0012207
-3
-0.000366211
165
0.0201416
27
0.0032959
-66
-0.00805664
0
0
-199
-0.024292
65
0.00793457
152
0.0185547
134
0.0163574
65
0.00793457
-39
-0.00476074
42
0.00512695
49
0.00598145
-19
-0.00231934
-24
-0.00292969
-18
-0.00219727
210
0.0256348
108
0.0131836
-14
-0.00170898
111
0.0135498
120
0.0146484
-139
-0.0169678
-22
-0.00268555
61
0.00744629
-129
-0.0157471
272
0.0332031
-37
-0.0045166
134
0.0163574
-11
-0.00134277
79
0.00964355
17
0.0020752
190
0.0231934
2
0.000244141
62
0.00756836
-84
-0.0102539
14
0.00170898
-52
-0.00634766
183
0.0223389
-33
-0.00402832
-153
-0.0186768
-104
-0.0126953
-127
-0.0155029
-80
-0.00976562
116
0.0141602
-59
-0.00720215
66
0.00805664
-33
-0.00402832
46
0.00561523
-114
-0.013916
60
0.00732422
-3
-0.000366211
87
0.0106201
-83
-0.0101318
-117
-0.0142822
142
0.017334
264
0.0322266
55
0.00671387
360
0.0439453
42
0.00512695
163
0.0198975
-147
-0.0179443
-126
-0.0153809
23
0.00280762
-119
-0.0145264
152
0.0185547
119
0.0145264
98
0.0119629
-71
-0.00866699
-48
-0.00585938
-82
-0.0100098
-91
-0.0111084
-48
-0.00585938
-35
-0.00427246
35
0.00427246
57
0.00695801
69
0.00842285
98
0.0119629
0
0
-85
-0.010376
-216
-0.0263672
39
0.00476074
143
0.0174561
-174
-0.0212402
36
0.00439453
-165
-0.0201416
-70
-0.00854492
-6
-0.000732422
-27
-0.0032959
39
0.00476074
101
0.0123291
203
0.0247803
-52
-0.00634766
112
0.0136719
-19
-0.00231934
-16
-0.00195312
-193
-0.0235596
17
0.0020752
99
0.012085
-42
-0.00512695
106
0.0129395
91
0.0111084
113
0.0137939
69
0.00842285
183
0.0223389
-195
-0.0238037
-146
-0.0178223
-60
-0.00732422
-141
-0.0172119
10
0.0012207
-60
-0.00732422
-34
-0.00415039
124
0.0151367
54
0.0065918
-2
-0.000244141
113
0.0137939
3
0.000366211
-49
-0.00598145
124
0.0151367
53
0.00646973
40
0.00488281
-22
-0.00268555
-140
-0.0170898
-9
-0.00109863
-71
-0.00866699
-7
-0.000854492
238
0.0290527
145
0.0177002
117
0.0142822
29
0.00354004
-47
-0.0057373
-26
-0.00317383
201
0.0245361
-117
-0.0142822
78
0.00952148
108
0.0131836
-16
-0.00195312
69
0.00842285
211
0.0257568
52
0.00634766
25
0.00305176
42
0.00512695
-60
-0.00732422
37
0.0045166
105
0.0128174
-23
-0.00280762
-199
-0.024292
50
0.00610352
164
0.0200195
-53
-0.00646973
-38
-0.00463867
-57
-0.00695801
-226
-0.0275879
-9
-0.00109863
-5
-0.000610352
21
0.00256348
67
0.00817871
95
0.0115967
-93
-0.0113525
-97
-0.0118408
-61
-0.00744629
43
0.00524902
-279
-0.0340576
105
0.0128174
-84
-0.0102539
92
0.0112305
-287
-0.0350342
60
0.00732422
-121
-0.0147705
10
0.0012207
-37
-0.0045166
-133
-0.0162354
129
0.0157471
92
0.0112305
-45
-0.00549316
-82
-0.0100098
-56
-0.00683594
-34
-0.00415039
-102
-0.0124512
-9
-0.00109863
100
0.012207
94
0.0114746
-130
-0.0158691
34
0.00415039
5
0.000610352
46
0.00561523
-70
-0.00854492
26
0.00317383
249
0.0303955
166
0.0202637
69
0.00842285
-13
-0.00158691
111
0.0135498
36
0.00439453
-145
-0.0177002
167
0.0203857
-116
-0.0141602
23
0.00280762
-262
-0.0319824
-135
-0.0164795
-106
-0.0129395
29
0.00354004
203
0.0247803
-11
-0.00134277
-136
-0.0166016
-70
-0.00854492
-21
-0.00256348
133
0.0162354
-72
-0.00878906
-16
-0.00195312
-69
-0.00842285
-188
-0.0229492
50
0.00610352
11
0.00134277
146
0.0178223
-60
-0.00732422
-208
-0.0253906
61
0.00744629
81
0.0098877
31
0.00378418
-16
-0.00195312
-32
-0.00390625
52
0.00634766
-73
-0.00891113
49
0.00598145
21
0.00256348
66
0.00805664
16
0.00195312
-237
-0.0289307
-92
-0.0112305
67
0.00817871
-61
-0.00744629
-158
-0.0192871
44
0.00537109
198
0.0241699
117
0.0142822
4
0.000488281
-85
-0.010376
-41
-0.00500488
-100
-0.012207
-50
-0.00610352
19
0.00231934
17
0.0020752
45
0.00549316
43
0.00524902
-17
-0.0020752
-48
-0.00585938
-74
-0.0090332
47
0.0057373
111
0.0135498
-86
-0.010498
69
0.00842285
179
0.0218506
21
0.00256348
-146
-0.0178223
-90
-0.0109863
-165
-0.0201416
-26
-0.00317383
-155
-0.0189209
-56
-0.00683594
117
0.0142822
-103
-0.0125732
-158
-0.0192871
-10
-0.0012207
138
0.0168457
-160
-0.0195312
160
0.0195312
57
0.00695801
202
0.0246582
6
0.000732422
-24
-0.00292969
54
0.0065918
-139
-0.0169678
27
0.0032959
74
0.0090332
-15
-0.00183105
-19
-0.00231934
86
0.010498
225
0.0274658
-73
-0.00891113
-54
-0.0065918
-58
-0.00708008
190
0.0231934
166
0.0202637
-140
-0.0170898
-131
-0.0159912
-62
-0.00756836
157
0.019165
14
0.00170898
-12
-0.00146484
-101
-0.0123291
-105
-0.0128174
-35
-0.00427246
79
0.00964355
-243
-0.0296631
-141
-0.0172119
82
0.0100098
-59
-0.00720215
-41
-0.00500488
-84
-0.0102539
-211
-0.0257568
-139
-0.0169678
154
0.0187988
-63
-0.00769043
-141
-0.0172119
34
0.00415039
28
0.00341797
-145
-0.0177002
-163
-0.0198975
52
0.00634766
-121
-0.0147705
-158
-0.0192871
126
0.0153809
141
0.0172119
213
0.026001
91
0.0111084
53
0.00646973
-147
-0.0179443
93
0.0113525
-25
-0.00305176
-28
-0.00341797
19
0.00231934
-99
-0.012085
-17
-0.0020752
50
0.00610352
65
0.00793457
-217
-0.0264893
27
0.0032959
54
0.0065918
48
0.00585938
-161
-0.0196533
-71
-0.00866699
-381
-0.0465088
-11
-0.00134277
-60
-0.00732422
-90
-0.0109863
161
0.0196533
27
0.0032959
194
0.0236816
156
0.019043
111
0.0135498
-117
-0.0142822
-108
-0.0131836
-8
-0.000976562
60
0.00732422
-20
-0.00244141
125
0.0152588
39
0.00476074
26
0.00317383
-143
-0.0174561
168
0.0205078
21
0.00256348
132
0.0161133
-35
-0.00427246
-31
-0.00378418
-87
-0.0106201
187
0.0228271
84
0.0102539
-182
-0.0222168
-68
-0.00830078
54
0.0065918
61
0.00744629
13
0.00158691
-154
-0.0187988
-52
-0.00634766
33
0.00402832
-86
-0.010498
-32
-0.00390625
-108
-0.0131836
-81
-0.0098877
72
0.00878906
-38
-0.00463867
-132
-0.0161133
-9
-0.00109863
-188
-0.0229492
96
0.0117188
210
0.0256348
92
0.0112305
126
0.0153809
103
0.0125732
-16
-0.00195312
-14
-0.00170898
38
0.00463867
-27
-0.0032959
-106
-0.0129395
100
0.012207
102
0.0124512
102
0.0124512
219
0.0267334
-45
-0.00549316
74
0.0090332
6
0.000732422
-151
-0.0184326
36
0.00439453
-1
-0.00012207
-20
-0.00244141
-133
-0.0162354
47
0.0057373
134
0.0163574
24
0.00292969
-112
-0.0136719
59
0.00720215
81
0.0098877
-4
-0.000488281
-196
-0.0239258
-77
-0.00939941
-35
-0.00427246
55
0.00671387
89
0.0108643
99
0.012085
-25
-0.00305176
-14
-0.00170898
-191
-0.0233154
-49
-0.00598145
-11
-0.00134277
112
0.0136719
19
0.00231934
-104
-0.0126953
-135
-0.0164795
-46
-0.00561523
114
0.013916
-51
-0.00622559
17
0.0020752
81
0.0098877
-385
-0.0469971
131
0.0159912
-137
-0.0167236
46
0.00561523
179
0.0218506
14
0.00170898
-77
-0.00939941
-56
-0.00683594
-83
-0.0101318
100
0.012207
155
0.0189209
158
0.0192871
1
0.00012207
8
0.000976562
-82
-0.0100098
-102
-0.0124512
-47
-0.0057373
25
0.00305176
-15
-0.00183105
-7
-0.000854492
9
0.00109863
90
0.0109863
-275
-0.0335693
144
0.0175781
-14
-0.00170898
83
0.0101318
-153
-0.0186768
218
0.0266113
68
0.00830078
157
0.019165
92
0.0112305
-7
-0.000854492
-189
-0.0230713
-41
-0.00500488
18
0.00219727
138
0.0168457
40
0.00488281
-237
-0.0289307
319
0.0389404
37
0.0045166
22
0.00268555
-140
-0.0170898
-70
-0.00854492
-32
-0.00390625
47
0.0057373
63
0.00769043
-141
-0.0172119
38
0.00463867
-41
-0.00500488
-26
-0.00317383
-70
-0.00854492
58
0.00708008
-105
-0.0128174
114
0.013916
-73
-0.00891113
58
0.00708008
41
0.00500488
-153
-0.0186768
-21
-0.00256348
181
0.0220947
-67
-0.00817871
-54
-0.0065918
-155
-0.0189209
-12
-0.00146484
75
0.00915527
-4
-0.000488281
20
0.00244141
-49
-0.00598145
203
0.0247803
-23
-0.00280762
-75
-0.00915527
59
0.00720215
-353
-0.0430908
-32
-0.00390625
281
0.0343018
-22
-0.00268555
-74
-0.0090332
-37
-0.0045166
87
0.0106201
33
0.00402832
-65
-0.00793457
21
0.00256348
94
0.0114746
-41
-0.00500488
-18
-0.00219727
44
0.00537109
99
0.012085
29
0.00354004
-107
-0.0130615
77
0.00939941
24
0.00292969
-137
-0.0167236
37
0.0045166
-6
-0.000732422
-93
-0.0113525
-34
-0.00415039
120
0.0146484
10
0.0012207
-48
-0.00585938
-99
-0.012085
57
0.00695801
-87
-0.0106201
-144
-0.0175781
75
0.00915527
-51
-0.00622559
-93
-0.0113525
-55
-0.00671387
23
0.00280762
74
0.0090332
-60
-0.00732422
-173
-0.0211182
-165
-0.0201416
-128
-0.015625
-70
-0.00854492
-142
-0.017334
47
0.0057373
124
0.0151367
95
0.0115967
-43
-0.00524902
63
0.00769043
-172
-0.0209961
82
0.0100098
-93
-0.0113525
-92
-0.0112305
225
0.0274658
-59
-0.00720215
122
0.0148926
-9
-0.00109863
6
0.000732422
102
0.0124512
-304
-0.0371094
43
0.00524902
46
0.00561523
16
0.00195312
80
0.00976562
37
0.0045166
-252
-0.0307617
182
0.0222168
-170
-0.020752
55
0.00671387
-51
-0.00622559
-63
-0.00769043
11
0.00134277
24
0.00292969
61
0.00744629
118
0.0144043
69
0.00842285
-2
-0.000244141
-53
-0.00646973
-115
-0.0140381
-95
-0.0115967
-33
-0.00402832
110
0.0134277
40
0.00488281
53
0.00646973
-51
-0.00622559
-20
-0.00244141
51
0.00622559
-61
-0.00744629
42
0.00512695
-93
-0.0113525
115
0.0140381
-95
-0.0115967
51
0.00622559
60
0.00732422
-235
-0.0286865
32
0.00390625
94
0.0114746
50
0.00610352
-92
-0.0112305
-24
-0.00292969
-151
-0.0184326
-33
-0.00402832
16
0.00195312
-161
-0.0196533
-53
-0.00646973
91
0.0111084
-99
-0.012085
-334
-0.0407715
-114
-0.013916
23
0.00280762
13
0.00158691
-25
-0.00305176
-3
-0.000366211
437
0.0533447
-40
-0.00488281
14
0.00170898
43
0.00524902
-123
-0.0150146
-163
-0.0198975
-174
-0.0212402
149
0.0181885
-190
-0.0231934
9
0.00109863
304
0.0371094
-109
-0.0133057
124
0.0151367
-20
-0.00244141
-165
-0.0201416
131
0.0159912
-70
-0.00854492
-94
-0.0114746
149
0.0181885
4
0.000488281
-114
-0.013916
107
0.0130615
-122
-0.0148926
-34
-0.00415039
-57
-0.00695801
-40
-0.00488281
19
0.00231934
45
0.00549316
-46
-0.00561523
24
0.00292969
127
0.0155029
-31
-0.00378418
31
0.00378418
-63
-0.00769043
312
0.0380859
-98
-0.0119629
-23
-0.00280762
27
0.0032959
70
0.00854492
32
0.00390625
237
0.0289307
107
0.0130615
70
0.00854492
-108
-0.0131836
41
0.00500488
-29
-0.00354004
-49
-0.00598145
-142
-0.017334
25
0.00305176
109
0.0133057
-102
-0.0124512
99
0.012085
-60
-0.00732422
-194
-0.0236816
-45
-0.00549316
-70
-0.00854492
-14
-0.00170898
-68
-0.00830078
4
0.000488281
168
0.0205078
195
0.0238037
9
0.00109863
170
0.020752
8
0.000976562
-123
-0.0150146
16
0.00195312
188
0.0229492
-162
-0.0197754
108
0.0131836
102
0.0124512
47
0.0057373
144
0.0175781
-219
-0.0267334
110
0.0134277
-25
-0.00305176
67
0.00817871
-109
-0.0133057
4
0.000488281
87
0.0106201
-78
-0.00952148
165
0.0201416
157
0.019165
-178
-0.0217285
-176
-0.0214844
-303
-0.0369873
11
0.00134277
-56
-0.00683594
-67
-0.00817871
276
0.0336914
-22
-0.00268555
98
0.0119629
65
0.00793457
-137
-0.0167236
110
0.0134277
-7
-0.000854492
7
0.000854492
113
0.0137939
-12
-0.00146484
104
0.0126953
-29
-0.00354004
65
0.00793457
-183
-0.0223389
163
0.0198975
55
0.00671387
75
0.00915527
-4
-0.000488281
93
0.0113525
-139
-0.0169678
138
0.0168457
-74
-0.0090332
-205
-0.0250244
-14
-0.00170898
-46
-0.00561523
-40
-0.00488281
101
0.0123291
39
0.00476074
-74
-0.0090332
180
0.0219727
46
0.00561523
-182
-0.0222168
41
0.00500488
-111
-0.0135498
155
0.0189209
20
0.00244141
-19
-0.00231934
120
0.0146484
-275
-0.0335693
-78
-0.00952148
106
0.0129395
77
0.00939941
-6
-0.000732422
221
0.0269775
-131
-0.0159912
52
0.00634766
-47
-0.0057373
-24
-0.00292969
-18
-0.00219727
50
0.00610352
111
0.0135498
13
0.00158691
-185
-0.022583
-27
-0.0032959
25
0.00305176
33
0.00402832
159
0.0194092
214
0.026123
177
0.0216064
116
0.0141602
-144
-0.0175781
-68
-0.00830078
-45
-0.00549316
-205
-0.0250244
-196
-0.0239258
-122
-0.0148926
-101
-0.0123291
-152
-0.0185547
25
0.00305176
2
0.000244141
-82
-0.0100098
-104
-0.0126953
152
0.0185547
50
0.00610352
-50
-0.00610352
70
0.00854492
-145
-0.0177002
107
0.0130615
216
0.0263672
-72
-0.00878906
51
0.00622559
-9
-0.00109863
241
0.0294189
119
0.0145264
-34
-0.00415039
42
0.00512695
-99
-0.012085
-31
-0.00378418
126
0.0153809
19
0.00231934
-66
-0.00805664
18
0.00219727
171
0.020874
5
0.000610352
100
0.012207
31
0.00378418
-19
-0.00231934
56
0.00683594
36
0.00439453
1
0.00012207
266
0.0324707
-62
-0.00756836
141
0.0172119
-38
-0.00463867
-182
-0.0222168
-80
-0.00976562
-105
-0.0128174
-61
-0.00744629
-140
-0.0170898
14
0.00170898
11
0.00134277
48
0.00585938
-29
-0.00354004
103
0.0125732
-105
-0.0128174
-11
-0.00134277
134
0.0163574
29
0.00354004
259
0.0316162
-43
-0.00524902
-386
-0.0471191
-139
-0.0169678
-306
-0.0373535
-16
-0.00195312
111
0.0135498
-49
-0.00598145
-8
-0.000976562
-100
-0.012207
-243
-0.0296631
-51
-0.00622559
205
0.0250244
47
0.0057373
162
0.0197754
-99
-0.012085
-234
-0.0285645
48
0.00585938
37
0.0045166
68
0.00830078
151
0.0184326
113
0.0137939
-247
-0.0301514
-25
-0.00305176
190
0.0231934
-40
-0.00488281
102
0.0124512
71
0.00866699
-114
-0.013916
-17
-0.0020752
-161
-0.0196533
-26
-0.00317383
-71
-0.00866699
39
0.00476074
21
0.00256348
-78
-0.00952148
113
0.0137939
158
0.0192871
61
0.00744629
-179
-0.0218506
-120
-0.0146484
-123
-0.0150146
-68
-0.00830078
-46
-0.00561523
-70
-0.00854492
25
0.00305176
-28
-0.00341797
13
0.00158691
55
0.00671387
101
0.0123291
27
0.0032959
116
0.0141602
-119
-0.0145264
-73
-0.00891113
-191
-0.0233154
65
0.00793457
114
0.013916
8
0.000976562
-99
-0.012085
-71
-0.00866699
63
0.00769043
-42
-0.00512695
114
0.013916
-94
-0.0114746
-17
-0.0020752
121
0.0147705
19
0.00231934
-122
-0.0148926
-4
-0.000488281
-44
-0.00537109
30
0.00366211
3
0.000366211
89
0.0108643
46
0.00561523
94
0.0114746
33
0.00402832
-67
-0.00817871
3
0.000366211
-136
-0.0166016
-51
-0.00622559
-87
-0.0106201
-41
-0.00500488
-186
-0.0227051
37
0.0045166
25
0.00305176
-34
-0.00415039
-84
-0.0102539
-41
-0.00500488
188
0.0229492
85
0.010376
-81
-0.0098877
-8
-0.000976562
-146
-0.0178223
-47
-0.0057373
-4
-0.000488281
-280
-0.0341797
-106
-0.0129395
45
0.00549316
206
0.0251465
9
0.00109863
-109
-0.0133057
147
0.0179443
197
0.0240479
-63
-0.00769043
-16
-0.00195312
-78
-0.00952148
142
0.017334
-74
-0.0090332
-156
-0.019043
3
0.000366211
-35
-0.00427246
2
0.000244141
-189
-0.0230713
-87
-0.0106201
-11
-0.00134277
26
0.00317383
-12
-0.00146484
-7
-0.000854492
-126
-0.0153809
-138
-0.0168457
-8
-0.000976562
-104
-0.0126953
49
0.00598145
-153
-0.0186768
9
0.00109863
-46
-0.00561523
33
0.00402832
-131
-0.0159912
-7
-0.000854492
63
0.00769043
152
0.0185547
-8
-0.000976562
-5
-0.000610352
-86
-0.010498
14
0.00170898
-81
-0.0098877
58
0.00708008
48
0.00585938
5
0.000610352
-8
-0.000976562
-187
-0.0228271
-73
-0.00891113
-14
-0.00170898
40
0.00488281
165
0.0201416
289
0.0352783
-91
-0.0111084
68
0.00830078
-194
-0.0236816
41
0.00500488
105
0.0128174
-201
-0.0245361
-242
-0.029541
-101
-0.0123291
-227
-0.02771
-50
-0.00610352
-212
-0.0258789
94
0.0114746
57
0.00695801
-4
-0.000488281
106
0.0129395
-4
-0.000488281
-20
-0.00244141
-114
-0.013916
111
0.0135498
-216
-0.0263672
-23
-0.00280762
-178
-0.0217285
4
0.000488281
103
0.0125732
-161
-0.0196533
81
0.0098877
48
0.00585938
-51
-0.00622559
233
0.0284424
-59
-0.00720215
-48
-0.00585938
-22
-0.00268555
13
0.00158691
-59
-0.00720215
38
0.00463867
88
0.0107422
-148
-0.0180664
-52
-0.00634766
12
0.00146484
-30
-0.00366211
-109
-0.0133057
36
0.00439453
-96
-0.0117188
-73
-0.00891113
-30
-0.00366211
70
0.00854492
-139
-0.0169678
-92
-0.0112305
12
0.00146484
38
0.00463867
-230
-0.0280762
29
0.00354004
199
0.024292
8
0.000976562
-61
-0.00744629
-108
-0.0131836
-22
-0.00268555
-61
-0.00744629
-150
-0.0183105
44
0.00537109
-223
-0.0272217
19
0.00231934
-23
-0.00280762
147
0.0179443
47
0.0057373
-76
-0.00927734
7
0.000854492
16
0.00195312
-196
-0.0239258
25
0.00305176
-68
-0.00830078
-28
-0.00341797
133
0.0162354
46
0.00561523
64
0.0078125
221
0.0269775
180
0.0219727
53
0.00646973
125
0.0152588
-55
-0.00671387
-250
-0.0305176
28
0.00341797
-80
-0.00976562
128
0.015625
-108
-0.0131836
-52
-0.00634766
43
0.00524902
18
0.00219727
-30
-0.00366211
-98
-0.0119629
-109
-0.0133057
96
0.0117188
139
0.0169678
-89
-0.0108643
26
0.00317383
130
0.0158691
-55
-0.00671387
-11
-0.00134277
-274
-0.0334473
-42
-0.00512695
280
0.0341797
-24
-0.00292969
131
0.0159912
130
0.0158691
-107
-0.0130615
-60
-0.00732422
-13
-0.00158691
109
0.0133057
-135
-0.0164795
-91
-0.0111084
-8
-0.000976562
-120
-0.0146484
153
0.0186768
156
0.019043
158
0.0192871
10
0.0012207
-202
-0.0246582
51
0.00622559
133
0.0162354
-11
-0.00134277
-181
-0.0220947
-8
-0.000976562
155
0.0189209
88
0.0107422
4
0.000488281
98
0.0119629
181
0.0220947
14
0.00170898
219
0.0267334
-39
-0.00476074
-45
-0.00549316
-10
-0.0012207
-184
-0.0224609
-161
-0.0196533
83
0.0101318
121
0.0147705
13
0.00158691
137
0.0167236
-156
-0.019043
45
0.00549316
-252
-0.0307617
-102
-0.0124512
-110
-0.0134277
128
0.015625
-16
-0.00195312
128
0.015625
17
0.0020752
-73
-0.00891113
134
0.0163574
60
0.00732422
120
0.0146484
5
0.000610352
-87
-0.0106201
50
0.00610352
-12
-0.00146484
-60
-0.00732422
0
0
-15
-0.00183105
-36
-0.00439453
-205
-0.0250244
55
0.00671387
71
0.00866699
137
0.0167236
89
0.0108643
-84
-0.0102539
133
0.0162354
-136
-0.0166016
-12
-0.00146484
-147
-0.0179443
45
0.00549316
64
0.0078125
-112
-0.0136719
-310
-0.0378418
-45
-0.00549316
129
0.0157471
169
0.0206299
57
0.00695801
-185
-0.022583
212
0.0258789
-55
-0.00671387
-24
-0.00292969
-85
-0.010376
-53
-0.00646973
56
0.00683594
-313
-0.038208
-151
-0.0184326
60
0.00732422
13
0.00158691
-53
-0.00646973
-9
-0.00109863
-96
-0.0117188
-52
-0.00634766
80
0.00976562
-11
-0.00134277
49
0.00598145
72
0.00878906
60
0.00732422
20
0.00244141
-129
-0.0157471
-130
-0.0158691
-49
-0.00598145
-83
-0.0101318
23
0.00280762
-57
-0.00695801
262
0.0319824
-79
-0.00964355
-91
-0.0111084
-32
-0.00390625
-323
-0.0394287
-10
-0.0012207
90
0.0109863
45
0.00549316
211
0.0257568
150
0.0183105
-54
-0.0065918
38
0.00463867
17
0.0020752
-16
-0.00195312
-97
-0.0118408
-59
-0.00720215
-70
-0.00854492
-55
-0.00671387
23
0.00280762
51
0.00622559
165
0.0201416
21
0.00256348
123
0.0150146
45
0.00549316
-193
-0.0235596
71
0.00866699
169
0.0206299
-92
-0.0112305
104
0.0126953
52
0.00634766
-29
-0.00354004
-47
-0.0057373
32
0.00390625
-11
-0.00134277
-105
-0.0128174
141
0.0172119
-98
-0.0119629
71
0.00866699
47
0.0057373
6
0.000732422
122
0.0148926
74
0.0090332
-73
-0.00891113
125
0.0152588
48
0.00585938
77
0.00939941
-180
-0.0219727
-152
-0.0185547
11
0.00134277
6
0.000732422
151
0.0184326
-48
-0.00585938
-44
-0.00537109
50
0.00610352
-100
-0.012207
-144
-0.0175781
76
0.00927734
59
0.00720215
62
0.00756836
106
0.0129395
-55
-0.00671387
39
0.00476074
151
0.0184326
165
0.0201416
273
0.0333252
-77
-0.00939941
171
0.020874
98
0.0119629
68
0.00830078
82
0.0100098
182
0.0222168
-172
-0.0209961
70
0.00854492
43
0.00524902
-83
-0.0101318
-57
-0.00695801
-2
-0.000244141
-10
-0.0012207
-67
-0.00817871
74
0.0090332
-190
-0.0231934
48
0.00585938
-169
-0.0206299
1
0.00012207
4
0.000488281
-11
-0.00134277
115
0.0140381
103
0.0125732
34
0.00415039
107
0.0130615
234
0.0285645
159
0.0194092
65
0.00793457
-96
-0.0117188
21
0.00256348
-37
-0.0045166
42
0.00512695
104
0.0126953
-258
-0.0314941
26
0.00317383
-202
-0.0246582
112
0.0136719
47
0.0057373
-210
-0.0256348
-41
-0.00500488
-8
-0.000976562
-4
-0.000488281
170
0.020752
101
0.0123291
-38
-0.00463867
-174
-0.0212402
69
0.00842285
-169
-0.0206299
5
0.000610352
-27
-0.0032959
53
0.00646973
42
0.00512695
-88
-0.0107422
35
0.00427246
78
0.00952148
-68
-0.00830078
27
0.0032959
-37
-0.0045166
-66
-0.00805664
-62
-0.00756836
-71
-0.00866699
-43
-0.00524902
56
0.00683594
-44
-0.00537109
-63
-0.00769043
50
0.00610352
-57
-0.00695801
-57
-0.00695801
-148
-0.0180664
70
0.00854492
-12
-0.00146484
-74
-0.0090332
46
0.00561523
-59
-0.00720215
-80
-0.00976562
116
0.0141602
-35
-0.00427246
-39
-0.00476074
-155
-0.0189209
148
0.0180664
-38
-0.00463867
269
0.0328369
-58
-0.00708008
-147
-0.0179443
18
0.00219727
-243
-0.0296631
-147
-0.0179443
222
0.0270996
-137
-0.0167236
-54
-0.0065918
7
0.000854492
-181
-0.0220947
124
0.0151367
-5
-0.000610352
8
0.000976562
-86
-0.010498
48
0.00585938
-223
-0.0272217
-72
-0.00878906
203
0.0247803
180
0.0219727
-21
-0.00256348
-98
-0.0119629
113
0.0137939
-148
-0.0180664
-79
-0.00964355
-209
-0.0255127
-155
-0.0189209
139
0.0169678
5
0.000610352
-57
-0.00695801
92
0.0112305
82
0.0100098
154
0.0187988
187
0.0228271
97
0.0118408
45
0.00549316
-34
-0.00415039
109
0.0133057
-22
-0.00268555
-168
-0.0205078
252
0.0307617
172
0.0209961
-147
-0.0179443
-67
-0.00817871
-137
-0.0167236
-116
-0.0141602
-77
-0.00939941
-35
-0.00427246
-171
-0.020874
30
0.00366211
243
0.0296631
44
0.00537109
-24
-0.00292969
-151
-0.0184326
-86
-0.010498
-169
-0.0206299
-93
-0.0113525
18
0.00219727
-94
-0.0114746
76
0.00927734
97
0.0118408
-31
-0.00378418
-88
-0.0107422
81
0.0098877
94
0.0114746
37
0.0045166
-197
-0.0240479
57
0.00695801
49
0.00598145
-94
-0.0114746
104
0.0126953
49
0.00598145
-119
-0.0145264
39
0.00476074
78
0.00952148
-102
-0.0124512
107
0.0130615
-51
-0.00622559
79
0.00964355
4
0.000488281
333
0.0406494
-71
-0.00866699
191
0.0233154
26
0.00317383
24
0.00292969
45
0.00549316
85
0.010376
177
0.0216064
-149
-0.0181885
31
0.00378418
-236
-0.0288086
35
0.00427246
5
0.000610352
-35
-0.00427246
-4
-0.000488281
-21
-0.00256348
109
0.0133057
15
0.00183105
-24
-0.00292969
25
0.00305176
40
0.00488281
0
0
-161
-0.0196533
100
0.012207
214
0.026123
17
0.0020752
-137
-0.0167236
48
0.00585938
-111
-0.0135498
65
0.00793457
-102
-0.0124512
95
0.0115967
247
0.0301514
80
0.00976562
-19
-0.00231934
43
0.00524902
55
0.00671387
52
0.00634766
-118
-0.0144043
-31
-0.00378418
55
0.00671387
5
0.000610352
39
0.00476074
-120
-0.0146484
173
0.0211182
-62
-0.00756836
-16
-0.00195312
104
0.0126953
22
0.00268555
64
0.0078125
-34
-0.00415039
110
0.0134277
-26
-0.00317383
-17
-0.0020752
219
0.0267334
124
0.0151367
76
0.00927734
29
0.00354004
435
0.0531006
-120
-0.0146484
140
0.0170898
-1
-0.00012207
-103
-0.0125732
-44
-0.00537109
71
0.00866699
82
0.0100098
-10
-0.0012207
66
0.00805664
22
0.00268555
-54
-0.0065918
94
0.0114746
90
0.0109863
16
0.00195312
-42
-0.00512695
-84
-0.0102539
11
0.00134277
74
0.0090332
108
0.0131836
-14
-0.00170898
-10
-0.0012207
-112
-0.0136719
17
0.0020752
136
0.0166016
277
0.0338135
-4
-0.000488281
-75
-0.00915527
-195
-0.0238037
-113
-0.0137939
-112
-0.0136719
-120
-0.0146484
-54
-0.0065918
-17
-0.0020752
-126
-0.0153809
-88
-0.0107422
124
0.0151367
117
0.0142822
147
0.0179443
3
0.000366211
33
0.00402832
-144
-0.0175781
71
0.00866699
93
0.0113525
-155
-0.0189209
-116
-0.0141602
150
0.0183105
51
0.00622559
-58
-0.00708008
-48
-0.00585938
144
0.0175781
-28
-0.00341797
208
0.0253906
-2
-0.000244141
-175
-0.0213623
-118
-0.0144043
110
0.0134277
-36
-0.00439453
53
0.00646973
26
0.00317383
102
0.0124512
-32
-0.00390625
-125
-0.0152588
11
0.00134277
40
0.00488281
-179
-0.0218506
-157
-0.019165
-70
-0.00854492
0
0
42
0.00512695
-84
-0.0102539
-143
-0.0174561
-184
-0.0224609
-61
-0.00744629
21
0.00256348
56
0.00683594
25
0.00305176
39
0.00476074
3
0.000366211
-114
-0.013916
143
0.0174561
-6
-0.000732422
146
0.0178223
49
0.00598145
105
0.0128174
-93
-0.0113525
142
0.017334
-5
-0.000610352
126
0.0153809
13
0.00158691
86
0.010498
-126
-0.0153809
-7
-0.000854492
-51
-0.00622559
-3
-0.000366211
-25
-0.00305176
-52
-0.00634766
-23
-0.00280762
19
0.00231934
94
0.0114746
8
0.000976562
-119
-0.0145264
-45
-0.00549316
86
0.010498
-97
-0.0118408
5
0.000610352
108
0.0131836
118
0.0144043
71
0.00866699
-80
-0.00976562
-165
-0.0201416
98
0.0119629
-224
-0.0273438
-35
-0.00427246
-106
-0.0129395
118
0.0144043
-54
-0.0065918
94
0.0114746
137
0.0167236
126
0.0153809
-55
-0.00671387
-87
-0.0106201
14
0.00170898
-42
-0.00512695
-57
-0.00695801
80
0.00976562
-53
-0.00646973
-22
-0.00268555
-10
-0.0012207
205
0.0250244
52
0.00634766
15
0.00183105
-116
-0.0141602
-48
-0.00585938
57
0.00695801
-8
-0.000976562
168
0.0205078
-33
-0.00402832
7
0.000854492
40
0.00488281
20
0.00244141
66
0.00805664
-126
-0.0153809
77
0.00939941
240
0.0292969
-81
-0.0098877
-146
-0.0178223
-162
-0.0197754
202
0.0246582
-105
-0.0128174
-5
-0.000610352
-73
-0.00891113
-4
-0.000488281
153
0.0186768
-148
-0.0180664
106
0.0129395
-17
-0.0020752
49
0.00598145
46
0.00561523
128
0.015625
-6
-0.000732422
81
0.0098877
-86
-0.010498
-16
-0.00195312
-48
-0.00585938
-29
-0.00354004
93
0.0113525
91
0.0111084
65
0.00793457
11
0.00134277
195
0.0238037
7
0.000854492
-72
-0.00878906
-79
-0.00964355
-18
-0.00219727
-39
-0.00476074
95
0.0115967
61
0.00744629
98
0.0119629
5
0.000610352
-165
-0.0201416
-3
-0.000366211
-269
-0.0328369
36
0.00439453
-19
-0.00231934
48
0.00585938
-139
-0.0169678
-38
-0.00463867
75
0.00915527
52
0.00634766
-87
-0.0106201
-177
-0.0216064
-68
-0.00830078
-79
-0.00964355
281
0.0343018
-71
-0.00866699
171
0.020874
-72
-0.00878906
144
0.0175781
-145
-0.0177002
177
0.0216064
66
0.00805664
-169
-0.0206299
-94
-0.0114746
-196
-0.0239258
-80
-0.00976562
-95
-0.0115967
-86
-0.010498
87
0.0106201
47
0.0057373
137
0.0167236
84
0.0102539
-4
-0.000488281
-90
-0.0109863
-137
-0.0167236
-10
-0.0012207
67
0.00817871
61
0.00744629
64
0.0078125
-58
-0.00708008
-243
-0.0296631
-116
-0.0141602
-76
-0.00927734
8
0.000976562
-24
-0.00292969
-16
-0.00195312
8
0.000976562
42
0.00512695
13
0.00158691
122
0.0148926
-193
-0.0235596
85
0.010376
-178
-0.0217285
-51
-0.00622559
195
0.0238037
-59
-0.00720215
-152
-0.0185547
33
0.00402832
-66
-0.00805664
-55
-0.00671387
43
0.00524902
-24
-0.00292969
128
0.015625
45
0.00549316
168
0.0205078
-84
-0.0102539
171
0.020874
-79
-0.00964355
-213
-0.026001
67
0.00817871
-69
-0.00842285
125
0.0152588
60
0.00732422
82
0.0100098
109
0.0133057
83
0.0101318
-76
-0.00927734
202
0.0246582
-36
-0.00439453
6
0.000732422
-210
-0.0256348
-87
-0.0106201
-52
-0.00634766
40
0.00488281
-121
-0.0147705
-64
-0.0078125
242
0.029541
159
0.0194092
-144
-0.0175781
-13
-0.00158691
-36
-0.00439453
70
0.00854492
78
0.00952148
-48
-0.00585938
42
0.00512695
-118
-0.0144043
38
0.00463867
45
0.00549316
115
0.0140381
-7
-0.000854492
-165
-0.0201416
-15
-0.00183105
28
0.00341797
109
0.0133057
-127
-0.0155029
-15
-0.00183105
22
0.00268555
64
0.0078125
-97
-0.0118408
72
0.00878906
167
0.0203857
-264
-0.0322266
-98
-0.0119629
-201
-0.0245361
-77
-0.00939941
77
0.00939941
-173
-0.0211182
135
0.0164795
-201
-0.0245361
-117
-0.0142822
-168
-0.0205078
-117
-0.0142822
112
0.0136719
12
0.00146484
-90
-0.0109863
-25
-0.00305176
43
0.00524902
9
0.00109863
101
0.0123291
85
0.010376
-269
-0.0328369
159
0.0194092
-11
-0.00134277
-1
-0.00012207
-87
-0.0106201
48
0.00585938
21
0.00256348
-63
-0.00769043
20
0.00244141
36
0.00439453
137
0.0167236
116
0.0141602
-385
-0.0469971
0
0
-244
-0.0297852
150
0.0183105
-11
-0.00134277
-55
-0.00671387
61
0.00744629
96
0.0117188
150
0.0183105
136
0.0166016
-91
-0.0111084
140
0.0170898
-55
-0.00671387
0
0
76
0.00927734
9
0.00109863
-24
-0.00292969
94
0.0114746
237
0.0289307
52
0.00634766
111
0.0135498
-156
-0.019043
172
0.0209961
-21
-0.00256348
39
0.00476074
-65
-0.00793457
-78
-0.00952148
-7
-0.000854492
-212
-0.0258789
20
0.00244141
-80
-0.00976562
21
0.00256348
179
0.0218506
-75
-0.00915527
-21
-0.00256348
110
0.0134277
73
0.00891113
190
0.0231934
-73
-0.00891113
15
0.00183105
-40
-0.00488281
-40
-0.00488281
91
0.0111084
-37
-0.0045166
-109
-0.0133057
36
0.00439453
-96
-0.0117188
-12
-0.00146484
-204
-0.0249023
74
0.0090332
-15
-0.00183105
147
0.0179443
40
0.00488281
1
0.00012207
64
0.0078125
108
0.0131836
100
0.012207
96
0.0117188
-69
-0.00842285
-92
-0.0112305
-121
-0.0147705
-63
-0.00769043
45
0.00549316
-127
-0.0155029
200
0.0244141
131
0.0159912
-68
-0.00830078
1
0.00012207
115
0.0140381
-65
-0.00793457
225
0.0274658
-7
-0.000854492
110
0.0134277
-28
-0.00341797
179
0.0218506
67
0.00817871
-126
-0.0153809
-88
-0.0107422
152
0.0185547
-104
-0.0126953
3
0.000366211
93
0.0113525
-99
-0.012085
-45
-0.00549316
91
0.0111084
140
0.0170898
-83
-0.0101318
-66
-0.00805664
-79
-0.00964355
-11
-0.00134277
-192
-0.0234375
70
0.00854492
237
0.0289307
-47
-0.0057373
-162
-0.0197754
2
0.000244141
7
0.000854492
25
0.00305176
-44
-0.00537109
-38
-0.00463867
46
0.00561523
-109
-0.0133057
-213
-0.026001
46
0.00561523
-96
-0.0117188
-51
-0.00622559
-46
-0.00561523
-91
-0.0111084
-52
-0.00634766
-13
-0.00158691
214
0.026123
51
0.00622559
140
0.0170898
4
0.000488281
-191
-0.0233154
87
0.0106201
-4
-0.000488281
84
0.0102539
-12
-0.00146484
-83
-0.0101318
247
0.0301514
-90
-0.0109863
60
0.00732422
7
0.000854492
134
0.0163574
-13
-0.00158691
57
0.00695801
39
0.00476074
-120
-0.0146484
43
0.00524902
207
0.0252686
4
0.000488281
-11
-0.00134277
99
0.012085
-99
-0.012085
7
0.000854492
-6
-0.000732422
20
0.00244141
50
0.00610352
166
0.0202637
-7
-0.000854492
-119
-0.0145264
-84
-0.0102539
-103
-0.0125732
-66
-0.00805664
31
0.00378418
109
0.0133057
-82
-0.0100098
-218
-0.0266113
36
0.00439453
129
0.0157471
-4
-0.000488281
-79
-0.00964355
38
0.00463867
2
0.000244141
27
0.0032959
-60
-0.00732422
75
0.00915527
-125
-0.0152588
-163
-0.0198975
121
0.0147705
-55
-0.00671387
276
0.0336914
-43
-0.00524902
-25
-0.00305176
-24
-0.00292969
-124
-0.0151367
93
0.0113525
-97
-0.0118408
-65
-0.00793457
59
0.00720215
24
0.00292969
193
0.0235596
122
0.0148926
106
0.0129395
88
0.0107422
-62
-0.00756836
-4
-0.000488281
45
0.00549316
146
0.0178223
191
0.0233154
-119
-0.0145264
-256
-0.03125
8
0.000976562
-265
-0.0323486
-47
-0.0057373
5
0.000610352
-146
-0.0178223
-35
-0.00427246
21
0.00256348
-239
-0.0291748
-13
-0.00158691
-7
-0.000854492
-198
-0.0241699
93
0.0113525
-12
-0.00146484
328
0.0400391
38
0.00463867
-101
-0.0123291
-86
-0.010498
195
0.0238037
-14
-0.00170898
-29
-0.00354004
19
0.00231934
159
0.0194092
-12
-0.00146484
-40
-0.00488281
81
0.0098877
10
0.0012207
95
0.0115967
-28
-0.00341797
121
0.0147705
-339
-0.0413818
-26
-0.00317383
-163
-0.0198975
105
0.0128174
257
0.0313721
-27
-0.0032959
-58
-0.00708008
67
0.00817871
-115
-0.0140381
30
0.00366211
-169
-0.0206299
164
0.0200195
-95
-0.0115967
-4
-0.000488281
-93
-0.0113525
4
0.000488281
-180
-0.0219727
-104
-0.0126953
34
0.00415039
24
0.00292969
84
0.0102539
-36
-0.00439453
60
0.00732422
54
0.0065918
69
0.00842285
-42
-0.00512695
131
0.0159912
240
0.0292969
-123
-0.0150146
-140
-0.0170898
96
0.0117188
-5
-0.000610352
-19
-0.00231934
18
0.00219727
96
0.0117188
6
0.000732422
-200
-0.0244141
31
0.00378418
30
0.00366211
-29
-0.00354004
-45
-0.00549316
-6
-0.000732422
-89
-0.0108643
95
0.0115967
-12
-0.00146484
-33
-0.00402832
-49
-0.00598145
-54
-0.0065918
21
0.00256348
-82
-0.0100098
34
0.00415039
-13
-0.00158691
-58
-0.00708008
35
0.00427246
20
0.00244141
80
0.00976562
-27
-0.0032959
10
0.0012207
45
0.00549316
111
0.0135498
299
0.036499
157
0.019165
-36
-0.00439453
-15
-0.00183105
88
0.0107422
-77
-0.00939941
15
0.00183105
8
0.000976562
-95
-0.0115967
-22
-0.00268555
44
0.00537109
-125
-0.0152588
93
0.0113525
-21
-0.00256348
-122
-0.0148926
92
0.0112305
64
0.0078125
-77
-0.00939941
88
0.0107422
130
0.0158691
-82
-0.0100098
-25
-0.00305176
-86
-0.010498
37
0.0045166
95
0.0115967
-42
-0.00512695
-200
-0.0244141
32
0.00390625
2
0.000244141
30
0.00366211
-61
-0.00744629
66
0.00805664
55
0.00671387
-65
-0.00793457
6
0.000732422
-89
-0.0108643
-143
-0.0174561
84
0.0102539
29
0.00354004
161
0.0196533
-72
-0.00878906
-49
-0.00598145
89
0.0108643
107
0.0130615
-153
-0.0186768
-79
-0.00964355
-208
-0.0253906
-63
-0.00769043
54
0.0065918
110
0.0134277
-14
-0.00170898
-55
-0.00671387
304
0.0371094
17
0.0020752
-57
-0.00695801
79
0.00964355
-108
-0.0131836
-141
-0.0172119
12
0.00146484
0
0
156
0.019043
-38
-0.00463867
131
0.0159912
-2
-0.000244141
-37
-0.0045166
3
0.000366211
203
0.0247803
-65
-0.00793457
80
0.00976562
-150
-0.0183105
-181
-0.0220947
58
0.00708008
70
0.00854492
200
0.0244141
-131
-0.0159912
138
0.0168457
9
0.00109863
-55
-0.00671387
145
0.0177002
4
0.000488281
-68
-0.00830078
33
0.00402832
-45
-0.00549316
99
0.012085
-58
-0.00708008
-8
-0.000976562
-79
-0.00964355
-60
-0.00732422
57
0.00695801
70
0.00854492
-4
-0.000488281
-147
-0.0179443
127
0.0155029
16
0.00195312
48
0.00585938
30
0.00366211
-93
-0.0113525
30
0.00366211
-242
-0.029541
-191
-0.0233154
-165
-0.0201416
-132
-0.0161133
142
0.017334
-103
-0.0125732
-77
-0.00939941
-30
-0.00366211
76
0.00927734
25
0.00305176
-26
-0.00317383
50
0.00610352
-443
-0.0540771
-77
-0.00939941
-30
-0.00366211
-27
-0.0032959
-105
-0.0128174
3
0.000366211
11
0.00134277
67
0.00817871
27
0.0032959
-196
-0.0239258
34
0.00415039
-123
-0.0150146
-126
-0.0153809
-60
-0.00732422
-205
-0.0250244
-12
-0.00146484
133
0.0162354
-102
-0.0124512
32
0.00390625
0
0
-12
-0.00146484
81
0.0098877
220
0.0268555
22
0.00268555
112
0.0136719
43
0.00524902
-135
-0.0164795
-149
-0.0181885
-151
-0.0184326
-82
-0.0100098
-184
-0.0224609
-61
-0.00744629
-156
-0.019043
-28
-0.00341797
185
0.022583
-127
-0.0155029
9
0.00109863
37
0.0045166
101
0.0123291
52
0.00634766
-80
-0.00976562
156
0.019043
-221
-0.0269775
10
0.0012207
-164
-0.0200195
69
0.00842285
50
0.00610352
-15
-0.00183105
-217
-0.0264893
-263
-0.0321045
-111
-0.0135498
-38
-0.00463867
177
0.0216064
-95
-0.0115967
99
0.012085
137
0.0167236
236
0.0288086
-39
-0.00476074
25
0.00305176
-111
-0.0135498
86
0.010498
64
0.0078125
-4
-0.000488281
14
0.00170898
-157
-0.019165
-126
-0.0153809
162
0.0197754
63
0.00769043
-208
-0.0253906
50
0.00610352
-70
-0.00854492
-11
-0.00134277
156
0.019043
124
0.0151367
-143
-0.0174561
-37
-0.0045166
-96
-0.0117188
-38
-0.00463867
-114
-0.013916
-30
-0.00366211
-5
-0.000610352
33
0.00402832
-100
-0.012207
-34
-0.00415039
89
0.0108643
-53
-0.00646973
93
0.0113525
104
0.0126953
-307
-0.0374756
-31
-0.00378418
225
0.0274658
16
0.00195312
138
0.0168457
-115
-0.0140381
-247
-0.0301514
49
0.00598145
50
0.00610352
-96
-0.0117188
-226
-0.0275879
-84
-0.0102539
-174
-0.0212402
146
0.0178223
-119
-0.0145264
35
0.00427246
135
0.0164795
-7
-0.000854492
-143
-0.0174561
34
0.00415039
131
0.0159912
-37
-0.0045166
-26
-0.00317383
47
0.0057373
-100
-0.012207
46
0.00561523
6
0.000732422
84
0.0102539
-76
-0.00927734
-5
-0.000610352
-6
-0.000732422
-11
-0.00134277
285
0.03479
-18
-0.00219727
-76
-0.00927734
97
0.0118408
15
0.00183105
108
0.0131836
112
0.0136719
203
0.0247803
-171
-0.020874
-129
-0.0157471
209
0.0255127
80
0.00976562
-117
-0.0142822
0
0
-71
-0.00866699
44
0.00537109
-303
-0.0369873
-36
-0.00439453
110
0.0134277
-91
-0.0111084
89
0.0108643
-48
-0.00585938
68
0.00830078
159
0.0194092
-35
-0.00427246
-64
-0.0078125
28
0.00341797
115
0.0140381
232
0.0283203
-27
-0.0032959
22
0.00268555
-68
-0.00830078
95
0.0115967
6
0.000732422
38
0.00463867
197
0.0240479
-72
-0.00878906
-115
-0.0140381
15
0.00183105
-53
-0.00646973
152
0.0185547
50
0.00610352
-149
-0.0181885
72
0.00878906
-59
-0.00720215
142
0.017334
-46
-0.00561523
172
0.0209961
25
0.00305176
-147
-0.0179443
225
0.0274658
-1
-0.00012207
-31
-0.00378418
-70
-0.00854492
-70
-0.00854492
166
0.0202637
-203
-0.0247803
-97
-0.0118408
-156
-0.019043
-51
-0.00622559
-186
-0.0227051
-154
-0.0187988
-84
-0.0102539
113
0.0137939
27
0.0032959
58
0.00708008
32
0.00390625
138
0.0168457
-55
-0.00671387
57
0.00695801
144
0.0175781
90
0.0109863
-154
-0.0187988
172
0.0209961
-102
-0.0124512
-13
-0.00158691
53
0.00646973
17
0.0020752
120
0.0146484
8
0.000976562
-307
-0.0374756
73
0.00891113
-1
-0.00012207
87
0.0106201
-63
-0.00769043
-52
-0.00634766
-85
-0.010376
31
0.00378418
162
0.0197754
-25
-0.00305176
82
0.0100098
79
0.00964355
-389
-0.0474854
79
0.00964355
331
0.0404053
-127
-0.0155029
-138
-0.0168457
107
0.0130615
113
0.0137939
112
0.0136719
-96
-0.0117188
-40
-0.00488281
-70
-0.00854492
131
0.0159912
210
0.0256348
55
0.00671387
-264
-0.0322266
-53
-0.00646973
24
0.00292969
70
0.00854492
-77
-0.00939941
-76
-0.00927734
25
0.00305176
28
0.00341797
19
0.00231934
-57
-0.00695801
267
0.0325928
-16
-0.00195312
154
0.0187988
-32
-0.00390625
26
0.00317383
35
0.00427246
143
0.0174561
-27
-0.0032959
18
0.00219727
-7
-0.000854492
-41
-0.00500488
-63
-0.00769043
54
0.0065918
28
0.00341797
101
0.0123291
-38
-0.00463867
-68
-0.00830078
-75
-0.00915527
160
0.0195312
-25
-0.00305176
26
0.00317383
-40
-0.00488281
55
0.00671387
-13
-0.00158691
0
0
35
0.00427246
53
0.00646973
55
0.00671387
-138
-0.0168457
-35
-0.00427246
-157
-0.019165
99
0.012085
-134
-0.0163574
5
0.000610352
14
0.00170898
-57
-0.00695801
-273
-0.0333252
36
0.00439453
-78
-0.00952148
-186
-0.0227051
110
0.0134277
116
0.0141602
19
0.00231934
12
0.00146484
-76
-0.00927734
-113
-0.0137939
69
0.00842285
-61
-0.00744629
32
0.00390625
-252
-0.0307617
77
0.00939941
-29
-0.00354004
88
0.0107422
154
0.0187988
10
0.0012207
120
0.0146484
77
0.00939941
-32
-0.00390625
-43
-0.00524902
217
0.0264893
-156
-0.019043
95
0.0115967
-82
-0.0100098
-23
-0.00280762
-219
-0.0267334
-31
-0.00378418
100
0.012207
-47
-0.0057373
-7
-0.000854492
106
0.0129395
128
0.015625
56
0.00683594
-83
-0.0101318
38
0.00463867
-49
-0.00598145
108
0.0131836
-55
-0.00671387
0
0
71
0.00866699
20
0.00244141
19
0.00231934
-79
-0.00964355
-72
-0.00878906
2
0.000244141
202
0.0246582
78
0.00952148
-41
-0.00500488
94
0.0114746
74
0.0090332
-123
-0.0150146
144
0.0175781
-22
-0.00268555
133
0.0162354
-56
-0.00683594
41
0.00500488
-59
-0.00720215
69
0.00842285
-128
-0.015625
8
0.000976562
-6
-0.000732422
-227
-0.02771
-123
-0.0150146
173
0.0211182
-100
-0.012207
-59
-0.00720215
27
0.0032959
258
0.0314941
33
0.00402832
-106
-0.0129395
-64
-0.0078125
12
0.00146484
-73
-0.00891113
83
0.0101318
54
0.0065918
-162
-0.0197754
35
0.00427246
-82
-0.0100098
-4
-0.000488281
-190
-0.0231934
136
0.0166016
106
0.0129395
-61
-0.00744629
-111
-0.0135498
-41
-0.00500488
88
0.0107422
26
0.00317383
37
0.0045166
71
0.00866699
76
0.00927734
112
0.0136719
-258
-0.0314941
-22
-0.00268555
-65
-0.00793457
-20
-0.00244141
50
0.00610352
-115
-0.0140381
-99
-0.012085
-178
-0.0217285
-231
-0.0281982
-114
-0.013916
199
0.024292
-139
-0.0169678
-93
-0.0113525
112
0.0136719
8
0.000976562
-120
-0.0146484
81
0.0098877
57
0.00695801
102
0.0124512
-171
-0.020874
123
0.0150146
-78
-0.00952148
-150
-0.0183105
30
0.00366211
23
0.00280762
152
0.0185547
97
0.0118408
61
0.00744629
-218
-0.0266113
-20
-0.00244141
352
0.0429688
-24
-0.00292969
331
0.0404053
-31
-0.00378418
154
0.0187988
5
0.000610352
-158
-0.0192871
34
0.00415039
-135
-0.0164795
15
0.00183105
58
0.00708008
155
0.0189209
-171
-0.020874
171
0.020874
-107
-0.0130615
40
0.00488281
23
0.00280762
-150
-0.0183105
203
0.0247803
146
0.0178223
-52
-0.00634766
-78
-0.00952148
282
0.0344238
-35
-0.00427246
39
0.00476074
-11
-0.00134277
113
0.0137939
-99
-0.012085
6
0.000732422
9
0.00109863
-130
-0.0158691
-15
-0.00183105
-49
-0.00598145
-153
-0.0186768
12
0.00146484
119
0.0145264
-118
-0.0144043
97
0.0118408
-203
-0.0247803
-83
-0.0101318
-144
-0.0175781
-117
-0.0142822
116
0.0141602
0
0
-29
-0.00354004
38
0.00463867
194
0.0236816
-24
-0.00292969
-85
-0.010376
32
0.00390625
-117
-0.0142822
-23
-0.00280762
185
0.022583
132
0.0161133
0
0
87
0.0106201
72
0.00878906
-62
-0.00756836
-175
-0.0213623
-5
-0.000610352
193
0.0235596
-82
-0.0100098
21
0.00256348
-158
-0.0192871
-199
-0.024292
-89
-0.0108643
227
0.02771
-138
-0.0168457
161
0.0196533
73
0.00891113
-374
-0.0456543
-153
-0.0186768
280
0.0341797
-20
-0.00244141
139
0.0169678
-58
-0.00708008
-85
-0.010376
18
0.00219727
-22
-0.00268555
116
0.0141602
16
0.00195312
37
0.0045166
-159
-0.0194092
-61
-0.00744629
59
0.00720215
-116
-0.0141602
70
0.00854492
-47
-0.0057373
41
0.00500488
-23
-0.00280762
-60
-0.00732422
21
0.00256348
-496
-0.0605469
8
0.000976562
26
0.00317383
28
0.00341797
-160
-0.0195312
-50
-0.00610352
24
0.00292969
-45
-0.00549316
-68
-0.00830078
-66
-0.00805664
-21
-0.00256348
53
0.00646973
-132
-0.0161133
-60
-0.00732422
75
0.00915527
-142
-0.017334
-43
-0.00524902
156
0.019043
-172
-0.0209961
-10
-0.0012207
140
0.0170898
20
0.00244141
-94
-0.0114746
132
0.0161133
-65
-0.00793457
96
0.0117188
-19
-0.00231934
37
0.0045166
94
0.0114746
6
0.000732422
-28
-0.00341797
96
0.0117188
192
0.0234375
70
0.00854492
292
0.0356445
-165
-0.0201416
-135
-0.0164795
65
0.00793457
-24
-0.00292969
-127
-0.0155029
49
0.00598145
116
0.0141602
106
0.0129395
-166
-0.0202637
-323
-0.0394287
50
0.00610352
-35
-0.00427246
-30
-0.00366211
67
0.00817871
-15
-0.00183105
-136
-0.0166016
9
0.00109863
-241
-0.0294189
50
0.00610352
22
0.00268555
77
0.00939941
-127
-0.0155029
-104
-0.0126953
158
0.0192871
86
0.010498
-21
-0.00256348
50
0.00610352
-40
-0.00488281
-81
-0.0098877
-78
-0.00952148
137
0.0167236
-219
-0.0267334
68
0.00830078
444
0.0541992
67
0.00817871
43
0.00524902
-60
-0.00732422
93
0.0113525
9
0.00109863
-94
-0.0114746
-23
-0.00280762
-127
-0.0155029
-51
-0.00622559
-123
-0.0150146
103
0.0125732
-103
-0.0125732
15
0.00183105
-86
-0.010498
-81
-0.0098877
46
0.00561523
-31
-0.00378418
57
0.00695801
-98
-0.0119629
1
0.00012207
-40
-0.00488281
-64
-0.0078125
-119
-0.0145264
-58
-0.00708008
-101
-0.0123291
87
0.0106201
48
0.00585938
-124
-0.0151367
-78
-0.00952148
27
0.0032959
-54
-0.0065918
-164
-0.0200195
-103
-0.0125732
9
0.00109863
-75
-0.00915527
283
0.0345459
-26
-0.00317383
81
0.0098877
22
0.00268555
26
0.00317383
-65
-0.00793457
140
0.0170898
153
0.0186768
117
0.0142822
-42
-0.00512695
88
0.0107422
16
0.00195312
-9
-0.00109863
-33
-0.00402832
31
0.00378418
-57
-0.00695801
-96
-0.0117188
191
0.0233154
241
0.0294189
179
0.0218506
-30
-0.00366211
18
0.00219727
241
0.0294189
-91
-0.0111084
11
0.00134277
-102
-0.0124512
-59
-0.00720215
14
0.00170898
-170
-0.020752
-72
-0.00878906
-178
-0.0217285
-124
-0.0151367
47
0.0057373
45
0.00549316
264
0.0322266
124
0.0151367
-18
-0.00219727
67
0.00817871
-44
-0.00537109
9
0.00109863
-154
-0.0187988
-41
-0.00500488
39
0.00476074
-122
-0.0148926
-122
-0.0148926
-113
-0.0137939
280
0.0341797
-134
-0.0163574
176
0.0214844
-38
-0.00463867
147
0.0179443
89
0.0108643
122
0.0148926
-37
-0.0045166
72
0.00878906
-116
-0.0141602
214
0.026123
-63
-0.00769043
5
0.000610352
-19
-0.00231934
39
0.00476074
37
0.0045166
0
0
33
0.00402832
-105
-0.0128174
-81
-0.0098877
-326
-0.0397949
42
0.00512695
7
0.000854492
-29
-0.00354004
155
0.0189209
129
0.0157471
-77
-0.00939941
63
0.00769043
237
0.0289307
46
0.00561523
181
0.0220947
-140
-0.0170898
3
0.000366211
32
0.00390625
-205
-0.0250244
45
0.00549316
65
0.00793457
5
0.000610352
106
0.0129395
46
0.00561523
72
0.00878906
17
0.0020752
-162
-0.0197754
-67
-0.00817871
-65
-0.00793457
-141
-0.0172119
-56
-0.00683594
-86
-0.010498
55
0.00671387
-41
-0.00500488
-29
-0.00354004
12
0.00146484
-157
-0.019165
14
0.00170898
-218
-0.0266113
187
0.0228271
-41
-0.00500488
39
0.00476074
-16
-0.00195312
61
0.00744629
-44
-0.00537109
1
0.00012207
120
0.0146484
0
0
-92
-0.0112305
-42
-0.00512695
-21
-0.00256348
11
0.00134277
-205
-0.0250244
-76
-0.00927734
-120
-0.0146484
-209
-0.0255127
-114
-0.013916
78
0.00952148
25
0.00305176
-21
-0.00256348
-135
-0.0164795
-152
-0.0185547
115
0.0140381
-11
-0.00134277
199
0.024292
-106
-0.0129395
103
0.0125732
11
0.00134277
-79
-0.00964355
173
0.0211182
38
0.00463867
-58
-0.00708008
-6
-0.000732422
46
0.00561523
-122
-0.0148926
131
0.0159912
-13
-0.00158691
158
0.0192871
-176
-0.0214844
-61
-0.00744629
21
0.00256348
-13
-0.00158691
-43
-0.00524902
-59
-0.00720215
-1
-0.00012207
-114
-0.013916
-17
-0.0020752
-1
-0.00012207
51
0.00622559
20
0.00244141
76
0.00927734
40
0.00488281
91
0.0111084
-10
-0.0012207
143
0.0174561
119
0.0145264
303
0.0369873
188
0.0229492
123
0.0150146
32
0.00390625
-82
-0.0100098
-19
-0.00231934
-10
-0.0012207
-222
-0.0270996
-76
-0.00927734
56
0.00683594
151
0.0184326
184
0.0224609
-40
-0.00488281
-102
-0.0124512
-379
-0.0462646
-50
-0.00610352
-133
-0.0162354
-9
-0.00109863
-50
-0.00610352
88
0.0107422
70
0.00854492
-47
-0.0057373
-179
-0.0218506
90
0.0109863
-237
-0.0289307
-94
-0.0114746
132
0.0161133
-9
-0.00109863
28
0.00341797
13
0.00158691
9
0.00109863
-11
-0.00134277
105
0.0128174
-116
-0.0141602
-86
-0.010498
-61
-0.00744629
99
0.012085
-85
-0.010376
-6
-0.000732422
-78
-0.00952148
-52
-0.00634766
101
0.0123291
-49
-0.00598145
-147
-0.0179443
-134
-0.0163574
35
0.00427246
-401
-0.0489502
-91
-0.0111084
32
0.00390625
13
0.00158691
165
0.0201416
43
0.00524902
147
0.0179443
-24
-0.00292969
151
0.0184326
-91
-0.0111084
50
0.00610352
-12
-0.00146484
-54
-0.0065918
32
0.00390625
-82
-0.0100098
12
0.00146484
-70
-0.00854492
140
0.0170898
32
0.00390625
-43
-0.00524902
4
0.000488281
99
0.012085
204
0.0249023
55
0.00671387
2
0.000244141
-56
-0.00683594
-77
-0.00939941
65
0.00793457
-24
-0.00292969
-105
-0.0128174
142
0.017334
114
0.013916
17
0.0020752
-69
-0.00842285
45
0.00549316
1
0.00012207
25
0.00305176
46
0.00561523
-17
-0.0020752
14
0.00170898
-141
-0.0172119
14
0.00170898
-93
-0.0113525
-87
-0.0106201
245
0.0299072
131
0.0159912
-3
-0.000366211
-79
-0.00964355
-39
-0.00476074
111
0.0135498
-69
-0.00842285
20
0.00244141
-43
-0.00524902
85
0.010376
-163
-0.0198975
32
0.00390625
182
0.0222168
158
0.0192871
189
0.0230713
58
0.00708008
136
0.0166016
145
0.0177002
97
0.0118408
-45
-0.00549316
-271
-0.0330811
-5
-0.000610352
189
0.0230713
-100
-0.012207
176
0.0214844
29
0.00354004
61
0.00744629
44
0.00537109
48
0.00585938
108
0.0131836
-29
-0.00354004
11
0.00134277
23
0.00280762
51
0.00622559
272
0.0332031
-44
-0.00537109
253
0.0308838
30
0.00366211
39
0.00476074
-64
-0.0078125
-53
-0.00646973
-162
-0.0197754
-3
-0.000366211
-10
-0.0012207
-24
-0.00292969
-14
-0.00170898
-154
-0.0187988
-45
-0.00549316
-262
-0.0319824
144
0.0175781
-64
-0.0078125
51
0.00622559
-143
-0.0174561
-60
-0.00732422
62
0.00756836
182
0.0222168
151
0.0184326
-123
-0.0150146
-119
-0.0145264
-1
-0.00012207
-140
-0.0170898
159
0.0194092
35
0.00427246
74
0.0090332
273
0.0333252
-53
-0.00646973
-33
-0.00402832
34
0.00415039
135
0.0164795
68
0.00830078
164
0.0200195
66
0.00805664
-72
-0.00878906
-138
-0.0168457
-193
-0.0235596
-76
-0.00927734
320
0.0390625
80
0.00976562
-74
-0.0090332
35
0.00427246
165
0.0201416
29
0.00354004
-94
-0.0114746
212
0.0258789
40
0.00488281
-44
-0.00537109
49
0.00598145
-137
-0.0167236
117
0.0142822
22
0.00268555
-26
-0.00317383
148
0.0180664
121
0.0147705
-136
-0.0166016
128
0.015625
86
0.010498
16
0.00195312
8
0.000976562
131
0.0159912
181
0.0220947
76
0.00927734
-128
-0.015625
-212
-0.0258789
156
0.019043
82
0.0100098
219
0.0267334
25
0.00305176
57
0.00695801
-58
-0.00708008
22
0.00268555
2
0.000244141
-26
-0.00317383
164
0.0200195
-25
-0.00305176
79
0.00964355
-6
-0.000732422
-88
-0.0107422
38
0.00463867
-131
-0.0159912
73
0.00891113
-43
-0.00524902
128
0.015625
-146
-0.0178223
175
0.0213623
-76
-0.00927734
-98
-0.0119629
32
0.00390625
96
0.0117188
100
0.012207
-151
-0.0184326
-142
-0.017334
-126
-0.0153809
-100
-0.012207
-122
-0.0148926
17
0.0020752
-20
-0.00244141
-89
-0.0108643
-41
-0.00500488
325
0.0396729
-88
-0.0107422
-78
-0.00952148
-50
-0.00610352
-72
-0.00878906
-28
-0.00341797
-140
-0.0170898
82
0.0100098
-57
-0.00695801
38
0.00463867
83
0.0101318
111
0.0135498
-209
-0.0255127
-12
-0.00146484
294
0.0358887
-54
-0.0065918
-111
-0.0135498
10
0.0012207
352
0.0429688
83
0.0101318
21
0.00256348
-71
-0.00866699
130
0.0158691
99
0.012085
49
0.00598145
-123
-0.0150146
52
0.00634766
-111
-0.0135498
186
0.0227051
107
0.0130615
30
0.00366211
-74
-0.0090332
-31
-0.00378418
234
0.0285645
-104
-0.0126953
33
0.00402832
-113
-0.0137939
-7
-0.000854492
54
0.0065918
53
0.00646973
61
0.00744629
12
0.00146484
-161
-0.0196533
-197
-0.0240479
6
0.000732422
122
0.0148926
30
0.00366211
-166
-0.0202637
124
0.0151367
90
0.0109863
-15
-0.00183105
-52
-0.00634766
-103
-0.0125732
33
0.00402832
161
0.0196533
98
0.0119629
-21
-0.00256348
-194
-0.0236816
-245
-0.0299072
76
0.00927734
59
0.00720215
157
0.019165
11
0.00134277
-140
-0.0170898
-158
-0.0192871
-70
-0.00854492
83
0.0101318
-34
-0.00415039
59
0.00720215
88
0.0107422
6
0.000732422
-98
-0.0119629
33
0.00402832
183
0.0223389
-43
-0.00524902
17
0.0020752
138
0.0168457
83
0.0101318
-42
-0.00512695
-170
-0.020752
87
0.0106201
-159
-0.0194092
126
0.0153809
-50
-0.00610352
-171
-0.020874
-168
-0.0205078
-53
-0.00646973
-6
-0.000732422
21
0.00256348
7
0.000854492
70
0.00854492
-90
-0.0109863
-46
-0.00561523
133
0.0162354
-28
-0.00341797
87
0.0106201
-218
-0.0266113
-41
-0.00500488
64
0.0078125
-3
-0.000366211
44
0.00537109
62
0.00756836
280
0.0341797
161
0.0196533
8
0.000976562
-33
-0.00402832
109
0.0133057
11
0.00134277
-44
-0.00537109
29
0.00354004
-192
-0.0234375
-7
-0.000854492
-39
-0.00476074
27
0.0032959
59
0.00720215
-95
-0.0115967
120
0.0146484
-134
-0.0163574
-39
-0.00476074
55
0.00671387
-21
-0.00256348
-14
-0.00170898
159
0.0194092
15
0.00183105
-18
-0.00219727
-7
-0.000854492
-80
-0.00976562
-147
-0.0179443
36
0.00439453
-34
-0.00415039
-121
-0.0147705
31
0.00378418
107
0.0130615
-104
-0.0126953
-47
-0.0057373
-115
-0.0140381
66
0.00805664
14
0.00170898
273
0.0333252
74
0.0090332
2
0.000244141
22
0.00268555
-234
-0.0285645
26
0.00317383
65
0.00793457
-48
-0.00585938
-213
-0.026001
9
0.00109863
82
0.0100098
86
0.010498
-60
-0.00732422
20
0.00244141
-128
-0.015625
-50
-0.00610352
-32
-0.00390625
17
0.0020752
-66
-0.00805664
115
0.0140381
157
0.019165
-77
-0.00939941
-214
-0.026123
-144
-0.0175781
172
0.0209961
-6
-0.000732422
-102
-0.0124512
35
0.00427246
183
0.0223389
90
0.0109863
-23
-0.00280762
-3
-0.000366211
-47
-0.0057373
-33
-0.00402832
164
0.0200195
42
0.00512695
-176
-0.0214844
77
0.00939941
-52
-0.00634766
72
0.00878906
104
0.0126953
-4
-0.000488281
-110
-0.0134277
-26
-0.00317383
-401
-0.0489502
-68
-0.00830078
9
0.00109863
53
0.00646973
52
0.00634766
-127
-0.0155029
-108
-0.0131836
-12
-0.00146484
19
0.00231934
-165
-0.0201416
-130
-0.0158691
66
0.00805664
-1
-0.00012207
8
0.000976562
115
0.0140381
133
0.0162354
-271
-0.0330811
-20
-0.00244141
41
0.00500488
6
0.000732422
-239
-0.0291748
48
0.00585938
-111
-0.0135498
-138
-0.0168457
-160
-0.0195312
2
0.000244141
-128
-0.015625
-52
-0.00634766
124
0.0151367
-14
-0.00170898
-175
-0.0213623
19
0.00231934
178
0.0217285
216
0.0263672
-91
-0.0111084
93
0.0113525
-118
-0.0144043
-110
-0.0134277
-119
-0.0145264
24
0.00292969
-30
-0.00366211
-77
-0.00939941
-104
-0.0126953
43
0.00524902
101
0.0123291
-28
-0.00341797
-5
-0.000610352
-15
-0.00183105
-92
-0.0112305
54
0.0065918
86
0.010498
27
0.0032959
119
0.0145264
94
0.0114746
248
0.0302734
-3
-0.000366211
117
0.0142822
-49
-0.00598145
-110
-0.0134277
86
0.010498
34
0.00415039
-34
-0.00415039
28
0.00341797
-45
-0.00549316
-183
-0.0223389
99
0.012085
-385
-0.0469971
-31
-0.00378418
28
0.00341797
103
0.0125732
266
0.0324707
32
0.00390625
-84
-0.0102539
-95
-0.0115967
271
0.0330811
-28
-0.00341797
-152
-0.0185547
-26
-0.00317383
286
0.0349121
-93
-0.0113525
250
0.0305176
-64
-0.0078125
-137
-0.0167236
-72
-0.00878906
-118
-0.0144043
-40
-0.00488281
7
0.000854492
-37
-0.0045166
73
0.00891113
30
0.00366211
256
0.03125
-134
-0.0163574
-34
-0.00415039
80
0.00976562
65
0.00793457
-212
-0.0258789
-98
-0.0119629
-144
-0.0175781
47
0.0057373
-107
-0.0130615
-42
-0.00512695
-142
-0.017334
-189
-0.0230713
155
0.0189209
-58
-0.00708008
126
0.0153809
132
0.0161133
-28
-0.00341797
30
0.00366211
-57
-0.00695801
-197
-0.0240479
-36
-0.00439453
22
0.00268555
92
0.0112305
70
0.00854492
43
0.00524902
-186
-0.0227051
-56
-0.00683594
29
0.00354004
4
0.000488281
-214
-0.026123
2
0.000244141
14
0.00170898
10
0.0012207
21
0.00256348
-36
-0.00439453
265
0.0323486
4
0.000488281
55
0.00671387
26
0.00317383
103
0.0125732
-40
-0.00488281
-115
-0.0140381
78
0.00952148
43
0.00524902
19
0.00231934
40
0.00488281
-57
-0.00695801
38
0.00463867
126
0.0153809
64
0.0078125
31
0.00378418
-24
-0.00292969
33
0.00402832
-130
-0.0158691
107
0.0130615
20
0.00244141
-9
-0.00109863
-49
-0.00598145
-27
-0.0032959
67
0.00817871
-150
-0.0183105
113
0.0137939
30
0.00366211
-32
-0.00390625
15
0.00183105
77
0.00939941
88
0.0107422
-80
-0.00976562
21
0.00256348
-71
-0.00866699
119
0.0145264
0
0
128
0.015625
-29
-0.00354004
70
0.00854492
-173
-0.0211182
-54
-0.0065918
101
0.0123291
-98
-0.0119629
184
0.0224609
-14
-0.00170898
-133
-0.0162354
30
0.00366211
-101
-0.0123291
186
0.0227051
-91
-0.0111084
118
0.0144043
-29
-0.00354004
113
0.0137939
-133
-0.0162354
6
0.000732422
20
0.00244141
43
0.00524902
-146
-0.0178223
-105
-0.0128174
-95
-0.0115967
10
0.0012207
-163
-0.0198975
70
0.00854492
220
0.0268555
36
0.00439453
43
0.00524902
-96
-0.0117188
-153
-0.0186768
6
0.000732422
108
0.0131836
8
0.000976562
-251
-0.0306396
-44
-0.00537109
98
0.0119629
-211
-0.0257568
-56
-0.00683594
-49
-0.00598145
261
0.0318604
29
0.00354004
-2
-0.000244141
96
0.0117188
23
0.00280762
12
0.00146484
35
0.00427246
-22
-0.00268555
-37
-0.0045166
-102
-0.0124512
-107
-0.0130615
-15
-0.00183105
-134
-0.0163574
-21
-0.00256348
90
0.0109863
-110
-0.0134277
179
0.0218506
100
0.012207
-192
-0.0234375
-88
-0.0107422
-225
-0.0274658
-35
-0.00427246
-16
-0.00195312
53
0.00646973
86
0.010498
51
0.00622559
-289
-0.0352783
17
0.0020752
-137
-0.0167236
104
0.0126953
-95
-0.0115967
73
0.00891113
-77
-0.00939941
-85
-0.010376
-60
-0.00732422
-83
-0.0101318
-54
-0.0065918
-143
-0.0174561
124
0.0151367
-81
-0.0098877
170
0.020752
24
0.00292969
233
0.0284424
-23
-0.00280762
150
0.0183105
-101
-0.0123291
-186
-0.0227051
-4
-0.000488281
-226
-0.0275879
-127
-0.0155029
-114
-0.013916
60
0.00732422
43
0.00524902
-73
-0.00891113
-42
-0.00512695
70
0.00854492
-135
-0.0164795
-65
-0.00793457
17
0.0020752
-116
-0.0141602
-160
-0.0195312
-4
-0.000488281
-37
-0.0045166
62
0.00756836
-97
-0.0118408
48
0.00585938
3
0.000366211
-208
-0.0253906
-63
-0.00769043
-71
-0.00866699
-36
-0.00439453
-72
-0.00878906
-162
-0.0197754
42
0.00512695
-195
-0.0238037
19
0.00231934
-73
-0.00891113
-95
-0.0115967
63
0.00769043
0
0
-151
-0.0184326
-195
-0.0238037
215
0.0262451
-100
-0.012207
-55
-0.00671387
194
0.0236816
-123
-0.0150146
29
0.00354004
-309
-0.0377197
-1
-0.00012207
-145
-0.0177002
181
0.0220947
70
0.00854492
-80
-0.00976562
99
0.012085
-101
-0.0123291
190
0.0231934
42
0.00512695
-66
-0.00805664
75
0.00915527
98
0.0119629
43
0.00524902
-33
-0.00402832
-24
-0.00292969
-139
-0.0169678
83
0.0101318
1
0.00012207
-68
-0.00830078
-153
-0.0186768
-112
-0.0136719
-73
-0.00891113
-3
-0.000366211
-33
-0.00402832
-101
-0.0123291
-89
-0.0108643
148
0.0180664
1
0.00012207
144
0.0175781
-197
-0.0240479
-15
-0.00183105
7
0.000854492
13
0.00158691
-121
-0.0147705
30
0.00366211
-78
-0.00952148
-96
-0.0117188
-17
-0.0020752
92
0.0112305
30
0.00366211
18
0.00219727
113
0.0137939
108
0.0131836
194
0.0236816
27
0.0032959
-105
-0.0128174
36
0.00439453
-147
-0.0179443
-46
-0.00561523
110
0.0134277
9
0.00109863
36
0.00439453
19
0.00231934
-13
-0.00158691
-126
-0.0153809
-163
-0.0198975
-127
-0.0155029
-47
-0.0057373
-88
-0.0107422
28
0.00341797
-93
-0.0113525
-76
-0.00927734
13
0.00158691
120
0.0146484
-9
-0.00109863
104
0.0126953
94
0.0114746
41
0.00500488
-90
-0.0109863
-19
-0.00231934
4
0.000488281
55
0.00671387
119
0.0145264
76
0.00927734
64
0.0078125
-98
-0.0119629
25
0.00305176
-131
-0.0159912
88
0.0107422
-79
-0.00964355
60
0.00732422
61
0.00744629
-14
-0.00170898
-52
-0.00634766
-76
-0.00927734
153
0.0186768
28
0.00341797
-20
-0.00244141
-116
-0.0141602
