-2
-0.000488281
47
0.0114746
-81
-0.0197754
-11
-0.00268555
-148
-0.0361328
-3
-0.000732422
20
0.00488281
7
0.00170898
-95
-0.0231934
-61
-0.0148926
28
0.00683594
-41
-0.0100098
167
0.0407715
10
0.00244141
-23
-0.00561523
-28
-0.00683594
28
0.00683594
15
0.00366211
-26
-0.00634766
66
0.0161133
69
0.0168457
11
0.00268555
-36
-0.00878906
18
0.00439453
109
0.0266113
76
0.0185547
-5
-0.0012207
-36
-0.00878906
44
0.0107422
15
0.00366211
-42
-0.0102539
33
0.00805664
74
0.0180664
36
0.00878906
124
0.0302734
4
0.000976562
-34
-0.00830078
14
0.00341797
107
0.026123
5
0.0012207
15
0.00366211
-25
-0.00610352
71
0.017334
43
0.010498
-162
-0.0395508
66
0.0161133
-46
-0.0112305
-26
-0.00634766
144
0.0351562
-74
-0.0180664
-127
-0.0310059
-23
-0.00561523
1
0.000244141
-71
-0.017334
73
0.0178223
-26
-0.00634766
71
0.017334
43
0.010498
-110
-0.0268555
-5
-0.0012207
95
0.0231934
77
0.0187988
90
0.0219727
-26
-0.00634766
52
0.0126953
90
0.0219727
-25
-0.00610352
52
0.0126953
-78
-0.019043
-70
-0.0170898
3
0.000732422
33
0.00805664
48
0.0117188
-83
-0.0202637
-1
-0.000244141
-13
-0.00317383
-32
-0.0078125
27
0.0065918
-34
-0.00830078
-3
-0.000732422
-21
-0.00512695
43
0.010498
-33
-0.00805664
38
0.00927734
-91
-0.0222168
0
0
41
0.0100098
4
0.000976562
-46
-0.0112305
-79
-0.0192871
96
0.0234375
82
0.0200195
53
0.0129395
76
0.0185547
-38
-0.00927734
36
0.00878906
158
0.0385742
-18
-0.00439453
-127
-0.0310059
47
0.0114746
-5
-0.0012207
48
0.0117188
16
0.00390625
-3
-0.000732422
-94
-0.0229492
39
0.00952148
66
0.0161133
33
0.00805664
-50
-0.012207
55
0.0134277
171
0.041748
66
0.0161133
1
0.000244141
-39
-0.00952148
-6
-0.00146484
-95
-0.0231934
190
0.0463867
92
0.0224609
84
0.0205078
-77
-0.0187988
53
0.0129395
42
0.0102539
-174
-0.0424805
-30
-0.00732422
-8
-0.00195312
51
0.0124512
-74
-0.0180664
-22
-0.00537109
107
0.026123
-11
-0.00268555
23
0.00561523
-101
-0.0246582
10
0.00244141
-108
-0.0263672
44
0.0107422
-7
-0.00170898
48
0.0117188
-8
-0.00195312
-31
-0.00756836
2
0.000488281
-89
-0.0217285
-59
-0.0144043
49
0.0119629
-16
-0.00390625
-37
-0.0090332
69
0.0168457
-34
-0.00830078
105
0.0256348
162
0.0395508
55
0.0134277
118
0.0288086
80
0.0195312
9
0.00219727
-8
-0.00195312
35
0.00854492
-19
-0.00463867
67
0.0163574
-4
-0.000976562
41
0.0100098
-5
-0.0012207
89
0.0217285
-5
-0.0012207
-66
-0.0161133
-53
-0.0129395
11
0.00268555
-135
-0.032959
18
0.00439453
5
0.0012207
2
0.000488281
3
0.000732422
-1
-0.000244141
104
0.0253906
-25
-0.00610352
-116
-0.0283203
-109
-0.0266113
-53
-0.0129395
72
0.0175781
11
0.00268555
34
0.00830078
-17
-0.00415039
75
0.0183105
-40
-0.00976562
83
0.0202637
30
0.00732422
23
0.00561523
-20
-0.00488281
-139
-0.0339355
25
0.00610352
28
0.00683594
-11
-0.00268555
-114
-0.027832
11
0.00268555
74
0.0180664
-41
-0.0100098
-75
-0.0183105
33
0.00805664
-110
-0.0268555
14
0.00341797
-79
-0.0192871
50
0.012207
-46
-0.0112305
-15
-0.00366211
-60
-0.0146484
23
0.00561523
13
0.00317383
-21
-0.00512695
23
0.00561523
-21
-0.00512695
78
0.019043
-80
-0.0195312
94
0.0229492
26
0.00634766
15
0.00366211
36
0.00878906
-51
-0.0124512
53
0.0129395
-1
-0.000244141
-79
-0.0192871
-113
-0.0275879
-65
-0.0158691
-45
-0.0109863
-66
-0.0161133
-36
-0.00878906
-24
-0.00585938
52
0.0126953
-30
-0.00732422
70
0.0170898
68
0.0166016
-30
-0.00732422
25
0.00610352
139
0.0339355
-30
-0.00732422
-70
-0.0170898
41
0.0100098
-17
-0.00415039
-1
-0.000244141
-27
-0.0065918
20
0.00488281
-56
-0.0136719
-22
-0.00537109
-49
-0.0119629
-3
-0.000732422
-16
-0.00390625
-33
-0.00805664
-85
-0.020752
1
0.000244141
57
0.013916
39
0.00952148
39
0.00952148
-13
-0.00317383
106
0.0258789
-72
-0.0175781
-20
-0.00488281
-54
-0.0131836
-11
-0.00268555
-40
-0.00976562
77
0.0187988
34
0.00830078
4
0.000976562
47
0.0114746
-1
-0.000244141
42
0.0102539
-41
-0.0100098
24
0.00585938
-4
-0.000976562
26
0.00634766
82
0.0200195
13
0.00317383
-40
-0.00976562
85
0.020752
-20
-0.00488281
-12
-0.00292969
33
0.00805664
3
0.000732422
-46
-0.0112305
56
0.0136719
62
0.0151367
24
0.00585938
-22
-0.00537109
-45
-0.0109863
-113
-0.0275879
74
0.0180664
23
0.00561523
23
0.00561523
37
0.0090332
-32
-0.0078125
-22
-0.00537109
-10
-0.00244141
6
0.00146484
-21
-0.00512695
-5
-0.0012207
-50
-0.012207
5
0.0012207
-23
-0.00561523
-59
-0.0144043
-63
-0.0153809
37
0.0090332
8
0.00195312
41
0.0100098
-19
-0.00463867
-100
-0.0244141
-94
-0.0229492
-29
-0.00708008
-32
-0.0078125
-39
-0.00952148
14
0.00341797
93
0.0227051
71
0.017334
-22
-0.00537109
-44
-0.0107422
-73
-0.0178223
26
0.00634766
-11
-0.00268555
31
0.00756836
-122
-0.0297852
-7
-0.00170898
56
0.0136719
72
0.0175781
24
0.00585938
-103
-0.0251465
34
0.00830078
0
0
59
0.0144043
20
0.00488281
-101
-0.0246582
12
0.00292969
78
0.019043
129
0.0314941
29
0.00708008
115
0.0280762
-109
-0.0266113
-45
-0.0109863
56
0.0136719
19
0.00463867
28
0.00683594
-90
-0.0219727
59
0.0144043
72
0.0175781
25
0.00610352
-13
-0.00317383
-33
-0.00805664
-3
-0.000732422
54
0.0131836
50
0.012207
57
0.013916
-44
-0.0107422
-197
-0.0480957
-84
-0.0205078
-5
-0.0012207
-2
-0.000488281
17
0.00415039
-17
-0.00415039
-68
-0.0166016
13
0.00317383
17
0.00415039
-23
-0.00561523
-10
-0.00244141
-28
-0.00683594
81
0.0197754
-50
-0.012207
-69
-0.0168457
5
0.0012207
121
0.029541
-11
-0.00268555
-22
-0.00537109
-92
-0.0224609
44
0.0107422
-10
-0.00244141
122
0.0297852
38
0.00927734
-73
-0.0178223
-37
-0.0090332
14
0.00341797
35
0.00854492
22
0.00537109
-89
-0.0217285
34
0.00830078
-5
-0.0012207
22
0.00537109
-3
-0.000732422
-68
-0.0166016
-37
-0.0090332
-2
-0.000488281
130
0.0317383
-75
-0.0183105
-59
-0.0144043
96
0.0234375
16
0.00390625
0
0
1
0.000244141
32
0.0078125
-15
-0.00366211
31
0.00756836
-5
-0.0012207
64
0.015625
-149
-0.036377
0
0
-39
-0.00952148
-46
-0.0112305
82
0.0200195
97
0.0236816
1
0.000244141
-63
-0.0153809
76
0.0185547
11
0.00268555
-39
-0.00952148
-48
-0.0117188
-61
-0.0148926
-143
-0.0349121
29
0.00708008
-117
-0.0285645
-69
-0.0168457
-55
-0.0134277
46
0.0112305
-64
-0.015625
100
0.0244141
30
0.00732422
-27
-0.0065918
16
0.00390625
-77
-0.0187988
56
0.0136719
-21
-0.00512695
-83
-0.0202637
3
0.000732422
11
0.00268555
-70
-0.0170898
-5
-0.0012207
-106
-0.0258789
13
0.00317383
66
0.0161133
8
0.00195312
49
0.0119629
-71
-0.017334
-90
-0.0219727
-72
-0.0175781
-38
-0.00927734
-34
-0.00830078
-14
-0.00341797
3
0.000732422
-221
-0.0539551
37
0.0090332
-11
-0.00268555
50
0.012207
48
0.0117188
26
0.00634766
68
0.0166016
-68
-0.0166016
-69
-0.0168457
-3
-0.000732422
14
0.00341797
-82
-0.0200195
-148
-0.0361328
-94
-0.0229492
-2
-0.000488281
117
0.0285645
-46
-0.0112305
36
0.00878906
-95
-0.0231934
-57
-0.013916
-32
-0.0078125
-61
-0.0148926
49
0.0119629
-3
-0.000732422
20
0.00488281
-32
-0.0078125
-6
-0.00146484
-20
-0.00488281
-19
-0.00463867
-46
-0.0112305
114
0.027832
47
0.0114746
-93
-0.0227051
-35
-0.00854492
-11
-0.00268555
75
0.0183105
21
0.00512695
182
0.0444336
-24
-0.00585938
-128
-0.03125
-11
-0.00268555
23
0.00561523
17
0.00415039
49
0.0119629
-49
-0.0119629
97
0.0236816
-12
-0.00292969
118
0.0288086
21
0.00512695
142
0.034668
8
0.00195312
-90
-0.0219727
28
0.00683594
39
0.00952148
35
0.00854492
86
0.0209961
5
0.0012207
-43
-0.010498
-69
-0.0168457
-31
-0.00756836
-94
-0.0229492
-1
-0.000244141
-36
-0.00878906
-55
-0.0134277
31
0.00756836
-63
-0.0153809
-38
-0.00927734
-10
-0.00244141
119
0.0290527
-68
-0.0166016
7
0.00170898
-64
-0.015625
-30
-0.00732422
57
0.013916
-84
-0.0205078
113
0.0275879
106
0.0258789
-32
-0.0078125
-4
-0.000976562
69
0.0168457
49
0.0119629
-97
-0.0236816
-6
-0.00146484
206
0.050293
11
0.00268555
202
0.0493164
-13
-0.00317383
-67
-0.0163574
105
0.0256348
-28
-0.00683594
-69
-0.0168457
2
0.000488281
-100
-0.0244141
-16
-0.00390625
-45
-0.0109863
91
0.0222168
35
0.00854492
219
0.0534668
-23
-0.00561523
-15
-0.00366211
114
0.027832
-4
-0.000976562
71
0.017334
-93
-0.0227051
108
0.0263672
51
0.0124512
-13
-0.00317383
-48
-0.0117188
12
0.00292969
-45
-0.0109863
-41
-0.0100098
-41
-0.0100098
-104
-0.0253906
41
0.0100098
85
0.020752
-52
-0.0126953
16
0.00390625
-77
-0.0187988
44
0.0107422
-83
-0.0202637
25
0.00610352
-29
-0.00708008
45
0.0109863
41
0.0100098
-36
-0.00878906
-9
-0.00219727
-14
-0.00341797
23
0.00561523
-12
-0.00292969
-9
-0.00219727
-34
-0.00830078
-38
-0.00927734
7
0.00170898
33
0.00805664
-68
-0.0166016
7
0.00170898
71
0.017334
-39
-0.00952148
-50
-0.012207
-3
-0.000732422
-34
-0.00830078
-59
-0.0144043
71
0.017334
-60
-0.0146484
83
0.0202637
126
0.0307617
72
0.0175781
-53
-0.0129395
6
0.00146484
59
0.0144043
83
0.0202637
-44
-0.0107422
-9
-0.00219727
-63
-0.0153809
1
0.000244141
151
0.0368652
37
0.0090332
43
0.010498
15
0.00366211
-27
-0.0065918
107
0.026123
201
0.0490723
-91
-0.0222168
-182
-0.0444336
-13
-0.00317383
91
0.0222168
2
0.000488281
-131
-0.0319824
37
0.0090332
67
0.0163574
19
0.00463867
-49
-0.0119629
-33
-0.00805664
59
0.0144043
-24
-0.00585938
64
0.015625
-47
-0.0114746
42
0.0102539
83
0.0202637
-35
-0.00854492
-23
-0.00561523
-58
-0.0141602
142
0.034668
-51
-0.0124512
8
0.00195312
-38
-0.00927734
-71
-0.017334
-10
-0.00244141
-56
-0.0136719
35
0.00854492
-45
-0.0109863
-20
-0.00488281
74
0.0180664
-88
-0.0214844
8
0.00195312
50
0.012207
10
0.00244141
-57
-0.013916
6
0.00146484
109
0.0266113
-72
-0.0175781
-75
-0.0183105
-28
-0.00683594
-11
-0.00268555
-107
-0.026123
22
0.00537109
5
0.0012207
-87
-0.0212402
-34
-0.00830078
-69
-0.0168457
-24
-0.00585938
2
0.000488281
99
0.0241699
-46
-0.0112305
44
0.0107422
-37
-0.0090332
-77
-0.0187988
55
0.0134277
-11
-0.00268555
37
0.0090332
-125
-0.0305176
114
0.027832
-82
-0.0200195
-148
-0.0361328
109
0.0266113
17
0.00415039
14
0.00341797
-85
-0.020752
-49
-0.0119629
-77
-0.0187988
-101
-0.0246582
-43
-0.010498
10
0.00244141
56
0.0136719
-28
-0.00683594
32
0.0078125
-61
-0.0148926
69
0.0168457
-28
-0.00683594
-35
-0.00854492
69
0.0168457
-184
-0.0449219
-43
-0.010498
34
0.00830078
11
0.00268555
-146
-0.0356445
-29
-0.00708008
0
0
-8
-0.00195312
-48
-0.0117188
-60
-0.0146484
-173
-0.0422363
24
0.00585938
-50
-0.012207
-115
-0.0280762
86
0.0209961
-99
-0.0241699
129
0.0314941
-95
-0.0231934
-31
-0.00756836
-14
-0.00341797
78
0.019043
3
0.000732422
-68
-0.0166016
29
0.00708008
110
0.0268555
-69
-0.0168457
91
0.0222168
-22
-0.00537109
-85
-0.020752
-1
-0.000244141
-5
-0.0012207
10
0.00244141
-14
-0.00341797
58
0.0141602
10
0.00244141
-59
-0.0144043
-34
-0.00830078
-94
-0.0229492
-32
-0.0078125
66
0.0161133
-48
-0.0117188
12
0.00292969
-74
-0.0180664
14
0.00341797
-41
-0.0100098
64
0.015625
36
0.00878906
29
0.00708008
93
0.0227051
48
0.0117188
99
0.0241699
-42
-0.0102539
-32
-0.0078125
7
0.00170898
116
0.0283203
-49
-0.0119629
-75
-0.0183105
130
0.0317383
9
0.00219727
-26
-0.00634766
-190
-0.0463867
-96
-0.0234375
26
0.00634766
33
0.00805664
181
0.0441895
26
0.00634766
-73
-0.0178223
110
0.0268555
49
0.0119629
-35
-0.00854492
-22
-0.00537109
32
0.0078125
-9
-0.00219727
-70
-0.0170898
59
0.0144043
39
0.00952148
46
0.0112305
65
0.0158691
152
0.0371094
-44
-0.0107422
-22
-0.00537109
-110
-0.0268555
48
0.0117188
67
0.0163574
19
0.00463867
-8
-0.00195312
50
0.012207
-37
-0.0090332
99
0.0241699
-16
-0.00390625
32
0.0078125
33
0.00805664
20
0.00488281
-23
-0.00561523
7
0.00170898
21
0.00512695
-35
-0.00854492
42
0.0102539
-126
-0.0307617
-36
-0.00878906
-93
-0.0227051
-17
-0.00415039
23
0.00561523
-92
-0.0224609
-74
-0.0180664
25
0.00610352
43
0.010498
48
0.0117188
-151
-0.0368652
-15
-0.00366211
-53
-0.0129395
1
0.000244141
-38
-0.00927734
49
0.0119629
8
0.00195312
105
0.0256348
39
0.00952148
4
0.000976562
-105
-0.0256348
13
0.00317383
6
0.00146484
16
0.00390625
-71
-0.017334
-77
-0.0187988
99
0.0241699
-40
-0.00976562
5
0.0012207
-7
-0.00170898
-23
-0.00561523
-61
-0.0148926
128
0.03125
10
0.00244141
10
0.00244141
-4
-0.000976562
54
0.0131836
34
0.00830078
59
0.0144043
-18
-0.00439453
56
0.0136719
-65
-0.0158691
38
0.00927734
102
0.0249023
7
0.00170898
26
0.00634766
148
0.0361328
-23
-0.00561523
-62
-0.0151367
126
0.0307617
83
0.0202637
-33
-0.00805664
32
0.0078125
51
0.0124512
59
0.0144043
141
0.0344238
107
0.026123
-57
-0.013916
-110
-0.0268555
11
0.00268555
-141
-0.0344238
-41
-0.0100098
24
0.00585938
-30
-0.00732422
-100
-0.0244141
-20
-0.00488281
24
0.00585938
71
0.017334
-111
-0.0270996
-31
-0.00756836
-15
-0.00366211
3
0.000732422
-19
-0.00463867
0
0
60
0.0146484
-30
-0.00732422
70
0.0170898
41
0.0100098
0
0
65
0.0158691
23
0.00561523
52
0.0126953
15
0.00366211
-26
-0.00634766
20
0.00488281
47
0.0114746
-88
-0.0214844
19
0.00463867
-58
-0.0141602
-48
-0.0117188
-16
-0.00390625
40
0.00976562
84
0.0205078
61
0.0148926
48
0.0117188
25
0.00610352
-40
-0.00976562
27
0.0065918
-66
-0.0161133
34
0.00830078
-45
-0.0109863
50
0.012207
-115
-0.0280762
78
0.019043
-22
-0.00537109
15
0.00366211
60
0.0146484
14
0.00341797
-65
-0.0158691
75
0.0183105
-120
-0.0292969
63
0.0153809
-78
-0.019043
-10
-0.00244141
-102
-0.0249023
-1
-0.000244141
21
0.00512695
22
0.00537109
-77
-0.0187988
78
0.019043
46
0.0112305
1
0.000244141
92
0.0224609
4
0.000976562
187
0.0456543
5
0.0012207
-72
-0.0175781
42
0.0102539
54
0.0131836
162
0.0395508
-41
-0.0100098
1
0.000244141
-34
-0.00830078
41
0.0100098
-71
-0.017334
41
0.0100098
12
0.00292969
-9
-0.00219727
-11
-0.00268555
-18
-0.00439453
-166
-0.0405273
53
0.0129395
-62
-0.0151367
-61
-0.0148926
23
0.00561523
86
0.0209961
84
0.0205078
-55
-0.0134277
9
0.00219727
-44
-0.0107422
-9
-0.00219727
-49
-0.0119629
-18
-0.00439453
-26
-0.00634766
-139
-0.0339355
33
0.00805664
-19
-0.00463867
56
0.0136719
-8
-0.00195312
81
0.0197754
133
0.0324707
19
0.00463867
30
0.00732422
-6
-0.00146484
-31
-0.00756836
89
0.0217285
163
0.0397949
16
0.00390625
58
0.0141602
-37
-0.0090332
-68
-0.0166016
20
0.00488281
-129
-0.0314941
32
0.0078125
90
0.0219727
73
0.0178223
-40
-0.00976562
-8
-0.00195312
19
0.00463867
32
0.0078125
34
0.00830078
-47
-0.0114746
-69
-0.0168457
-38
-0.00927734
24
0.00585938
-28
-0.00683594
21
0.00512695
5
0.0012207
106
0.0258789
30
0.00732422
109
0.0266113
-85
-0.020752
87
0.0212402
22
0.00537109
-153
-0.0373535
-51
-0.0124512
-4
-0.000976562
-31
-0.00756836
85
0.020752
-42
-0.0102539
-156
-0.0380859
-13
-0.00317383
107
0.026123
83
0.0202637
47
0.0114746
-34
-0.00830078
-20
-0.00488281
73
0.0178223
146
0.0356445
83
0.0202637
-18
-0.00439453
-118
-0.0288086
13
0.00317383
53
0.0129395
-21
-0.00512695
-2
-0.000488281
-67
-0.0163574
-2
-0.000488281
-16
-0.00390625
-70
-0.0170898
23
0.00561523
2
0.000488281
-139
-0.0339355
22
0.00537109
-165
-0.0402832
-3
-0.000732422
-51
-0.0124512
-64
-0.015625
-77
-0.0187988
-37
-0.0090332
-13
-0.00317383
7
0.00170898
-36
-0.00878906
-34
-0.00830078
-29
-0.00708008
60
0.0146484
-140
-0.0341797
-31
-0.00756836
57
0.013916
-63
-0.0153809
-18
-0.00439453
-121
-0.029541
-158
-0.0385742
37
0.0090332
143
0.0349121
42
0.0102539
54
0.0131836
-78
-0.019043
-63
-0.0153809
-39
-0.00952148
-72
-0.0175781
99
0.0241699
79
0.0192871
109
0.0266113
60
0.0146484
17
0.00415039
-19
-0.00463867
70
0.0170898
46
0.0112305
4
0.000976562
-6
-0.00146484
56
0.0136719
-92
-0.0224609
-46
-0.0112305
-64
-0.015625
70
0.0170898
-106
-0.0258789
157
0.0383301
10
0.00244141
-6
-0.00146484
-37
-0.0090332
-27
-0.0065918
-44
-0.0107422
69
0.0168457
34
0.00830078
-6
-0.00146484
90
0.0219727
-42
-0.0102539
-64
-0.015625
-31
-0.00756836
-114
-0.027832
-24
-0.00585938
-29
-0.00708008
20
0.00488281
-28
-0.00683594
-44
-0.0107422
-102
-0.0249023
-71
-0.017334
-18
-0.00439453
31
0.00756836
145
0.0354004
-68
-0.0166016
-26
-0.00634766
33
0.00805664
-5
-0.0012207
-6
-0.00146484
-54
-0.0131836
-73
-0.0178223
11
0.00268555
13
0.00317383
44
0.0107422
-10
-0.00244141
-30
-0.00732422
-34
-0.00830078
39
0.00952148
5
0.0012207
-134
-0.0327148
-10
-0.00244141
-53
-0.0129395
89
0.0217285
55
0.0134277
86
0.0209961
57
0.013916
63
0.0153809
43
0.010498
-39
-0.00952148
110
0.0268555
-44
-0.0107422
74
0.0180664
-2
-0.000488281
131
0.0319824
-1
-0.000244141
123
0.0300293
-8
-0.00195312
57
0.013916
-107
-0.026123
-53
-0.0129395
-37
-0.0090332
38
0.00927734
-12
-0.00292969
73
0.0178223
13
0.00317383
-94
-0.0229492
-36
-0.00878906
-161
-0.0393066
0
0
98
0.0239258
57
0.013916
89
0.0217285
71
0.017334
-10
-0.00244141
-42
-0.0102539
69
0.0168457
-43
-0.010498
3
0.000732422
24
0.00585938
-16
-0.00390625
24
0.00585938
75
0.0183105
29
0.00708008
89
0.0217285
-48
-0.0117188
34
0.00830078
-123
-0.0300293
76
0.0185547
48
0.0117188
116
0.0283203
-53
-0.0129395
-68
-0.0166016
8
0.00195312
51
0.0124512
42
0.0102539
25
0.00610352
91
0.0222168
46
0.0112305
14
0.00341797
-38
-0.00927734
54
0.0131836
28
0.00683594
-36
-0.00878906
49
0.0119629
-35
-0.00854492
17
0.00415039
83
0.0202637
43
0.010498
26
0.00634766
48
0.0117188
-29
-0.00708008
58
0.0141602
-11
-0.00268555
-107
-0.026123
16
0.00390625
21
0.00512695
59
0.0144043
-141
-0.0344238
32
0.0078125
101
0.0246582
-2
-0.000488281
136
0.0332031
63
0.0153809
19
0.00463867
-56
-0.0136719
-50
-0.012207
69
0.0168457
162
0.0395508
9
0.00219727
-65
-0.0158691
34
0.00830078
-52
-0.0126953
127
0.0310059
-42
-0.0102539
29
0.00708008
-81
-0.0197754
-40
-0.00976562
56
0.0136719
55
0.0134277
1
0.000244141
43
0.010498
8
0.00195312
58
0.0141602
-101
-0.0246582
2
0.000488281
39
0.00952148
-70
-0.0170898
62
0.0151367
62
0.0151367
30
0.00732422
-14
-0.00341797
25
0.00610352
20
0.00488281
-130
-0.0317383
-112
-0.0273438
184
0.0449219
-1
-0.000244141
35
0.00854492
-115
-0.0280762
24
0.00585938
94
0.0229492
56
0.0136719
7
0.00170898
-49
-0.0119629
-172
-0.0419922
-91
-0.0222168
-185
-0.045166
-35
-0.00854492
-42
-0.0102539
-85
-0.020752
18
0.00439453
115
0.0280762
4
0.000976562
-114
-0.027832
-23
-0.00561523
26
0.00634766
41
0.0100098
1
0.000244141
-35
-0.00854492
-64
-0.015625
-50
-0.012207
29
0.00708008
4
0.000976562
42
0.0102539
-67
-0.0163574
100
0.0244141
7
0.00170898
47
0.0114746
17
0.00415039
-14
-0.00341797
44
0.0107422
107
0.026123
31
0.00756836
53
0.0129395
-3
-0.000732422
122
0.0297852
53
0.0129395
38
0.00927734
-24
-0.00585938
59
0.0144043
13
0.00317383
135
0.032959
4
0.000976562
-23
-0.00561523
-89
-0.0217285
-31
-0.00756836
33
0.00805664
-36
-0.00878906
-22
-0.00537109
-25
-0.00610352
14
0.00341797
126
0.0307617
19
0.00463867
-16
-0.00390625
61
0.0148926
-35
-0.00854492
-54
-0.0131836
-13
-0.00317383
-104
-0.0253906
47
0.0114746
32
0.0078125
-39
-0.00952148
-72
-0.0175781
16
0.00390625
-1
-0.000244141
8
0.00195312
-29
-0.00708008
53
0.0129395
-2
-0.000488281
0
0
-56
-0.0136719
4
0.000976562
35
0.00854492
1
0.000244141
61
0.0148926
-80
-0.0195312
-30
-0.00732422
-120
-0.0292969
8
0.00195312
-73
-0.0178223
-13
-0.00317383
160
0.0390625
4
0.000976562
77
0.0187988
-92
-0.0224609
-9
-0.00219727
-55
-0.0134277
-58
-0.0141602
-86
-0.0209961
-38
-0.00927734
-71
-0.017334
-1
-0.000244141
-5
-0.0012207
31
0.00756836
-65
-0.0158691
74
0.0180664
-67
-0.0163574
187
0.0456543
-49
-0.0119629
88
0.0214844
84
0.0205078
159
0.0388184
59
0.0144043
29
0.00708008
-65
-0.0158691
54
0.0131836
-45
-0.0109863
-10
-0.00244141
77
0.0187988
68
0.0166016
-137
-0.0334473
-171
-0.041748
74
0.0180664
-127
-0.0310059
29
0.00708008
93
0.0227051
31
0.00756836
-194
-0.0473633
129
0.0314941
90
0.0219727
-138
-0.0336914
-56
-0.0136719
-4
-0.000976562
102
0.0249023
-29
-0.00708008
-40
-0.00976562
19
0.00463867
-23
-0.00561523
92
0.0224609
140
0.0341797
37
0.0090332
6
0.00146484
-37
-0.0090332
55
0.0134277
1
0.000244141
35
0.00854492
133
0.0324707
-6
-0.00146484
27
0.0065918
-65
-0.0158691
-55
-0.0134277
98
0.0239258
-10
-0.00244141
2
0.000488281
65
0.0158691
-110
-0.0268555
96
0.0234375
-83
-0.0202637
-25
-0.00610352
-95
-0.0231934
18
0.00439453
-17
-0.00415039
-83
-0.0202637
-69
-0.0168457
112
0.0273438
28
0.00683594
11
0.00268555
4
0.000976562
50
0.012207
-103
-0.0251465
29
0.00708008
-6
-0.00146484
-47
-0.0114746
56
0.0136719
15
0.00366211
117
0.0285645
18
0.00439453
27
0.0065918
-60
-0.0146484
-42
-0.0102539
-1
-0.000244141
29
0.00708008
33
0.00805664
-81
-0.0197754
-28
-0.00683594
157
0.0383301
22
0.00537109
-36
-0.00878906
-21
-0.00512695
-21
-0.00512695
-60
-0.0146484
-13
-0.00317383
120
0.0292969
53
0.0129395
97
0.0236816
113
0.0275879
13
0.00317383
107
0.026123
-73
-0.0178223
28
0.00683594
-109
-0.0266113
54
0.0131836
23
0.00561523
140
0.0341797
-64
-0.015625
96
0.0234375
27
0.0065918
48
0.0117188
-30
-0.00732422
49
0.0119629
-30
-0.00732422
54
0.0131836
-99
-0.0241699
-62
-0.0151367
1
0.000244141
-72
-0.0175781
-4
-0.000976562
-72
-0.0175781
27
0.0065918
87
0.0212402
20
0.00488281
-81
-0.0197754
1
0.000244141
-80
-0.0195312
35
0.00854492
-9
-0.00219727
54
0.0131836
53
0.0129395
30
0.00732422
8
0.00195312
-112
-0.0273438
113
0.0275879
17
0.00415039
29
0.00708008
-70
-0.0170898
-9
-0.00219727
34
0.00830078
68
0.0166016
-44
-0.0107422
53
0.0129395
-128
-0.03125
-28
-0.00683594
-55
-0.0134277
167
0.0407715
-3
-0.000732422
-8
-0.00195312
10
0.00244141
-39
-0.00952148
-10
-0.00244141
47
0.0114746
-32
-0.0078125
-4
-0.000976562
-79
-0.0192871
2
0.000488281
12
0.00292969
24
0.00585938
21
0.00512695
7
0.00170898
-33
-0.00805664
45
0.0109863
-2
-0.000488281
124
0.0302734
-14
-0.00341797
205
0.0500488
-39
-0.00952148
-66
-0.0161133
-31
-0.00756836
50
0.012207
-61
-0.0148926
52
0.0126953
-33
-0.00805664
-16
-0.00390625
21
0.00512695
14
0.00341797
15
0.00366211
-88
-0.0214844
-108
-0.0263672
-59
-0.0144043
62
0.0151367
-55
-0.0134277
120
0.0292969
-50
-0.012207
60
0.0146484
-74
-0.0180664
-53
-0.0129395
19
0.00463867
95
0.0231934
115
0.0280762
-35
-0.00854492
24
0.00585938
30
0.00732422
30
0.00732422
-5
-0.0012207
-97
-0.0236816
-42
-0.0102539
-40
-0.00976562
-83
-0.0202637
-33
-0.00805664
3
0.000732422
107
0.026123
-93
-0.0227051
39
0.00952148
-11
-0.00268555
-27
-0.0065918
25
0.00610352
-10
-0.00244141
10
0.00244141
-88
-0.0214844
-80
-0.0195312
75
0.0183105
-84
-0.0205078
0
0
114
0.027832
-132
-0.0322266
7
0.00170898
9
0.00219727
-34
-0.00830078
76
0.0185547
11
0.00268555
67
0.0163574
3
0.000732422
36
0.00878906
0
0
-79
-0.0192871
8
0.00195312
-15
-0.00366211
60
0.0146484
-47
-0.0114746
40
0.00976562
22
0.00537109
86
0.0209961
34
0.00830078
59
0.0144043
37
0.0090332
-10
-0.00244141
-51
-0.0124512
29
0.00708008
-87
-0.0212402
33
0.00805664
-38
-0.00927734
-38
-0.00927734
-7
-0.00170898
-8
-0.00195312
46
0.0112305
-88
-0.0214844
-54
-0.0131836
-2
-0.000488281
-57
-0.013916
-66
-0.0161133
78
0.019043
-26
-0.00634766
-6
-0.00146484
20
0.00488281
34
0.00830078
35
0.00854492
-81
-0.0197754
92
0.0224609
-38
-0.00927734
51
0.0124512
-67
-0.0163574
78
0.019043
-25
-0.00610352
3
0.000732422
85
0.020752
52
0.0126953
33
0.00805664
-29
-0.00708008
-89
-0.0217285
35
0.00854492
-8
-0.00195312
36
0.00878906
114
0.027832
24
0.00585938
-173
-0.0422363
-51
-0.0124512
39
0.00952148
19
0.00463867
-63
-0.0153809
-36
-0.00878906
50
0.012207
4
0.000976562
-32
-0.0078125
110
0.0268555
-25
-0.00610352
60
0.0146484
-81
-0.0197754
117
0.0285645
23
0.00561523
34
0.00830078
89
0.0217285
-4
-0.000976562
101
0.0246582
8
0.00195312
47
0.0114746
-116
-0.0283203
17
0.00415039
-47
-0.0114746
58
0.0141602
-33
-0.00805664
33
0.00805664
53
0.0129395
25
0.00610352
-56
-0.0136719
78
0.019043
-34
-0.00830078
44
0.0107422
-19
-0.00463867
48
0.0117188
17
0.00415039
-127
-0.0310059
7
0.00170898
-75
-0.0183105
36
0.00878906
-64
-0.015625
21
0.00512695
-4
-0.000976562
40
0.00976562
-148
-0.0361328
-32
-0.0078125
-29
-0.00708008
-5
-0.0012207
-160
-0.0390625
-24
-0.00585938
-38
-0.00927734
-74
-0.0180664
20
0.00488281
-6
-0.00146484
56
0.0136719
-66
-0.0161133
-87
-0.0212402
82
0.0200195
-18
-0.00439453
-49
-0.0119629
-29
-0.00708008
86
0.0209961
-11
-0.00268555
118
0.0288086
-36
-0.00878906
-34
-0.00830078
-57
-0.013916
12
0.00292969
-103
-0.0251465
46
0.0112305
61
0.0148926
98
0.0239258
201
0.0490723
-4
-0.000976562
-41
-0.0100098
-25
-0.00610352
78
0.019043
-30
-0.00732422
4
0.000976562
-29
-0.00708008
-80
-0.0195312
33
0.00805664
99
0.0241699
-24
-0.00585938
-25
-0.00610352
49
0.0119629
-27
-0.0065918
-33
-0.00805664
-3
-0.000732422
12
0.00292969
71
0.017334
-27
-0.0065918
49
0.0119629
17
0.00415039
22
0.00537109
-28
-0.00683594
89
0.0217285
34
0.00830078
-104
-0.0253906
-84
-0.0205078
68
0.0166016
-90
-0.0219727
4
0.000976562
21
0.00512695
3
0.000732422
82
0.0200195
49
0.0119629
-10
-0.00244141
-15
-0.00366211
20
0.00488281
89
0.0217285
-86
-0.0209961
-26
-0.00634766
-50
-0.012207
-19
-0.00463867
11
0.00268555
99
0.0241699
11
0.00268555
-100
-0.0244141
-36
-0.00878906
-22
-0.00537109
38
0.00927734
-80
-0.0195312
-2
-0.000488281
-86
-0.0209961
35
0.00854492
-16
-0.00390625
-13
-0.00317383
78
0.019043
-9
-0.00219727
28
0.00683594
90
0.0219727
-41
-0.0100098
-41
-0.0100098
-62
-0.0151367
76
0.0185547
-52
-0.0126953
47
0.0114746
-119
-0.0290527
37
0.0090332
50
0.012207
98
0.0239258
34
0.00830078
56
0.0136719
125
0.0305176
36
0.00878906
-41
-0.0100098
12
0.00292969
-23
-0.00561523
35
0.00854492
-44
-0.0107422
-1
-0.000244141
7
0.00170898
128
0.03125
-1
-0.000244141
26
0.00634766
131
0.0319824
12
0.00292969
103
0.0251465
140
0.0341797
15
0.00366211
-40
-0.00976562
-129
-0.0314941
-73
-0.0178223
-18
-0.00439453
-100
-0.0244141
4
0.000976562
91
0.0222168
-134
-0.0327148
-24
-0.00585938
74
0.0180664
56
0.0136719
-16
-0.00390625
-50
-0.012207
-91
-0.0222168
-45
-0.0109863
-131
-0.0319824
-29
-0.00708008
-8
-0.00195312
-110
-0.0268555
-162
-0.0395508
-4
-0.000976562
22
0.00537109
67
0.0163574
67
0.0163574
31
0.00756836
84
0.0205078
32
0.0078125
24
0.00585938
-81
-0.0197754
149
0.036377
6
0.00146484
76
0.0185547
93
0.0227051
14
0.00341797
-161
-0.0393066
23
0.00561523
30
0.00732422
-129
-0.0314941
55
0.0134277
-53
-0.0129395
-20
-0.00488281
22
0.00537109
-6
-0.00146484
13
0.00317383
-51
-0.0124512
-20
-0.00488281
-42
-0.0102539
-77
-0.0187988
34
0.00830078
-148
-0.0361328
16
0.00390625
122
0.0297852
-11
-0.00268555
-21
-0.00512695
21
0.00512695
-59
-0.0144043
-126
-0.0307617
-5
-0.0012207
51
0.0124512
-86
-0.0209961
-56
-0.0136719
122
0.0297852
-125
-0.0305176
105
0.0256348
-19
-0.00463867
70
0.0170898
-20
-0.00488281
37
0.0090332
-34
-0.00830078
-21
-0.00512695
4
0.000976562
-6
-0.00146484
-119
-0.0290527
-191
-0.0466309
-65
-0.0158691
-87
-0.0212402
-70
-0.0170898
-72
-0.0175781
4
0.000976562
78
0.019043
55
0.0134277
73
0.0178223
44
0.0107422
29
0.00708008
29
0.00708008
148
0.0361328
-20
-0.00488281
-6
-0.00146484
2
0.000488281
4
0.000976562
11
0.00268555
-1
-0.000244141
66
0.0161133
-22
-0.00537109
-83
-0.0202637
52
0.0126953
-7
-0.00170898
62
0.0151367
30
0.00732422
-46
-0.0112305
-100
-0.0244141
39
0.00952148
-26
-0.00634766
79
0.0192871
49
0.0119629
-93
-0.0227051
-69
-0.0168457
-47
-0.0114746
-82
-0.0200195
42
0.0102539
8
0.00195312
-142
-0.034668
36
0.00878906
47
0.0114746
-17
-0.00415039
-52
-0.0126953
-68
-0.0166016
64
0.015625
53
0.0129395
35
0.00854492
86
0.0209961
-72
-0.0175781
69
0.0168457
-130
-0.0317383
57
0.013916
-28
-0.00683594
-57
-0.013916
-66
-0.0161133
-24
-0.00585938
-117
-0.0285645
5
0.0012207
-150
-0.0366211
-8
-0.00195312
-131
-0.0319824
22
0.00537109
-68
-0.0166016
120
0.0292969
-45
-0.0109863
4
0.000976562
100
0.0244141
56
0.0136719
-39
-0.00952148
-80
-0.0195312
67
0.0163574
-84
-0.0205078
-81
-0.0197754
15
0.00366211
-38
-0.00927734
21
0.00512695
-4
-0.000976562
-2
-0.000488281
43
0.010498
7
0.00170898
80
0.0195312
14
0.00341797
123
0.0300293
57
0.013916
-90
-0.0219727
46
0.0112305
-20
-0.00488281
16
0.00390625
27
0.0065918
63
0.0153809
8
0.00195312
49
0.0119629
-28
-0.00683594
7
0.00170898
81
0.0197754
-89
-0.0217285
34
0.00830078
59
0.0144043
84
0.0205078
18
0.00439453
-6
-0.00146484
10
0.00244141
95
0.0231934
14
0.00341797
-47
-0.0114746
8
0.00195312
17
0.00415039
-14
-0.00341797
-187
-0.0456543
52
0.0126953
-43
-0.010498
36
0.00878906
-63
-0.0153809
-69
-0.0168457
-6
-0.00146484
92
0.0224609
4
0.000976562
20
0.00488281
-27
-0.0065918
-86
-0.0209961
85
0.020752
-47
-0.0114746
6
0.00146484
39
0.00952148
-47
-0.0114746
11
0.00268555
-133
-0.0324707
-63
-0.0153809
-6
-0.00146484
-39
-0.00952148
76
0.0185547
2
0.000488281
-17
-0.00415039
-30
-0.00732422
8
0.00195312
90
0.0219727
60
0.0146484
77
0.0187988
115
0.0280762
112
0.0273438
-10
-0.00244141
-79
-0.0192871
69
0.0168457
-96
-0.0234375
23
0.00561523
7
0.00170898
34
0.00830078
37
0.0090332
-112
-0.0273438
87
0.0212402
17
0.00415039
-38
-0.00927734
-181
-0.0441895
43
0.010498
-114
-0.027832
-20
-0.00488281
-31
-0.00756836
-45
-0.0109863
108
0.0263672
7
0.00170898
54
0.0131836
-77
-0.0187988
35
0.00854492
55
0.0134277
-72
-0.0175781
103
0.0251465
57
0.013916
-159
-0.0388184
-38
-0.00927734
-23
-0.00561523
86
0.0209961
-1
-0.000244141
-12
-0.00292969
72
0.0175781
-41
-0.0100098
-121
-0.029541
-107
-0.026123
-27
-0.0065918
10
0.00244141
27
0.0065918
-146
-0.0356445
-101
-0.0246582
-20
-0.00488281
69
0.0168457
61
0.0148926
-29
-0.00708008
97
0.0236816
-43
-0.010498
-9
-0.00219727
-10
-0.00244141
51
0.0124512
40
0.00976562
-81
-0.0197754
53
0.0129395
25
0.00610352
-22
-0.00537109
-113
-0.0275879
5
0.0012207
-27
-0.0065918
-29
-0.00708008
-50
-0.012207
52
0.0126953
92
0.0224609
-103
-0.0251465
65
0.0158691
170
0.0415039
-16
-0.00390625
-73
-0.0178223
-116
-0.0283203
112
0.0273438
20
0.00488281
-55
-0.0134277
-18
-0.00439453
-39
-0.00952148
90
0.0219727
-55
-0.0134277
-6
-0.00146484
8
0.00195312
62
0.0151367
61
0.0148926
-32
-0.0078125
-32
-0.0078125
96
0.0234375
63
0.0153809
-228
-0.0556641
61
0.0148926
-96
-0.0234375
31
0.00756836
20
0.00488281
-6
-0.00146484
-79
-0.0192871
41
0.0100098
16
0.00390625
-34
-0.00830078
-53
-0.0129395
-70
-0.0170898
10
0.00244141
90
0.0219727
43
0.010498
61
0.0148926
-1
-0.000244141
-35
-0.00854492
-19
-0.00463867
63
0.0153809
19
0.00463867
18
0.00439453
39
0.00952148
-13
-0.00317383
-5
-0.0012207
15
0.00366211
122
0.0297852
-80
-0.0195312
5
0.0012207
110
0.0268555
-66
-0.0161133
-78
-0.019043
39
0.00952148
46
0.0112305
-141
-0.0344238
-47
-0.0114746
-62
-0.0151367
76
0.0185547
-118
-0.0288086
16
0.00390625
-87
-0.0212402
-42
-0.0102539
-28
-0.00683594
6
0.00146484
-99
-0.0241699
33
0.00805664
-37
-0.0090332
10
0.00244141
-194
-0.0473633
-76
-0.0185547
-86
-0.0209961
97
0.0236816
-49
-0.0119629
-28
-0.00683594
-18
-0.00439453
33
0.00805664
23
0.00561523
99
0.0241699
-83
-0.0202637
80
0.0195312
105
0.0256348
-76
-0.0185547
-39
-0.00952148
5
0.0012207
-146
-0.0356445
47
0.0114746
-15
-0.00366211
94
0.0229492
23
0.00561523
-4
-0.000976562
102
0.0249023
-31
-0.00756836
-65
-0.0158691
84
0.0205078
-103
-0.0251465
67
0.0163574
30
0.00732422
-52
-0.0126953
12
0.00292969
54
0.0131836
4
0.000976562
20
0.00488281
-92
-0.0224609
43
0.010498
-2
-0.000488281
-26
-0.00634766
-74
-0.0180664
-116
-0.0283203
57
0.013916
-5
-0.0012207
74
0.0180664
-64
-0.015625
-80
-0.0195312
-116
-0.0283203
36
0.00878906
-65
-0.0158691
98
0.0239258
-97
-0.0236816
-135
-0.032959
-10
-0.00244141
-86
-0.0209961
-13
-0.00317383
96
0.0234375
-63
-0.0153809
74
0.0180664
0
0
-2
-0.000488281
-69
-0.0168457
96
0.0234375
-22
-0.00537109
-31
-0.00756836
-38
-0.00927734
-192
-0.046875
-24
-0.00585938
-17
-0.00415039
71
0.017334
-15
-0.00366211
-18
-0.00439453
53
0.0129395
59
0.0144043
-124
-0.0302734
-84
-0.0205078
-7
-0.00170898
-83
-0.0202637
35
0.00854492
-143
-0.0349121
17
0.00415039
30
0.00732422
22
0.00537109
31
0.00756836
62
0.0151367
-31
-0.00756836
86
0.0209961
69
0.0168457
-116
-0.0283203
-11
-0.00268555
-188
-0.0458984
1
0.000244141
19
0.00463867
64
0.015625
89
0.0217285
29
0.00708008
26
0.00634766
-24
-0.00585938
-81
-0.0197754
13
0.00317383
-2
-0.000488281
47
0.0114746
63
0.0153809
15
0.00366211
-90
-0.0219727
52
0.0126953
-144
-0.0351562
-35
-0.00854492
87
0.0212402
116
0.0283203
65
0.0158691
75
0.0183105
130
0.0317383
-12
-0.00292969
-17
-0.00415039
66
0.0161133
-6
-0.00146484
-11
-0.00268555
-120
-0.0292969
-69
-0.0168457
-82
-0.0200195
-22
-0.00537109
-75
-0.0183105
33
0.00805664
-2
-0.000488281
-22
-0.00537109
-92
-0.0224609
-17
-0.00415039
161
0.0393066
-54
-0.0131836
-38
-0.00927734
-98
-0.0239258
-9
-0.00219727
12
0.00292969
-13
-0.00317383
38
0.00927734
-6
-0.00146484
46
0.0112305
-23
-0.00561523
-93
-0.0227051
-45
-0.0109863
76
0.0185547
-63
-0.0153809
-29
-0.00708008
11
0.00268555
-137
-0.0334473
-93
-0.0227051
-75
-0.0183105
127
0.0310059
41
0.0100098
65
0.0158691
41
0.0100098
-56
-0.0136719
7
0.00170898
-32
-0.0078125
-25
-0.00610352
60
0.0146484
-48
-0.0117188
-81
-0.0197754
-25
-0.00610352
4
0.000976562
-73
-0.0178223
-67
-0.0163574
8
0.00195312
6
0.00146484
7
0.00170898
62
0.0151367
-66
-0.0161133
35
0.00854492
11
0.00268555
105
0.0256348
-13
-0.00317383
-45
-0.0109863
136
0.0332031
-13
-0.00317383
49
0.0119629
-64
-0.015625
-1
-0.000244141
185
0.045166
-112
-0.0273438
-173
-0.0422363
112
0.0273438
-36
-0.00878906
28
0.00683594
181
0.0441895
61
0.0148926
-128
-0.03125
138
0.0336914
87
0.0212402
19
0.00463867
-11
-0.00268555
3
0.000732422
-88
-0.0214844
-101
-0.0246582
20
0.00488281
74
0.0180664
60
0.0146484
-20
-0.00488281
87
0.0212402
-23
-0.00561523
-43
-0.010498
-26
-0.00634766
-21
-0.00512695
-172
-0.0419922
34
0.00830078
-77
-0.0187988
-23
-0.00561523
23
0.00561523
-10
-0.00244141
-13
-0.00317383
-29
-0.00708008
-54
-0.0131836
4
0.000976562
-25
-0.00610352
-100
-0.0244141
81
0.0197754
8
0.00195312
-98
-0.0239258
5
0.0012207
-102
-0.0249023
-122
-0.0297852
24
0.00585938
-118
-0.0288086
-21
-0.00512695
-120
-0.0292969
-25
-0.00610352
43
0.010498
10
0.00244141
-8
-0.00195312
43
0.010498
36
0.00878906
4
0.000976562
-135
-0.032959
133
0.0324707
29
0.00708008
-6
-0.00146484
-95
-0.0231934
63
0.0153809
78
0.019043
-42
-0.0102539
-33
-0.00805664
-116
-0.0283203
-19
-0.00463867
22
0.00537109
-69
-0.0168457
-80
-0.0195312
-48
-0.0117188
36
0.00878906
42
0.0102539
2
0.000488281
-18
-0.00439453
51
0.0124512
-7
-0.00170898
-3
-0.000732422
-121
-0.029541
65
0.0158691
-57
-0.013916
-3
-0.000732422
-74
-0.0180664
-37
-0.0090332
46
0.0112305
-80
-0.0195312
148
0.0361328
51
0.0124512
-10
-0.00244141
-1
-0.000244141
49
0.0119629
7
0.00170898
-12
-0.00292969
-17
-0.00415039
141
0.0344238
-33
-0.00805664
-50
-0.012207
-5
-0.0012207
26
0.00634766
-30
-0.00732422
-4
-0.000976562
0
0
71
0.017334
32
0.0078125
-20
-0.00488281
-1
-0.000244141
-11
-0.00268555
27
0.0065918
-107
-0.026123
133
0.0324707
-29
-0.00708008
-20
-0.00488281
-1
-0.000244141
85
0.020752
16
0.00390625
-104
-0.0253906
13
0.00317383
-123
-0.0300293
43
0.010498
-58
-0.0141602
125
0.0305176
-8
-0.00195312
38
0.00927734
-100
-0.0244141
-4
-0.000976562
50
0.012207
-62
-0.0151367
46
0.0112305
-103
-0.0251465
-70
-0.0170898
-71
-0.017334
-3
-0.000732422
162
0.0395508
50
0.012207
42
0.0102539
-63
-0.0153809
-38
-0.00927734
20
0.00488281
81
0.0197754
-6
-0.00146484
-62
-0.0151367
42
0.0102539
52
0.0126953
-7
-0.00170898
9
0.00219727
-145
-0.0354004
-43
-0.010498
-74
-0.0180664
15
0.00366211
31
0.00756836
-108
-0.0263672
56
0.0136719
54
0.0131836
-127
-0.0310059
148
0.0361328
11
0.00268555
82
0.0200195
3
0.000732422
6
0.00146484
54
0.0131836
-9
-0.00219727
18
0.00439453
62
0.0151367
-48
-0.0117188
105
0.0256348
-73
-0.0178223
54
0.0131836
56
0.0136719
-177
-0.0432129
16
0.00390625
34
0.00830078
27
0.0065918
-11
-0.00268555
70
0.0170898
-3
-0.000732422
-62
-0.0151367
-11
-0.00268555
3
0.000732422
-96
-0.0234375
76
0.0185547
-7
-0.00170898
-71
-0.017334
104
0.0253906
53
0.0129395
223
0.0544434
-12
-0.00292969
39
0.00952148
-32
-0.0078125
86
0.0209961
73
0.0178223
-72
-0.0175781
22
0.00537109
11
0.00268555
-43
-0.010498
63
0.0153809
97
0.0236816
-105
-0.0256348
-55
-0.0134277
-6
-0.00146484
1
0.000244141
-129
-0.0314941
-66
-0.0161133
-131
-0.0319824
71
0.017334
-149
-0.036377
63
0.0153809
84
0.0205078
93
0.0227051
57
0.013916
72
0.0175781
44
0.0107422
55
0.0134277
33
0.00805664
-8
-0.00195312
-22
-0.00537109
-20
-0.00488281
-52
-0.0126953
14
0.00341797
25
0.00610352
-18
-0.00439453
-47
-0.0114746
-3
-0.000732422
102
0.0249023
-65
-0.0158691
23
0.00561523
-122
-0.0297852
18
0.00439453
33
0.00805664
79
0.0192871
-12
-0.00292969
50
0.012207
-64
-0.015625
-46
-0.0112305
39
0.00952148
-41
-0.0100098
-33
-0.00805664
-44
-0.0107422
-44
-0.0107422
-57
-0.013916
32
0.0078125
-31
-0.00756836
-73
-0.0178223
54
0.0131836
116
0.0283203
2
0.000488281
-18
-0.00439453
-71
-0.017334
-17
-0.00415039
-128
-0.03125
-60
-0.0146484
-65
-0.0158691
45
0.0109863
105
0.0256348
-26
-0.00634766
-136
-0.0332031
-17
-0.00415039
-120
-0.0292969
-72
-0.0175781
62
0.0151367
-23
-0.00561523
-67
-0.0163574
-70
-0.0170898
41
0.0100098
-65
-0.0158691
-97
-0.0236816
8
0.00195312
24
0.00585938
69
0.0168457
-37
-0.0090332
-84
-0.0205078
74
0.0180664
-65
-0.0158691
18
0.00439453
76
0.0185547
8
0.00195312
9
0.00219727
-43
-0.010498
-38
-0.00927734
-64
-0.015625
6
0.00146484
55
0.0134277
88
0.0214844
7
0.00170898
-69
-0.0168457
30
0.00732422
-84
-0.0205078
14
0.00341797
8
0.00195312
-80
-0.0195312
67
0.0163574
84
0.0205078
-83
-0.0202637
-92
-0.0224609
-25
-0.00610352
64
0.015625
34
0.00830078
-50
-0.012207
45
0.0109863
-52
-0.0126953
15
0.00366211
116
0.0283203
-33
-0.00805664
9
0.00219727
43
0.010498
21
0.00512695
-21
-0.00512695
41
0.0100098
-2
-0.000488281
-29
-0.00708008
-28
-0.00683594
5
0.0012207
1
0.000244141
8
0.00195312
-63
-0.0153809
45
0.0109863
68
0.0166016
-1
-0.000244141
-10
-0.00244141
4
0.000976562
-92
-0.0224609
30
0.00732422
-67
-0.0163574
76
0.0185547
44
0.0107422
-6
-0.00146484
123
0.0300293
87
0.0212402
-30
-0.00732422
-1
-0.000244141
15
0.00366211
43
0.010498
126
0.0307617
-64
-0.015625
79
0.0192871
-31
-0.00756836
92
0.0224609
-92
-0.0224609
70
0.0170898
-128
-0.03125
59
0.0144043
135
0.032959
-1
-0.000244141
113
0.0275879
76
0.0185547
7
0.00170898
-34
-0.00830078
-4
-0.000976562
113
0.0275879
-15
-0.00366211
-10
-0.00244141
-81
-0.0197754
55
0.0134277
72
0.0175781
-21
-0.00512695
-38
-0.00927734
21
0.00512695
7
0.00170898
-23
-0.00561523
102
0.0249023
-70
-0.0170898
-55
-0.0134277
-29
-0.00708008
111
0.0270996
-77
-0.0187988
88
0.0214844
64
0.015625
65
0.0158691
-50
-0.012207
-31
-0.00756836
7
0.00170898
-34
-0.00830078
36
0.00878906
15
0.00366211
91
0.0222168
30
0.00732422
-60
-0.0146484
225
0.0549316
11
0.00268555
16
0.00390625
-42
-0.0102539
-13
-0.00317383
10
0.00244141
-16
-0.00390625
-54
-0.0131836
-40
-0.00976562
-15
-0.00366211
54
0.0131836
-52
-0.0126953
-60
-0.0146484
-9
-0.00219727
31
0.00756836
-48
-0.0117188
53
0.0129395
84
0.0205078
-44
-0.0107422
95
0.0231934
-40
-0.00976562
-3
-0.000732422
-25
-0.00610352
-11
-0.00268555
42
0.0102539
-37
-0.0090332
42
0.0102539
-47
-0.0114746
-111
-0.0270996
73
0.0178223
-74
-0.0180664
48
0.0117188
19
0.00463867
112
0.0273438
-98
-0.0239258
23
0.00561523
64
0.015625
94
0.0229492
75
0.0183105
-39
-0.00952148
8
0.00195312
-18
-0.00439453
-49
-0.0119629
10
0.00244141
-39
-0.00952148
-67
-0.0163574
-126
-0.0307617
16
0.00390625
48
0.0117188
60
0.0146484
6
0.00146484
-3
-0.000732422
-103
-0.0251465
21
0.00512695
4
0.000976562
-107
-0.026123
13
0.00317383
-92
-0.0224609
36
0.00878906
-35
-0.00854492
124
0.0302734
42
0.0102539
13
0.00317383
72
0.0175781
1
0.000244141
-31
-0.00756836
194
0.0473633
-91
-0.0222168
-51
-0.0124512
54
0.0131836
-36
-0.00878906
86
0.0209961
-27
-0.0065918
-38
-0.00927734
46
0.0112305
-119
-0.0290527
194
0.0473633
-8
-0.00195312
-78
-0.019043
-9
-0.00219727
20
0.00488281
7
0.00170898
41
0.0100098
51
0.0124512
140
0.0341797
-51
-0.0124512
50
0.012207
-53
-0.0129395
69
0.0168457
42
0.0102539
110
0.0268555
36
0.00878906
-31
-0.00756836
31
0.00756836
-52
-0.0126953
-28
-0.00683594
-13
-0.00317383
23
0.00561523
1
0.000244141
56
0.0136719
-80
-0.0195312
84
0.0205078
-19
-0.00463867
32
0.0078125
165
0.0402832
-29
-0.00708008
94
0.0229492
-34
-0.00830078
36
0.00878906
-85
-0.020752
-11
-0.00268555
114
0.027832
-63
-0.0153809
52
0.0126953
-71
-0.017334
-54
-0.0131836
-47
-0.0114746
20
0.00488281
-10
-0.00244141
72
0.0175781
-31
-0.00756836
-112
-0.0273438
-27
-0.0065918
-90
-0.0219727
6
0.00146484
-67
-0.0163574
114
0.027832
-11
-0.00268555
-207
-0.0505371
63
0.0153809
-157
-0.0383301
24
0.00585938
76
0.0185547
142
0.034668
40
0.00976562
28
0.00683594
22
0.00537109
-44
-0.0107422
105
0.0256348
-71
-0.017334
88
0.0214844
-20
-0.00488281
-82
-0.0200195
-34
-0.00830078
-24
-0.00585938
81
0.0197754
55
0.0134277
2
0.000488281
70
0.0170898
7
0.00170898
33
0.00805664
-3
-0.000732422
-32
-0.0078125
-53
-0.0129395
147
0.0358887
17
0.00415039
-4
-0.000976562
-46
-0.0112305
-77
-0.0187988
-21
-0.00512695
28
0.00683594
-22
-0.00537109
-147
-0.0358887
12
0.00292969
-37
-0.0090332
-58
-0.0141602
28
0.00683594
80
0.0195312
-78
-0.019043
25
0.00610352
54
0.0131836
18
0.00439453
29
0.00708008
-31
-0.00756836
-60
-0.0146484
-36
-0.00878906
-38
-0.00927734
85
0.020752
-17
-0.00415039
24
0.00585938
-12
-0.00292969
6
0.00146484
40
0.00976562
60
0.0146484
23
0.00561523
-6
-0.00146484
24
0.00585938
39
0.00952148
10
0.00244141
1
0.000244141
47
0.0114746
-66
-0.0161133
76
0.0185547
23
0.00561523
99
0.0241699
-4
-0.000976562
-58
-0.0141602
117
0.0285645
-50
-0.012207
12
0.00292969
-27
-0.0065918
35
0.00854492
12
0.00292969
-14
-0.00341797
-96
-0.0234375
102
0.0249023
9
0.00219727
47
0.0114746
64
0.015625
-36
-0.00878906
33
0.00805664
6
0.00146484
-70
-0.0170898
-50
-0.012207
-130
-0.0317383
-53
-0.0129395
2
0.000488281
59
0.0144043
-87
-0.0212402
-1
-0.000244141
-35
-0.00854492
-16
-0.00390625
-60
-0.0146484
25
0.00610352
14
0.00341797
14
0.00341797
-4
-0.000976562
-20
-0.00488281
-56
-0.0136719
-17
-0.00415039
-63
-0.0153809
19
0.00463867
-76
-0.0185547
110
0.0268555
-43
-0.010498
-1
-0.000244141
-123
-0.0300293
19
0.00463867
-46
-0.0112305
-44
-0.0107422
-9
-0.00219727
88
0.0214844
162
0.0395508
-20
-0.00488281
63
0.0153809
-63
-0.0153809
81
0.0197754
30
0.00732422
-113
-0.0275879
64
0.015625
0
0
44
0.0107422
1
0.000244141
-82
-0.0200195
-51
-0.0124512
36
0.00878906
44
0.0107422
-27
-0.0065918
32
0.0078125
32
0.0078125
4
0.000976562
36
0.00878906
-132
-0.0322266
-28
-0.00683594
30
0.00732422
99
0.0241699
28
0.00683594
-81
-0.0197754
-133
-0.0324707
1
0.000244141
100
0.0244141
-24
-0.00585938
108
0.0263672
59
0.0144043
-94
-0.0229492
-73
-0.0178223
47
0.0114746
83
0.0202637
101
0.0246582
18
0.00439453
41
0.0100098
-7
-0.00170898
-57
-0.013916
-27
-0.0065918
78
0.019043
93
0.0227051
13
0.00317383
-29
-0.00708008
-7
-0.00170898
-17
-0.00415039
7
0.00170898
35
0.00854492
149
0.036377
75
0.0183105
-52
-0.0126953
-23
-0.00561523
-10
-0.00244141
-69
-0.0168457
-57
-0.013916
-59
-0.0144043
119
0.0290527
-37
-0.0090332
-152
-0.0371094
-46
-0.0112305
-28
-0.00683594
-37
-0.0090332
-32
-0.0078125
-120
-0.0292969
1
0.000244141
-114
-0.027832
-29
-0.00708008
8
0.00195312
73
0.0178223
-56
-0.0136719
2
0.000488281
-27
-0.0065918
-32
-0.0078125
129
0.0314941
20
0.00488281
0
0
11
0.00268555
-30
-0.00732422
-60
-0.0146484
78
0.019043
31
0.00756836
114
0.027832
-65
-0.0158691
-34
-0.00830078
-13
-0.00317383
-42
-0.0102539
12
0.00292969
-6
-0.00146484
38
0.00927734
82
0.0200195
93
0.0227051
-4
-0.000976562
103
0.0251465
45
0.0109863
-51
-0.0124512
-59
-0.0144043
13
0.00317383
-20
-0.00488281
64
0.015625
-30
-0.00732422
-11
-0.00268555
-52
-0.0126953
-26
-0.00634766
11
0.00268555
67
0.0163574
-7
-0.00170898
5
0.0012207
-13
-0.00317383
69
0.0168457
33
0.00805664
108
0.0263672
41
0.0100098
-68
-0.0166016
21
0.00512695
43
0.010498
34
0.00830078
-35
-0.00854492
80
0.0195312
110
0.0268555
137
0.0334473
-77
-0.0187988
6
0.00146484
-25
-0.00610352
-84
-0.0205078
-72
-0.0175781
19
0.00463867
-74
-0.0180664
47
0.0114746
3
0.000732422
-10
-0.00244141
8
0.00195312
5
0.0012207
13
0.00317383
-19
-0.00463867
55
0.0134277
-32
-0.0078125
-64
-0.015625
83
0.0202637
-62
-0.0151367
46
0.0112305
-87
-0.0212402
224
0.0546875
44
0.0107422
47
0.0114746
28
0.00683594
-59
-0.0144043
5
0.0012207
-49
-0.0119629
-73
-0.0178223
-10
-0.00244141
67
0.0163574
80
0.0195312
-5
-0.0012207
-69
-0.0168457
-45
-0.0109863
5
0.0012207
-4
-0.000976562
-109
-0.0266113
-36
-0.00878906
21
0.00512695
-3
-0.000732422
-58
-0.0141602
10
0.00244141
-11
-0.00268555
1
0.000244141
-11
-0.00268555
-7
-0.00170898
53
0.0129395
-49
-0.0119629
67
0.0163574
-120
-0.0292969
64
0.015625
62
0.0151367
-27
-0.0065918
32
0.0078125
-47
-0.0114746
-28
-0.00683594
11
0.00268555
18
0.00439453
1
0.000244141
6
0.00146484
78
0.019043
64
0.015625
-16
-0.00390625
11
0.00268555
63
0.0153809
3
0.000732422
98
0.0239258
-114
-0.027832
-141
-0.0344238
117
0.0285645
21
0.00512695
-13
-0.00317383
-25
-0.00610352
-68
-0.0166016
22
0.00537109
-14
-0.00341797
126
0.0307617
2
0.000488281
74
0.0180664
-146
-0.0356445
-72
-0.0175781
-191
-0.0466309
-8
-0.00195312
-21
-0.00512695
-60
-0.0146484
67
0.0163574
4
0.000976562
-23
-0.00561523
43
0.010498
47
0.0114746
46
0.0112305
-13
-0.00317383
68
0.0166016
-14
-0.00341797
7
0.00170898
-63
-0.0153809
-19
-0.00463867
147
0.0358887
-7
-0.00170898
6
0.00146484
-33
-0.00805664
82
0.0200195
87
0.0212402
-27
-0.0065918
-11
-0.00268555
40
0.00976562
-53
-0.0129395
9
0.00219727
-43
-0.010498
-8
-0.00195312
37
0.0090332
37
0.0090332
47
0.0114746
-101
-0.0246582
-49
-0.0119629
40
0.00976562
-6
-0.00146484
66
0.0161133
88
0.0214844
-121
-0.029541
78
0.019043
116
0.0283203
77
0.0187988
-22
-0.00537109
19
0.00463867
111
0.0270996
-74
-0.0180664
67
0.0163574
-41
-0.0100098
92
0.0224609
-28
-0.00683594
-35
-0.00854492
-6
-0.00146484
-88
-0.0214844
102
0.0249023
-7
-0.00170898
-45
-0.0109863
-78
-0.019043
-116
-0.0283203
-68
-0.0166016
24
0.00585938
-39
-0.00952148
18
0.00439453
14
0.00341797
-47
-0.0114746
150
0.0366211
43
0.010498
87
0.0212402
-54
-0.0131836
-20
-0.00488281
88
0.0214844
39
0.00952148
-36
-0.00878906
7
0.00170898
4
0.000976562
-87
-0.0212402
52
0.0126953
-21
-0.00512695
86
0.0209961
7
0.00170898
63
0.0153809
86
0.0209961
-16
-0.00390625
-74
-0.0180664
33
0.00805664
-28
-0.00683594
4
0.000976562
55
0.0134277
14
0.00341797
185
0.045166
121
0.029541
-102
-0.0249023
27
0.0065918
21
0.00512695
87
0.0212402
-67
-0.0163574
-38
-0.00927734
42
0.0102539
-38
-0.00927734
-13
-0.00317383
-22
-0.00537109
-105
-0.0256348
3
0.000732422
168
0.0410156
-32
-0.0078125
-4
-0.000976562
-43
-0.010498
82
0.0200195
-38
-0.00927734
55
0.0134277
-52
-0.0126953
3
0.000732422
106
0.0258789
-82
-0.0200195
78
0.019043
-46
-0.0112305
-15
-0.00366211
87
0.0212402
6
0.00146484
16
0.00390625
48
0.0117188
9
0.00219727
55
0.0134277
122
0.0297852
-96
-0.0234375
-30
-0.00732422
-62
-0.0151367
32
0.0078125
94
0.0229492
32
0.0078125
-84
-0.0205078
1
0.000244141
29
0.00708008
28
0.00683594
-32
-0.0078125
6
0.00146484
-49
-0.0119629
70
0.0170898
86
0.0209961
78
0.019043
63
0.0153809
11
0.00268555
-7
-0.00170898
9
0.00219727
39
0.00952148
92
0.0224609
-36
-0.00878906
-7
-0.00170898
-9
-0.00219727
-72
-0.0175781
-26
-0.00634766
-106
-0.0258789
25
0.00610352
-102
-0.0249023
16
0.00390625
-110
-0.0268555
49
0.0119629
70
0.0170898
113
0.0275879
-43
-0.010498
41
0.0100098
28
0.00683594
13
0.00317383
-17
-0.00415039
19
0.00463867
-91
-0.0222168
50
0.012207
-27
-0.0065918
84
0.0205078
-96
-0.0234375
-6
-0.00146484
-25
-0.00610352
84
0.0205078
26
0.00634766
76
0.0185547
-92
-0.0224609
33
0.00805664
35
0.00854492
57
0.013916
51
0.0124512
53
0.0129395
126
0.0307617
-21
-0.00512695
-11
-0.00268555
45
0.0109863
37
0.0090332
46
0.0112305
-42
-0.0102539
-23
-0.00561523
51
0.0124512
31
0.00756836
56
0.0136719
71
0.017334
22
0.00537109
32
0.0078125
61
0.0148926
-42
-0.0102539
119
0.0290527
3
0.000732422
-19
-0.00463867
-31
-0.00756836
1
0.000244141
16
0.00390625
-93
-0.0227051
-32
-0.0078125
71
0.017334
2
0.000488281
-5
-0.0012207
-1
-0.000244141
55
0.0134277
-5
-0.0012207
76
0.0185547
-10
-0.00244141
-25
-0.00610352
58
0.0141602
32
0.0078125
-27
-0.0065918
23
0.00561523
-4
-0.000976562
142
0.034668
-45
-0.0109863
-162
-0.0395508
-5
-0.0012207
-79
-0.0192871
-41
-0.0100098
47
0.0114746
-38
-0.00927734
-29
-0.00708008
-54
-0.0131836
5
0.0012207
-17
-0.00415039
-75
-0.0183105
-41
-0.0100098
37
0.0090332
15
0.00366211
-17
-0.00415039
-80
-0.0195312
60
0.0146484
112
0.0273438
79
0.0192871
-8
-0.00195312
31
0.00756836
-3
-0.000732422
-20
-0.00488281
14
0.00341797
-111
-0.0270996
-75
-0.0183105
2
0.000488281
18
0.00439453
72
0.0175781
-110
-0.0268555
6
0.00146484
163
0.0397949
-54
-0.0131836
158
0.0385742
-25
-0.00610352
18
0.00439453
85
0.020752
60
0.0146484
32
0.0078125
43
0.010498
-20
-0.00488281
16
0.00390625
-19
-0.00463867
54
0.0131836
0
0
61
0.0148926
-29
-0.00708008
-77
-0.0187988
-148
-0.0361328
12
0.00292969
22
0.00537109
-72
-0.0175781
-21
-0.00512695
38
0.00927734
42
0.0102539
30
0.00732422
-18
-0.00439453
8
0.00195312
46
0.0112305
-26
-0.00634766
-149
-0.036377
-114
-0.027832
-79
-0.0192871
-5
-0.0012207
51
0.0124512
5
0.0012207
30
0.00732422
29
0.00708008
90
0.0219727
-35
-0.00854492
37
0.0090332
33
0.00805664
113
0.0275879
-98
-0.0239258
-39
-0.00952148
18
0.00439453
-39
-0.00952148
-15
-0.00366211
130
0.0317383
-49
-0.0119629
-71
-0.017334
63
0.0153809
-66
-0.0161133
24
0.00585938
70
0.0170898
140
0.0341797
-31
-0.00756836
7
0.00170898
143
0.0349121
63
0.0153809
-69
-0.0168457
-96
-0.0234375
60
0.0146484
61
0.0148926
98
0.0239258
-47
-0.0114746
-147
-0.0358887
57
0.013916
140
0.0341797
-6
-0.00146484
-127
-0.0310059
-26
-0.00634766
-127
-0.0310059
-15
-0.00366211
62
0.0151367
-29
-0.00708008
2
0.000488281
-20
-0.00488281
75
0.0183105
-37
-0.0090332
-133
-0.0324707
-27
-0.0065918
40
0.00976562
-76
-0.0185547
-6
-0.00146484
-23
-0.00561523
-81
-0.0197754
55
0.0134277
-24
-0.00585938
-45
-0.0109863
99
0.0241699
13
0.00317383
68
0.0166016
-42
-0.0102539
52
0.0126953
12
0.00292969
-4
-0.000976562
-57
-0.013916
-36
-0.00878906
9
0.00219727
-94
-0.0229492
-38
-0.00927734
36
0.00878906
-66
-0.0161133
-68
-0.0166016
-44
-0.0107422
-59
-0.0144043
-37
-0.0090332
-38
-0.00927734
-93
-0.0227051
17
0.00415039
38
0.00927734
19
0.00463867
-17
-0.00415039
61
0.0148926
159
0.0388184
93
0.0227051
38
0.00927734
-27
-0.0065918
61
0.0148926
64
0.015625
-92
-0.0224609
-69
-0.0168457
-43
-0.010498
33
0.00805664
16
0.00390625
-9
-0.00219727
16
0.00390625
-73
-0.0178223
-8
-0.00195312
88
0.0214844
-52
-0.0126953
34
0.00830078
15
0.00366211
64
0.015625
50
0.012207
36
0.00878906
84
0.0205078
-76
-0.0185547
-17
-0.00415039
-8
-0.00195312
34
0.00830078
-63
-0.0153809
-40
-0.00976562
-25
-0.00610352
-47
-0.0114746
131
0.0319824
14
0.00341797
-101
-0.0246582
-57
-0.013916
-44
-0.0107422
11
0.00268555
-25
-0.00610352
-91
-0.0222168
27
0.0065918
63
0.0153809
-15
-0.00366211
-57
-0.013916
81
0.0197754
-8
-0.00195312
-7
-0.00170898
16
0.00390625
-17
-0.00415039
-36
-0.00878906
99
0.0241699
80
0.0195312
-37
-0.0090332
-90
-0.0219727
97
0.0236816
-39
-0.00952148
52
0.0126953
-91
-0.0222168
-70
-0.0170898
23
0.00561523
-41
-0.0100098
7
0.00170898
31
0.00756836
55
0.0134277
-55
-0.0134277
42
0.0102539
137
0.0334473
-18
-0.00439453
-119
-0.0290527
46
0.0112305
-80
-0.0195312
-24
-0.00585938
71
0.017334
-101
-0.0246582
74
0.0180664
72
0.0175781
-141
-0.0344238
-23
-0.00561523
-10
-0.00244141
-105
-0.0256348
100
0.0244141
-24
-0.00585938
-1
-0.000244141
0
0
-29
-0.00708008
-64
-0.015625
26
0.00634766
14
0.00341797
-89
-0.0217285
-15
-0.00366211
5
0.0012207
19
0.00463867
12
0.00292969
-3
-0.000732422
119
0.0290527
15
0.00366211
-115
-0.0280762
125
0.0305176
-6
-0.00146484
-20
-0.00488281
39
0.00952148
-66
-0.0161133
-148
-0.0361328
47
0.0114746
-156
-0.0380859
81
0.0197754
123
0.0300293
-17
-0.00415039
-35
-0.00854492
130
0.0317383
142
0.034668
81
0.0197754
1
0.000244141
26
0.00634766
-74
-0.0180664
17
0.00415039
30
0.00732422
108
0.0263672
91
0.0222168
-4
-0.000976562
-30
-0.00732422
102
0.0249023
-8
-0.00195312
46
0.0112305
99
0.0241699
-70
-0.0170898
112
0.0273438
12
0.00292969
-31
-0.00756836
-78
-0.019043
27
0.0065918
34
0.00830078
-2
-0.000488281
11
0.00268555
-119
-0.0290527
16
0.00390625
-58
-0.0141602
55
0.0134277
-61
-0.0148926
-41
-0.0100098
28
0.00683594
-42
-0.0102539
58
0.0141602
-76
-0.0185547
94
0.0229492
-15
-0.00366211
78
0.019043
-16
-0.00390625
15
0.00366211
14
0.00341797
40
0.00976562
-52
-0.0126953
71
0.017334
-15
-0.00366211
-53
-0.0129395
12
0.00292969
8
0.00195312
-2
-0.000488281
-7
-0.00170898
-26
-0.00634766
-5
-0.0012207
-52
-0.0126953
62
0.0151367
-23
-0.00561523
-28
-0.00683594
122
0.0297852
-149
-0.036377
58
0.0141602
-108
-0.0263672
-27
-0.0065918
-139
-0.0339355
0
0
136
0.0332031
81
0.0197754
-41
-0.0100098
5
0.0012207
0
0
-72
-0.0175781
-93
-0.0227051
19
0.00463867
-33
-0.00805664
63
0.0153809
-47
-0.0114746
-20
-0.00488281
29
0.00708008
26
0.00634766
9
0.00219727
-40
-0.00976562
130
0.0317383
128
0.03125
8
0.00195312
67
0.0163574
22
0.00537109
30
0.00732422
-24
-0.00585938
44
0.0107422
6
0.00146484
-5
-0.0012207
49
0.0119629
3
0.000732422
44
0.0107422
-87
-0.0212402
-43
-0.010498
17
0.00415039
79
0.0192871
-7
-0.00170898
97
0.0236816
51
0.0124512
-40
-0.00976562
-67
-0.0163574
27
0.0065918
-43
-0.010498
-24
-0.00585938
58
0.0141602
54
0.0131836
17
0.00415039
-29
-0.00708008
-121
-0.029541
-138
-0.0336914
-9
-0.00219727
-17
-0.00415039
-3
-0.000732422
58
0.0141602
39
0.00952148
-50
-0.012207
32
0.0078125
-47
-0.0114746
60
0.0146484
79
0.0192871
38
0.00927734
50
0.012207
33
0.00805664
74
0.0180664
36
0.00878906
-106
-0.0258789
-12
-0.00292969
-57
-0.013916
-7
-0.00170898
41
0.0100098
-15
-0.00366211
17
0.00415039
104
0.0253906
160
0.0390625
-6
-0.00146484
-190
-0.0463867
37
0.0090332
36
0.00878906
102
0.0249023
-10
-0.00244141
31
0.00756836
-16
-0.00390625
4
0.000976562
-60
-0.0146484
-98
-0.0239258
71
0.017334
-16
-0.00390625
31
0.00756836
19
0.00463867
-36
-0.00878906
-13
-0.00317383
33
0.00805664
-14
-0.00341797
-20
-0.00488281
-9
-0.00219727
93
0.0227051
52
0.0126953
-150
-0.0366211
-79
-0.0192871
-17
-0.00415039
-24
-0.00585938
59
0.0144043
2
0.000488281
152
0.0371094
64
0.015625
-48
-0.0117188
69
0.0168457
22
0.00537109
-83
-0.0202637
-72
-0.0175781
123
0.0300293
154
0.0375977
-12
-0.00292969
-14
-0.00341797
-7
-0.00170898
-17
-0.00415039
-32
-0.0078125
-21
-0.00512695
61
0.0148926
54
0.0131836
63
0.0153809
-80
-0.0195312
-11
-0.00268555
125
0.0305176
-68
-0.0166016
113
0.0275879
-14
-0.00341797
26
0.00634766
39
0.00952148
0
0
109
0.0266113
1
0.000244141
46
0.0112305
83
0.0202637
36
0.00878906
57
0.013916
-19
-0.00463867
-35
-0.00854492
-6
-0.00146484
124
0.0302734
21
0.00512695
-20
-0.00488281
37
0.0090332
-64
-0.015625
-6
-0.00146484
-108
-0.0263672
17
0.00415039
44
0.0107422
62
0.0151367
15
0.00366211
70
0.0170898
28
0.00683594
-15
-0.00366211
46
0.0112305
38
0.00927734
11
0.00268555
-7
-0.00170898
26
0.00634766
63
0.0153809
65
0.0158691
-20
-0.00488281
-88
-0.0214844
-80
-0.0195312
-18
-0.00439453
-21
-0.00512695
45
0.0109863
86
0.0209961
-84
-0.0205078
8
0.00195312
76
0.0185547
26
0.00634766
-38
-0.00927734
-29
-0.00708008
-36
-0.00878906
156
0.0380859
-113
-0.0275879
-14
-0.00341797
-38
-0.00927734
-87
-0.0212402
-210
-0.0512695
-39
-0.00952148
-9
-0.00219727
-34
-0.00830078
-8
-0.00195312
37
0.0090332
-10
-0.00244141
-80
-0.0195312
123
0.0300293
-58
-0.0141602
28
0.00683594
-59
-0.0144043
51
0.0124512
33
0.00805664
17
0.00415039
-30
-0.00732422
-16
-0.00390625
-27
-0.0065918
26
0.00634766
-35
-0.00854492
-29
-0.00708008
-32
-0.0078125
76
0.0185547
59
0.0144043
70
0.0170898
23
0.00561523
-120
-0.0292969
-37
-0.0090332
4
0.000976562
-48
-0.0117188
-30
-0.00732422
-13
-0.00317383
-26
-0.00634766
-6
-0.00146484
35
0.00854492
16
0.00390625
-25
-0.00610352
-41
-0.0100098
61
0.0148926
-30
-0.00732422
-50
-0.012207
-14
-0.00341797
-102
-0.0249023
-46
-0.0112305
-80
-0.0195312
-37
-0.0090332
63
0.0153809
6
0.00146484
-54
-0.0131836
-104
-0.0253906
23
0.00561523
67
0.0163574
18
0.00439453
117
0.0285645
-74
-0.0180664
15
0.00366211
85
0.020752
-37
-0.0090332
5
0.0012207
83
0.0202637
-25
-0.00610352
-46
-0.0112305
138
0.0336914
-36
-0.00878906
70
0.0170898
-9
-0.00219727
4
0.000976562
26
0.00634766
11
0.00268555
-72
-0.0175781
-9
-0.00219727
-42
-0.0102539
-61
-0.0148926
-24
-0.00585938
-101
-0.0246582
91
0.0222168
58
0.0141602
-7
-0.00170898
66
0.0161133
-38
-0.00927734
-117
-0.0285645
-37
-0.0090332
19
0.00463867
29
0.00708008
43
0.010498
-37
-0.0090332
4
0.000976562
64
0.015625
-68
-0.0166016
63
0.0153809
-136
-0.0332031
21
0.00512695
16
0.00390625
72
0.0175781
-36
-0.00878906
49
0.0119629
37
0.0090332
-85
-0.020752
-30
-0.00732422
-92
-0.0224609
-22
-0.00537109
-41
-0.0100098
-132
-0.0322266
51
0.0124512
-120
-0.0292969
-26
-0.00634766
76
0.0185547
0
0
21
0.00512695
-47
-0.0114746
-45
-0.0109863
-71
-0.017334
-35
-0.00854492
-52
-0.0126953
105
0.0256348
16
0.00390625
122
0.0297852
-67
-0.0163574
-202
-0.0493164
47
0.0114746
-19
-0.00463867
-56
-0.0136719
-69
-0.0168457
-2
-0.000488281
54
0.0131836
56
0.0136719
-155
-0.0378418
-37
-0.0090332
31
0.00756836
-67
-0.0163574
76
0.0185547
36
0.00878906
5
0.0012207
-61
-0.0148926
-16
-0.00390625
-9
-0.00219727
77
0.0187988
16
0.00390625
49
0.0119629
-44
-0.0107422
18
0.00439453
67
0.0163574
129
0.0314941
72
0.0175781
9
0.00219727
4
0.000976562
92
0.0224609
-36
-0.00878906
57
0.013916
-63
-0.0153809
5
0.0012207
-37
-0.0090332
-17
-0.00415039
64
0.015625
39
0.00952148
-69
-0.0168457
-48
-0.0117188
-117
-0.0285645
9
0.00219727
-103
-0.0251465
18
0.00439453
-17
-0.00415039
-32
-0.0078125
-30
-0.00732422
-139
-0.0339355
-51
-0.0124512
113
0.0275879
15
0.00366211
-1
-0.000244141
-18
-0.00439453
-25
-0.00610352
-88
-0.0214844
130
0.0317383
-2
-0.000488281
129
0.0314941
-12
-0.00292969
61
0.0148926
23
0.00561523
-27
-0.0065918
13
0.00317383
-65
-0.0158691
-9
-0.00219727
-14
-0.00341797
60
0.0146484
-70
-0.0170898
-102
-0.0249023
13
0.00317383
-92
-0.0224609
81
0.0197754
16
0.00390625
102
0.0249023
14
0.00341797
84
0.0205078
-77
-0.0187988
61
0.0148926
42
0.0102539
31
0.00756836
-82
-0.0200195
-4
-0.000976562
-72
-0.0175781
-21
-0.00512695
-45
-0.0109863
8
0.00195312
-16
-0.00390625
-86
-0.0209961
-5
-0.0012207
-26
-0.00634766
71
0.017334
-70
-0.0170898
-45
-0.0109863
-92
-0.0224609
50
0.012207
132
0.0322266
76
0.0185547
5
0.0012207
29
0.00708008
35
0.00854492
6
0.00146484
