329
0.0100403
-376
-0.0114746
-80
-0.00244141
249
0.00759888
470
0.0143433
96
0.00292969
403
0.0122986
199
0.006073
-512
-0.015625
-162
-0.00494385
-129
-0.00393677
259
0.00790405
210
0.00640869
-124
-0.00378418
525
0.0160217
-260
-0.00793457
154
0.00469971
-200
-0.00610352
-636
-0.0194092
-33
-0.00100708
-354
-0.0108032
-154
-0.00469971
796
0.024292
-160
-0.00488281
-427
-0.013031
216
0.0065918
1
3.05176e-05
-372
-0.0113525
-301
-0.00918579
-227
-0.00692749
-1203
-0.0367126
222
0.0067749
-211
-0.00643921
-31
-0.000946045
517
0.0157776
251
0.00765991
452
0.0137939
-80
-0.00244141
38
0.00115967
-250
-0.00762939
308
0.00939941
-252
-0.00769043
-132
-0.00402832
-427
-0.013031
133
0.00405884
-59
-0.00180054
-1051
-0.032074
191
0.00582886
412
0.0125732
-71
-0.00216675
571
0.0174255
-191
-0.00582886
236
0.00720215
-51
-0.0015564
-338
-0.0103149
0
0
253
0.00772095
83
0.00253296
430
0.0131226
-139
-0.00424194
-194
-0.00592041
-59
-0.00180054
-608
-0.0185547
-248
-0.00756836
-268
-0.00817871
-62
-0.00189209
-43
-0.00131226
125
0.0038147
-134
-0.00408936
181
0.00552368
-340
-0.010376
248
0.00756836
-6
-0.000183105
110
0.00335693
326
0.00994873
-31
-0.000946045
258
0.00787354
-337
-0.0102844
30
0.000915527
35
0.00106812
590
0.0180054
-99
-0.00302124
-625
-0.0190735
-462
-0.0140991
503
0.0153503
-202
-0.00616455
631
0.0192566
146
0.00445557
-816
-0.0249023
-112
-0.00341797
290
0.0088501
82
0.00250244
225
0.00686646
48
0.00146484
-140
-0.00427246
-200
-0.00610352
-27
-0.000823975
285
0.00869751
-294
-0.00897217
-270
-0.00823975
514
0.015686
-107
-0.00326538
158
0.00482178
-238
-0.00726318
308
0.00939941
79
0.00241089
370
0.0112915
-64
-0.00195312
241
0.00735474
101
0.00308228
685
0.0209045
316
0.00964355
-517
-0.0157776
-287
-0.00875854
-474
-0.0144653
-244
-0.00744629
132
0.00402832
-44
-0.00134277
215
0.00656128
39
0.00119019
-586
-0.0178833
-91
-0.0027771
20
0.000610352
-184
-0.00561523
470
0.0143433
-84
-0.00256348
-166
-0.00506592
84
0.00256348
-92
-0.00280762
385
0.0117493
923
0.0281677
-403
-0.0122986
-820
-0.0250244
-155
-0.00473022
425
0.01297
-482
-0.0147095
-362
-0.0110474
26
0.000793457
270
0.00823975
-95
-0.00289917
-256
-0.0078125
255
0.00778198
-952
-0.0290527
2
6.10352e-05
-24
-0.000732422
-292
-0.00891113
-13
-0.000396729
-130
-0.00396729
-760
-0.0231934
145
0.00442505
1064
0.0324707
110
0.00335693
775
0.0236511
123
0.00375366
144
0.00439453
-437
-0.0133362
-105
-0.00320435
-147
-0.00448608
686
0.0209351
-300
-0.00915527
227
0.00692749
179
0.00546265
71
0.00216675
-118
-0.00360107
571
0.0174255
221
0.00674438
-355
-0.0108337
99
0.00302124
-552
-0.0168457
146
0.00445557
-622
-0.0189819
74
0.0022583
611
0.0186462
-211
-0.00643921
122
0.00372314
230
0.00701904
293
0.00894165
-31
-0.000946045
603
0.0184021
388
0.0118408
32
0.000976562
550
0.0167847
106
0.00323486
-228
-0.00695801
213
0.00650024
-62
-0.00189209
249
0.00759888
-205
-0.0062561
-262
-0.00799561
153
0.00466919
145
0.00442505
-252
-0.00769043
230
0.00701904
-57
-0.0017395
-148
-0.0045166
48
0.00146484
247
0.00753784
126
0.00384521
-276
-0.00842285
220
0.00671387
-413
-0.0126038
156
0.00476074
170
0.00518799
25
0.000762939
1088
0.0332031
197
0.00601196
427
0.013031
-101
-0.00308228
-32
-0.000976562
373
0.0113831
-130
-0.00396729
-309
-0.00942993
298
0.00909424
-125
-0.0038147
-187
-0.00570679
175
0.00534058
175
0.00534058
107
0.00326538
-109
-0.00332642
222
0.0067749
-532
-0.0162354
-257
-0.00784302
661
0.0201721
-46
-0.00140381
-552
-0.0168457
-22
-0.000671387
577
0.0176086
13
0.000396729
-223
-0.00680542
272
0.00830078
-1073
-0.0327454
30
0.000915527
-372
-0.0113525
-368
-0.0112305
-385
-0.0117493
67
0.00204468
-72
-0.00219727
208
0.00634766
436
0.0133057
-204
-0.00622559
-326
-0.00994873
-141
-0.00430298
388
0.0118408
136
0.00415039
-14
-0.000427246
-201
-0.00613403
236
0.00720215
-129
-0.00393677
-234
-0.00714111
-166
-0.00506592
57
0.0017395
-178
-0.00543213
-372
-0.0113525
129
0.00393677
-634
-0.0193481
19
0.000579834
-47
-0.00143433
-135
-0.00411987
-394
-0.0120239
-58
-0.00177002
-738
-0.022522
325
0.00991821
-271
-0.00827026
-352
-0.0107422
-557
-0.0169983
-203
-0.00619507
17
0.000518799
75
0.00228882
-332
-0.0101318
-111
-0.00338745
-1098
-0.0335083
342
0.010437
684
0.020874
-9
-0.000274658
890
0.0271606
89
0.00271606
-421
-0.0128479
236
0.00720215
82
0.00250244
164
0.00500488
204
0.00622559
-26
-0.000793457
25
0.000762939
214
0.00653076
54
0.00164795
-30
-0.000915527
421
0.0128479
-1
-3.05176e-05
-224
-0.00683594
325
0.00991821
799
0.0243835
483
0.01474
905
0.0276184
-63
-0.00192261
761
0.0232239
-18
-0.000549316
-140
-0.00427246
-295
-0.00900269
-227
-0.00692749
53
0.00161743
-375
-0.0114441
-104
-0.00317383
-786
-0.0239868
-229
-0.00698853
-716
-0.0218506
-238
-0.00726318
801
0.0244446
55
0.00167847
-215
-0.00656128
-119
-0.00363159
463
0.0141296
76
0.00231934
-428
-0.0130615
-44
-0.00134277
362
0.0110474
-166
-0.00506592
752
0.0229492
-184
-0.00561523
361
0.0110168
68
0.0020752
-338
-0.0103149
14
0.000427246
-19
-0.000579834
67
0.00204468
110
0.00335693
245
0.00747681
169
0.00515747
-2
-6.10352e-05
45
0.00137329
-17
-0.000518799
-224
-0.00683594
-80
-0.00244141
-422
-0.0128784
-277
-0.00845337
228
0.00695801
300
0.00915527
-97
-0.00296021
-28
-0.000854492
203
0.00619507
-85
-0.00259399
53
0.00161743
-551
-0.0168152
-75
-0.00228882
-66
-0.00201416
185
0.00564575
-112
-0.00341797
-1061
-0.0323792
182
0.0055542
141
0.00430298
119
0.00363159
-62
-0.00189209
464
0.0141602
424
0.0129395
-212
-0.00646973
329
0.0100403
136
0.00415039
-500
-0.0152588
-152
-0.00463867
-747
-0.0227966
6
0.000183105
-91
-0.0027771
-53
-0.00161743
621
0.0189514
44
0.00134277
94
0.00286865
62
0.00189209
-123
-0.00375366
-130
-0.00396729
-576
-0.0175781
-365
-0.0111389
28
0.000854492
-141
-0.00430298
56
0.00170898
-241
-0.00735474
-723
-0.0220642
117
0.00357056
-347
-0.0105896
2
6.10352e-05
-339
-0.0103455
-292
-0.00891113
117
0.00357056
-46
-0.00140381
573
0.0174866
108
0.0032959
-882
-0.0269165
-280
-0.00854492
458
0.0139771
147
0.00448608
21
0.000640869
-359
-0.0109558
177
0.00540161
162
0.00494385
90
0.00274658
-24
-0.000732422
-440
-0.0134277
-32
-0.000976562
55
0.00167847
152
0.00463867
-341
-0.0104065
288
0.00878906
175
0.00534058
-434
-0.0132446
779
0.0237732
24
0.000732422
-97
-0.00296021
11
0.000335693
397
0.0121155
59
0.00180054
411
0.0125427
336
0.0102539
606
0.0184937
-52
-0.00158691
-192
-0.00585938
-188
-0.0057373
-262
-0.00799561
136
0.00415039
-193
-0.00588989
-479
-0.0146179
777
0.0237122
-88
-0.00268555
769
0.023468
-344
-0.010498
49
0.00149536
-44
-0.00134277
525
0.0160217
172
0.00524902
-113
-0.00344849
-142
-0.0043335
75
0.00228882
-203
-0.00619507
-364
-0.0111084
-99
-0.00302124
370
0.0112915
215
0.00656128
172
0.00524902
-487
-0.0148621
-19
-0.000579834
277
0.00845337
-25
-0.000762939
19
0.000579834
-181
-0.00552368
-117
-0.00357056
-190
-0.00579834
-247
-0.00753784
-138
-0.00421143
82
0.00250244
-261
-0.00796509
-9
-0.000274658
105
0.00320435
5
0.000152588
82
0.00250244
-149
-0.00454712
474
0.0144653
-189
-0.00576782
-275
-0.00839233
40
0.0012207
18
0.000549316
112
0.00341797
402
0.0122681
-68
-0.0020752
-528
-0.0161133
305
0.00930786
117
0.00357056
3
9.15527e-05
451
0.0137634
47
0.00143433
-260
-0.00793457
-287
-0.00875854
408
0.0124512
242
0.00738525
-189
-0.00576782
123
0.00375366
-66
-0.00201416
-133
-0.00405884
56
0.00170898
-97
-0.00296021
339
0.0103455
186
0.00567627
-636
-0.0194092
-107
-0.00326538
339
0.0103455
-112
-0.00341797
-328
-0.0100098
-24
-0.000732422
-14
-0.000427246
-153
-0.00466919
38
0.00115967
-8
-0.000244141
651
0.0198669
43
0.00131226
-154
-0.00469971
-72
-0.00219727
469
0.0143127
166
0.00506592
-174
-0.00531006
-45
-0.00137329
414
0.0126343
14
0.000427246
186
0.00567627
47
0.00143433
-753
-0.0229797
-17
-0.000518799
73
0.00222778
191
0.00582886
-59
-0.00180054
34
0.0010376
1106
0.0337524
305
0.00930786
1019
0.0310974
-16
-0.000488281
799
0.0243835
-192
-0.00585938
104
0.00317383
-197
-0.00601196
-51
-0.0015564
-166
-0.00506592
165
0.0050354
-202
-0.00616455
317
0.00967407
34
0.0010376
-430
-0.0131226
-49
-0.00149536
-499
-0.0152283
206
0.00628662
28
0.000854492
436
0.0133057
57
0.0017395
423
0.0129089
208
0.00634766
180
0.00549316
-355
-0.0108337
-83
-0.00253296
27
0.000823975
10
0.000305176
428
0.0130615
293
0.00894165
967
0.0295105
23
0.000701904
382
0.0116577
-88
-0.00268555
312
0.00952148
169
0.00515747
-706
-0.0215454
92
0.00280762
697
0.0212708
-45
-0.00137329
600
0.0183105
-104
-0.00317383
-878
-0.0267944
-325
-0.00991821
-60
-0.00183105
-152
-0.00463867
-40
-0.0012207
-237
-0.00723267
3
9.15527e-05
346
0.0105591
-316
-0.00964355
86
0.00262451
519
0.0158386
-129
-0.00393677
-311
-0.00949097
148
0.0045166
719
0.0219421
-116
-0.00354004
38
0.00115967
-238
-0.00726318
223
0.00680542
-2
-6.10352e-05
-507
-0.0154724
398
0.012146
28
0.000854492
-83
-0.00253296
618
0.0188599
179
0.00546265
262
0.00799561
59
0.00180054
-184
-0.00561523
253
0.00772095
366
0.0111694
27
0.000823975
-355
-0.0108337
-429
-0.013092
-1130
-0.0344849
-344
-0.010498
336
0.0102539
-314
-0.00958252
202
0.00616455
409
0.0124817
448
0.0136719
20
0.000610352
-66
-0.00201416
-70
-0.00213623
217
0.00662231
585
0.0178528
-183
-0.00558472
-281
-0.00857544
83
0.00253296
-178
-0.00543213
464
0.0141602
402
0.0122681
1051
0.032074
-428
-0.0130615
6
0.000183105
395
0.0120544
-177
-0.00540161
197
0.00601196
-238
-0.00726318
-314
-0.00958252
-377
-0.0115051
296
0.0090332
-62
-0.00189209
456
0.013916
-152
-0.00463867
30
0.000915527
-187
-0.00570679
230
0.00701904
-621
-0.0189514
323
0.00985718
-569
-0.0173645
-21
-0.000640869
189
0.00576782
-20
-0.000610352
-582
-0.0177612
-384
-0.0117188
361
0.0110168
-149
-0.00454712
604
0.0184326
-53
-0.00161743
-762
-0.0232544
128
0.00390625
-135
-0.00411987
-189
-0.00576782
328
0.0100098
90
0.00274658
285
0.00869751
-28
-0.000854492
64
0.00195312
-206
-0.00628662
-149
-0.00454712
-198
-0.00604248
269
0.00820923
-6
-0.000183105
397
0.0121155
-235
-0.00717163
-751
-0.0229187
-92
-0.00280762
372
0.0113525
132
0.00402832
-6
-0.000183105
7
0.000213623
-285
-0.00869751
107
0.00326538
-104
-0.00317383
-173
-0.00527954
-455
-0.0138855
-172
-0.00524902
-3
-9.15527e-05
169
0.00515747
-498
-0.0151978
-176
-0.00537109
-792
-0.0241699
313
0.009552
-331
-0.0101013
-372
-0.0113525
221
0.00674438
466
0.0142212
-58
-0.00177002
67
0.00204468
244
0.00744629
39
0.00119019
440
0.0134277
214
0.00653076
390
0.0119019
-91
-0.0027771
-57
-0.0017395
137
0.00418091
-557
-0.0169983
13
0.000396729
216
0.0065918
91
0.0027771
-419
-0.0127869
91
0.0027771
365
0.0111389
199
0.006073
655
0.019989
-62
-0.00189209
-520
-0.0158691
-97
-0.00296021
302
0.00921631
135
0.00411987
-682
-0.020813
171
0.00521851
529
0.0161438
-229
-0.00698853
1083
0.0330505
77
0.00234985
728
0.0222168
342
0.010437
-257
-0.00784302
-73
-0.00222778
-285
-0.00869751
94
0.00286865
-59
-0.00180054
-111
-0.00338745
814
0.0248413
73
0.00222778
-771
-0.0235291
-329
-0.0100403
161
0.00491333
-53
-0.00161743
897
0.0273743
225
0.00686646
209
0.00637817
136
0.00415039
-283
-0.00863647
57
0.0017395
-69
-0.00210571
-183
-0.00558472
-335
-0.0102234
-1
-3.05176e-05
187
0.00570679
-164
-0.00500488
-185
-0.00564575
233
0.0071106
-590
-0.0180054
-57
-0.0017395
-69
-0.00210571
-144
-0.00439453
-235
-0.00717163
123
0.00375366
161
0.00491333
-66
-0.00201416
-587
-0.0179138
33
0.00100708
364
0.0111084
101
0.00308228
356
0.0108643
-199
-0.006073
780
0.0238037
90
0.00274658
256
0.0078125
-141
-0.00430298
273
0.0083313
73
0.00222778
-84
-0.00256348
22
0.000671387
762
0.0232544
53
0.00161743
650
0.0198364
105
0.00320435
-180
-0.00549316
16
0.000488281
-226
-0.00689697
33
0.00100708
-106
-0.00323486
-390
-0.0119019
-998
-0.0304565
-130
-0.00396729
-207
-0.00631714
-183
-0.00558472
430
0.0131226
-2
-6.10352e-05
248
0.00756836
-244
-0.00744629
-182
-0.0055542
90
0.00274658
599
0.01828
263
0.00802612
-824
-0.0251465
168
0.00512695
-138
-0.00421143
-172
-0.00524902
-697
-0.0212708
-522
-0.0159302
442
0.0134888
-74
-0.0022583
-108
-0.0032959
80
0.00244141
289
0.00881958
346
0.0105591
-179
-0.00546265
20
0.000610352
-345
-0.0105286
-62
-0.00189209
77
0.00234985
-23
-0.000701904
24
0.000732422
158
0.00482178
351
0.0107117
-365
-0.0111389
286
0.00872803
-45
-0.00137329
-768
-0.0234375
176
0.00537109
148
0.0045166
204
0.00622559
-277
-0.00845337
23
0.000701904
-458
-0.0139771
-453
-0.0138245
121
0.00369263
41
0.00125122
87
0.00265503
136
0.00415039
-1056
-0.0322266
-203
-0.00619507
-104
-0.00317383
-125
-0.0038147
-98
-0.00299072
-51
-0.0015564
-184
-0.00561523
94
0.00286865
-693
-0.0211487
105
0.00320435
-74
-0.0022583
-22
-0.000671387
601
0.0183411
61
0.00186157
-565
-0.0172424
-85
-0.00259399
-552
-0.0168457
-19
-0.000579834
280
0.00854492
-92
-0.00280762
92
0.00280762
73
0.00222778
-644
-0.0196533
40
0.0012207
164
0.00500488
-19
-0.000579834
-111
-0.00338745
-168
-0.00512695
-21
-0.000640869
-46
-0.00140381
-79
-0.00241089
-195
-0.00595093
-132
-0.00402832
190
0.00579834
-274
-0.00836182
189
0.00576782
145
0.00442505
-625
-0.0190735
287
0.00875854
-341
-0.0104065
-152
-0.00463867
-163
-0.00497437
302
0.00921631
212
0.00646973
-651
-0.0198669
158
0.00482178
-172
-0.00524902
51
0.0015564
-250
-0.00762939
155
0.00473022
-556
-0.0169678
99
0.00302124
1308
0.039917
-200
-0.00610352
-465
-0.0141907
-15
-0.000457764
483
0.01474
116
0.00354004
474
0.0144653
-209
-0.00637817
438
0.0133667
-65
-0.00198364
610
0.0186157
75
0.00228882
-219
-0.00668335
13
0.000396729
195
0.00595093
-106
-0.00323486
416
0.0126953
303
0.00924683
463
0.0141296
67
0.00204468
612
0.0186768
-46
-0.00140381
-44
-0.00134277
-428
-0.0130615
-209
-0.00637817
-139
-0.00424194
153
0.00466919
185
0.00564575
-114
-0.003479
196
0.00598145
-26
-0.000793457
-16
-0.000488281
-656
-0.0200195
-116
-0.00354004
303
0.00924683
-176
-0.00537109
-616
-0.0187988
-60
-0.00183105
-486
-0.0148315
-306
-0.00933838
-255
-0.00778198
-107
-0.00326538
-109
-0.00332642
169
0.00515747
-391
-0.0119324
107
0.00326538
178
0.00543213
-177
-0.00540161
-12
-0.000366211
113
0.00344849
111
0.00338745
-203
-0.00619507
-265
-0.00808716
-50
-0.00152588
-257
-0.00784302
264
0.00805664
6
0.000183105
399
0.0121765
5
0.000152588
225
0.00686646
-543
-0.016571
-87
-0.00265503
607
0.0185242
-143
-0.00436401
-328
-0.0100098
0
0
-67
-0.00204468
19
0.000579834
830
0.0253296
158
0.00482178
-167
-0.00509644
116
0.00354004
368
0.0112305
-125
-0.0038147
293
0.00894165
39
0.00119019
-374
-0.0114136
168
0.00512695
647
0.0197449
80
0.00244141
343
0.0104675
-138
-0.00421143
-109
-0.00332642
249
0.00759888
440
0.0134277
-209
-0.00637817
-290
-0.0088501
87
0.00265503
-109
-0.00332642
-225
-0.00686646
374
0.0114136
18
0.000549316
308
0.00939941
65
0.00198364
143
0.00436401
-90
-0.00274658
306
0.00933838
-302
-0.00921631
-424
-0.0129395
138
0.00421143
-816
-0.0249023
-115
-0.00350952
-104
-0.00317383
161
0.00491333
9
0.000274658
-294
-0.00897217
-33
-0.00100708
-78
-0.00238037
1200
0.0366211
-208
-0.00634766
450
0.0137329
120
0.00366211
337
0.0102844
90
0.00274658
295
0.00900269
215
0.00656128
26
0.000793457
-12
-0.000366211
-341
-0.0104065
-136
-0.00415039
-137
-0.00418091
-408
-0.0124512
311
0.00949097
-164
-0.00500488
-65
-0.00198364
-3
-9.15527e-05
599
0.01828
15
0.000457764
620
0.0189209
339
0.0103455
-35
-0.00106812
-151
-0.00460815
-523
-0.0159607
-188
-0.0057373
-613
-0.0187073
-361
-0.0110168
52
0.00158691
-252
-0.00769043
-91
-0.0027771
-24
-0.000732422
-291
-0.00888062
164
0.00500488
180
0.00549316
-112
-0.00341797
58
0.00177002
225
0.00686646
4
0.00012207
-210
-0.00640869
-79
-0.00241089
171
0.00521851
269
0.00820923
-167
-0.00509644
-399
-0.0121765
-291
-0.00888062
330
0.0100708
34
0.0010376
26
0.000793457
-42
-0.00128174
-513
-0.0156555
-93
-0.00283813
191
0.00582886
-274
-0.00836182
-547
-0.0166931
31
0.000946045
-975
-0.0297546
-93
-0.00283813
562
0.0171509
-72
-0.00219727
36
0.00109863
221
0.00674438
64
0.00195312
-90
-0.00274658
39
0.00119019
99
0.00302124
-347
-0.0105896
-16
-0.000488281
105
0.00320435
-203
-0.00619507
751
0.0229187
-292
-0.00891113
349
0.0106506
35
0.00106812
-761
-0.0232239
347
0.0105896
-391
-0.0119324
-32
-0.000976562
-237
-0.00723267
-433
-0.0132141
326
0.00994873
-201
-0.00613403
-227
-0.00692749
79
0.00241089
-286
-0.00872803
-126
-0.00384521
-254
-0.00775146
74
0.0022583
13
0.000396729
-15
-0.000457764
1094
0.0333862
-98
-0.00299072
-721
-0.0220032
3
9.15527e-05
227
0.00692749
-20
-0.000610352
-48
-0.00146484
-120
-0.00366211
431
0.0131531
-218
-0.00665283
-379
-0.0115662
-31
-0.000946045
375
0.0114441
208
0.00634766
-135
-0.00411987
282
0.00860596
151
0.00460815
185
0.00564575
-42
-0.00128174
-210
-0.00640869
371
0.011322
-91
-0.0027771
408
0.0124512
31
0.000946045
-414
-0.0126343
25
0.000762939
-1032
-0.0314941
-220
-0.00671387
452
0.0137939
-151
-0.00460815
-399
-0.0121765
11
0.000335693
558
0.0170288
237
0.00723267
612
0.0186768
-105
-0.00320435
215
0.00656128
143
0.00436401
-115
-0.00350952
118
0.00360107
-242
-0.00738525
253
0.00772095
-51
-0.0015564
49
0.00149536
-232
-0.00708008
-50
-0.00152588
-155
-0.00473022
-2
-6.10352e-05
-387
-0.0118103
-10
-0.000305176
82
0.00250244
-256
-0.0078125
942
0.0287476
32
0.000976562
-62
-0.00189209
195
0.00595093
231
0.00704956
165
0.0050354
309
0.00942993
-300
-0.00915527
1
3.05176e-05
68
0.0020752
-167
-0.00509644
178
0.00543213
-461
-0.0140686
-494
-0.0150757
-741
-0.0226135
-39
-0.00119019
127
0.00387573
287
0.00875854
-823
-0.025116
-143
-0.00436401
131
0.0039978
232
0.00708008
491
0.0149841
52
0.00158691
-146
-0.00445557
-203
-0.00619507
537
0.0163879
61
0.00186157
920
0.0280762
263
0.00802612
-484
-0.0147705
-9
-0.000274658
554
0.0169067
-39
-0.00119019
-282
-0.00860596
-284
-0.00866699
-645
-0.0196838
178
0.00543213
-175
-0.00534058
41
0.00125122
498
0.0151978
161
0.00491333
-634
-0.0193481
-63
-0.00192261
-737
-0.0224915
135
0.00411987
-1008
-0.0307617
258
0.00787354
-399
-0.0121765
54
0.00164795
653
0.019928
-121
-0.00369263
-186
-0.00567627
-84
-0.00256348
587
0.0179138
126
0.00384521
724
0.0220947
136
0.00415039
-545
-0.0166321
388
0.0118408
-26
-0.000793457
-107
-0.00326538
684
0.020874
-153
-0.00466919
240
0.00732422
10
0.000305176
32
0.000976562
-216
-0.0065918
73
0.00222778
417
0.0127258
-508
-0.0155029
269
0.00820923
309
0.00942993
-31
-0.000946045
-84
-0.00256348
-22
-0.000671387
393
0.0119934
-5
-0.000152588
-61
-0.00186157
55
0.00167847
-92
-0.00280762
231
0.00704956
-383
-0.0116882
244
0.00744629
638
0.0194702
-458
-0.0139771
-562
-0.0171509
-96
-0.00292969
322
0.00982666
-245
-0.00747681
-426
-0.0130005
17
0.000518799
449
0.0137024
194
0.00592041
56
0.00170898
69
0.00210571
-945
-0.0288391
-38
-0.00115967
-567
-0.0173035
155
0.00473022
558
0.0170288
-134
-0.00408936
-283
-0.00863647
121
0.00369263
-617
-0.0188293
145
0.00442505
-250
-0.00762939
-73
-0.00222778
-598
-0.0182495
-436
-0.0133057
-712
-0.0217285
280
0.00854492
135
0.00411987
-64
-0.00195312
192
0.00585938
-371
-0.011322
-253
-0.00772095
34
0.0010376
155
0.00473022
-49
-0.00149536
67
0.00204468
-114
-0.003479
634
0.0193481
-214
-0.00653076
-33
-0.00100708
130
0.00396729
-82
-0.00250244
-32
-0.000976562
-90
-0.00274658
388
0.0118408
-10
-0.000305176
93
0.00283813
288
0.00878906
-29
-0.00088501
-165
-0.0050354
-58
-0.00177002
-867
-0.0264587
-673
-0.0205383
-108
-0.0032959
-54
-0.00164795
25
0.000762939
-207
-0.00631714
111
0.00338745
-207
-0.00631714
-44
-0.00134277
68
0.0020752
-570
-0.017395
146
0.00445557
-352
-0.0107422
-64
-0.00195312
232
0.00708008
105
0.00320435
-922
-0.0281372
197
0.00601196
689
0.0210266
-195
-0.00595093
14
0.000427246
300
0.00915527
43
0.00131226
29
0.00088501
-204
-0.00622559
23
0.000701904
304
0.00927734
14
0.000427246
279
0.0085144
7
0.000213623
-285
-0.00869751
-151
-0.00460815
-823
-0.025116
-200
-0.00610352
-433
-0.0132141
-83
-0.00253296
-867
-0.0264587
27
0.000823975
241
0.00735474
-96
-0.00292969
-397
-0.0121155
74
0.0022583
-208
-0.00634766
-155
-0.00473022
31
0.000946045
-72
-0.00219727
-273
-0.0083313
-36
-0.00109863
523
0.0159607
-20
-0.000610352
115
0.00350952
-194
-0.00592041
-28
-0.000854492
-76
-0.00231934
-376
-0.0114746
-95
-0.00289917
589
0.0179749
153
0.00466919
275
0.00839233
-61
-0.00186157
47
0.00143433
-334
-0.0101929
68
0.0020752
242
0.00738525
464
0.0141602
561
0.0171204
-122
-0.00372314
288
0.00878906
-350
-0.0106812
215
0.00656128
230
0.00701904
-67
-0.00204468
-628
-0.019165
62
0.00189209
17
0.000518799
-222
-0.0067749
-347
-0.0105896
128
0.00390625
278
0.00848389
176
0.00537109
84
0.00256348
-105
-0.00320435
44
0.00134277
-26
-0.000793457
746
0.0227661
-61
-0.00186157
350
0.0106812
-197
-0.00601196
-973
-0.0296936
4
0.00012207
377
0.0115051
-73
-0.00222778
1102
0.0336304
43
0.00131226
129
0.00393677
-122
-0.00372314
784
0.0239258
-144
-0.00439453
-435
-0.0132751
175
0.00534058
-371
-0.011322
-272
-0.00830078
-192
-0.00585938
-200
-0.00610352
141
0.00430298
-38
-0.00115967
-222
-0.0067749
35
0.00106812
69
0.00210571
-2
-6.10352e-05
175
0.00534058
151
0.00460815
360
0.0109863
140
0.00427246
607
0.0185242
146
0.00445557
242
0.00738525
-299
-0.00912476
-288
-0.00878906
142
0.0043335
623
0.0190125
-257
-0.00784302
494
0.0150757
-265
-0.00808716
461
0.0140686
211
0.00643921
1001
0.0305481
-145
-0.00442505
-555
-0.0169373
87
0.00265503
-165
-0.0050354
-299
-0.00912476
697
0.0212708
-13
-0.000396729
-189
-0.00576782
-46
-0.00140381
507
0.0154724
-86
-0.00262451
-301
-0.00918579
-103
-0.00314331
-168
-0.00512695
-12
-0.000366211
5
0.000152588
262
0.00799561
594
0.0181274
-152
-0.00463867
-585
-0.0178528
-180
-0.00549316
151
0.00460815
218
0.00665283
-842
-0.0256958
168
0.00512695
28
0.000854492
11
0.000335693
-45
-0.00137329
214
0.00653076
-776
-0.0236816
-278
-0.00848389
-249
-0.00759888
177
0.00540161
-800
-0.0244141
488
0.0148926
275
0.00839233
48
0.00146484
394
0.0120239
372
0.0113525
-110
-0.00335693
108
0.0032959
80
0.00244141
180
0.00549316
154
0.00469971
-30
-0.000915527
294
0.00897217
226
0.00689697
76
0.00231934
-82
-0.00250244
-984
-0.0300293
175
0.00534058
153
0.00466919
-135
-0.00411987
226
0.00689697
-50
-0.00152588
238
0.00726318
-9
-0.000274658
-306
-0.00933838
120
0.00366211
559
0.0170593
156
0.00476074
265
0.00808716
-70
-0.00213623
-126
-0.00384521
-153
-0.00466919
-219
-0.00668335
116
0.00354004
-842
-0.0256958
-262
-0.00799561
600
0.0183105
287
0.00875854
267
0.00814819
280
0.00854492
-760
-0.0231934
-165
-0.0050354
152
0.00463867
246
0.00750732
-93
-0.00283813
130
0.00396729
183
0.00558472
112
0.00341797
-552
-0.0168457
96
0.00292969
-429
-0.013092
251
0.00765991
674
0.0205688
-497
-0.0151672
9
0.000274658
-169
-0.00515747
-425
-0.01297
-354
-0.0108032
65
0.00198364
-25
-0.000762939
239
0.0072937
206
0.00628662
-366
-0.0111694
93
0.00283813
-1002
-0.0305786
-123
-0.00375366
224
0.00683594
-257
-0.00784302
-168
-0.00512695
500
0.0152588
-827
-0.025238
31
0.000946045
166
0.00506592
197
0.00601196
-254
-0.00775146
82
0.00250244
-268
-0.00817871
14
0.000427246
743
0.0226746
-147
-0.00448608
-386
-0.0117798
-432
-0.0131836
153
0.00466919
-271
-0.00827026
294
0.00897217
-116
-0.00354004
-840
-0.0256348
372
0.0113525
-532
-0.0162354
267
0.00814819
-474
-0.0144653
396
0.012085
574
0.0175171
-60
-0.00183105
557
0.0169983
37
0.00112915
624
0.019043
148
0.0045166
276
0.00842285
-254
-0.00775146
-488
-0.0148926
-45
-0.00137329
-58
-0.00177002
82
0.00250244
-526
-0.0160522
248
0.00756836
-696
-0.0212402
72
0.00219727
69
0.00210571
-131
-0.0039978
-397
-0.0121155
-117
-0.00357056
78
0.00238037
115
0.00350952
700
0.0213623
-131
-0.0039978
451
0.0137634
-125
-0.0038147
339
0.0103455
54
0.00164795
-232
-0.00708008
-200
-0.00610352
-255
-0.00778198
467
0.0142517
204
0.00622559
210
0.00640869
10
0.000305176
174
0.00531006
204
0.00622559
54
0.00164795
258
0.00787354
-261
-0.00796509
-225
-0.00686646
-416
-0.0126953
287
0.00875854
318
0.00970459
276
0.00842285
17
0.000518799
468
0.0142822
-144
-0.00439453
-769
-0.023468
278
0.00848389
373
0.0113831
-48
-0.00146484
494
0.0150757
-59
-0.00180054
238
0.00726318
-414
-0.0126343
-6
-0.000183105
-232
-0.00708008
57
0.0017395
-275
-0.00839233
-168
-0.00512695
-81
-0.00247192
-403
-0.0122986
-61
-0.00186157
-369
-0.011261
118
0.00360107
-200
-0.00610352
-172
-0.00524902
67
0.00204468
124
0.00378418
-675
-0.0205994
-412
-0.0125732
54
0.00164795
38
0.00115967
834
0.0254517
55
0.00167847
369
0.011261
-144
-0.00439453
-164
-0.00500488
203
0.00619507
-56
-0.00170898
146
0.00445557
-96
-0.00292969
158
0.00482178
-740
-0.022583
-151
-0.00460815
-7
-0.000213623
-84
-0.00256348
1112
0.0339355
-64
-0.00195312
585
0.0178528
21
0.000640869
242
0.00738525
65
0.00198364
-135
-0.00411987
95
0.00289917
-545
-0.0166321
251
0.00765991
-364
-0.0111084
-65
-0.00198364
-411
-0.0125427
92
0.00280762
490
0.0149536
-63
-0.00192261
-740
-0.022583
17
0.000518799
127
0.00387573
115
0.00350952
-507
-0.0154724
244
0.00744629
-368
-0.0112305
-410
-0.0125122
-159
-0.00485229
255
0.00778198
101
0.00308228
28
0.000854492
-251
-0.00765991
-338
-0.0103149
773
0.0235901
94
0.00286865
121
0.00369263
-486
-0.0148315
340
0.010376
440
0.0134277
-93
-0.00283813
-271
-0.00827026
-196
-0.00598145
-115
-0.00350952
323
0.00985718
-82
-0.00250244
-72
-0.00219727
80
0.00244141
-240
-0.00732422
116
0.00354004
316
0.00964355
-282
-0.00860596
-179
-0.00546265
-83
-0.00253296
393
0.0119934
-114
-0.003479
-100
-0.00305176
72
0.00219727
-224
-0.00683594
204
0.00622559
150
0.00457764
-124
-0.00378418
-546
-0.0166626
-107
-0.00326538
-945
-0.0288391
-122
-0.00372314
732
0.0223389
82
0.00250244
238
0.00726318
164
0.00500488
44
0.00134277
-270
-0.00823975
81
0.00247192
-70
-0.00213623
544
0.0166016
-9
-0.000274658
-41
-0.00125122
-53
-0.00161743
-664
-0.0202637
87
0.00265503
-822
-0.0250854
-80
-0.00244141
160
0.00488281
-197
-0.00601196
-203
-0.00619507
-72
-0.00219727
320
0.00976562
119
0.00363159
-720
-0.0219727
-183
-0.00558472
-1042
-0.0317993
-222
-0.0067749
-274
-0.00836182
-235
-0.00717163
417
0.0127258
147
0.00448608
473
0.0144348
-298
-0.00909424
1105
0.0337219
-226
-0.00689697
-131
-0.0039978
-70
-0.00213623
-154
-0.00469971
55
0.00167847
-55
-0.00167847
151
0.00460815
-596
-0.0181885
-70
-0.00213623
-296
-0.0090332
-250
-0.00762939
-277
-0.00845337
-236
-0.00720215
97
0.00296021
90
0.00274658
17
0.000518799
-39
-0.00119019
1029
0.0314026
120
0.00366211
-381
-0.0116272
205
0.0062561
-441
-0.0134583
57
0.0017395
257
0.00784302
-161
-0.00491333
301
0.00918579
210
0.00640869
-157
-0.00479126
131
0.0039978
-662
-0.0202026
-96
-0.00292969
-320
-0.00976562
63
0.00192261
930
0.0283813
-195
-0.00595093
-839
-0.0256042
136
0.00415039
74
0.0022583
42
0.00128174
-500
-0.0152588
101
0.00308228
-200
-0.00610352
-87
-0.00265503
-316
-0.00964355
105
0.00320435
73
0.00222778
139
0.00424194
809
0.0246887
420
0.0128174
547
0.0166931
140
0.00427246
659
0.0201111
-67
-0.00204468
454
0.013855
33
0.00100708
-651
-0.0198669
-129
-0.00393677
-223
-0.00680542
285
0.00869751
-96
-0.00292969
433
0.0132141
546
0.0166626
-57
-0.0017395
661
0.0201721
-78
-0.00238037
-461
-0.0140686
135
0.00411987
175
0.00534058
-16
-0.000488281
122
0.00372314
285
0.00869751
-201
-0.00613403
225
0.00686646
-304
-0.00927734
-223
-0.00680542
-381
-0.0116272
-49
-0.00149536
264
0.00805664
-41
-0.00125122
449
0.0137024
342
0.010437
-235
-0.00717163
136
0.00415039
-113
-0.00344849
281
0.00857544
277
0.00845337
80
0.00244141
-99
-0.00302124
266
0.00811768
283
0.00863647
-70
-0.00213623
-369
-0.011261
-98
-0.00299072
929
0.0283508
97
0.00296021
-19
-0.000579834
-302
-0.00921631
-857
-0.0261536
91
0.0027771
-726
-0.0221558
254
0.00775146
237
0.00723267
180
0.00549316
116
0.00354004
46
0.00140381
157
0.00479126
-175
-0.00534058
-199
-0.006073
-86
-0.00262451
-10
-0.000305176
20
0.000610352
294
0.00897217
597
0.018219
572
0.0174561
180
0.00549316
-164
-0.00500488
-293
-0.00894165
-584
-0.0178223
-70
-0.00213623
181
0.00552368
-222
-0.0067749
20
0.000610352
29
0.00088501
-32
-0.000976562
-133
-0.00405884
-675
-0.0205994
20
0.000610352
-296
-0.0090332
-27
-0.000823975
935
0.0285339
10
0.000305176
-34
-0.0010376
-94
-0.00286865
-620
-0.0189209
-253
-0.00772095
657
0.02005
-379
-0.0115662
290
0.0088501
65
0.00198364
-1155
-0.0352478
42
0.00128174
116
0.00354004
5
0.000152588
977
0.0298157
-125
-0.0038147
-65
-0.00198364
-345
-0.0105286
-165
-0.0050354
-154
-0.00469971
-496
-0.0151367
26
0.000793457
-53
-0.00161743
-11
-0.000335693
-203
-0.00619507
-10
-0.000305176
-165
-0.0050354
0
0
363
0.0110779
-137
-0.00418091
-235
-0.00717163
-287
-0.00875854
692
0.0211182
-49
-0.00149536
-263
-0.00802612
-280
-0.00854492
-256
-0.0078125
437
0.0133362
220
0.00671387
104
0.00317383
645
0.0196838
260
0.00793457
-313
-0.009552
297
0.00906372
44
0.00134277
79
0.00241089
91
0.0027771
-58
-0.00177002
169
0.00515747
-4
-0.00012207
-111
-0.00338745
-90
-0.00274658
65
0.00198364
-172
-0.00524902
-162
-0.00494385
-10
-0.000305176
-174
-0.00531006
20
0.000610352
625
0.0190735
-64
-0.00195312
-99
-0.00302124
159
0.00485229
318
0.00970459
-235
-0.00717163
714
0.0217896
17
0.000518799
-511
-0.0155945
-462
-0.0140991
201
0.00613403
-72
-0.00219727
70
0.00213623
198
0.00604248
-619
-0.0188904
-194
-0.00592041
-813
-0.0248108
-7
-0.000213623
-131
-0.0039978
174
0.00531006
378
0.0115356
312
0.00952148
374
0.0114136
137
0.00418091
303
0.00924683
-121
-0.00369263
-600
-0.0183105
-234
-0.00714111
-56
-0.00170898
32
0.000976562
-312
-0.00952148
47
0.00143433
-73
-0.00222778
-272
-0.00830078
-616
-0.0187988
-47
-0.00143433
-49
-0.00149536
52
0.00158691
511
0.0155945
320
0.00976562
147
0.00448608
117
0.00357056
524
0.0159912
-122
-0.00372314
18
0.000549316
75
0.00228882
-299
-0.00912476
-82
-0.00250244
-68
-0.0020752
156
0.00476074
478
0.0145874
-121
-0.00369263
27
0.000823975
127
0.00387573
29
0.00088501
16
0.000488281
748
0.0228271
102
0.00311279
-495
-0.0151062
2
6.10352e-05
365
0.0111389
223
0.00680542
-158
-0.00482178
-201
-0.00613403
950
0.0289917
-314
-0.00958252
-36
-0.00109863
-57
-0.0017395
-478
-0.0145874
-154
-0.00469971
415
0.0126648
-5
-0.000152588
619
0.0188904
-145
-0.00442505
-84
-0.00256348
56
0.00170898
-557
-0.0169983
80
0.00244141
-266
-0.00811768
321
0.00979614
518
0.0158081
-124
-0.00378418
651
0.0198669
258
0.00787354
111
0.00338745
47
0.00143433
121
0.00369263
95
0.00289917
-703
-0.0214539
-140
-0.00427246
-381
-0.0116272
231
0.00704956
232
0.00708008
-391
-0.0119324
632
0.0192871
-247
-0.00753784
-306
-0.00933838
152
0.00463867
-410
-0.0125122
-314
-0.00958252
-100
-0.00305176
-68
-0.0020752
108
0.0032959
-399
-0.0121765
1149
0.0350647
297
0.00906372
-790
-0.0241089
326
0.00994873
-305
-0.00930786
-92
-0.00280762
-42
-0.00128174
-77
-0.00234985
-664
-0.0202637
37
0.00112915
-432
-0.0131836
-75
-0.00228882
48
0.00146484
223
0.00680542
478
0.0145874
24
0.000732422
138
0.00421143
384
0.0117188
-767
-0.023407
-133
-0.00405884
316
0.00964355
-334
-0.0101929
-622
-0.0189819
298
0.00909424
190
0.00579834
77
0.00234985
218
0.00665283
-43
-0.00131226
94
0.00286865
110
0.00335693
149
0.00454712
126
0.00384521
-42
-0.00128174
-77
-0.00234985
37
0.00112915
242
0.00738525
313
0.009552
-62
-0.00189209
353
0.0107727
-87
-0.00265503
92
0.00280762
-260
-0.00793457
-276
-0.00842285
136
0.00415039
-435
-0.0132751
-116
-0.00354004
144
0.00439453
213
0.00650024
151
0.00460815
-46
-0.00140381
459
0.0140076
-432
-0.0131836
80
0.00244141
35
0.00106812
466
0.0142212
131
0.0039978
-37
-0.00112915
-207
-0.00631714
-462
-0.0140991
137
0.00418091
446
0.0136108
452
0.0137939
-911
-0.0278015
-123
-0.00375366
-630
-0.0192261
-16
-0.000488281
-993
-0.030304
-214
-0.00653076
-422
-0.0128784
66
0.00201416
92
0.00280762
-5
-0.000152588
114
0.003479
51
0.0015564
-1393
-0.042511
-361
-0.0110168
-225
-0.00686646
111
0.00338745
-367
-0.0112
145
0.00442505
-483
-0.01474
-226
-0.00689697
204
0.00622559
174
0.00531006
-317
-0.00967407
-6
-0.000183105
-774
-0.0236206
-372
-0.0113525
-234
-0.00714111
147
0.00448608
675
0.0205994
96
0.00292969
715
0.0218201
-246
-0.00750732
-370
-0.0112915
5
0.000152588
-208
-0.00634766
-34
-0.0010376
-255
-0.00778198
150
0.00457764
373
0.0113831
85
0.00259399
13
0.000396729
335
0.0102234
66
0.00201416
125
0.0038147
-465
-0.0141907
173
0.00527954
509
0.0155334
-328
-0.0100098
95
0.00289917
-162
-0.00494385
122
0.00372314
-151
-0.00460815
-718
-0.0219116
-41
-0.00125122
9
0.000274658
253
0.00772095
-327
-0.00997925
-130
-0.00396729
-438
-0.0133667
7
0.000213623
210
0.00640869
12
0.000366211
-505
-0.0154114
-104
-0.00317383
-352
-0.0107422
108
0.0032959
-204
-0.00622559
60
0.00183105
-387
-0.0118103
136
0.00415039
622
0.0189819
160
0.00488281
-156
-0.00476074
146
0.00445557
-8
-0.000244141
-10
-0.000305176
-306
-0.00933838
115
0.00350952
1016
0.0310059
-59
-0.00180054
288
0.00878906
273
0.0083313
-27
-0.000823975
-95
-0.00289917
-472
-0.0144043
-11
-0.000335693
557
0.0169983
-216
-0.0065918
652
0.0198975
48
0.00146484
357
0.0108948
-22
-0.000671387
963
0.0293884
43
0.00131226
-554
-0.0169067
354
0.0108032
627
0.0191345
103
0.00314331
-808
-0.0246582
117
0.00357056
130
0.00396729
-104
-0.00317383
-255
-0.00778198
-53
-0.00161743
-690
-0.0210571
171
0.00521851
-676
-0.0206299
-193
-0.00588989
-303
-0.00924683
241
0.00735474
256
0.0078125
99
0.00302124
-240
-0.00732422
-96
-0.00292969
373
0.0113831
30
0.000915527
768
0.0234375
449
0.0137024
-723
-0.0220642
-237
-0.00723267
108
0.0032959
-186
-0.00567627
192
0.00585938
-139
-0.00424194
408
0.0124512
-34
-0.0010376
-179
-0.00546265
-154
-0.00469971
309
0.00942993
501
0.0152893
-172
-0.00524902
-296
-0.0090332
364
0.0111084
-65
-0.00198364
-112
-0.00341797
-83
-0.00253296
303
0.00924683
-63
-0.00192261
25
0.000762939
-187
-0.00570679
-690
-0.0210571
-133
-0.00405884
-130
-0.00396729
-155
-0.00473022
269
0.00820923
-153
-0.00466919
265
0.00808716
-36
-0.00109863
-99
-0.00302124
21
0.000640869
164
0.00500488
-110
-0.00335693
-598
-0.0182495
288
0.00878906
375
0.0114441
-260
-0.00793457
-241
-0.00735474
-331
-0.0101013
-600
-0.0183105
-80
-0.00244141
276
0.00842285
-313
-0.009552
156
0.00476074
234
0.00714111
884
0.0269775
392
0.0119629
-382
-0.0116577
-4
-0.00012207
434
0.0132446
378
0.0115356
-818
-0.0249634
-48
-0.00146484
-670
-0.0204468
19
0.000579834
343
0.0104675
89
0.00271606
-228
-0.00695801
-165
-0.0050354
-270
-0.00823975
-363
-0.0110779
8
0.000244141
72
0.00219727
333
0.0101624
175
0.00534058
-604
-0.0184326
-311
-0.00949097
444
0.0135498
302
0.00921631
89
0.00271606
20
0.000610352
286
0.00872803
90
0.00274658
367
0.0112
-357
-0.0108948
435
0.0132751
360
0.0109863
126
0.00384521
-452
-0.0137939
23
0.000701904
-303
-0.00924683
555
0.0169373
168
0.00512695
451
0.0137634
-185
-0.00564575
-12
-0.000366211
380
0.0115967
176
0.00537109
139
0.00424194
-106
-0.00323486
-53
-0.00161743
246
0.00750732
112
0.00341797
-242
-0.00738525
-239
-0.0072937
111
0.00338745
140
0.00427246
41
0.00125122
7
0.000213623
1121
0.0342102
-241
-0.00735474
-296
-0.0090332
-86
-0.00262451
521
0.0158997
96
0.00292969
-344
-0.010498
228
0.00695801
828
0.0252686
212
0.00646973
-299
-0.00912476
13
0.000396729
-671
-0.0204773
78
0.00238037
937
0.028595
208
0.00634766
-381
-0.0116272
-134
-0.00408936
329
0.0100403
86
0.00262451
299
0.00912476
191
0.00582886
377
0.0115051
30
0.000915527
-73
-0.00222778
-70
-0.00213623
-787
-0.0240173
-215
-0.00656128
-281
-0.00857544
48
0.00146484
433
0.0132141
494
0.0150757
126
0.00384521
-80
-0.00244141
-23
-0.000701904
-31
-0.000946045
-150
-0.00457764
192
0.00585938
603
0.0184021
-184
-0.00561523
-354
-0.0108032
256
0.0078125
469
0.0143127
51
0.0015564
507
0.0154724
-70
-0.00213623
-386
-0.0117798
76
0.00231934
305
0.00930786
-316
-0.00964355
-237
-0.00723267
-55
-0.00167847
-230
-0.00701904
68
0.0020752
793
0.0242004
259
0.00790405
204
0.00622559
-220
-0.00671387
756
0.0230713
-389
-0.0118713
453
0.0138245
-294
-0.00897217
-901
-0.0274963
-38
-0.00115967
-568
-0.017334
25
0.000762939
-114
-0.003479
231
0.00704956
832
0.0253906
-240
-0.00732422
-794
-0.024231
-258
-0.00787354
94
0.00286865
-491
-0.0149841
464
0.0141602
45
0.00137329
-248
-0.00756836
-80
-0.00244141
559
0.0170593
192
0.00585938
101
0.00308228
-287
-0.00875854
493
0.0150452
-41
-0.00125122
-670
-0.0204468
-140
-0.00427246
-92
-0.00280762
27
0.000823975
-16
-0.000488281
-254
-0.00775146
292
0.00891113
-8
-0.000244141
-397
-0.0121155
480
0.0146484
336
0.0102539
296
0.0090332
-335
-0.0102234
-44
-0.00134277
508
0.0155029
349
0.0106506
300
0.00915527
285
0.00869751
28
0.000854492
191
0.00582886
117
0.00357056
330
0.0100708
-335
-0.0102234
-260
-0.00793457
959
0.0292664
104
0.00317383
523
0.0159607
-21
-0.000640869
316
0.00964355
68
0.0020752
-908
-0.02771
101
0.00308228
597
0.018219
108
0.0032959
582
0.0177612
-2
-6.10352e-05
558
0.0170288
13
0.000396729
559
0.0170593
-356
-0.0108643
147
0.00448608
-157
-0.00479126
-737
-0.0224915
49
0.00149536
-30
-0.000915527
-173
-0.00527954
-401
-0.0122375
144
0.00439453
-176
-0.00537109
-227
-0.00692749
-411
-0.0125427
7
0.000213623
186
0.00567627
-380
-0.0115967
345
0.0105286
-59
-0.00180054
-393
-0.0119934
-70
-0.00213623
163
0.00497437
294
0.00897217
869
0.0265198
-194
-0.00592041
55
0.00167847
59
0.00180054
492
0.0150146
58
0.00177002
-153
-0.00466919
-172
-0.00524902
-68
-0.0020752
78
0.00238037
374
0.0114136
10
0.000305176
550
0.0167847
161
0.00491333
-444
-0.0135498
-60
-0.00183105
601
0.0183411
509
0.0155334
-65
-0.00198364
-334
-0.0101929
145
0.00442505
157
0.00479126
186
0.00567627
-145
-0.00442505
-260
-0.00793457
-535
-0.0163269
320
0.00976562
23
0.000701904
329
0.0100403
46
0.00140381
-244
-0.00744629
-190
-0.00579834
964
0.0294189
169
0.00515747
-980
-0.0299072
70
0.00213623
594
0.0181274
219
0.00668335
204
0.00622559
-291
-0.00888062
-136
-0.00415039
355
0.0108337
395
0.0120544
-165
-0.0050354
-468
-0.0142822
-11
-0.000335693
-28
-0.000854492
-31
-0.000946045
-189
-0.00576782
132
0.00402832
-680
-0.020752
-117
-0.00357056
-492
-0.0150146
30
0.000915527
-431
-0.0131531
-112
-0.00341797
280
0.00854492
140
0.00427246
793
0.0242004
-49
-0.00149536
460
0.0140381
-290
-0.0088501
-176
-0.00537109
312
0.00952148
188
0.0057373
298
0.00909424
-140
-0.00427246
-25
-0.000762939
-242
-0.00738525
31
0.000946045
-135
-0.00411987
-63
-0.00192261
-108
-0.0032959
292
0.00891113
-575
-0.0175476
283
0.00863647
232
0.00708008
-107
-0.00326538
570
0.017395
-217
-0.00662231
-210
-0.00640869
-28
-0.000854492
600
0.0183105
274
0.00836182
-314
-0.00958252
-245
-0.00747681
244
0.00744629
-34
-0.0010376
-281
-0.00857544
39
0.00119019
774
0.0236206
141
0.00430298
-311
-0.00949097
-172
-0.00524902
-166
-0.00506592
-92
-0.00280762
273
0.0083313
161
0.00491333
-16
-0.000488281
-372
-0.0113525
-114
-0.003479
-300
-0.00915527
-404
-0.0123291
-309
-0.00942993
258
0.00787354
-68
-0.0020752
-223
-0.00680542
-150
-0.00457764
362
0.0110474
261
0.00796509
-196
-0.00598145
-97
-0.00296021
-586
-0.0178833
-186
-0.00567627
-428
-0.0130615
-343
-0.0104675
-204
-0.00622559
83
0.00253296
-1049
-0.0320129
-46
-0.00140381
-1321
-0.0403137
156
0.00476074
267
0.00814819
135
0.00411987
-52
-0.00158691
122
0.00372314
317
0.00967407
-83
-0.00253296
-875
-0.0267029
-125
-0.0038147
-6
-0.000183105
141
0.00430298
417
0.0127258
86
0.00262451
-496
-0.0151367
7
0.000213623
190
0.00579834
-5
-0.000152588
-799
-0.0243835
356
0.0108643
-347
-0.0105896
281
0.00857544
-168
-0.00512695
292
0.00891113
543
0.016571
283
0.00863647
-354
-0.0108032
35
0.00106812
-647
-0.0197449
-112
-0.00341797
234
0.00714111
31
0.000946045
85
0.00259399
-228
-0.00695801
-403
-0.0122986
-110
-0.00335693
230
0.00701904
471
0.0143738
99
0.00302124
-67
-0.00204468
-610
-0.0186157
74
0.0022583
-455
-0.0138855
-182
-0.0055542
-380
-0.0115967
-218
-0.00665283
47
0.00143433
-34
-0.0010376
795
0.0242615
79
0.00241089
-339
-0.0103455
-204
-0.00622559
415
0.0126648
-12
-0.000366211
642
0.0195923
114
0.003479
-587
-0.0179138
391
0.0119324
671
0.0204773
9
0.000274658
114
0.003479
77
0.00234985
125
0.0038147
150
0.00457764
132
0.00402832
252
0.00769043
-322
-0.00982666
-185
-0.00564575
-857
-0.0261536
-286
-0.00872803
113
0.00344849
-38
-0.00115967
159
0.00485229
104
0.00317383
130
0.00396729
-138
-0.00421143
-362
-0.0110474
-179
-0.00546265
-442
-0.0134888
-339
-0.0103455
-476
-0.0145264
40
0.0012207
82
0.00250244
47
0.00143433
-130
-0.00396729
-62
-0.00189209
-115
-0.00350952
-62
-0.00189209
-768
-0.0234375
-49
-0.00149536
277
0.00845337
-45
-0.00137329
8
0.000244141
-91
-0.0027771
-390
-0.0119019
67
0.00204468
611
0.0186462
-214
-0.00653076
-558
-0.0170288
-8
-0.000244141
-229
-0.00698853
-111
-0.00338745
-99
-0.00302124
67
0.00204468
53
0.00161743
-240
-0.00732422
-401
-0.0122375
309
0.00942993
303
0.00924683
-105
-0.00320435
-376
-0.0114746
74
0.0022583
-286
-0.00872803
11
0.000335693
869
0.0265198
-390
-0.0119019
-481
-0.014679
130
0.00396729
-573
-0.0174866
-289
-0.00881958
-670
-0.0204468
-151
-0.00460815
-309
-0.00942993
-218
-0.00665283
-553
-0.0168762
-11
-0.000335693
44
0.00134277
153
0.00466919
-623
-0.0190125
184
0.00561523
-416
-0.0126953
178
0.00543213
449
0.0137024
185
0.00564575
-108
-0.0032959
-177
-0.00540161
-918
-0.0280151
191
0.00582886
596
0.0181885
161
0.00491333
-200
-0.00610352
-131
-0.0039978
620
0.0189209
-42
-0.00128174
-691
-0.0210876
-186
-0.00567627
223
0.00680542
223
0.00680542
483
0.01474
424
0.0129395
-408
-0.0124512
-166
-0.00506592
268
0.00817871
141
0.00430298
684
0.020874
109
0.00332642
400
0.012207
114
0.003479
-241
-0.00735474
69
0.00210571
67
0.00204468
96
0.00292969
-260
-0.00793457
174
0.00531006
750
0.0228882
-110
-0.00335693
39
0.00119019
113
0.00344849
138
0.00421143
-216
-0.0065918
516
0.0157471
-174
-0.00531006
-47
-0.00143433
31
0.000946045
897
0.0273743
29
0.00088501
-531
-0.0162048
-229
-0.00698853
998
0.0304565
-393
-0.0119934
-584
-0.0178223
33
0.00100708
-58
-0.00177002
28
0.000854492
527
0.0160828
141
0.00430298
659
0.0201111
-208
-0.00634766
-22
-0.000671387
110
0.00335693
-369
-0.011261
283
0.00863647
-453
-0.0138245
216
0.0065918
-604
-0.0184326
345
0.0105286
205
0.0062561
39
0.00119019
154
0.00469971
-150
-0.00457764
-383
-0.0116882
-9
-0.000274658
31
0.000946045
-304
-0.00927734
547
0.0166931
-257
-0.00784302
477
0.0145569
250
0.00762939
331
0.0101013
-405
-0.0123596
25
0.000762939
-136
-0.00415039
395
0.0120544
-230
-0.00701904
-334
-0.0101929
-185
-0.00564575
-898
-0.0274048
-3
-9.15527e-05
694
0.0211792
-358
-0.0109253
-768
-0.0234375
-32
-0.000976562
309
0.00942993
-345
-0.0105286
-535
-0.0163269
100
0.00305176
205
0.0062561
-176
-0.00537109
719
0.0219421
237
0.00723267
-140
-0.00427246
-49
-0.00149536
196
0.00598145
290
0.0088501
-612
-0.0186768
-101
-0.00308228
33
0.00100708
189
0.00576782
-74
-0.0022583
240
0.00732422
-415
-0.0126648
-431
-0.0131531
-93
-0.00283813
26
0.000793457
-216
-0.0065918
-56
-0.00170898
-732
-0.0223389
157
0.00479126
-194
-0.00592041
203
0.00619507
-113
-0.00344849
-199
-0.006073
-20
-0.000610352
82
0.00250244
193
0.00588989
164
0.00500488
-560
-0.0170898
13
0.000396729
624
0.019043
-11
-0.000335693
920
0.0280762
154
0.00469971
338
0.0103149
173
0.00527954
-284
-0.00866699
-35
-0.00106812
1052
0.0321045
15
0.000457764
-698
-0.0213013
-107
-0.00326538
219
0.00668335
182
0.0055542
-306
-0.00933838
248
0.00756836
-759
-0.0231628
-256
-0.0078125
-314
-0.00958252
287
0.00875854
-169
-0.00515747
-13
-0.000396729
-164
-0.00500488
9
0.000274658
1096
0.0334473
-147
-0.00448608
-256
-0.0078125
111
0.00338745
267
0.00814819
-93
-0.00283813
215
0.00656128
-92
-0.00280762
-466
-0.0142212
-339
-0.0103455
-698
-0.0213013
-98
-0.00299072
-366
-0.0111694
-114
-0.003479
67
0.00204468
-320
-0.00976562
155
0.00473022
-444
-0.0135498
-801
-0.0244446
260
0.00793457
530
0.0161743
-60
-0.00183105
130
0.00396729
77
0.00234985
-929
-0.0283508
-127
-0.00387573
127
0.00387573
-439
-0.0133972
190
0.00579834
-327
-0.00997925
714
0.0217896
-45
-0.00137329
621
0.0189514
-238
-0.00726318
139
0.00424194
-228
-0.00695801
-77
-0.00234985
176
0.00537109
508
0.0155029
-69
-0.00210571
-878
-0.0267944
185
0.00564575
-32
-0.000976562
10
0.000305176
253
0.00772095
-10
-0.000305176
-322
-0.00982666
-328
-0.0100098
212
0.00646973
102
0.00311279
223
0.00680542
244
0.00744629
120
0.00366211
155
0.00473022
278
0.00848389
43
0.00131226
-376
-0.0114746
-99
-0.00302124
-417
-0.0127258
320
0.00976562
178
0.00543213
-90
-0.00274658
74
0.0022583
49
0.00149536
-216
-0.0065918
229
0.00698853
65
0.00198364
371
0.011322
-279
-0.0085144
282
0.00860596
-134
-0.00408936
-115
-0.00350952
-9
-0.000274658
59
0.00180054
-36
-0.00109863
225
0.00686646
105
0.00320435
-132
-0.00402832
660
0.0201416
-131
-0.0039978
-403
-0.0122986
179
0.00546265
-457
-0.0139465
99
0.00302124
-125
-0.0038147
-85
-0.00259399
1336
0.0407715
84
0.00256348
-18
-0.000549316
-105
-0.00320435
168
0.00512695
44
0.00134277
-55
-0.00167847
-25
-0.000762939
-429
-0.013092
165
0.0050354
724
0.0220947
191
0.00582886
259
0.00790405
-68
-0.0020752
-183
-0.00558472
-245
-0.00747681
357
0.0108948
518
0.0158081
188
0.0057373
-73
-0.00222778
220
0.00671387
180
0.00549316
616
0.0187988
2
6.10352e-05
224
0.00683594
-231
-0.00704956
-951
-0.0290222
-145
-0.00442505
-475
-0.0144958
-148
-0.0045166
258
0.00787354
-325
-0.00991821
-735
-0.0224304
15
0.000457764
-117
-0.00357056
-82
-0.00250244
-78
-0.00238037
-199
-0.006073
181
0.00552368
-22
-0.000671387
-387
-0.0118103
-82
-0.00250244
-260
-0.00793457
-147
-0.00448608
-178
-0.00543213
-115
-0.00350952
-212
-0.00646973
-178
-0.00543213
169
0.00515747
117
0.00357056
-50
-0.00152588
203
0.00619507
542
0.0165405
176
0.00537109
-272
-0.00830078
-146
-0.00445557
-709
-0.021637
-372
-0.0113525
-9
-0.000274658
-107
-0.00326538
1055
0.032196
-154
-0.00469971
-162
-0.00494385
115
0.00350952
558
0.0170288
-100
-0.00305176
317
0.00967407
240
0.00732422
-324
-0.0098877
-406
-0.0123901
-169
-0.00515747
-261
-0.00796509
500
0.0152588
82
0.00250244
-192
-0.00585938
264
0.00805664
-494
-0.0150757
-313
-0.009552
244
0.00744629
-36
-0.00109863
509
0.0155334
-68
-0.0020752
312
0.00952148
128
0.00390625
329
0.0100403
413
0.0126038
297
0.00906372
-49
-0.00149536
-413
-0.0126038
212
0.00646973
422
0.0128784
16
0.000488281
99
0.00302124
-83
-0.00253296
-173
-0.00527954
-236
-0.00720215
-27
-0.000823975
73
0.00222778
136
0.00415039
-77
-0.00234985
-277
-0.00845337
9
0.000274658
433
0.0132141
-117
-0.00357056
-132
-0.00402832
257
0.00784302
273
0.0083313
-20
-0.000610352
-599
-0.01828
140
0.00427246
131
0.0039978
198
0.00604248
177
0.00540161
-30
-0.000915527
-504
-0.0153809
-555
-0.0169373
-493
-0.0150452
232
0.00708008
1121
0.0342102
140
0.00427246
524
0.0159912
95
0.00289917
-88
-0.00268555
104
0.00317383
-125
-0.0038147
232
0.00708008
320
0.00976562
78
0.00238037
311
0.00949097
-160
-0.00488281
-729
-0.0222473
115
0.00350952
-642
-0.0195923
-50
-0.00152588
-262
-0.00799561
-252
-0.00769043
-28
-0.000854492
429
0.013092
-24
-0.000732422
-62
-0.00189209
425
0.01297
205
0.0062561
163
0.00497437
-11
-0.000335693
120
0.00366211
-189
-0.00576782
497
0.0151672
-19
-0.000579834
126
0.00384521
219
0.00668335
-643
-0.0196228
-245
-0.00747681
1173
0.0357971
-96
-0.00292969
146
0.00445557
80
0.00244141
-1165
-0.035553
149
0.00454712
154
0.00469971
246
0.00750732
-1173
-0.0357971
17
0.000518799
410
0.0125122
-176
-0.00537109
-587
-0.0179138
1
3.05176e-05
-355
-0.0108337
79
0.00241089
-185
-0.00564575
184
0.00561523
-652
-0.0198975
105
0.00320435
118
0.00360107
45
0.00137329
-306
-0.00933838
38
0.00115967
-124
-0.00378418
-108
-0.0032959
-477
-0.0145569
-455
-0.0138855
-32
-0.000976562
312
0.00952148
305
0.00930786
83
0.00253296
-145
-0.00442505
126
0.00384521
-753
-0.0229797
-237
-0.00723267
-438
-0.0133667
309
0.00942993
223
0.00680542
39
0.00119019
-212
-0.00646973
209
0.00637817
-652
-0.0198975
-312
-0.00952148
-511
-0.0155945
179
0.00546265
535
0.0163269
224
0.00683594
-360
-0.0109863
-205
-0.0062561
16
0.000488281
398
0.012146
236
0.00720215
-88
-0.00268555
-920
-0.0280762
-91
-0.0027771
-331
-0.0101013
-84
-0.00256348
93
0.00283813
106
0.00323486
201
0.00613403
230
0.00701904
495
0.0151062
-322
-0.00982666
-58
-0.00177002
-73
-0.00222778
-308
-0.00939941
210
0.00640869
219
0.00668335
-57
-0.0017395
-150
-0.00457764
41
0.00125122
-226
-0.00689697
528
0.0161133
-591
-0.0180359
-202
-0.00616455
-42
-0.00128174
-255
-0.00778198
-155
-0.00473022
-46
-0.00140381
359
0.0109558
-69
-0.00210571
389
0.0118713
106
0.00323486
375
0.0114441
-142
-0.0043335
74
0.0022583
17
0.000518799
247
0.00753784
-326
-0.00994873
-785
-0.0239563
-53
-0.00161743
-401
-0.0122375
-308
-0.00939941
-290
-0.0088501
-129
-0.00393677
-400
-0.012207
-45
-0.00137329
134
0.00408936
213
0.00650024
-60
-0.00183105
182
0.0055542
-660
-0.0201416
94
0.00286865
604
0.0184326
-240
-0.00732422
-58
-0.00177002
-239
-0.0072937
-248
-0.00756836
-293
-0.00894165
322
0.00982666
-17
-0.000518799
-276
-0.00842285
32
0.000976562
613
0.0187073
-423
-0.0129089
-167
-0.00509644
84
0.00256348
601
0.0183411
-145
-0.00442505
-614
-0.0187378
327
0.00997925
454
0.013855
177
0.00540161
-802
-0.0244751
567
0.0173035
-104
-0.00317383
-26
-0.000793457
-238
-0.00726318
-15
-0.000457764
-80
-0.00244141
-192
-0.00585938
-101
-0.00308228
-78
-0.00238037
-373
-0.0113831
134
0.00408936
-2
-6.10352e-05
74
0.0022583
-724
-0.0220947
83
0.00253296
-499
-0.0152283
221
0.00674438
191
0.00582886
54
0.00164795
1199
0.0365906
-316
-0.00964355
-607
-0.0185242
-221
-0.00674438
-82
-0.00250244
151
0.00460815
-195
-0.00595093
-242
-0.00738525
-13
-0.000396729
-116
-0.00354004
-11
-0.000335693
-100
-0.00305176
-957
-0.0292053
-308
-0.00939941
820
0.0250244
-415
-0.0126648
-18
-0.000549316
-318
-0.00970459
535
0.0163269
-415
-0.0126648
481
0.014679
-335
-0.0102234
728
0.0222168
-469
-0.0143127
-489
-0.0149231
181
0.00552368
213
0.00650024
-154
-0.00469971
-771
-0.0235291
-156
-0.00476074
-174
-0.00531006
-50
-0.00152588
-373
-0.0113831
-271
-0.00827026
182
0.0055542
-145
-0.00442505
-181
-0.00552368
70
0.00213623
-14
-0.000427246
85
0.00259399
-9
-0.000274658
175
0.00534058
-915
-0.0279236
-166
-0.00506592
203
0.00619507
363
0.0110779
191
0.00582886
7
0.000213623
-376
-0.0114746
-81
-0.00247192
20
0.000610352
-3
-9.15527e-05
-312
-0.00952148
-100
-0.00305176
-413
-0.0126038
465
0.0141907
804
0.0245361
246
0.00750732
134
0.00408936
-93
-0.00283813
236
0.00720215
289
0.00881958
361
0.0110168
-105
-0.00320435
439
0.0133972
185
0.00564575
599
0.01828
-217
-0.00662231
445
0.0135803
136
0.00415039
-126
-0.00384521
118
0.00360107
-451
-0.0137634
162
0.00494385
-305
-0.00930786
67
0.00204468
-140
-0.00427246
-97
-0.00296021
160
0.00488281
-135
-0.00411987
-64
-0.00195312
209
0.00637817
-577
-0.0176086
-131
-0.0039978
38
0.00115967
-553
-0.0168762
668
0.0203857
-217
-0.00662231
810
0.0247192
-19
-0.000579834
-274
-0.00836182
14
0.000427246
-315
-0.00961304
80
0.00244141
353
0.0107727
11
0.000335693
184
0.00561523
-101
-0.00308228
-484
-0.0147705
-112
-0.00341797
232
0.00708008
16
0.000488281
-45
-0.00137329
316
0.00964355
-79
-0.00241089
-18
-0.000549316
-398
-0.012146
222
0.0067749
521
0.0158997
-206
-0.00628662
-632
-0.0192871
478
0.0145874
694
0.0211792
-79
-0.00241089
198
0.00604248
-255
-0.00778198
-282
-0.00860596
127
0.00387573
37
0.00112915
65
0.00198364
-160
-0.00488281
134
0.00408936
192
0.00585938
-177
-0.00540161
-654
-0.0199585
528
0.0161133
-542
-0.0165405
-213
-0.00650024
-621
-0.0189514
23
0.000701904
60
0.00183105
6
0.000183105
49
0.00149536
-250
-0.00762939
-342
-0.010437
-49
-0.00149536
140
0.00427246
-392
-0.0119629
-757
-0.0231018
-401
-0.0122375
-273
-0.0083313
236
0.00720215
-360
-0.0109863
276
0.00842285
410
0.0125122
-2
-6.10352e-05
-225
-0.00686646
420
0.0128174
352
0.0107422
385
0.0117493
-565
-0.0172424
-56
-0.00170898
-577
-0.0176086
146
0.00445557
185
0.00564575
86
0.00262451
-5
-0.000152588
296
0.0090332
905
0.0276184
25
0.000762939
-52
-0.00158691
246
0.00750732
27
0.000823975
-118
-0.00360107
-460
-0.0140381
-81
-0.00247192
514
0.015686
-52
-0.00158691
-493
-0.0150452
189
0.00576782
349
0.0106506
44
0.00134277
40
0.0012207
76
0.00231934
-277
-0.00845337
273
0.0083313
-528
-0.0161133
432
0.0131836
-525
-0.0160217
-82
-0.00250244
929
0.0283508
-149
-0.00454712
98
0.00299072
-135
-0.00411987
236
0.00720215
130
0.00396729
273
0.0083313
335
0.0102234
654
0.0199585
0
0
189
0.00576782
181
0.00552368
68
0.0020752
185
0.00564575
789
0.0240784
-364
-0.0111084
-237
-0.00723267
-196
-0.00598145
-7
-0.000213623
-379
-0.0115662
-212
-0.00646973
-70
-0.00213623
-249
-0.00759888
-43
-0.00131226
-660
-0.0201416
-57
-0.0017395
832
0.0253906
-121
-0.00369263
46
0.00140381
-64
-0.00195312
-233
-0.0071106
164
0.00500488
64
0.00195312
155
0.00473022
543
0.016571
287
0.00875854
-334
-0.0101929
237
0.00723267
-230
-0.00701904
-30
-0.000915527
252
0.00769043
-7
-0.000213623
-1130
-0.0344849
227
0.00692749
-350
-0.0106812
113
0.00344849
-564
-0.0172119
210
0.00640869
-369
-0.011261
73
0.00222778
-174
-0.00531006
-237
-0.00723267
-598
-0.0182495
-36
-0.00109863
-104
-0.00317383
-21
-0.000640869
66
0.00201416
109
0.00332642
82
0.00250244
290
0.0088501
-212
-0.00646973
-376
-0.0114746
-608
-0.0185547
75
0.00228882
409
0.0124817
-24
-0.000732422
187
0.00570679
-284
-0.00866699
380
0.0115967
-257
-0.00784302
28
0.000854492
-199
-0.006073
208
0.00634766
159
0.00485229
-26
-0.000793457
-248
-0.00756836
150
0.00457764
12
0.000366211
-473
-0.0144348
161
0.00491333
667
0.0203552
-311
-0.00949097
-674
-0.0205688
-251
-0.00765991
-825
-0.025177
-25
-0.000762939
-60
-0.00183105
171
0.00521851
-88
-0.00268555
-101
-0.00308228
630
0.0192261
-264
-0.00805664
179
0.00546265
31
0.000946045
-123
-0.00375366
-151
-0.00460815
1027
0.0313416
-36
-0.00109863
-334
-0.0101929
-113
-0.00344849
-385
-0.0117493
-53
-0.00161743
62
0.00189209
-24
-0.000732422
-299
-0.00912476
-123
-0.00375366
-207
-0.00631714
124
0.00378418
840
0.0256348
160
0.00488281
7
0.000213623
-21
-0.000640869
30
0.000915527
57
0.0017395
315
0.00961304
561
0.0171204
663
0.0202332
26
0.000793457
225
0.00686646
-345
-0.0105286
-529
-0.0161438
107
0.00326538
275
0.00839233
118
0.00360107
198
0.00604248
177
0.00540161
76
0.00231934
-29
-0.00088501
-936
-0.0285645
160
0.00488281
-281
-0.00857544
92
0.00280762
856
0.026123
-13
-0.000396729
592
0.0180664
-255
-0.00778198
81
0.00247192
-196
-0.00598145
-132
-0.00402832
-179
-0.00546265
296
0.0090332
-122
-0.00372314
784
0.0239258
-57
-0.0017395
-820
-0.0250244
-267
-0.00814819
924
0.0281982
49
0.00149536
333
0.0101624
275
0.00839233
425
0.01297
254
0.00775146
-400
-0.012207
272
0.00830078
262
0.00799561
437
0.0133362
448
0.0136719
-13
-0.000396729
-70
-0.00213623
72
0.00219727
-939
-0.028656
-78
-0.00238037
-180
-0.00549316
255
0.00778198
-424
-0.0129395
-264
-0.00805664
247
0.00753784
16
0.000488281
-335
-0.0102234
183
0.00558472
668
0.0203857
-110
-0.00335693
707
0.0215759
21
0.000640869
353
0.0107727
394
0.0120239
69
0.00210571
219
0.00668335
63
0.00192261
279
0.0085144
164
0.00500488
-570
-0.017395
-116
-0.00354004
-281
-0.00857544
-470
-0.0143433
-34
-0.0010376
-835
-0.0254822
-203
-0.00619507
530
0.0161743
32
0.000976562
-814
-0.0248413
60
0.00183105
-67
-0.00204468
-64
-0.00195312
-153
-0.00466919
41
0.00125122
-727
-0.0221863
109
0.00332642
271
0.00827026
-136
-0.00415039
609
0.0185852
7
0.000213623
-233
-0.0071106
-22
-0.000671387
-425
-0.01297
-109
-0.00332642
-50
-0.00152588
-114
-0.003479
511
0.0155945
-111
-0.00338745
980
0.0299072
251
0.00765991
-256
-0.0078125
277
0.00845337
422
0.0128784
178
0.00543213
445
0.0135803
246
0.00750732
-354
-0.0108032
314
0.00958252
-109
-0.00332642
-279
-0.0085144
-198
-0.00604248
-100
-0.00305176
-238
-0.00726318
242
0.00738525
-384
-0.0117188
-132
-0.00402832
267
0.00814819
-298
-0.00909424
747
0.0227966
-332
-0.0101318
-664
-0.0202637
248
0.00756836
-1005
-0.0306702
82
0.00250244
252
0.00769043
39
0.00119019
-223
-0.00680542
-44
-0.00134277
-290
-0.0088501
-504
-0.0153809
-248
-0.00756836
226
0.00689697
372
0.0113525
-33
-0.00100708
-399
-0.0121765
-238
-0.00726318
133
0.00405884
-273
-0.0083313
-581
-0.0177307
192
0.00585938
-655
-0.019989
-82
-0.00250244
-382
-0.0116577
-285
-0.00869751
17
0.000518799
-132
-0.00402832
27
0.000823975
304
0.00927734
308
0.00939941
-203
-0.00619507
-621
-0.0189514
151
0.00460815
-200
-0.00610352
109
0.00332642
577
0.0176086
176
0.00537109
62
0.00189209
-160
-0.00488281
46
0.00140381
-39
-0.00119019
501
0.0152893
415
0.0126648
82
0.00250244
37
0.00112915
74
0.0022583
-144
-0.00439453
-286
-0.00872803
-98
-0.00299072
178
0.00543213
289
0.00881958
-10
-0.000305176
-77
-0.00234985
-262
-0.00799561
-53
-0.00161743
-580
-0.0177002
-204
-0.00622559
143
0.00436401
-223
-0.00680542
213
0.00650024
75
0.00228882
-225
-0.00686646
302
0.00921631
-934
-0.0285034
27
0.000823975
554
0.0169067
-14
-0.000427246
230
0.00701904
-43
-0.00131226
-766
-0.0233765
-234
-0.00714111
137
0.00418091
65
0.00198364
65
0.00198364
345
0.0105286
-639
-0.0195007
81
0.00247192
68
0.0020752
-169
-0.00515747
-219
-0.00668335
242
0.00738525
455
0.0138855
-313
-0.009552
-65
-0.00198364
-154
-0.00469971
-464
-0.0141602
552
0.0168457
982
0.0299683
77
0.00234985
-56
-0.00170898
96
0.00292969
52
0.00158691
-7
-0.000213623
-205
-0.0062561
-95
-0.00289917
-510
-0.015564
111
0.00338745
-135
-0.00411987
-336
-0.0102539
157
0.00479126
-162
-0.00494385
-182
-0.0055542
232
0.00708008
-223
-0.00680542
221
0.00674438
-733
-0.0223694
-153
-0.00466919
-506
-0.0154419
-300
-0.00915527
276
0.00842285
-143
-0.00436401
-782
-0.0238647
-397
-0.0121155
548
0.0167236
59
0.00180054
608
0.0185547
-8
-0.000244141
-80
-0.00244141
165
0.0050354
175
0.00534058
-388
-0.0118408
-464
-0.0141602
202
0.00616455
607
0.0185242
-307
-0.0093689
661
0.0201721
244
0.00744629
-422
-0.0128784
343
0.0104675
-60
-0.00183105
-135
-0.00411987
591
0.0180359
-360
-0.0109863
-577
-0.0176086
46
0.00140381
-7
-0.000213623
-120
-0.00366211
215
0.00656128
-268
-0.00817871
-294
-0.00897217
-122
-0.00372314
-514
-0.015686
146
0.00445557
-719
-0.0219421
240
0.00732422
435
0.0132751
104
0.00317383
248
0.00756836
-201
-0.00613403
-495
-0.0151062
-78
-0.00238037
254
0.00775146
325
0.00991821
-115
-0.00350952
64
0.00195312
-151
-0.00460815
-148
-0.0045166
177
0.00540161
-107
-0.00326538
504
0.0153809
200
0.00610352
159
0.00485229
39
0.00119019
113
0.00344849
-146
-0.00445557
-573
-0.0174866
166
0.00506592
522
0.0159302
-179
-0.00546265
650
0.0198364
-36
-0.00109863
-690
-0.0210571
56
0.00170898
-290
-0.0088501
-207
-0.00631714
-77
-0.00234985
-38
-0.00115967
-636
-0.0194092
131
0.0039978
331
0.0101013
226
0.00689697
-42
-0.00128174
378
0.0115356
-106
-0.00323486
-109
-0.00332642
413
0.0126038
151
0.00460815
74
0.0022583
358
0.0109253
-378
-0.0115356
776
0.0236816
499
0.0152283
460
0.0140381
-166
-0.00506592
429
0.013092
-483
-0.01474
18
0.000549316
-96
-0.00292969
590
0.0180054
-91
-0.0027771
-168
-0.00512695
676
0.0206299
-285
-0.00869751
317
0.00967407
-24
-0.000732422
-614
-0.0187378
247
0.00753784
-30
-0.000915527
-128
-0.00390625
-812
-0.0247803
-11
-0.000335693
-285
-0.00869751
26
0.000793457
77
0.00234985
27
0.000823975
70
0.00213623
72
0.00219727
-91
-0.0027771
307
0.0093689
390
0.0119019
-274
-0.00836182
-809
-0.0246887
146
0.00445557
-419
-0.0127869
239
0.0072937
278
0.00848389
119
0.00363159
-302
-0.00921631
-49
-0.00149536
328
0.0100098
37
0.00112915
134
0.00408936
59
0.00180054
259
0.00790405
193
0.00588989
359
0.0109558
391
0.0119324
-94
-0.00286865
-10
-0.000305176
127
0.00387573
-29
-0.00088501
-305
-0.00930786
313
0.009552
-202
-0.00616455
-430
-0.0131226
453
0.0138245
-257
-0.00784302
1051
0.032074
-361
-0.0110168
206
0.00628662
-173
-0.00527954
-13
-0.000396729
75
0.00228882
64
0.00195312
-82
-0.00250244
-189
-0.00576782
-134
-0.00408936
422
0.0128784
-82
-0.00250244
-259
-0.00790405
-476
-0.0145264
-217
-0.00662231
149
0.00454712
623
0.0190125
304
0.00927734
415
0.0126648
260
0.00793457
333
0.0101624
-355
-0.0108337
772
0.0235596
-284
-0.00866699
-29
-0.00088501
130
0.00396729
-596
-0.0181885
-192
-0.00585938
-13
-0.000396729
150
0.00457764
-833
-0.0254211
62
0.00189209
-500
-0.0152588
410
0.0125122
-240
-0.00732422
9
0.000274658
-132
-0.00402832
111
0.00338745
-35
-0.00106812
-237
-0.00723267
-59
-0.00180054
-207
-0.00631714
376
0.0114746
166
0.00506592
809
0.0246887
-215
-0.00656128
-92
-0.00280762
-166
-0.00506592
-141
-0.00430298
134
0.00408936
-447
-0.0136414
-249
-0.00759888
522
0.0159302
240
0.00732422
-89
-0.00271606
44
0.00134277
256
0.0078125
83
0.00253296
-11
-0.000335693
-65
-0.00198364
235
0.00717163
158
0.00482178
144
0.00439453
-103
-0.00314331
85
0.00259399
-22
-0.000671387
65
0.00198364
-239
-0.0072937
-569
-0.0173645
-8
-0.000244141
-169
-0.00515747
49
0.00149536
310
0.00946045
-78
-0.00238037
-25
-0.000762939
-327
-0.00997925
4
0.00012207
-140
-0.00427246
-858
-0.0261841
159
0.00485229
243
0.00741577
-102
-0.00311279
-26
-0.000793457
-105
-0.00320435
-152
-0.00463867
63
0.00192261
162
0.00494385
244
0.00744629
496
0.0151367
408
0.0124512
-804
-0.0245361
-263
-0.00802612
-659
-0.0201111
132
0.00402832
6
0.000183105
-371
-0.011322
-283
-0.00863647
128
0.00390625
-500
-0.0152588
116
0.00354004
-823
-0.025116
-105
-0.00320435
844
0.0257568
-221
-0.00674438
-319
-0.00973511
-301
-0.00918579
-211
-0.00643921
207
0.00631714
-194
-0.00592041
-300
-0.00915527
152
0.00463867
153
0.00466919
-41
-0.00125122
112
0.00341797
344
0.010498
339
0.0103455
-38
-0.00115967
-261
-0.00796509
-701
-0.0213928
146
0.00445557
82
0.00250244
-251
-0.00765991
162
0.00494385
-131
-0.0039978
-20
-0.000610352
-29
-0.00088501
547
0.0166931
95
0.00289917
-359
-0.0109558
-30
-0.000915527
-466
-0.0142212
-45
-0.00137329
23
0.000701904
-121
-0.00369263
-454
-0.013855
408
0.0124512
-382
-0.0116577
-207
-0.00631714
-619
-0.0188904
294
0.00897217
229
0.00698853
155
0.00473022
333
0.0101624
285
0.00869751
-374
-0.0114136
35
0.00106812
123
0.00375366
79
0.00241089
-112
-0.00341797
-256
-0.0078125
-512
-0.015625
37
0.00112915
-357
-0.0108948
-151
-0.00460815
-578
-0.0176392
10
0.000305176
-508
-0.0155029
437
0.0133362
421
0.0128479
-101
-0.00308228
-198
-0.00604248
85
0.00259399
782
0.0238647
-156
-0.00476074
-751
-0.0229187
113
0.00344849
