10
0.00690608
-3
-0.00207182
39
0.0269337
27
0.0186464
29
0.0200276
-8
-0.00552486
47
0.0324586
28
0.019337
-105
-0.0725138
39
0.0269337
-5
-0.00345304
8
0.00552486
-42
-0.0290055
11
0.00759669
22
0.0151934
18
0.0124309
26
0.0179558
37
0.0255525
45
0.0310773
4
0.00276243
-14
-0.00966851
71
0.0490331
10
0.00690608
-23
-0.015884
2
0.00138122
9
0.00621547
-15
-0.0103591
-42
-0.0290055
54
0.0372928
1
0.000690608
-18
-0.0124309
-36
-0.0248619
-27
-0.0186464
51
0.035221
4
0.00276243
-23
-0.015884
83
0.0573204
-1
-0.000690608
-30
-0.0207182
-11
-0.00759669
-47
-0.0324586
5
0.00345304
18
0.0124309
80
0.0552486
75
0.0517956
100
0.0690608
-35
-0.0241713
49
0.0338398
-22
-0.0151934
9
0.00621547
22
0.0151934
-16
-0.0110497
-48
-0.0331492
4
0.00276243
-21
-0.0145028
-65
-0.0448895
29
0.0200276
-34
-0.0234807
-74
-0.051105
-33
-0.0227901
-41
-0.0283149
-19
-0.0131215
-5
-0.00345304
8
0.00552486
-79
-0.054558
-19
-0.0131215
67
0.0462707
-8
-0.00552486
74
0.051105
-44
-0.0303867
36
0.0248619
9
0.00621547
-33
-0.0227901
-34
-0.0234807
24
0.0165746
-31
-0.0214088
24
0.0165746
25
0.0172652
26
0.0179558
-65
-0.0448895
-37
-0.0255525
-27
-0.0186464
-118
-0.0814917
32
0.0220994
33
0.0227901
40
0.0276243
22
0.0151934
-49
-0.0338398
57
0.0393646
32
0.0220994
-61
-0.0421271
-2
-0.00138122
-16
-0.0110497
19
0.0131215
2
0.00138122
14
0.00966851
-9
-0.00621547
-57
-0.0393646
21
0.0145028
28
0.019337
10
0.00690608
36
0.0248619
-43
-0.0296961
-3
-0.00207182
-23
-0.015884
39
0.0269337
12
0.00828729
58
0.0400552
-68
-0.0469613
-37
-0.0255525
64
0.0441989
40
0.0276243
-56
-0.038674
12
0.00828729
64
0.0441989
39
0.0269337
-58
-0.0400552
-18
-0.0124309
39
0.0269337
25
0.0172652
-5
-0.00345304
2
0.00138122
37
0.0255525
-8
-0.00552486
0
0
-20
-0.0138122
-37
-0.0255525
-22
-0.0151934
10
0.00690608
1
0.000690608
42
0.0290055
-33
-0.0227901
-16
-0.0110497
-30
-0.0207182
68
0.0469613
-15
-0.0103591
54
0.0372928
-18
-0.0124309
-1
-0.000690608
47
0.0324586
14
0.00966851
-15
-0.0103591
-58
-0.0400552
29
0.0200276
15
0.0103591
5
0.00345304
-2
-0.00138122
-16
-0.0110497
-14
-0.00966851
44
0.0303867
-5
-0.00345304
7
0.00483425
-36
-0.0248619
66
0.0455801
11
0.00759669
4
0.00276243
73
0.0504144
-20
-0.0138122
38
0.0262431
8
0.00552486
-5
-0.00345304
5
0.00345304
-12
-0.00828729
-49
-0.0338398
48
0.0331492
21
0.0145028
-8
-0.00552486
-17
-0.0117403
8
0.00552486
16
0.0110497
-14
-0.00966851
49
0.0338398
12
0.00828729
-38
-0.0262431
32
0.0220994
-21
-0.0145028
45
0.0310773
-13
-0.0089779
-19
-0.0131215
-36
-0.0248619
-5
-0.00345304
52
0.0359116
-10
-0.00690608
35
0.0241713
3
0.00207182
54
0.0372928
-13
-0.0089779
-11
-0.00759669
81
0.0559392
-4
-0.00276243
52
0.0359116
5
0.00345304
2
0.00138122
14
0.00966851
22
0.0151934
40
0.0276243
7
0.00483425
-58
-0.0400552
-35
-0.0241713
10
0.00690608
21
0.0145028
-4
-0.00276243
-77
-0.0531768
1
0.000690608
-122
-0.0842541
-18
-0.0124309
32
0.0220994
38
0.0262431
23
0.015884
0
0
7
0.00483425
0
0
-26
-0.0179558
-35
-0.0241713
42
0.0290055
-54
-0.0372928
-5
-0.00345304
-25
-0.0172652
-37
-0.0255525
24
0.0165746
22
0.0151934
42
0.0290055
42
0.0290055
70
0.0483425
-36
-0.0248619
-5
-0.00345304
7
0.00483425
13
0.0089779
-6
-0.00414365
-41
-0.0283149
-30
-0.0207182
15
0.0103591
-57
-0.0393646
-7
-0.00483425
-26
-0.0179558
17
0.0117403
-26
-0.0179558
-1
-0.000690608
-26
-0.0179558
-12
-0.00828729
-37
-0.0255525
69
0.0476519
14
0.00966851
19
0.0131215
15
0.0103591
-22
-0.0151934
-1
-0.000690608
21
0.0145028
-2
-0.00138122
24
0.0165746
-42
-0.0290055
-13
-0.0089779
-1
-0.000690608
-42
-0.0290055
14
0.00966851
-39
-0.0269337
10
0.00690608
-12
-0.00828729
35
0.0241713
15
0.0103591
13
0.0089779
2
0.00138122
33
0.0227901
-64
-0.0441989
31
0.0214088
-28
-0.019337
-41
-0.0283149
-31
-0.0214088
-44
-0.0303867
11
0.00759669
14
0.00966851
-18
-0.0124309
-23
-0.015884
35
0.0241713
17
0.0117403
-21
-0.0145028
44
0.0303867
6
0.00414365
58
0.0400552
-22
-0.0151934
39
0.0269337
-30
-0.0207182
-3
-0.00207182
34
0.0234807
-34
-0.0234807
-31
-0.0214088
-19
-0.0131215
19
0.0131215
29
0.0200276
59
0.0407459
19
0.0131215
10
0.00690608
-59
-0.0407459
18
0.0124309
-6
-0.00414365
8
0.00552486
-38
-0.0262431
27
0.0186464
-20
-0.0138122
48
0.0331492
-9
-0.00621547
-33
-0.0227901
-22
-0.0151934
-5
-0.00345304
-6
-0.00414365
40
0.0276243
25
0.0172652
-18
-0.0124309
14
0.00966851
-28
-0.019337
57
0.0393646
-50
-0.0345304
72
0.0497238
1
0.000690608
61
0.0421271
14
0.00966851
13
0.0089779
27
0.0186464
28
0.019337
-49
-0.0338398
50
0.0345304
25
0.0172652
19
0.0131215
43
0.0296961
-52
-0.0359116
-2
-0.00138122
-17
-0.0117403
20
0.0138122
25
0.0172652
72
0.0497238
20
0.0138122
-5
-0.00345304
-16
-0.0110497
-35
-0.0241713
44
0.0303867
8
0.00552486
49
0.0338398
-7
-0.00483425
43
0.0296961
-49
-0.0338398
36
0.0248619
-32
-0.0220994
-43
-0.0296961
-17
-0.0117403
-42
-0.0290055
14
0.00966851
-17
-0.0117403
44
0.0303867
71
0.0490331
-19
-0.0131215
-23
-0.015884
97
0.066989
-44
-0.0303867
57
0.0393646
38
0.0262431
21
0.0145028
-79
-0.054558
6
0.00414365
-44
-0.0303867
42
0.0290055
-36
-0.0248619
40
0.0276243
81
0.0559392
21
0.0145028
-15
-0.0103591
-17
-0.0117403
18
0.0124309
-25
-0.0172652
36
0.0248619
2
0.00138122
-24
-0.0165746
-7
-0.00483425
56
0.038674
-24
-0.0165746
-12
-0.00828729
-38
-0.0262431
18
0.0124309
-52
-0.0359116
-52
-0.0359116
-3
-0.00207182
2
0.00138122
12
0.00828729
5
0.00345304
-22
-0.0151934
29
0.0200276
-1
-0.000690608
-34
-0.0234807
38
0.0262431
20
0.0138122
7
0.00483425
-14
-0.00966851
77
0.0531768
-5
-0.00345304
-47
-0.0324586
39
0.0269337
-9
-0.00621547
67
0.0462707
60
0.0414365
-20
-0.0138122
35
0.0241713
4
0.00276243
20
0.0138122
-14
-0.00966851
-21
-0.0145028
24
0.0165746
-18
-0.0124309
52
0.0359116
-55
-0.0379834
2
0.00138122
7
0.00483425
38
0.0262431
14
0.00966851
-97
-0.066989
52
0.0359116
-3
-0.00207182
0
0
19
0.0131215
-2
-0.00138122
-37
-0.0255525
14
0.00966851
-54
-0.0372928
-4
-0.00276243
-1
-0.000690608
44
0.0303867
-48
-0.0331492
7
0.00483425
-33
-0.0227901
-10
-0.00690608
38
0.0262431
1
0.000690608
-24
-0.0165746
-34
-0.0234807
30
0.0207182
-1
-0.000690608
0
0
-5
-0.00345304
-25
-0.0172652
1
0.000690608
-65
-0.0448895
62
0.0428177
33
0.0227901
-14
-0.00966851
-11
-0.00759669
-44
-0.0303867
31
0.0214088
22
0.0151934
-83
-0.0573204
2
0.00138122
-17
-0.0117403
-4
-0.00276243
-48
-0.0331492
-33
-0.0227901
-64
-0.0441989
-27
-0.0186464
-114
-0.0787293
14
0.00966851
-60
-0.0414365
-46
-0.031768
-65
-0.0448895
12
0.00828729
-12
-0.00828729
48
0.0331492
49
0.0338398
-53
-0.0366022
-62
-0.0428177
25
0.0172652
30
0.0207182
37
0.0255525
8
0.00552486
20
0.0138122
-32
-0.0220994
56
0.038674
48
0.0331492
-62
-0.0428177
-71
-0.0490331
4
0.00276243
63
0.0435083
-17
-0.0117403
20
0.0138122
27
0.0186464
25
0.0172652
-61
-0.0421271
5
0.00345304
-47
-0.0324586
16
0.0110497
-50
-0.0345304
-12
-0.00828729
-17
-0.0117403
16
0.0110497
-58
-0.0400552
13
0.0089779
-42
-0.0290055
-7
-0.00483425
-42
-0.0290055
-5
-0.00345304
0
0
31
0.0214088
5
0.00345304
59
0.0407459
23
0.015884
6
0.00414365
-20
-0.0138122
41
0.0283149
6
0.00414365
42
0.0290055
-37
-0.0255525
17
0.0117403
-26
-0.0179558
77
0.0531768
3
0.00207182
-32
-0.0220994
-18
-0.0124309
4
0.00276243
47
0.0324586
87
0.0600829
-31
-0.0214088
-17
-0.0117403
-25
-0.0172652
-5
-0.00345304
17
0.0117403
73
0.0504144
-15
-0.0103591
44
0.0303867
3
0.00207182
8
0.00552486
46
0.031768
-7
-0.00483425
57
0.0393646
44
0.0303867
14
0.00966851
-28
-0.019337
37
0.0255525
46
0.031768
52
0.0359116
95
0.0656077
-6
-0.00414365
-97
-0.066989
-13
-0.0089779
10
0.00690608
60
0.0414365
-12
-0.00828729
2
0.00138122
25
0.0172652
7
0.00483425
27
0.0186464
67
0.0462707
-45
-0.0310773
-63
-0.0435083
-49
-0.0338398
-2
-0.00138122
50
0.0345304
-54
-0.0372928
-33
-0.0227901
21
0.0145028
-47
-0.0324586
-24
-0.0165746
26
0.0179558
52
0.0359116
41
0.0283149
18
0.0124309
21
0.0145028
-41
-0.0283149
4
0.00276243
24
0.0165746
56
0.038674
-15
-0.0103591
-1
-0.000690608
64
0.0441989
5
0.00345304
25
0.0172652
27
0.0186464
-29
-0.0200276
-39
-0.0269337
17
0.0117403
57
0.0393646
2
0.00138122
-1
-0.000690608
20
0.0138122
46
0.031768
53
0.0366022
-34
-0.0234807
-65
-0.0448895
11
0.00759669
-13
-0.0089779
36
0.0248619
12
0.00828729
-41
-0.0283149
-7
-0.00483425
-29
-0.0200276
-47
-0.0324586
-22
-0.0151934
30
0.0207182
65
0.0448895
-13
-0.0089779
24
0.0165746
-31
-0.0214088
30
0.0207182
-6
-0.00414365
28
0.019337
51
0.035221
-21
-0.0145028
54
0.0372928
21
0.0145028
-12
-0.00828729
0
0
34
0.0234807
31
0.0214088
-52
-0.0359116
12
0.00828729
-5
-0.00345304
27
0.0186464
-35
-0.0241713
2
0.00138122
78
0.0538674
6
0.00414365
-5
-0.00345304
-21
-0.0145028
6
0.00414365
22
0.0151934
-58
-0.0400552
-25
-0.0172652
28
0.019337
51
0.035221
19
0.0131215
-20
-0.0138122
-3
-0.00207182
5
0.00345304
11
0.00759669
15
0.0103591
-19
-0.0131215
-28
-0.019337
73
0.0504144
12
0.00828729
17
0.0117403
23
0.015884
13
0.0089779
-54
-0.0372928
-16
-0.0110497
-50
-0.0345304
11
0.00759669
-30
-0.0207182
-38
-0.0262431
-42
-0.0290055
-14
-0.00966851
-3
-0.00207182
14
0.00966851
-20
-0.0138122
-12
-0.00828729
-6
-0.00414365
-30
-0.0207182
10
0.00690608
37
0.0255525
-4
-0.00276243
15
0.0103591
-16
-0.0110497
-66
-0.0455801
-10
-0.00690608
30
0.0207182
19
0.0131215
30
0.0207182
38
0.0262431
43
0.0296961
58
0.0400552
-19
-0.0131215
-40
-0.0276243
-17
-0.0117403
19
0.0131215
10
0.00690608
8
0.00552486
63
0.0435083
-5
-0.00345304
-34
-0.0234807
-11
-0.00759669
31
0.0214088
23
0.015884
-3
-0.00207182
44
0.0303867
31
0.0214088
17
0.0117403
-28
-0.019337
8
0.00552486
-17
-0.0117403
24
0.0165746
28
0.019337
19
0.0131215
-62
-0.0428177
18
0.0124309
52
0.0359116
2
0.00138122
11
0.00759669
0
0
-45
-0.0310773
-55
-0.0379834
-28
-0.019337
2
0.00138122
22
0.0151934
-23
-0.015884
-22
-0.0151934
-6
-0.00414365
15
0.0103591
-57
-0.0393646
30
0.0207182
20
0.0138122
-19
-0.0131215
-5
-0.00345304
-10
-0.00690608
39
0.0269337
-52
-0.0359116
12
0.00828729
-36
-0.0248619
39
0.0269337
7
0.00483425
-9
-0.00621547
29
0.0200276
27
0.0186464
-31
-0.0214088
8
0.00552486
30
0.0207182
-20
-0.0138122
21
0.0145028
-84
-0.058011
-20
-0.0138122
-40
-0.0276243
-13
-0.0089779
42
0.0290055
8
0.00552486
40
0.0276243
57
0.0393646
-81
-0.0559392
-62
-0.0428177
35
0.0241713
19
0.0131215
65
0.0448895
-4
-0.00276243
26
0.0179558
-35
-0.0241713
-30
-0.0207182
-34
-0.0234807
43
0.0296961
-21
-0.0145028
5
0.00345304
21
0.0145028
-11
-0.00759669
-15
-0.0103591
27
0.0186464
-9
-0.00621547
-50
-0.0345304
-12
-0.00828729
-4
-0.00276243
9
0.00621547
-78
-0.0538674
-34
-0.0234807
44
0.0303867
-13
-0.0089779
-18
-0.0124309
-12
-0.00828729
2
0.00138122
6
0.00414365
39
0.0269337
-19
-0.0131215
20
0.0138122
-57
-0.0393646
12
0.00828729
-38
-0.0262431
-22
-0.0151934
-42
-0.0290055
-30
-0.0207182
27
0.0186464
54
0.0372928
6
0.00414365
-67
-0.0462707
21
0.0145028
30
0.0207182
-30
-0.0207182
-32
-0.0220994
-30
-0.0207182
13
0.0089779
-4
-0.00276243
2
0.00138122
11
0.00759669
22
0.0151934
-5
-0.00345304
3
0.00207182
-37
-0.0255525
38
0.0262431
6
0.00414365
21
0.0145028
3
0.00207182
-1
-0.000690608
-14
-0.00966851
-23
-0.015884
-64
-0.0441989
55
0.0379834
-35
-0.0241713
-21
-0.0145028
60
0.0414365
-1
-0.000690608
13
0.0089779
18
0.0124309
-57
-0.0393646
27
0.0186464
41
0.0283149
39
0.0269337
5
0.00345304
33
0.0227901
11
0.00759669
5
0.00345304
-47
-0.0324586
16
0.0110497
52
0.0359116
-51
-0.035221
3
0.00207182
-10
-0.00690608
24
0.0165746
22
0.0151934
9
0.00621547
82
0.0566298
61
0.0421271
-14
-0.00966851
20
0.0138122
-8
-0.00552486
8
0.00552486
11
0.00759669
15
0.0103591
-17
-0.0117403
-51
-0.035221
-33
-0.0227901
48
0.0331492
-4
-0.00276243
-4
-0.00276243
-20
-0.0138122
42
0.0290055
0
0
9
0.00621547
7
0.00483425
22
0.0151934
58
0.0400552
17
0.0117403
-66
-0.0455801
25
0.0172652
-17
-0.0117403
-32
-0.0220994
54
0.0372928
2
0.00138122
23
0.015884
6
0.00414365
-47
-0.0324586
-45
-0.0310773
8
0.00552486
-3
-0.00207182
0
0
-13
-0.0089779
9
0.00621547
20
0.0138122
19
0.0131215
-19
-0.0131215
62
0.0428177
50
0.0345304
12
0.00828729
3
0.00207182
43
0.0296961
-15
-0.0103591
-46
-0.031768
-31
-0.0214088
-10
-0.00690608
19
0.0131215
38
0.0262431
-27
-0.0186464
-39
-0.0269337
2
0.00138122
15
0.0103591
-80
-0.0552486
-73
-0.0504144
42
0.0290055
30
0.0207182
-18
-0.0124309
36
0.0248619
-60
-0.0414365
-36
-0.0248619
-89
-0.0614641
22
0.0151934
-9
-0.00621547
22
0.0151934
-20
-0.0138122
11
0.00759669
-72
-0.0497238
32
0.0220994
-16
-0.0110497
-7
-0.00483425
-48
-0.0331492
-7
-0.00483425
1
0.000690608
-6
-0.00414365
44
0.0303867
12
0.00828729
-28
-0.019337
74
0.051105
-56
-0.038674
-16
-0.0110497
-7
-0.00483425
42
0.0290055
-26
-0.0179558
-48
-0.0331492
-19
-0.0131215
-41
-0.0283149
-76
-0.0524862
-1
-0.000690608
9
0.00621547
17
0.0117403
-58
-0.0400552
11
0.00759669
-20
-0.0138122
-49
-0.0338398
0
0
-26
-0.0179558
0
0
10
0.00690608
39
0.0269337
2
0.00138122
0
0
4
0.00276243
2
0.00138122
82
0.0566298
-18
-0.0124309
33
0.0227901
-40
-0.0276243
-16
-0.0110497
6
0.00414365
22
0.0151934
15
0.0103591
-57
-0.0393646
37
0.0255525
-19
-0.0131215
-21
-0.0145028
0
0
62
0.0428177
-38
-0.0262431
12
0.00828729
-18
-0.0124309
40
0.0276243
-86
-0.0593923
66
0.0455801
-8
-0.00552486
15
0.0103591
18
0.0124309
-35
-0.0241713
12
0.00828729
-55
-0.0379834
4
0.00276243
-15
-0.0103591
11
0.00759669
3
0.00207182
39
0.0269337
22
0.0151934
34
0.0234807
23
0.015884
-52
-0.0359116
-25
-0.0172652
-31
-0.0214088
24
0.0165746
13
0.0089779
-18
-0.0124309
-23
-0.015884
-13
-0.0089779
-2
-0.00138122
-50
-0.0345304
-22
-0.0151934
36
0.0248619
22
0.0151934
45
0.0310773
-33
-0.0227901
-11
-0.00759669
-27
-0.0186464
-7
-0.00483425
40
0.0276243
30
0.0207182
-27
-0.0186464
-21
-0.0145028
17
0.0117403
41
0.0283149
-57
-0.0393646
6
0.00414365
35
0.0241713
-28
-0.019337
30
0.0207182
-22
-0.0151934
15
0.0103591
-64
-0.0441989
-20
-0.0138122
-45
-0.0310773
-15
-0.0103591
59
0.0407459
-69
-0.0476519
26
0.0179558
29
0.0200276
-18
-0.0124309
21
0.0145028
21
0.0145028
-11
-0.00759669
-20
-0.0138122
130
0.089779
-47
-0.0324586
13
0.0089779
-30
-0.0207182
-29
-0.0200276
6
0.00414365
3
0.00207182
-5
-0.00345304
20
0.0138122
14
0.00966851
-38
-0.0262431
2
0.00138122
-31
-0.0214088
19
0.0131215
-52
-0.0359116
6
0.00414365
34
0.0234807
-2
-0.00138122
19
0.0131215
-30
-0.0207182
-56
-0.038674
83
0.0573204
49
0.0338398
6
0.00414365
-50
-0.0345304
32
0.0220994
-34
-0.0234807
5
0.00345304
-22
-0.0151934
8
0.00552486
2
0.00138122
21
0.0145028
-21
-0.0145028
3
0.00207182
7
0.00483425
18
0.0124309
-24
-0.0165746
4
0.00276243
-83
-0.0573204
-3
-0.00207182
-44
-0.0303867
-16
-0.0110497
20
0.0138122
16
0.0110497
52
0.0359116
-14
-0.00966851
42
0.0290055
-50
-0.0345304
39
0.0269337
-6
-0.00414365
23
0.015884
29
0.0200276
-23
-0.015884
62
0.0428177
52
0.0359116
80
0.0552486
59
0.0407459
42
0.0290055
10
0.00690608
52
0.0359116
-20
-0.0138122
-84
-0.058011
55
0.0379834
55
0.0379834
-41
-0.0283149
45
0.0310773
-3
-0.00207182
-52
-0.0359116
10
0.00690608
-37
-0.0255525
34
0.0234807
13
0.0089779
17
0.0117403
-23
-0.015884
1
0.000690608
21
0.0145028
-25
-0.0172652
-30
-0.0207182
9
0.00621547
45
0.0310773
26
0.0179558
13
0.0089779
-46
-0.031768
46
0.031768
1
0.000690608
-15
-0.0103591
14
0.00966851
-17
-0.0117403
-16
-0.0110497
-38
-0.0262431
-23
-0.015884
27
0.0186464
-28
-0.019337
7
0.00483425
22
0.0151934
-16
-0.0110497
-24
-0.0165746
11
0.00759669
-19
-0.0131215
-38
-0.0262431
22
0.0151934
-3
-0.00207182
39
0.0269337
-55
-0.0379834
69
0.0476519
2
0.00138122
46
0.031768
16
0.0110497
25
0.0172652
25
0.0172652
-43
-0.0296961
42
0.0290055
-22
-0.0151934
-7
-0.00483425
-9
-0.00621547
-19
-0.0131215
-38
-0.0262431
2
0.00138122
-17
-0.0117403
61
0.0421271
-3
-0.00207182
14
0.00966851
-30
-0.0207182
-1
-0.000690608
-24
-0.0165746
32
0.0220994
19
0.0131215
-31
-0.0214088
89
0.0614641
61
0.0421271
22
0.0151934
-11
-0.00759669
-11
-0.00759669
-12
-0.00828729
-20
-0.0138122
12
0.00828729
59
0.0407459
17
0.0117403
35
0.0241713
-4
-0.00276243
1
0.000690608
51
0.035221
-88
-0.0607735
14
0.00966851
-39
-0.0269337
1
0.000690608
16
0.0110497
-7
-0.00483425
-53
-0.0366022
10
0.00690608
-12
-0.00828729
12
0.00828729
55
0.0379834
39
0.0269337
-8
-0.00552486
-38
-0.0262431
-27
-0.0186464
75
0.0517956
59
0.0407459
19
0.0131215
37
0.0255525
34
0.0234807
-25
-0.0172652
-30
-0.0207182
13
0.0089779
-52
-0.0359116
41
0.0283149
5
0.00345304
-54
-0.0372928
-101
-0.0697514
9
0.00621547
-5
-0.00345304
-43
-0.0296961
-39
-0.0269337
-35
-0.0241713
36
0.0248619
43
0.0296961
70
0.0483425
5
0.00345304
35
0.0241713
-65
-0.0448895
-17
-0.0117403
31
0.0214088
74
0.051105
5
0.00345304
-46
-0.031768
-5
-0.00345304
67
0.0462707
33
0.0227901
27
0.0186464
-28
-0.019337
50
0.0345304
41
0.0283149
-6
-0.00414365
0
0
-25
-0.0172652
23
0.015884
14
0.00966851
42
0.0290055
-52
-0.0359116
63
0.0435083
30
0.0207182
39
0.0269337
19
0.0131215
54
0.0372928
-6
-0.00414365
-16
-0.0110497
2
0.00138122
-79
-0.054558
36
0.0248619
38
0.0262431
-52
-0.0359116
-7
-0.00483425
21
0.0145028
53
0.0366022
-16
-0.0110497
-4
-0.00276243
-19
-0.0131215
35
0.0241713
-28
-0.019337
28
0.019337
-59
-0.0407459
-43
-0.0296961
-8
-0.00552486
-17
-0.0117403
-7
-0.00483425
14
0.00966851
44
0.0303867
-64
-0.0441989
-11
-0.00759669
3
0.00207182
-5
-0.00345304
17
0.0117403
-21
-0.0145028
-21
-0.0145028
-1
-0.000690608
-13
-0.0089779
-28
-0.019337
-13
-0.0089779
-30
-0.0207182
37
0.0255525
28
0.019337
0
0
29
0.0200276
-51
-0.035221
-5
-0.00345304
33
0.0227901
3
0.00207182
-18
-0.0124309
1
0.000690608
-43
-0.0296961
44
0.0303867
28
0.019337
-51
-0.035221
17
0.0117403
6
0.00414365
96
0.0662983
69
0.0476519
52
0.0359116
-30
-0.0207182
60
0.0414365
52
0.0359116
39
0.0269337
-32
-0.0220994
-25
-0.0172652
-17
-0.0117403
-21
-0.0145028
-19
-0.0131215
17
0.0117403
-11
-0.00759669
14
0.00966851
55
0.0379834
-10
-0.00690608
-39
-0.0269337
-16
-0.0110497
29
0.0200276
15
0.0103591
3
0.00207182
89
0.0614641
-1
-0.000690608
50
0.0345304
13
0.0089779
-15
-0.0103591
-6
-0.00414365
17
0.0117403
-32
-0.0220994
57
0.0393646
33
0.0227901
26
0.0179558
32
0.0220994
28
0.019337
-24
-0.0165746
-47
-0.0324586
6
0.00414365
-37
-0.0255525
13
0.0089779
-3
-0.00207182
-9
-0.00621547
-48
-0.0331492
-19
-0.0131215
-19
-0.0131215
68
0.0469613
-4
-0.00276243
-33
-0.0227901
-4
-0.00276243
-75
-0.0517956
-26
-0.0179558
24
0.0165746
22
0.0151934
-29
-0.0200276
9
0.00621547
33
0.0227901
-25
-0.0172652
-36
-0.0248619
26
0.0179558
10
0.00690608
51
0.035221
-32
-0.0220994
-41
-0.0283149
2
0.00138122
0
0
20
0.0138122
-49
-0.0338398
63
0.0435083
43
0.0296961
-32
-0.0220994
-53
-0.0366022
-78
-0.0538674
-25
-0.0172652
-28
-0.019337
-47
-0.0324586
8
0.00552486
13
0.0089779
20
0.0138122
-37
-0.0255525
79
0.054558
-91
-0.0628453
-24
-0.0165746
33
0.0227901
-31
-0.0214088
-67
-0.0462707
39
0.0269337
10
0.00690608
10
0.00690608
9
0.00621547
9
0.00621547
-40
-0.0276243
-59
-0.0407459
-23
-0.015884
22
0.0151934
1
0.000690608
20
0.0138122
-44
-0.0303867
8
0.00552486
38
0.0262431
3
0.00207182
-32
-0.0220994
-14
-0.00966851
-78
-0.0538674
-21
-0.0145028
31
0.0214088
6
0.00414365
16
0.0110497
-47
-0.0324586
-50
-0.0345304
-43
-0.0296961
16
0.0110497
-24
-0.0165746
-30
-0.0207182
80
0.0552486
16
0.0110497
49
0.0338398
-10
-0.00690608
34
0.0234807
0
0
-34
-0.0234807
20
0.0138122
-2
-0.00138122
-45
-0.0310773
-29
-0.0200276
40
0.0276243
-5
-0.00345304
31
0.0214088
23
0.015884
39
0.0269337
-47
-0.0324586
27
0.0186464
-50
-0.0345304
76
0.0524862
17
0.0117403
37
0.0255525
-29
-0.0200276
6
0.00414365
11
0.00759669
24
0.0165746
23
0.015884
-5
-0.00345304
61
0.0421271
13
0.0089779
12
0.00828729
82
0.0566298
-8
-0.00552486
10
0.00690608
-20
-0.0138122
-33
-0.0227901
-22
-0.0151934
-34
-0.0234807
-2
-0.00138122
-46
-0.031768
-37
-0.0255525
40
0.0276243
8
0.00552486
4
0.00276243
-7
-0.00483425
-32
-0.0220994
-3
-0.00207182
28
0.019337
6
0.00414365
-33
-0.0227901
58
0.0400552
4
0.00276243
-20
-0.0138122
34
0.0234807
18
0.0124309
23
0.015884
9
0.00621547
-37
-0.0255525
2
0.00138122
2
0.00138122
-35
-0.0241713
-69
-0.0476519
-45
-0.0310773
20
0.0138122
-16
-0.0110497
-46
-0.031768
65
0.0448895
-18
-0.0124309
14
0.00966851
-2
-0.00138122
10
0.00690608
-3
-0.00207182
-45
-0.0310773
5
0.00345304
6
0.00414365
-79
-0.054558
-29
-0.0200276
6
0.00414365
2
0.00138122
59
0.0407459
-4
-0.00276243
-28
-0.019337
-28
-0.019337
-17
-0.0117403
-1
-0.000690608
0
0
6
0.00414365
33
0.0227901
13
0.0089779
-28
-0.019337
-21
-0.0145028
23
0.015884
23
0.015884
0
0
13
0.0089779
36
0.0248619
-72
-0.0497238
17
0.0117403
51
0.035221
30
0.0207182
-33
-0.0227901
59
0.0407459
60
0.0414365
-44
-0.0303867
-29
-0.0200276
50
0.0345304
16
0.0110497
17
0.0117403
-59
-0.0407459
98
0.0676796
-58
-0.0400552
-20
-0.0138122
-14
-0.00966851
9
0.00621547
-28
-0.019337
-28
-0.019337
-5
-0.00345304
30
0.0207182
5
0.00345304
3
0.00207182
-42
-0.0290055
-14
-0.00966851
-56
-0.038674
7
0.00483425
-15
-0.0103591
-31
-0.0214088
8
0.00552486
-5
-0.00345304
23
0.015884
-32
-0.0220994
34
0.0234807
-36
-0.0248619
19
0.0131215
-16
-0.0110497
-8
-0.00552486
23
0.015884
78
0.0538674
2
0.00138122
4
0.00276243
-4
-0.00276243
23
0.015884
5
0.00345304
-57
-0.0393646
-7
-0.00483425
-48
-0.0331492
29
0.0200276
58
0.0400552
-35
-0.0241713
-9
-0.00621547
27
0.0186464
30
0.0207182
-18
-0.0124309
65
0.0448895
17
0.0117403
-17
-0.0117403
23
0.015884
3
0.00207182
14
0.00966851
-21
-0.0145028
-35
-0.0241713
5
0.00345304
75
0.0517956
52
0.0359116
-36
-0.0248619
36
0.0248619
-67
-0.0462707
-39
-0.0269337
-22
-0.0151934
-2
-0.00138122
-40
-0.0276243
-23
-0.015884
19
0.0131215
-36
-0.0248619
-37
-0.0255525
31
0.0214088
-76
-0.0524862
35
0.0241713
57
0.0393646
-26
-0.0179558
-19
-0.0131215
-5
-0.00345304
81
0.0559392
33
0.0227901
33
0.0227901
33
0.0227901
28
0.019337
38
0.0262431
-45
-0.0310773
2
0.00138122
-20
-0.0138122
-18
-0.0124309
9
0.00621547
-9
-0.00621547
78
0.0538674
-23
-0.015884
-28
-0.019337
64
0.0441989
20
0.0138122
51
0.035221
-3
-0.00207182
18
0.0124309
-16
-0.0110497
36
0.0248619
-59
-0.0407459
35
0.0241713
31
0.0214088
-18
-0.0124309
20
0.0138122
-3
-0.00207182
-1
-0.000690608
-33
-0.0227901
-30
-0.0207182
-66
-0.0455801
65
0.0448895
76
0.0524862
-55
-0.0379834
42
0.0290055
-28
-0.019337
48
0.0331492
9
0.00621547
-72
-0.0497238
17
0.0117403
39
0.0269337
14
0.00966851
10
0.00690608
34
0.0234807
-38
-0.0262431
78
0.0538674
-11
-0.00759669
-10
-0.00690608
-38
-0.0262431
31
0.0214088
18
0.0124309
-12
-0.00828729
21
0.0145028
-31
-0.0214088
-28
-0.019337
-88
-0.0607735
21
0.0145028
9
0.00621547
-47
-0.0324586
58
0.0400552
39
0.0269337
11
0.00759669
18
0.0124309
51
0.035221
4
0.00276243
-30
-0.0207182
-17
-0.0117403
-28
-0.019337
-10
-0.00690608
24
0.0165746
15
0.0103591
-2
-0.00138122
20
0.0138122
5
0.00345304
-14
-0.00966851
92
0.0635359
31
0.0214088
-44
-0.0303867
-17
-0.0117403
36
0.0248619
37
0.0255525
21
0.0145028
63
0.0435083
-1
-0.000690608
-59
-0.0407459
98
0.0676796
-46
-0.031768
-56
-0.038674
-20
-0.0138122
-7
-0.00483425
-29
-0.0200276
-3
-0.00207182
-9
-0.00621547
-41
-0.0283149
26
0.0179558
-9
-0.00621547
12
0.00828729
-23
-0.015884
-3
-0.00207182
33
0.0227901
2
0.00138122
-3
-0.00207182
29
0.0200276
21
0.0145028
-30
-0.0207182
-84
-0.058011
20
0.0138122
71
0.0490331
49
0.0338398
52
0.0359116
32
0.0220994
-38
-0.0262431
-25
-0.0172652
-49
-0.0338398
-26
-0.0179558
-52
-0.0359116
-18
-0.0124309
-34
-0.0234807
-4
-0.00276243
100
0.0690608
-70
-0.0483425
-23
-0.015884
-31
-0.0214088
-20
-0.0138122
59
0.0407459
21
0.0145028
44
0.0303867
-30
-0.0207182
-32
-0.0220994
18
0.0124309
-17
-0.0117403
-6
-0.00414365
-59
-0.0407459
-11
-0.00759669
-33
-0.0227901
-12
-0.00828729
-25
-0.0172652
-44
-0.0303867
-18
-0.0124309
-4
-0.00276243
62
0.0428177
12
0.00828729
30
0.0207182
-29
-0.0200276
6
0.00414365
-52
-0.0359116
-70
-0.0483425
-24
-0.0165746
-33
-0.0227901
7
0.00483425
-10
-0.00690608
5
0.00345304
-18
-0.0124309
13
0.0089779
-47
-0.0324586
-26
-0.0179558
37
0.0255525
-52
-0.0359116
24
0.0165746
-15
-0.0103591
24
0.0165746
-44
-0.0303867
-24
-0.0165746
-21
-0.0145028
7
0.00483425
-46
-0.031768
-52
-0.0359116
-9
-0.00621547
5
0.00345304
45
0.0310773
-15
-0.0103591
4
0.00276243
-13
-0.0089779
-45
-0.0310773
-15
-0.0103591
-66
-0.0455801
49
0.0338398
-37
-0.0255525
-45
-0.0310773
16
0.0110497
9
0.00621547
-35
-0.0241713
19
0.0131215
-19
-0.0131215
23
0.015884
61
0.0421271
30
0.0207182
-32
-0.0220994
30
0.0207182
-4
-0.00276243
59
0.0407459
32
0.0220994
-26
-0.0179558
-1
-0.000690608
31
0.0214088
-69
-0.0476519
95
0.0656077
12
0.00828729
25
0.0172652
-72
-0.0497238
21
0.0145028
-5
-0.00345304
-18
-0.0124309
-17
-0.0117403
-13
-0.0089779
0
0
-14
-0.00966851
-76
-0.0524862
1
0.000690608
-24
-0.0165746
13
0.0089779
20
0.0138122
-49
-0.0338398
3
0.00207182
43
0.0296961
39
0.0269337
32
0.0220994
-46
-0.031768
-46
-0.031768
23
0.015884
13
0.0089779
-7
-0.00483425
-15
-0.0103591
-4
-0.00276243
-21
-0.0145028
68
0.0469613
-39
-0.0269337
4
0.00276243
13
0.0089779
1
0.000690608
25
0.0172652
-2
-0.00138122
12
0.00828729
18
0.0124309
35
0.0241713
-10
-0.00690608
26
0.0179558
-13
-0.0089779
19
0.0131215
-23
-0.015884
17
0.0117403
-13
-0.0089779
3
0.00207182
-30
-0.0207182
82
0.0566298
-41
-0.0283149
-25
-0.0172652
4
0.00276243
-36
-0.0248619
8
0.00552486
36
0.0248619
20
0.0138122
10
0.00690608
-22
-0.0151934
-5
-0.00345304
-4
-0.00276243
32
0.0220994
-3
-0.00207182
-16
-0.0110497
17
0.0117403
48
0.0331492
137
0.0946133
-3
-0.00207182
-97
-0.066989
5
0.00345304
16
0.0110497
42
0.0290055
-51
-0.035221
-23
-0.015884
30
0.0207182
17
0.0117403
-17
-0.0117403
-34
-0.0234807
-58
-0.0400552
-32
-0.0220994
-6
-0.00414365
-58
-0.0400552
11
0.00759669
43
0.0296961
27
0.0186464
26
0.0179558
-30
-0.0207182
21
0.0145028
-41
-0.0283149
27
0.0186464
29
0.0200276
-12
-0.00828729
-50
-0.0345304
24
0.0165746
6
0.00414365
4
0.00276243
28
0.019337
21
0.0145028
17
0.0117403
32
0.0220994
-72
-0.0497238
-24
-0.0165746
35
0.0241713
63
0.0435083
-39
-0.0269337
17
0.0117403
2
0.00138122
-23
-0.015884
47
0.0324586
25
0.0172652
-3
-0.00207182
16
0.0110497
-38
-0.0262431
-7
-0.00483425
-44
-0.0303867
28
0.019337
95
0.0656077
47
0.0324586
26
0.0179558
60
0.0414365
68
0.0469613
-32
-0.0220994
5
0.00345304
19
0.0131215
30
0.0207182
35
0.0241713
26
0.0179558
-28
-0.019337
-90
-0.0621547
50
0.0345304
12
0.00828729
49
0.0338398
-31
-0.0214088
-32
-0.0220994
33
0.0227901
-20
-0.0138122
-21
-0.0145028
-6
-0.00414365
9
0.00621547
32
0.0220994
4
0.00276243
0
0
-3
-0.00207182
-8
-0.00552486
7
0.00483425
-10
-0.00690608
1
0.000690608
-9
-0.00621547
-68
-0.0469613
46
0.031768
42
0.0290055
39
0.0269337
14
0.00966851
-39
-0.0269337
41
0.0283149
-25
-0.0172652
67
0.0462707
10
0.00690608
-53
-0.0366022
-83
-0.0573204
-50
-0.0345304
30
0.0207182
-16
-0.0110497
-51
-0.035221
-36
-0.0248619
17
0.0117403
8
0.00552486
-3
-0.00207182
-37
-0.0255525
-33
-0.0227901
31
0.0214088
-19
-0.0131215
6
0.00414365
8
0.00552486
-9
-0.00621547
10
0.00690608
-37
-0.0255525
17
0.0117403
-6
-0.00414365
-25
-0.0172652
17
0.0117403
-18
-0.0124309
40
0.0276243
11
0.00759669
-29
-0.0200276
8
0.00552486
-5
-0.00345304
-19
-0.0131215
16
0.0110497
8
0.00552486
14
0.00966851
22
0.0151934
2
0.00138122
-46
-0.031768
-7
-0.00483425
-47
-0.0324586
-12
-0.00828729
-3
-0.00207182
-24
-0.0165746
23
0.015884
61
0.0421271
37
0.0255525
69
0.0476519
-7
-0.00483425
36
0.0248619
19
0.0131215
-90
-0.0621547
-30
-0.0207182
33
0.0227901
-6
-0.00414365
-32
-0.0220994
16
0.0110497
-31
-0.0214088
34
0.0234807
-41
-0.0283149
28
0.019337
55
0.0379834
-40
-0.0276243
1
0.000690608
47
0.0324586
-11
-0.00759669
4
0.00276243
-24
-0.0165746
-67
-0.0462707
27
0.0186464
6
0.00414365
-26
-0.0179558
14
0.00966851
4
0.00276243
-65
-0.0448895
-25
-0.0172652
-34
-0.0234807
3
0.00207182
-44
-0.0303867
-15
-0.0103591
8
0.00552486
35
0.0241713
4
0.00276243
9
0.00621547
28
0.019337
-27
-0.0186464
-22
-0.0151934
-31
-0.0214088
-2
-0.00138122
-41
-0.0283149
2
0.00138122
-29
-0.0200276
-61
-0.0421271
-17
-0.0117403
-40
-0.0276243
26
0.0179558
-14
-0.00966851
-29
-0.0200276
-64
-0.0441989
-8
-0.00552486
13
0.0089779
40
0.0276243
-39
-0.0269337
0
0
39
0.0269337
4
0.00276243
-6
-0.00414365
-5
-0.00345304
2
0.00138122
-12
-0.00828729
26
0.0179558
-24
-0.0165746
-26
-0.0179558
81
0.0559392
-1
-0.000690608
-5
-0.00345304
-58
-0.0400552
-60
-0.0414365
11
0.00759669
12
0.00828729
32
0.0220994
-38
-0.0262431
6
0.00414365
22
0.0151934
40
0.0276243
37
0.0255525
32
0.0220994
-31
-0.0214088
-12
-0.00828729
3
0.00207182
-39
-0.0269337
-9
-0.00621547
-13
-0.0089779
-41
-0.0283149
-26
-0.0179558
16
0.0110497
-36
-0.0248619
70
0.0483425
28
0.019337
15
0.0103591
-82
-0.0566298
-34
-0.0234807
-19
-0.0131215
28
0.019337
-12
-0.00828729
23
0.015884
47
0.0324586
-12
-0.00828729
23
0.015884
-9
-0.00621547
-36
-0.0248619
12
0.00828729
-42
-0.0290055
31
0.0214088
38
0.0262431
-25
-0.0172652
-51
-0.035221
33
0.0227901
1
0.000690608
19
0.0131215
-50
-0.0345304
60
0.0414365
6
0.00414365
-13
-0.0089779
-9
-0.00621547
47
0.0324586
-13
-0.0089779
27
0.0186464
0
0
25
0.0172652
31
0.0214088
-40
-0.0276243
46
0.031768
76
0.0524862
28
0.019337
29
0.0200276
-32
-0.0220994
-8
-0.00552486
-21
-0.0145028
64
0.0441989
-6
-0.00414365
15
0.0103591
7
0.00483425
-71
-0.0490331
-2
-0.00138122
-36
-0.0248619
-63
-0.0435083
75
0.0517956
-8
-0.00552486
-6
-0.00414365
-7
-0.00483425
-46
-0.031768
-15
-0.0103591
24
0.0165746
35
0.0241713
-17
-0.0117403
-13
-0.0089779
-25
-0.0172652
38
0.0262431
-19
-0.0131215
-48
-0.0331492
-46
-0.031768
-17
-0.0117403
90
0.0621547
-4
-0.00276243
-20
-0.0138122
-2
-0.00138122
46
0.031768
28
0.019337
17
0.0117403
78
0.0538674
3
0.00207182
76
0.0524862
-33
-0.0227901
23
0.015884
10
0.00690608
-65
-0.0448895
29
0.0200276
-58
-0.0400552
-30
-0.0207182
-20
-0.0138122
-15
-0.0103591
2
0.00138122
51
0.035221
40
0.0276243
-36
-0.0248619
-78
-0.0538674
-9
-0.00621547
52
0.0359116
64
0.0441989
-57
-0.0393646
9
0.00621547
7
0.00483425
63
0.0435083
-23
-0.015884
-41
-0.0283149
-25
-0.0172652
43
0.0296961
16
0.0110497
-22
-0.0151934
-35
-0.0241713
0
0
11
0.00759669
28
0.019337
-24
-0.0165746
85
0.0587017
-20
-0.0138122
-34
-0.0234807
-6
-0.00414365
-37
-0.0255525
-59
-0.0407459
19
0.0131215
28
0.019337
-11
-0.00759669
25
0.0172652
-35
-0.0241713
-6
-0.00414365
-45
-0.0310773
16
0.0110497
8
0.00552486
-6
-0.00414365
26
0.0179558
-19
-0.0131215
-46
-0.031768
24
0.0165746
-28
-0.019337
105
0.0725138
-24
-0.0165746
-35
-0.0241713
32
0.0220994
11
0.00759669
29
0.0200276
37
0.0255525
2
0.00138122
23
0.015884
-62
-0.0428177
76
0.0524862
-16
-0.0110497
10
0.00690608
-27
-0.0186464
17
0.0117403
36
0.0248619
-2
-0.00138122
-40
-0.0276243
-36
-0.0248619
24
0.0165746
57
0.0393646
35
0.0241713
-29
-0.0200276
11
0.00759669
55
0.0379834
88
0.0607735
42
0.0290055
-9
-0.00621547
21
0.0145028
39
0.0269337
33
0.0227901
-12
-0.00828729
22
0.0151934
-43
-0.0296961
8
0.00552486
8
0.00552486
4
0.00276243
11
0.00759669
-17
-0.0117403
38
0.0262431
-43
-0.0296961
13
0.0089779
-6
-0.00414365
2
0.00138122
-67
-0.0462707
-5
-0.00345304
-23
-0.015884
-13
-0.0089779
-11
-0.00759669
-22
-0.0151934
-56
-0.038674
3
0.00207182
6
0.00414365
9
0.00621547
-10
-0.00690608
-9
-0.00621547
-42
-0.0290055
6
0.00414365
-28
-0.019337
-21
-0.0145028
-62
-0.0428177
7
0.00483425
-63
-0.0435083
-55
-0.0379834
-1
-0.000690608
25
0.0172652
-28
-0.019337
55
0.0379834
8
0.00552486
-19
-0.0131215
-28
-0.019337
-23
-0.015884
66
0.0455801
-55
-0.0379834
-28
-0.019337
-3
-0.00207182
-59
-0.0407459
8
0.00552486
-2
-0.00138122
11
0.00759669
3
0.00207182
34
0.0234807
35
0.0241713
-44
-0.0303867
-17
-0.0117403
36
0.0248619
-35
-0.0241713
11
0.00759669
3
0.00207182
70
0.0483425
-17
-0.0117403
18
0.0124309
11
0.00759669
-23
-0.015884
-21
-0.0145028
65
0.0448895
-5
-0.00345304
-27
-0.0186464
4
0.00276243
27
0.0186464
37
0.0255525
-78
-0.0538674
-24
-0.0165746
-9
-0.00621547
0
0
21
0.0145028
7
0.00483425
62
0.0428177
-7
-0.00483425
23
0.015884
-46
-0.031768
24
0.0165746
0
0
-18
-0.0124309
37
0.0255525
-26
-0.0179558
-6
-0.00414365
-3
-0.00207182
-25
-0.0172652
-25
-0.0172652
-3
-0.00207182
-16
-0.0110497
40
0.0276243
-21
-0.0145028
27
0.0186464
45
0.0310773
-12
-0.00828729
-51
-0.035221
-2
-0.00138122
31
0.0214088
-23
-0.015884
31
0.0214088
18
0.0124309
-5
-0.00345304
-48
-0.0331492
21
0.0145028
-6
-0.00414365
-37
-0.0255525
-17
-0.0117403
-54
-0.0372928
-60
-0.0414365
16
0.0110497
19
0.0131215
52
0.0359116
-24
-0.0165746
-5
-0.00345304
15
0.0103591
43
0.0296961
22
0.0151934
-36
-0.0248619
-22
-0.0151934
23
0.015884
-51
-0.035221
-58
-0.0400552
43
0.0296961
-104
-0.0718232
39
0.0269337
-7
-0.00483425
-36
-0.0248619
31
0.0214088
57
0.0393646
-20
-0.0138122
-88
-0.0607735
-16
-0.0110497
-9
-0.00621547
-49
-0.0338398
14
0.00966851
11
0.00759669
-12
-0.00828729
-36
-0.0248619
-38
-0.0262431
26
0.0179558
42
0.0290055
-23
-0.015884
24
0.0165746
10
0.00690608
24
0.0165746
-5
-0.00345304
-19
-0.0131215
57
0.0393646
41
0.0283149
22
0.0151934
15
0.0103591
-14
-0.00966851
-8
-0.00552486
-17
-0.0117403
28
0.019337
53
0.0366022
-17
-0.0117403
-41
-0.0283149
-29
-0.0200276
42
0.0290055
-34
-0.0234807
12
0.00828729
20
0.0138122
44
0.0303867
28
0.019337
-26
-0.0179558
-52
-0.0359116
-79
-0.054558
1
0.000690608
7
0.00483425
14
0.00966851
-44
-0.0303867
-51
-0.035221
-36
-0.0248619
-58
-0.0400552
-71
-0.0490331
4
0.00276243
21
0.0145028
-3
-0.00207182
16
0.0110497
-22
-0.0151934
-62
-0.0428177
57
0.0393646
-61
-0.0421271
4
0.00276243
-42
-0.0290055
5
0.00345304
-22
-0.0151934
-3
-0.00207182
8
0.00552486
-26
-0.0179558
68
0.0469613
5
0.00345304
46
0.031768
-38
-0.0262431
82
0.0566298
32
0.0220994
-35
-0.0241713
-5
-0.00345304
-55
-0.0379834
25
0.0172652
-60
-0.0414365
-15
-0.0103591
43
0.0296961
23
0.015884
1
0.000690608
-14
-0.00966851
49
0.0338398
11
0.00759669
6
0.00414365
16
0.0110497
-51
-0.035221
-2
-0.00138122
-60
-0.0414365
27
0.0186464
61
0.0421271
-14
-0.00966851
41
0.0283149
40
0.0276243
-18
-0.0124309
43
0.0296961
3
0.00207182
5
0.00345304
-36
-0.0248619
-8
-0.00552486
-14
-0.00966851
-28
-0.019337
97
0.066989
16
0.0110497
-22
-0.0151934
-6
-0.00414365
-47
-0.0324586
26
0.0179558
11
0.00759669
-31
-0.0214088
-28
-0.019337
-2
-0.00138122
-15
-0.0103591
13
0.0089779
0
0
41
0.0283149
62
0.0428177
-52
-0.0359116
77
0.0531768
13
0.0089779
-2
-0.00138122
-10
-0.00690608
-12
-0.00828729
11
0.00759669
-6
-0.00414365
-23
-0.015884
62
0.0428177
-6
-0.00414365
-107
-0.073895
-73
-0.0504144
11
0.00759669
-56
-0.038674
-4
-0.00276243
-53
-0.0366022
-43
-0.0296961
-47
-0.0324586
-25
-0.0172652
-9
-0.00621547
-5
-0.00345304
-19
-0.0131215
11
0.00759669
24
0.0165746
-34
-0.0234807
-21
-0.0145028
8
0.00552486
-36
-0.0248619
2
0.00138122
37
0.0255525
-40
-0.0276243
-17
-0.0117403
31
0.0214088
-27
-0.0186464
-14
-0.00966851
1
0.000690608
-29
-0.0200276
-23
-0.015884
77
0.0531768
50
0.0345304
-26
-0.0179558
19
0.0131215
17
0.0117403
-14
-0.00966851
26
0.0179558
10
0.00690608
-1
-0.000690608
-5
-0.00345304
33
0.0227901
-74
-0.051105
0
0
-27
-0.0186464
14
0.00966851
3
0.00207182
-35
-0.0241713
-52
-0.0359116
-52
-0.0359116
0
0
-18
-0.0124309
-23
-0.015884
-49
-0.0338398
-13
-0.0089779
85
0.0587017
-57
-0.0393646
3
0.00207182
-58
-0.0400552
8
0.00552486
23
0.015884
-64
-0.0441989
-25
-0.0172652
7
0.00483425
-3
-0.00207182
31
0.0214088
34
0.0234807
-12
-0.00828729
16
0.0110497
61
0.0421271
43
0.0296961
2
0.00138122
-12
-0.00828729
-74
-0.051105
35
0.0241713
-15
-0.0103591
-5
-0.00345304
40
0.0276243
48
0.0331492
-15
-0.0103591
-7
-0.00483425
43
0.0296961
-43
-0.0296961
3
0.00207182
-20
-0.0138122
-32
-0.0220994
7
0.00483425
-18
-0.0124309
60
0.0414365
66
0.0455801
-30
-0.0207182
39
0.0269337
-3
-0.00207182
-24
-0.0165746
53
0.0366022
-2
-0.00138122
21
0.0145028
59
0.0407459
-23
-0.015884
-41
-0.0283149
-78
-0.0538674
23
0.015884
26
0.0179558
14
0.00966851
6
0.00414365
14
0.00966851
-5
-0.00345304
34
0.0234807
-45
-0.0310773
-37
-0.0255525
-36
-0.0248619
-23
-0.015884
-59
-0.0407459
24
0.0165746
-25
-0.0172652
-7
-0.00483425
-17
-0.0117403
-1
-0.000690608
-27
-0.0186464
17
0.0117403
25
0.0172652
-21
-0.0145028
-4
-0.00276243
67
0.0462707
63
0.0435083
2
0.00138122
-15
-0.0103591
47
0.0324586
21
0.0145028
82
0.0566298
5
0.00345304
15
0.0103591
-49
-0.0338398
14
0.00966851
36
0.0248619
-10
-0.00690608
7
0.00483425
17
0.0117403
52
0.0359116
-30
-0.0207182
-8
-0.00552486
17
0.0117403
19
0.0131215
-53
-0.0366022
30
0.0207182
0
0
-4
-0.00276243
-83
-0.0573204
-4
-0.00276243
4
0.00276243
-45
-0.0310773
53
0.0366022
4
0.00276243
-42
-0.0290055
4
0.00276243
-6
-0.00414365
9
0.00621547
-31
-0.0214088
13
0.0089779
-13
-0.0089779
19
0.0131215
-26
-0.0179558
69
0.0476519
37
0.0255525
-56
-0.038674
-14
-0.00966851
-12
-0.00828729
27
0.0186464
-10
-0.00690608
14
0.00966851
-16
-0.0110497
-58
-0.0400552
27
0.0186464
-19
-0.0131215
-7
-0.00483425
-2
-0.00138122
-17
-0.0117403
62
0.0428177
-3
-0.00207182
16
0.0110497
-3
-0.00207182
7
0.00483425
-5
-0.00345304
-21
-0.0145028
-11
-0.00759669
-2
-0.00138122
47
0.0324586
-1
-0.000690608
-39
-0.0269337
20
0.0138122
-14
-0.00966851
-2
-0.00138122
13
0.0089779
-79
-0.054558
6
0.00414365
4
0.00276243
10
0.00690608
4
0.00276243
-45
-0.0310773
81
0.0559392
-7
-0.00483425
5
0.00345304
10
0.00690608
25
0.0172652
-67
-0.0462707
44
0.0303867
28
0.019337
-38
-0.0262431
30
0.0207182
31
0.0214088
58
0.0400552
-31
-0.0214088
-8
-0.00552486
29
0.0200276
-4
-0.00276243
29
0.0200276
-8
-0.00552486
39
0.0269337
-36
-0.0248619
-17
-0.0117403
21
0.0145028
-49
-0.0338398
88
0.0607735
-24
-0.0165746
36
0.0248619
48
0.0331492
-23
-0.015884
-25
-0.0172652
-23
-0.015884
2
0.00138122
41
0.0283149
-14
-0.00966851
1
0.000690608
-10
-0.00690608
32
0.0220994
-18
-0.0124309
64
0.0441989
68
0.0469613
1
0.000690608
-20
-0.0138122
7
0.00483425
-57
-0.0393646
-27
-0.0186464
-24
-0.0165746
36
0.0248619
-2
-0.00138122
-3
-0.00207182
-22
-0.0151934
-21
-0.0145028
-82
-0.0566298
25
0.0172652
13
0.0089779
-51
-0.035221
58
0.0400552
-59
-0.0407459
19
0.0131215
-34
-0.0234807
-41
-0.0283149
37
0.0255525
-10
-0.00690608
-26
-0.0179558
-48
-0.0331492
-17
-0.0117403
-27
-0.0186464
19
0.0131215
-9
-0.00621547
1
0.000690608
8
0.00552486
-11
-0.00759669
2
0.00138122
28
0.019337
-59
-0.0407459
39
0.0269337
-13
-0.0089779
32
0.0220994
-75
-0.0517956
38
0.0262431
47
0.0324586
11
0.00759669
9
0.00621547
-12
-0.00828729
71
0.0490331
-39
-0.0269337
-60
-0.0414365
-20
-0.0138122
-45
-0.0310773
-36
-0.0248619
17
0.0117403
32
0.0220994
-1
-0.000690608
12
0.00828729
22
0.0151934
21
0.0145028
-20
-0.0138122
-7
-0.00483425
-31
-0.0214088
27
0.0186464
67
0.0462707
30
0.0207182
10
0.00690608
-9
-0.00621547
-37
-0.0255525
3
0.00207182
-29
-0.0200276
-49
-0.0338398
3
0.00207182
16
0.0110497
13
0.0089779
-10
-0.00690608
-1
-0.000690608
-6
-0.00414365
31
0.0214088
90
0.0621547
-37
-0.0255525
-14
-0.00966851
-26
-0.0179558
2
0.00138122
35
0.0241713
-3
-0.00207182
-18
-0.0124309
-21
-0.0145028
41
0.0283149
-28
-0.019337
-14
-0.00966851
-4
-0.00276243
-13
-0.0089779
3
0.00207182
-30
-0.0207182
-40
-0.0276243
-14
-0.00966851
6
0.00414365
5
0.00345304
39
0.0269337
-22
-0.0151934
29
0.0200276
-3
-0.00207182
10
0.00690608
8
0.00552486
17
0.0117403
6
0.00414365
-37
-0.0255525
-35
-0.0241713
18
0.0124309
51
0.035221
2
0.00138122
12
0.00828729
13
0.0089779
51
0.035221
-28
-0.019337
-83
-0.0573204
-7
-0.00483425
-6
-0.00414365
-29
-0.0200276
-54
-0.0372928
16
0.0110497
21
0.0145028
-11
-0.00759669
-41
-0.0283149
-11
-0.00759669
4
0.00276243
8
0.00552486
55
0.0379834
-30
-0.0207182
15
0.0103591
-45
-0.0310773
45
0.0310773
4
0.00276243
26
0.0179558
-42
-0.0290055
21
0.0145028
-15
-0.0103591
29
0.0200276
19
0.0131215
-35
-0.0241713
41
0.0283149
-7
-0.00483425
44
0.0303867
-80
-0.0552486
-36
-0.0248619
-10
-0.00690608
-16
-0.0110497
-9
-0.00621547
34
0.0234807
-20
-0.0138122
50
0.0345304
-9
-0.00621547
27
0.0186464
-56
-0.038674
4
0.00276243
24
0.0165746
-15
-0.0103591
98
0.0676796
49
0.0338398
23
0.015884
49
0.0338398
-41
-0.0283149
-41
-0.0283149
40
0.0276243
-34
-0.0234807
-19
-0.0131215
32
0.0220994
44
0.0303867
-5
-0.00345304
43
0.0296961
-10
-0.00690608
-32
-0.0220994
-36
-0.0248619
30
0.0207182
-48
-0.0331492
-9
-0.00621547
67
0.0462707
-18
-0.0124309
-3
-0.00207182
-14
-0.00966851
-31
-0.0214088
20
0.0138122
2
0.00138122
-40
-0.0276243
10
0.00690608
-26
-0.0179558
57
0.0393646
24
0.0165746
14
0.00966851
4
0.00276243
9
0.00621547
-3
-0.00207182
-23
-0.015884
65
0.0448895
84
0.058011
-50
-0.0345304
-8
-0.00552486
1
0.000690608
-17
-0.0117403
-8
-0.00552486
-64
-0.0441989
-6
-0.00414365
23
0.015884
-43
-0.0296961
-26
-0.0179558
-15
-0.0103591
-5
-0.00345304
-39
-0.0269337
-51
-0.035221
32
0.0220994
42
0.0290055
3
0.00207182
22
0.0151934
-44
-0.0303867
-40
-0.0276243
-36
-0.0248619
59
0.0407459
-18
-0.0124309
7
0.00483425
-28
-0.019337
-15
-0.0103591
1
0.000690608
57
0.0393646
12
0.00828729
28
0.019337
27
0.0186464
8
0.00552486
46
0.031768
-6
-0.00414365
41
0.0283149
45
0.0310773
-29
-0.0200276
54
0.0372928
-32
-0.0220994
54
0.0372928
73
0.0504144
-89
-0.0614641
-1
-0.000690608
-3
-0.00207182
-14
-0.00966851
-30
-0.0207182
-16
-0.0110497
44
0.0303867
-8
-0.00552486
6
0.00414365
13
0.0089779
49
0.0338398
-60
-0.0414365
47
0.0324586
36
0.0248619
-9
-0.00621547
17
0.0117403
0
0
13
0.0089779
13
0.0089779
31
0.0214088
1
0.000690608
33
0.0227901
-2
-0.00138122
-8
-0.00552486
60
0.0414365
-59
-0.0407459
1
0.000690608
6
0.00414365
-46
-0.031768
21
0.0145028
16
0.0110497
40
0.0276243
25
0.0172652
-12
-0.00828729
42
0.0290055
32
0.0220994
18
0.0124309
-40
-0.0276243
-11
-0.00759669
35
0.0241713
-11
-0.00759669
18
0.0124309
-12
-0.00828729
-63
-0.0435083
-14
-0.00966851
32
0.0220994
-19
-0.0131215
-14
-0.00966851
-25
-0.0172652
-25
-0.0172652
-40
-0.0276243
74
0.051105
20
0.0138122
22
0.0151934
36
0.0248619
48
0.0331492
-23
-0.015884
47
0.0324586
-19
-0.0131215
0
0
29
0.0200276
-61
-0.0421271
11
0.00759669
43
0.0296961
41
0.0283149
-56
-0.038674
-7
-0.00483425
-30
-0.0207182
44
0.0303867
2
0.00138122
26
0.0179558
17
0.0117403
-11
-0.00759669
23
0.015884
27
0.0186464
-42
-0.0290055
-21
-0.0145028
-41
-0.0283149
-46
-0.031768
-13
-0.0089779
-77
-0.0531768
5
0.00345304
40
0.0276243
55
0.0379834
0
0
1
0.000690608
5
0.00345304
-29
-0.0200276
-2
-0.00138122
-6
-0.00414365
26
0.0179558
20
0.0138122
-23
-0.015884
-35
-0.0241713
2
0.00138122
-26
-0.0179558
32
0.0220994
-1
-0.000690608
37
0.0255525
-19
-0.0131215
22
0.0151934
6
0.00414365
-25
-0.0172652
-19
-0.0131215
14
0.00966851
-1
-0.000690608
-29
-0.0200276
-12
-0.00828729
32
0.0220994
25
0.0172652
-26
-0.0179558
5
0.00345304
-8
-0.00552486
-13
-0.0089779
-21
-0.0145028
46
0.031768
-17
-0.0117403
-19
-0.0131215
20
0.0138122
-7
-0.00483425
-50
-0.0345304
-2
-0.00138122
40
0.0276243
-7
-0.00483425
-25
-0.0172652
-41
-0.0283149
-22
-0.0151934
52
0.0359116
20
0.0138122
7
0.00483425
0
0
-10
-0.00690608
-5
-0.00345304
15
0.0103591
-15
-0.0103591
16
0.0110497
15
0.0103591
21
0.0145028
2
0.00138122
4
0.00276243
-29
-0.0200276
20
0.0138122
-46
-0.031768
57
0.0393646
-68
-0.0469613
-14
-0.00966851
-31
-0.0214088
24
0.0165746
-15
-0.0103591
15
0.0103591
-13
-0.0089779
-20
-0.0138122
40
0.0276243
-115
-0.0794199
15
0.0103591
10
0.00690608
29
0.0200276
52
0.0359116
-7
-0.00483425
-19
-0.0131215
-11
-0.00759669
-18
-0.0124309
-26
-0.0179558
7
0.00483425
14
0.00966851
-29
-0.0200276
34
0.0234807
-41
-0.0283149
-30
-0.0207182
-28
-0.019337
19
0.0131215
-23
-0.015884
26
0.0179558
-63
-0.0435083
93
0.0642265
33
0.0227901
25
0.0172652
46
0.031768
13
0.0089779
21
0.0145028
-27
-0.0186464
24
0.0165746
19
0.0131215
2
0.00138122
-19
-0.0131215
-8
-0.00552486
-2
-0.00138122
-2
-0.00138122
-23
-0.015884
-20
-0.0138122
30
0.0207182
-66
-0.0455801
-4
-0.00276243
2
0.00138122
35
0.0241713
-10
-0.00690608
7
0.00483425
20
0.0138122
-73
-0.0504144
60
0.0414365
-22
-0.0151934
14
0.00966851
81
0.0559392
50
0.0345304
-83
-0.0573204
-3
-0.00207182
17
0.0117403
25
0.0172652
46
0.031768
23
0.015884
17
0.0117403
24
0.0165746
36
0.0248619
-40
-0.0276243
-39
-0.0269337
95
0.0656077
-45
-0.0310773
5
0.00345304
-48
-0.0331492
-37
-0.0255525
-23
-0.015884
5
0.00345304
-24
-0.0165746
-21
-0.0145028
-32
-0.0220994
94
0.0649171
23
0.015884
-29
-0.0200276
-24
-0.0165746
0
0
-40
-0.0276243
-31
-0.0214088
-41
-0.0283149
-16
-0.0110497
98
0.0676796
-38
-0.0262431
-17
-0.0117403
32
0.0220994
11
0.00759669
-16
-0.0110497
-25
-0.0172652
-9
-0.00621547
-50
-0.0345304
7
0.00483425
-28
-0.019337
55
0.0379834
27
0.0186464
45
0.0310773
-1
-0.000690608
8
0.00552486
-26
-0.0179558
43
0.0296961
34
0.0234807
-26
-0.0179558
-59
-0.0407459
0
0
53
0.0366022
10
0.00690608
-36
-0.0248619
6
0.00414365
5
0.00345304
-29
-0.0200276
-13
-0.0089779
-7
-0.00483425
31
0.0214088
26
0.0179558
13
0.0089779
-27
-0.0186464
-28
-0.019337
47
0.0324586
65
0.0448895
2
0.00138122
-35
-0.0241713
-9
-0.00621547
26
0.0179558
-18
-0.0124309
-32
-0.0220994
0
0
31
0.0214088
-45
-0.0310773
61
0.0421271
-18
-0.0124309
15
0.0103591
7
0.00483425
31
0.0214088
4
0.00276243
23
0.015884
14
0.00966851
14
0.00966851
-36
-0.0248619
39
0.0269337
-41
-0.0283149
42
0.0290055
-24
-0.0165746
35
0.0241713
42
0.0290055
16
0.0110497
66
0.0455801
33
0.0227901
-22
-0.0151934
16
0.0110497
15
0.0103591
-2
-0.00138122
12
0.00828729
-42
-0.0290055
14
0.00966851
8
0.00552486
17
0.0117403
10
0.00690608
-34
-0.0234807
32
0.0220994
4
0.00276243
-3
-0.00207182
58
0.0400552
-5
-0.00345304
14
0.00966851
12
0.00828729
15
0.0103591
37
0.0255525
-7
-0.00483425
25
0.0172652
-65
-0.0448895
-31
-0.0214088
1
0.000690608
-26
-0.0179558
24
0.0165746
85
0.0587017
-8
-0.00552486
-36
-0.0248619
63
0.0435083
33
0.0227901
54
0.0372928
14
0.00966851
-35
-0.0241713
-41
-0.0283149
-15
-0.0103591
47
0.0324586
9
0.00621547
12
0.00828729
-16
-0.0110497
-31
-0.0214088
-12
-0.00828729
43
0.0296961
17
0.0117403
29
0.0200276
6
0.00414365
-31
-0.0214088
-26
-0.0179558
-33
-0.0227901
-11
-0.00759669
-41
-0.0283149
21
0.0145028
1
0.000690608
-18
-0.0124309
12
0.00828729
45
0.0310773
-43
-0.0296961
11
0.00759669
-49
-0.0338398
87
0.0600829
-34
-0.0234807
-32
-0.0220994
-48
-0.0331492
5
0.00345304
31
0.0214088
-65
-0.0448895
-22
-0.0151934
1
0.000690608
7
0.00483425
1
0.000690608
17
0.0117403
-35
-0.0241713
-22
-0.0151934
2
0.00138122
-86
-0.0593923
0
0
-18
-0.0124309
-21
-0.0145028
16
0.0110497
-30
-0.0207182
-22
-0.0151934
65
0.0448895
5
0.00345304
29
0.0200276
48
0.0331492
-2
-0.00138122
7
0.00483425
-104
-0.0718232
-17
-0.0117403
-7
-0.00483425
20
0.0138122
-58
-0.0400552
-23
-0.015884
22
0.0151934
-11
-0.00759669
-15
-0.0103591
-12
-0.00828729
-33
-0.0227901
-12
-0.00828729
30
0.0207182
-6
-0.00414365
-69
-0.0476519
-20
-0.0138122
-28
-0.019337
-43
-0.0296961
34
0.0234807
29
0.0200276
40
0.0276243
52
0.0359116
48
0.0331492
28
0.019337
-1
-0.000690608
41
0.0283149
51
0.035221
-4
-0.00276243
9
0.00621547
18
0.0124309
89
0.0614641
3
0.00207182
-72
-0.0497238
11
0.00759669
-66
-0.0455801
12
0.00828729
-3
-0.00207182
15
0.0103591
-66
-0.0455801
-29
-0.0200276
16
0.0110497
-2
-0.00138122
-11
-0.00759669
-14
-0.00966851
-1
-0.000690608
11
0.00759669
-35
-0.0241713
-25
-0.0172652
-34
-0.0234807
22
0.0151934
5
0.00345304
77
0.0531768
-29
-0.0200276
-15
-0.0103591
-23
-0.015884
28
0.019337
24
0.0165746
-12
-0.00828729
13
0.0089779
14
0.00966851
-36
-0.0248619
-2
-0.00138122
-8
-0.00552486
34
0.0234807
-23
-0.015884
37
0.0255525
-20
-0.0138122
-8
-0.00552486
-33
-0.0227901
-35
-0.0241713
71
0.0490331
-3
-0.00207182
-19
-0.0131215
28
0.019337
-26
-0.0179558
47
0.0324586
72
0.0497238
78
0.0538674
89
0.0614641
-33
-0.0227901
-43
-0.0296961
18
0.0124309
26
0.0179558
-22
-0.0151934
62
0.0428177
10
0.00690608
-3
-0.00207182
21
0.0145028
-60
-0.0414365
-16
-0.0110497
26
0.0179558
56
0.038674
-31
-0.0214088
-39
-0.0269337
65
0.0448895
-18
-0.0124309
36
0.0248619
49
0.0338398
48
0.0331492
29
0.0200276
63
0.0435083
-14
-0.00966851
-20
-0.0138122
5
0.00345304
-39
-0.0269337
-30
-0.0207182
-23
-0.015884
34
0.0234807
26
0.0179558
11
0.00759669
0
0
15
0.0103591
-58
-0.0400552
-18
-0.0124309
20
0.0138122
-62
-0.0428177
-26
-0.0179558
12
0.00828729
-37
-0.0255525
-13
-0.0089779
0
0
-59
-0.0407459
-42
-0.0290055
4
0.00276243
42
0.0290055
8
0.00552486
5
0.00345304
-1
-0.000690608
-62
-0.0428177
37
0.0255525
-13
-0.0089779
1
0.000690608
-11
-0.00759669
-74
-0.051105
18
0.0124309
63
0.0435083
-39
-0.0269337
-42
-0.0290055
22
0.0151934
34
0.0234807
-39
-0.0269337
57
0.0393646
33
0.0227901
36
0.0248619
-2
-0.00138122
-55
-0.0379834
48
0.0331492
39
0.0269337
-40
-0.0276243
2
0.00138122
-4
-0.00276243
-1
-0.000690608
26
0.0179558
17
0.0117403
44
0.0303867
-29
-0.0200276
-20
-0.0138122
18
0.0124309
-3
-0.00207182
-11
-0.00759669
26
0.0179558
-1
-0.000690608
1
0.000690608
6
0.00414365
95
0.0656077
-10
-0.00690608
-50
-0.0345304
24
0.0165746
9
0.00621547
5
0.00345304
-53
-0.0366022
-14
-0.00966851
-2
-0.00138122
-3
-0.00207182
-2
-0.00138122
10
0.00690608
46
0.031768
60
0.0414365
-43
-0.0296961
-17
-0.0117403
-12
-0.00828729
-41
-0.0283149
-67
-0.0462707
-15
-0.0103591
21
0.0145028
-14
-0.00966851
91
0.0628453
35
0.0241713
16
0.0110497
-6
-0.00414365
40
0.0276243
11
0.00759669
13
0.0089779
-1
-0.000690608
-11
-0.00759669
-45
-0.0310773
-17
-0.0117403
-27
-0.0186464
-63
-0.0435083
-4
-0.00276243
-49
-0.0338398
-13
-0.0089779
-53
-0.0366022
-6
-0.00414365
22
0.0151934
-16
-0.0110497
58
0.0400552
23
0.015884
-37
-0.0255525
21
0.0145028
-13
-0.0089779
-19
-0.0131215
67
0.0462707
-20
-0.0138122
-48
-0.0331492
-12
-0.00828729
-6
-0.00414365
40
0.0276243
-21
-0.0145028
-3
-0.00207182
-9
-0.00621547
-38
-0.0262431
-17
-0.0117403
-11
-0.00759669
-13
-0.0089779
11
0.00759669
-40
-0.0276243
-9
-0.00621547
-17
-0.0117403
71
0.0490331
13
0.0089779
-36
-0.0248619
-38
-0.0262431
23
0.015884
40
0.0276243
-16
-0.0110497
-44
-0.0303867
-44
-0.0303867
38
0.0262431
8
0.00552486
-5
-0.00345304
-17
-0.0117403
-113
-0.0780387
7
0.00483425
-51
-0.035221
23
0.015884
1
0.000690608
11
0.00759669
26
0.0179558
-32
-0.0220994
-48
-0.0331492
15
0.0103591
-1
-0.000690608
-22
-0.0151934
-45
-0.0310773
-41
-0.0283149
-9
-0.00621547
66
0.0455801
39
0.0269337
31
0.0214088
-27
-0.0186464
-39
-0.0269337
52
0.0359116
14
0.00966851
57
0.0393646
21
0.0145028
12
0.00828729
-29
-0.0200276
46
0.031768
25
0.0172652
78
0.0538674
38
0.0262431
18
0.0124309
1
0.000690608
-2
-0.00138122
-47
-0.0324586
-45
-0.0310773
8
0.00552486
-62
-0.0428177
14
0.00966851
-1
-0.000690608
-7
-0.00483425
-82
-0.0566298
-28
-0.019337
9
0.00621547
59
0.0407459
0
0
47
0.0324586
35
0.0241713
-15
-0.0103591
25
0.0172652
1
0.000690608
3
0.00207182
-35
-0.0241713
29
0.0200276
-58
-0.0400552
35
0.0241713
60
0.0414365
-32
-0.0220994
-5
-0.00345304
-29
-0.0200276
6
0.00414365
22
0.0151934
-30
-0.0207182
6
0.00414365
-9
-0.00621547
4
0.00276243
-25
-0.0172652
41
0.0283149
-16
-0.0110497
46
0.031768
9
0.00621547
-18
-0.0124309
8
0.00552486
-19
-0.0131215
-2
-0.00138122
32
0.0220994
-14
-0.00966851
6
0.00414365
61
0.0421271
10
0.00690608
20
0.0138122
-1
-0.000690608
-68
-0.0469613
68
0.0469613
58
0.0400552
13
0.0089779
30
0.0207182
-55
-0.0379834
-28
-0.019337
-18
-0.0124309
-98
-0.0676796
-2
-0.00138122
-60
-0.0414365
-65
-0.0448895
31
0.0214088
-94
-0.0649171
-12
-0.00828729
-26
-0.0179558
-26
-0.0179558
-40
-0.0276243
0
0
11
0.00759669
14
0.00966851
16
0.0110497
-13
-0.0089779
17
0.0117403
-31
-0.0214088
13
0.0089779
-7
-0.00483425
-85
-0.0587017
-56
-0.038674
-68
-0.0469613
-25
-0.0172652
14
0.00966851
-65
-0.0448895
-22
-0.0151934
-41
-0.0283149
11
0.00759669
-35
-0.0241713
33
0.0227901
28
0.019337
47
0.0324586
34
0.0234807
-18
-0.0124309
9
0.00621547
-12
-0.00828729
19
0.0131215
-15
-0.0103591
-8
-0.00552486
-48
-0.0331492
3
0.00207182
-7
-0.00483425
0
0
4
0.00276243
35
0.0241713
18
0.0124309
-22
-0.0151934
-97
-0.066989
19
0.0131215
32
0.0220994
-28
-0.019337
-7
-0.00483425
45
0.0310773
-5
-0.00345304
13
0.0089779
-66
-0.0455801
-50
-0.0345304
-56
-0.038674
17
0.0117403
42
0.0290055
-61
-0.0421271
1
0.000690608
-23
-0.015884
-7
-0.00483425
-17
-0.0117403
-16
-0.0110497
21
0.0145028
24
0.0165746
-46
-0.031768
-25
-0.0172652
26
0.0179558
39
0.0269337
-52
-0.0359116
-20
-0.0138122
-10
-0.00690608
15
0.0103591
-57
-0.0393646
-52
-0.0359116
55
0.0379834
-1
-0.000690608
18
0.0124309
-70
-0.0483425
-37
-0.0255525
-55
-0.0379834
41
0.0283149
62
0.0428177
28
0.019337
-52
-0.0359116
7
0.00483425
-4
-0.00276243
-13
-0.0089779
39
0.0269337
-34
-0.0234807
-26
-0.0179558
23
0.015884
67
0.0462707
-5
-0.00345304
6
0.00414365
-2
-0.00138122
12
0.00828729
-15
-0.0103591
-18
-0.0124309
3
0.00207182
-24
-0.0165746
70
0.0483425
18
0.0124309
-10
-0.00690608
-26
-0.0179558
12
0.00828729
-38
-0.0262431
-44
-0.0303867
40
0.0276243
-50
-0.0345304
18
0.0124309
-30
-0.0207182
16
0.0110497
-45
-0.0310773
64
0.0441989
-26
-0.0179558
-30
-0.0207182
8
0.00552486
60
0.0414365
-38
-0.0262431
-51
-0.035221
-40
-0.0276243
9
0.00621547
-68
-0.0469613
-10
-0.00690608
-17
-0.0117403
-38
-0.0262431
-16
-0.0110497
-50
-0.0345304
-29
-0.0200276
13
0.0089779
-22
-0.0151934
48
0.0331492
3
0.00207182
100
0.0690608
40
0.0276243
-28
-0.019337
4
0.00276243
-6
-0.00414365
-51
-0.035221
19
0.0131215
15
0.0103591
44
0.0303867
-36
-0.0248619
-4
-0.00276243
-20
-0.0138122
-21
-0.0145028
48
0.0331492
-35
-0.0241713
-36
-0.0248619
20
0.0138122
0
0
46
0.031768
15
0.0103591
-22
-0.0151934
-99
-0.0683702
24
0.0165746
0
0
-18
-0.0124309
-23
-0.015884
39
0.0269337
1
0.000690608
30
0.0207182
38
0.0262431
3
0.00207182
18
0.0124309
-72
-0.0497238
45
0.0310773
19
0.0131215
-3
-0.00207182
8
0.00552486
9
0.00621547
-84
-0.058011
-10
-0.00690608
29
0.0200276
28
0.019337
21
0.0145028
-50
-0.0345304
-8
-0.00552486
-17
-0.0117403
-46
-0.031768
11
0.00759669
-1
-0.000690608
22
0.0151934
-87
-0.0600829
6
0.00414365
0
0
-42
-0.0290055
48
0.0331492
27
0.0186464
-1
-0.000690608
8
0.00552486
-11
-0.00759669
39
0.0269337
-18
-0.0124309
-9
-0.00621547
66
0.0455801
-47
-0.0324586
51
0.035221
-5
-0.00345304
18
0.0124309
57
0.0393646
44
0.0303867
51
0.035221
31
0.0214088
0
0
-10
-0.00690608
-7
-0.00483425
65
0.0448895
61
0.0421271
-34
-0.0234807
11
0.00759669
-21
-0.0145028
-21
-0.0145028
33
0.0227901
-2
-0.00138122
26
0.0179558
76
0.0524862
36
0.0248619
7
0.00483425
-26
-0.0179558
-74
-0.051105
-8
-0.00552486
-8
-0.00552486
1
0.000690608
35
0.0241713
-8
-0.00552486
65
0.0448895
-51
-0.035221
-16
-0.0110497
36
0.0248619
63
0.0435083
-5
-0.00345304
38
0.0262431
74
0.051105
-4
-0.00276243
-20
-0.0138122
-24
-0.0165746
92
0.0635359
-19
-0.0131215
-18
-0.0124309
8
0.00552486
64
0.0441989
-48
-0.0331492
-68
-0.0469613
-6
-0.00414365
30
0.0207182
46
0.031768
34
0.0234807
-32
-0.0220994
12
0.00828729
-17
-0.0117403
66
0.0455801
11
0.00759669
-10
-0.00690608
2
0.00138122
-2
-0.00138122
-1
-0.000690608
23
0.015884
-1
-0.000690608
-59
-0.0407459
-9
-0.00621547
-44
-0.0303867
-39
-0.0269337
12
0.00828729
-41
-0.0283149
0
0
-54
-0.0372928
5
0.00345304
-30
-0.0207182
-37
-0.0255525
-60
-0.0414365
25
0.0172652
4
0.00276243
-17
-0.0117403
1
0.000690608
-10
-0.00690608
-11
-0.00759669
-65
-0.0448895
-56
-0.038674
29
0.0200276
12
0.00828729
0
0
28
0.019337
20
0.0138122
-22
-0.0151934
6
0.00414365
5
0.00345304
-54
-0.0372928
-21
-0.0145028
28
0.019337
-26
-0.0179558
6
0.00414365
-35
-0.0241713
-84
-0.058011
6
0.00414365
-28
-0.019337
-49
-0.0338398
-4
-0.00276243
-12
-0.00828729
10
0.00690608
38
0.0262431
10
0.00690608
-75
-0.0517956
-58
-0.0400552
-39
-0.0269337
82
0.0566298
-8
-0.00552486
-41
-0.0283149
43
0.0296961
38
0.0262431
14
0.00966851
27
0.0186464
6
0.00414365
-36
-0.0248619
-54
-0.0372928
-29
-0.0200276
14
0.00966851
-5
-0.00345304
32
0.0220994
-20
-0.0138122
-76
-0.0524862
-46
-0.031768
-6
-0.00414365
22
0.0151934
-6
-0.00414365
-3
-0.00207182
14
0.00966851
10
0.00690608
-12
-0.00828729
-3
-0.00207182
-60
-0.0414365
37
0.0255525
-31
-0.0214088
32
0.0220994
29
0.0200276
-23
-0.015884
-2
-0.00138122
-19
-0.0131215
1
0.000690608
-55
-0.0379834
-59
-0.0407459
34
0.0234807
-5
-0.00345304
-9
-0.00621547
27
0.0186464
-42
-0.0290055
-2
-0.00138122
50
0.0345304
-31
-0.0214088
-36
-0.0248619
-23
-0.015884
-15
-0.0103591
5
0.00345304
-16
-0.0110497
16
0.0110497
47
0.0324586
44
0.0303867
-65
-0.0448895
21
0.0145028
