29
0.0400552
-62
-0.0856354
14
0.019337
9
0.0124309
-11
-0.0151934
1
0.00138122
34
0.0469613
-1
-0.00138122
-7
-0.00966851
36
0.0497238
28
0.038674
10
0.0138122
1
0.00138122
-15
-0.0207182
26
0.0359116
-38
-0.0524862
1
0.00138122
36
0.0497238
2
0.00276243
-21
-0.0290055
-32
-0.0441989
13
0.0179558
-11
-0.0151934
25
0.0345304
-1
-0.00138122
-7
-0.00966851
-27
-0.0372928
-17
-0.0234807
-9
-0.0124309
-1
-0.00138122
-2
-0.00276243
-26
-0.0359116
9
0.0124309
-1
-0.00138122
52
0.0718232
-1
-0.00138122
-10
-0.0138122
-35
-0.0483425
-1
-0.00138122
-24
-0.0331492
0
0
1
0.00138122
-48
-0.0662983
-10
-0.0138122
40
0.0552486
-30
-0.0414365
16
0.0220994
1
0.00138122
33
0.0455801
38
0.0524862
-20
-0.0276243
20
0.0276243
4
0.00552486
-32
-0.0441989
5
0.00690608
2
0.00276243
-29
-0.0400552
32
0.0441989
1
0.00138122
-20
-0.0276243
-45
-0.0621547
-24
-0.0331492
-5
-0.00690608
7
0.00966851
28
0.038674
7
0.00966851
15
0.0207182
5
0.00690608
20
0.0276243
-9
-0.0124309
13
0.0179558
21
0.0290055
19
0.0262431
19
0.0262431
-50
-0.0690608
-10
-0.0138122
3
0.00414365
-22
-0.0303867
28
0.038674
-17
-0.0234807
13
0.0179558
9
0.0124309
34
0.0469613
28
0.038674
-14
-0.019337
-36
-0.0497238
31
0.0428177
-10
-0.0138122
-13
-0.0179558
-1
-0.00138122
-36
-0.0497238
9
0.0124309
13
0.0179558
30
0.0414365
14
0.019337
2
0.00276243
-24
-0.0331492
46
0.0635359
13
0.0179558
23
0.031768
-15
-0.0207182
9
0.0124309
9
0.0124309
7
0.00966851
-16
-0.0220994
25
0.0345304
14
0.019337
-19
-0.0262431
2
0.00276243
-8
-0.0110497
-19
-0.0262431
-55
-0.0759669
12
0.0165746
24
0.0331492
33
0.0455801
-42
-0.058011
26
0.0359116
6
0.00828729
-5
-0.00690608
-75
-0.103591
-17
-0.0234807
-38
-0.0524862
-29
-0.0400552
0
0
8
0.0110497
-40
-0.0552486
-3
-0.00414365
15
0.0207182
-2
-0.00276243
15
0.0207182
-34
-0.0469613
-31
-0.0428177
4
0.00552486
14
0.019337
-4
-0.00552486
-2
-0.00276243
-3
-0.00414365
13
0.0179558
6
0.00828729
0
0
12
0.0165746
35
0.0483425
4
0.00552486
-1
-0.00138122
-17
-0.0234807
1
0.00138122
-41
-0.0566298
-9
-0.0124309
10
0.0138122
20
0.0276243
-9
-0.0124309
-5
-0.00690608
-21
-0.0290055
-24
-0.0331492
-31
-0.0428177
47
0.0649171
35
0.0483425
-10
-0.0138122
5
0.00690608
24
0.0331492
14
0.019337
17
0.0234807
-62
-0.0856354
19
0.0262431
10
0.0138122
45
0.0621547
8
0.0110497
14
0.019337
-2
-0.00276243
-5
-0.00690608
-17
-0.0234807
3
0.00414365
6
0.00828729
-26
-0.0359116
-55
-0.0759669
-10
-0.0138122
-16
-0.0220994
4
0.00552486
26
0.0359116
19
0.0262431
-17
-0.0234807
24
0.0331492
-12
-0.0165746
38
0.0524862
4
0.00552486
-3
-0.00414365
21
0.0290055
-3
-0.00414365
6
0.00828729
15
0.0207182
7
0.00966851
-2
-0.00276243
-23
-0.031768
-57
-0.0787293
-3
-0.00414365
-12
-0.0165746
15
0.0207182
7
0.00966851
17
0.0234807
5
0.00690608
28
0.038674
20
0.0276243
-19
-0.0262431
26
0.0359116
27
0.0372928
-20
-0.0276243
23
0.031768
-15
-0.0207182
-7
-0.00966851
64
0.0883978
-24
-0.0331492
2
0.00276243
10
0.0138122
-11
-0.0151934
0
0
-2
-0.00276243
-24
-0.0331492
-47
-0.0649171
-41
-0.0566298
-11
-0.0151934
31
0.0428177
6
0.00828729
-37
-0.051105
-1
-0.00138122
36
0.0497238
8
0.0110497
19
0.0262431
-2
-0.00276243
-26
-0.0359116
-8
-0.0110497
-4
-0.00552486
-43
-0.0593923
4
0.00552486
5
0.00690608
17
0.0234807
9
0.0124309
7
0.00966851
-8
-0.0110497
18
0.0248619
-18
-0.0248619
-48
-0.0662983
-21
-0.0290055
-23
-0.031768
-7
-0.00966851
55
0.0759669
0
0
-32
-0.0441989
14
0.019337
28
0.038674
-19
-0.0262431
-6
-0.00828729
11
0.0151934
-11
-0.0151934
-16
-0.0220994
-4
-0.00552486
-11
-0.0151934
-35
-0.0483425
9
0.0124309
-16
-0.0220994
-41
-0.0566298
-36
-0.0497238
6
0.00828729
-6
-0.00828729
32
0.0441989
10
0.0138122
-1
-0.00138122
39
0.0538674
-37
-0.051105
27
0.0372928
-38
-0.0524862
-5
-0.00690608
9
0.0124309
-4
-0.00552486
8
0.0110497
24
0.0331492
23
0.031768
14
0.019337
-26
-0.0359116
-13
-0.0179558
-19
-0.0262431
-24
-0.0331492
-16
-0.0220994
10
0.0138122
-12
-0.0165746
48
0.0662983
37
0.051105
-13
-0.0179558
-12
-0.0165746
-5
-0.00690608
-2
-0.00276243
5
0.00690608
-11
-0.0151934
3
0.00414365
-1
-0.00138122
13
0.0179558
-27
-0.0372928
-24
-0.0331492
-24
-0.0331492
41
0.0566298
3
0.00414365
-14
-0.019337
-6
-0.00828729
-20
-0.0276243
5
0.00690608
12
0.0165746
14
0.019337
15
0.0207182
-8
-0.0110497
-2
-0.00276243
14
0.019337
-16
-0.0220994
23
0.031768
-4
-0.00552486
5
0.00690608
43
0.0593923
-6
-0.00828729
-22
-0.0303867
26
0.0359116
38
0.0524862
-1
-0.00138122
-35
-0.0483425
41
0.0566298
14
0.019337
5
0.00690608
-17
-0.0234807
-15
-0.0207182
32
0.0441989
0
0
19
0.0262431
13
0.0179558
23
0.031768
14
0.019337
55
0.0759669
6
0.00828729
-13
-0.0179558
-22
-0.0303867
37
0.051105
-8
-0.0110497
-13
-0.0179558
-36
-0.0497238
-18
-0.0248619
-21
-0.0290055
17
0.0234807
42
0.058011
7
0.00966851
5
0.00690608
-2
-0.00276243
-30
-0.0414365
46
0.0635359
19
0.0262431
11
0.0151934
-42
-0.058011
-8
-0.0110497
8
0.0110497
31
0.0428177
5
0.00690608
18
0.0248619
4
0.00552486
-33
-0.0455801
1
0.00138122
14
0.019337
17
0.0234807
9
0.0124309
11
0.0151934
20
0.0276243
-13
-0.0179558
2
0.00276243
0
0
-26
-0.0359116
2
0.00276243
-15
-0.0207182
-37
-0.051105
17
0.0234807
25
0.0345304
12
0.0165746
20
0.0276243
-7
-0.00966851
-20
-0.0276243
-16
-0.0220994
23
0.031768
-64
-0.0883978
17
0.0234807
-13
-0.0179558
38
0.0524862
-18
-0.0248619
-27
-0.0372928
-17
-0.0234807
19
0.0262431
-2
-0.00276243
-30
-0.0414365
-9
-0.0124309
-26
-0.0359116
24
0.0331492
-1
-0.00138122
29
0.0400552
1
0.00138122
-9
-0.0124309
-24
-0.0331492
11
0.0151934
-1
-0.00138122
5
0.00690608
-30
-0.0414365
-20
-0.0276243
-11
-0.0151934
-27
-0.0372928
23
0.031768
-15
-0.0207182
20
0.0276243
50
0.0690608
12
0.0165746
-66
-0.0911602
-9
-0.0124309
2
0.00276243
17
0.0234807
7
0.00966851
-45
-0.0621547
29
0.0400552
7
0.00966851
10
0.0138122
25
0.0345304
7
0.00966851
-13
-0.0179558
-20
-0.0276243
51
0.070442
38
0.0524862
-7
-0.00966851
23
0.031768
34
0.0469613
-9
-0.0124309
-42
-0.058011
12
0.0165746
-16
-0.0220994
-57
-0.0787293
29
0.0400552
10
0.0138122
1
0.00138122
41
0.0566298
13
0.0179558
-45
-0.0621547
-13
-0.0179558
24
0.0331492
17
0.0234807
-31
-0.0428177
-44
-0.0607735
35
0.0483425
-17
-0.0234807
-41
-0.0566298
-6
-0.00828729
-17
-0.0234807
10
0.0138122
26
0.0359116
-1
-0.00138122
31
0.0428177
-12
-0.0165746
9
0.0124309
-7
-0.00966851
10
0.0138122
-12
-0.0165746
-46
-0.0635359
-16
-0.0220994
-27
-0.0372928
4
0.00552486
-17
-0.0234807
46
0.0635359
-14
-0.019337
-2
-0.00276243
-23
-0.031768
5
0.00690608
-46
-0.0635359
-25
-0.0345304
-45
-0.0621547
20
0.0276243
32
0.0441989
-1
-0.00138122
25
0.0345304
19
0.0262431
25
0.0345304
6
0.00828729
22
0.0303867
4
0.00552486
15
0.0207182
5
0.00690608
-56
-0.0773481
40
0.0552486
-3
-0.00414365
20
0.0276243
24
0.0331492
37
0.051105
9
0.0124309
-1
-0.00138122
36
0.0497238
-13
-0.0179558
8
0.0110497
30
0.0414365
-2
-0.00276243
16
0.0220994
-6
-0.00828729
0
0
-22
-0.0303867
-5
-0.00690608
-40
-0.0552486
-3
-0.00414365
29
0.0400552
8
0.0110497
-20
-0.0276243
19
0.0262431
12
0.0165746
-36
-0.0497238
-5
-0.00690608
-40
-0.0552486
-9
-0.0124309
8
0.0110497
9
0.0124309
-4
-0.00552486
36
0.0497238
49
0.0676796
-18
-0.0248619
29
0.0400552
10
0.0138122
-11
-0.0151934
11
0.0151934
22
0.0303867
-17
-0.0234807
27
0.0372928
15
0.0207182
21
0.0290055
24
0.0331492
34
0.0469613
-35
-0.0483425
-10
-0.0138122
11
0.0151934
10
0.0138122
4
0.00552486
22
0.0303867
17
0.0234807
-26
-0.0359116
-2
-0.00276243
-22
-0.0303867
12
0.0165746
-20
-0.0276243
-47
-0.0649171
-5
-0.00690608
37
0.051105
40
0.0552486
4
0.00552486
24
0.0331492
-53
-0.0732044
25
0.0345304
12
0.0165746
4
0.00552486
24
0.0331492
-12
-0.0165746
30
0.0414365
7
0.00966851
-15
-0.0207182
5
0.00690608
41
0.0566298
-14
-0.019337
-39
-0.0538674
-43
-0.0593923
-6
-0.00828729
-17
-0.0234807
9
0.0124309
-11
-0.0151934
2
0.00276243
9
0.0124309
3
0.00414365
33
0.0455801
0
0
30
0.0414365
21
0.0290055
3
0.00414365
3
0.00414365
-26
-0.0359116
2
0.00276243
34
0.0469613
-3
-0.00414365
-4
-0.00552486
-1
-0.00138122
11
0.0151934
17
0.0234807
21
0.0290055
-29
-0.0400552
3
0.00414365
10
0.0138122
15
0.0207182
-32
-0.0441989
-5
-0.00690608
3
0.00414365
-12
-0.0165746
21
0.0290055
20
0.0276243
14
0.019337
11
0.0151934
-1
-0.00138122
12
0.0165746
44
0.0607735
-1
-0.00138122
-16
-0.0220994
36
0.0497238
-14
-0.019337
-25
-0.0345304
-19
-0.0262431
-19
-0.0262431
7
0.00966851
10
0.0138122
34
0.0469613
7
0.00966851
-21
-0.0290055
8
0.0110497
12
0.0165746
-5
-0.00690608
29
0.0400552
19
0.0262431
-11
-0.0151934
0
0
-20
-0.0276243
39
0.0538674
-47
-0.0649171
29
0.0400552
-36
-0.0497238
-15
-0.0207182
-12
-0.0165746
5
0.00690608
20
0.0276243
46
0.0635359
23
0.031768
-16
-0.0220994
-10
-0.0138122
44
0.0607735
-55
-0.0759669
26
0.0359116
-11
-0.0151934
2
0.00276243
19
0.0262431
-33
-0.0455801
-25
-0.0345304
1
0.00138122
-70
-0.0966851
12
0.0165746
8
0.0110497
32
0.0441989
33
0.0455801
39
0.0538674
-13
-0.0179558
40
0.0552486
-25
-0.0345304
-30
-0.0414365
64
0.0883978
33
0.0455801
43
0.0593923
8
0.0110497
-6
-0.00828729
13
0.0179558
19
0.0262431
-12
-0.0165746
4
0.00552486
37
0.051105
18
0.0248619
-5
-0.00690608
36
0.0497238
6
0.00828729
6
0.00828729
-4
-0.00552486
15
0.0207182
13
0.0179558
6
0.00828729
-23
-0.031768
2
0.00276243
-22
-0.0303867
-16
-0.0220994
-58
-0.0801105
25
0.0345304
29
0.0400552
20
0.0276243
-17
-0.0234807
-46
-0.0635359
23
0.031768
5
0.00690608
14
0.019337
-34
-0.0469613
-14
-0.019337
-14
-0.019337
2
0.00276243
32
0.0441989
8
0.0110497
-41
-0.0566298
32
0.0441989
-8
-0.0110497
12
0.0165746
-2
-0.00276243
-11
-0.0151934
-17
-0.0234807
0
0
32
0.0441989
-6
-0.00828729
-23
-0.031768
6
0.00828729
27
0.0372928
20
0.0276243
43
0.0593923
-15
-0.0207182
18
0.0248619
-36
-0.0497238
3
0.00414365
-17
-0.0234807
25
0.0345304
6
0.00828729
-42
-0.058011
3
0.00414365
15
0.0207182
10
0.0138122
-26
-0.0359116
12
0.0165746
11
0.0151934
5
0.00690608
12
0.0165746
-5
-0.00690608
-46
-0.0635359
-27
-0.0372928
-7
-0.00966851
28
0.038674
18
0.0248619
52
0.0718232
-55
-0.0759669
-35
-0.0483425
15
0.0207182
7
0.00966851
19
0.0262431
28
0.038674
-31
-0.0428177
37
0.051105
-26
-0.0359116
29
0.0400552
13
0.0179558
15
0.0207182
47
0.0649171
7
0.00966851
41
0.0566298
24
0.0331492
8
0.0110497
-11
-0.0151934
-45
-0.0621547
17
0.0234807
0
0
28
0.038674
35
0.0483425
-15
-0.0207182
-4
-0.00552486
-24
-0.0331492
-29
-0.0400552
-5
-0.00690608
28
0.038674
-14
-0.019337
-13
-0.0179558
57
0.0787293
-9
-0.0124309
-9
-0.0124309
5
0.00690608
-20
-0.0276243
6
0.00828729
19
0.0262431
-10
-0.0138122
9
0.0124309
8
0.0110497
40
0.0552486
-37
-0.051105
34
0.0469613
-5
-0.00690608
38
0.0524862
53
0.0732044
-21
-0.0290055
3
0.00414365
35
0.0483425
-17
-0.0234807
20
0.0276243
14
0.019337
-17
-0.0234807
-1
-0.00138122
-44
-0.0607735
1
0.00138122
12
0.0165746
-3
-0.00414365
-8
-0.0110497
10
0.0138122
42
0.058011
-6
-0.00828729
-12
-0.0165746
-1
-0.00138122
-12
-0.0165746
-4
-0.00552486
-9
-0.0124309
-13
-0.0179558
-8
-0.0110497
54
0.0745856
38
0.0524862
-10
-0.0138122
-50
-0.0690608
-7
-0.00966851
14
0.019337
-6
-0.00828729
-28
-0.038674
-12
-0.0165746
-3
-0.00414365
64
0.0883978
37
0.051105
34
0.0469613
27
0.0372928
-28
-0.038674
18
0.0248619
28
0.038674
-12
-0.0165746
-28
-0.038674
-23
-0.031768
0
0
-7
-0.00966851
15
0.0207182
32
0.0441989
-3
-0.00414365
16
0.0220994
25
0.0345304
-15
-0.0207182
17
0.0234807
1
0.00138122
23
0.031768
-26
-0.0359116
-41
-0.0566298
14
0.019337
50
0.0690608
11
0.0151934
-33
-0.0455801
18
0.0248619
7
0.00966851
-20
-0.0276243
20
0.0276243
-17
-0.0234807
-23
-0.031768
-23
-0.031768
-25
-0.0345304
2
0.00276243
-23
-0.031768
-3
-0.00414365
-20
-0.0276243
-26
-0.0359116
-15
-0.0207182
37
0.051105
-21
-0.0290055
-21
-0.0290055
-1
-0.00138122
-12
-0.0165746
24
0.0331492
-33
-0.0455801
19
0.0262431
-3
-0.00414365
-20
-0.0276243
17
0.0234807
-14
-0.019337
2
0.00276243
14
0.019337
12
0.0165746
9
0.0124309
0
0
-12
-0.0165746
9
0.0124309
28
0.038674
2
0.00276243
-25
-0.0345304
21
0.0290055
29
0.0400552
22
0.0303867
-20
-0.0276243
-2
-0.00276243
0
0
-22
-0.0303867
8
0.0110497
-9
-0.0124309
16
0.0220994
-53
-0.0732044
8
0.0110497
33
0.0455801
-14
-0.019337
-2
-0.00276243
50
0.0690608
27
0.0372928
6
0.00828729
-12
-0.0165746
28
0.038674
-6
-0.00828729
-12
-0.0165746
-38
-0.0524862
-39
-0.0538674
21
0.0290055
9
0.0124309
-26
-0.0359116
-58
-0.0801105
50
0.0690608
13
0.0179558
18
0.0248619
-17
-0.0234807
22
0.0303867
12
0.0165746
14
0.019337
-29
-0.0400552
-14
-0.019337
7
0.00966851
-12
-0.0165746
-26
-0.0359116
6
0.00828729
-20
-0.0276243
44
0.0607735
-12
-0.0165746
32
0.0441989
-15
-0.0207182
-33
-0.0455801
17
0.0234807
13
0.0179558
-15
-0.0207182
23
0.031768
-11
-0.0151934
-25
-0.0345304
-12
-0.0165746
17
0.0234807
13
0.0179558
20
0.0276243
-2
-0.00276243
17
0.0234807
23
0.031768
-23
-0.031768
15
0.0207182
3
0.00414365
29
0.0400552
-26
-0.0359116
-34
-0.0469613
9
0.0124309
-31
-0.0428177
7
0.00966851
8
0.0110497
42
0.058011
-14
-0.019337
-43
-0.0593923
60
0.0828729
5
0.00690608
41
0.0566298
-23
-0.031768
-6
-0.00828729
-29
-0.0400552
-11
-0.0151934
19
0.0262431
39
0.0538674
-27
-0.0372928
-14
-0.019337
40
0.0552486
17
0.0234807
2
0.00276243
-15
-0.0207182
-33
-0.0455801
5
0.00690608
-27
-0.0372928
22
0.0303867
-10
-0.0138122
12
0.0165746
24
0.0331492
10
0.0138122
-10
-0.0138122
11
0.0151934
23
0.031768
-19
-0.0262431
-14
-0.019337
50
0.0690608
-30
-0.0414365
5
0.00690608
-28
-0.038674
-54
-0.0745856
10
0.0138122
-10
-0.0138122
-9
-0.0124309
35
0.0483425
24
0.0331492
-10
-0.0138122
-1
-0.00138122
23
0.031768
4
0.00552486
-12
-0.0165746
-26
-0.0359116
17
0.0234807
0
0
-75
-0.103591
-15
-0.0207182
7
0.00966851
4
0.00552486
7
0.00966851
34
0.0469613
-34
-0.0469613
-24
-0.0331492
45
0.0621547
9
0.0124309
6
0.00828729
-30
-0.0414365
-37
-0.051105
-14
-0.019337
0
0
2
0.00276243
30
0.0414365
22
0.0303867
20
0.0276243
29
0.0400552
-11
-0.0151934
-67
-0.0925414
3
0.00414365
-17
-0.0234807
-8
-0.0110497
-3
-0.00414365
36
0.0497238
-48
-0.0662983
0
0
-25
-0.0345304
54
0.0745856
-7
-0.00966851
11
0.0151934
14
0.019337
4
0.00552486
-7
-0.00966851
39
0.0538674
-19
-0.0262431
-30
-0.0414365
20
0.0276243
-43
-0.0593923
11
0.0151934
14
0.019337
31
0.0428177
25
0.0345304
-38
-0.0524862
-9
-0.0124309
-9
-0.0124309
41
0.0566298
12
0.0165746
-32
-0.0441989
0
0
-8
-0.0110497
27
0.0372928
-58
-0.0801105
3
0.00414365
24
0.0331492
6
0.00828729
-32
-0.0441989
-6
-0.00828729
6
0.00828729
-23
-0.031768
-21
-0.0290055
5
0.00690608
39
0.0538674
41
0.0566298
-6
-0.00828729
-5
-0.00690608
-34
-0.0469613
-12
-0.0165746
14
0.019337
-33
-0.0455801
-13
-0.0179558
-41
-0.0566298
13
0.0179558
28
0.038674
-1
-0.00138122
1
0.00138122
9
0.0124309
17
0.0234807
11
0.0151934
-3
-0.00414365
6
0.00828729
11
0.0151934
0
0
-6
-0.00828729
42
0.058011
7
0.00966851
24
0.0331492
19
0.0262431
-18
-0.0248619
17
0.0234807
-10
-0.0138122
43
0.0593923
26
0.0359116
-27
-0.0372928
8
0.0110497
1
0.00138122
-27
-0.0372928
-33
-0.0455801
-37
-0.051105
53
0.0732044
-24
-0.0331492
-55
-0.0759669
-8
-0.0110497
-31
-0.0428177
-3
-0.00414365
19
0.0262431
-34
-0.0469613
2
0.00276243
28
0.038674
2
0.00276243
-6
-0.00828729
11
0.0151934
-7
-0.00966851
-8
-0.0110497
19
0.0262431
21
0.0290055
14
0.019337
9
0.0124309
-21
-0.0290055
0
0
-45
-0.0621547
-18
-0.0248619
-85
-0.117403
0
0
-42
-0.058011
-10
-0.0138122
-2
-0.00276243
-41
-0.0566298
45
0.0621547
-20
-0.0276243
37
0.051105
26
0.0359116
-11
-0.0151934
24
0.0331492
-6
-0.00828729
-3
-0.00414365
-1
-0.00138122
-12
-0.0165746
-19
-0.0262431
-16
-0.0220994
-10
-0.0138122
29
0.0400552
38
0.0524862
26
0.0359116
23
0.031768
-27
-0.0372928
-15
-0.0207182
13
0.0179558
-54
-0.0745856
2
0.00276243
-18
-0.0248619
6
0.00828729
-18
-0.0248619
23
0.031768
-2
-0.00276243
-12
-0.0165746
-49
-0.0676796
32
0.0441989
-13
-0.0179558
18
0.0248619
-25
-0.0345304
8
0.0110497
-21
-0.0290055
9
0.0124309
4
0.00552486
12
0.0165746
24
0.0331492
0
0
44
0.0607735
-12
-0.0165746
-17
-0.0234807
43
0.0593923
-87
-0.120166
18
0.0248619
-18
-0.0248619
2
0.00276243
-15
-0.0207182
17
0.0234807
11
0.0151934
-21
-0.0290055
-5
-0.00690608
-33
-0.0455801
12
0.0165746
28
0.038674
24
0.0331492
-6
-0.00828729
-17
-0.0234807
2
0.00276243
8
0.0110497
19
0.0262431
-14
-0.019337
40
0.0552486
46
0.0635359
-3
-0.00414365
36
0.0497238
36
0.0497238
-33
-0.0455801
-11
-0.0151934
2
0.00276243
32
0.0441989
22
0.0303867
-5
-0.00690608
24
0.0331492
11
0.0151934
13
0.0179558
28
0.038674
-30
-0.0414365
-24
-0.0331492
-12
-0.0165746
21
0.0290055
-6
-0.00828729
7
0.00966851
-41
-0.0566298
0
0
2
0.00276243
18
0.0248619
0
0
-13
-0.0179558
47
0.0649171
-5
-0.00690608
-24
-0.0331492
-34
-0.0469613
42
0.058011
18
0.0248619
-19
-0.0262431
-16
-0.0220994
1
0.00138122
-29
-0.0400552
19
0.0262431
5
0.00690608
-3
-0.00414365
-45
-0.0621547
13
0.0179558
43
0.0593923
1
0.00138122
34
0.0469613
33
0.0455801
-3
-0.00414365
20
0.0276243
7
0.00966851
34
0.0469613
-10
-0.0138122
-6
-0.00828729
44
0.0607735
-5
-0.00690608
13
0.0179558
12
0.0165746
-15
-0.0207182
-2
-0.00276243
9
0.0124309
12
0.0165746
17
0.0234807
-24
-0.0331492
-1
-0.00138122
18
0.0248619
10
0.0138122
36
0.0497238
-10
-0.0138122
0
0
-30
-0.0414365
17
0.0234807
27
0.0372928
-2
-0.00276243
22
0.0303867
10
0.0138122
0
0
14
0.019337
21
0.0290055
-25
-0.0345304
-1
-0.00138122
0
0
24
0.0331492
8
0.0110497
22
0.0303867
-27
-0.0372928
22
0.0303867
23
0.031768
-44
-0.0607735
-4
-0.00552486
7
0.00966851
-29
-0.0400552
-7
-0.00966851
16
0.0220994
11
0.0151934
-35
-0.0483425
-24
-0.0331492
0
0
-39
-0.0538674
-19
-0.0262431
15
0.0207182
-8
-0.0110497
-1
-0.00138122
27
0.0372928
28
0.038674
-9
-0.0124309
-9
-0.0124309
-23
-0.031768
21
0.0290055
14
0.019337
41
0.0566298
-37
-0.051105
-42
-0.058011
7
0.00966851
-5
-0.00690608
-19
-0.0262431
0
0
19
0.0262431
2
0.00276243
-11
-0.0151934
-23
-0.031768
-59
-0.0814917
31
0.0428177
-8
-0.0110497
11
0.0151934
34
0.0469613
-30
-0.0414365
37
0.051105
-37
-0.051105
-19
-0.0262431
-35
-0.0483425
-35
-0.0483425
-65
-0.089779
-33
-0.0455801
-9
-0.0124309
41
0.0566298
24
0.0331492
13
0.0179558
20
0.0276243
-29
-0.0400552
-3
-0.00414365
37
0.051105
13
0.0179558
43
0.0593923
3
0.00414365
7
0.00966851
18
0.0248619
32
0.0441989
5
0.00690608
77
0.106354
21
0.0290055
-16
-0.0220994
-6
-0.00828729
8
0.0110497
-15
-0.0207182
-12
-0.0165746
26
0.0359116
71
0.0980663
-20
-0.0276243
-30
-0.0414365
-8
-0.0110497
62
0.0856354
-34
-0.0469613
-32
-0.0441989
-10
-0.0138122
-17
-0.0234807
-11
-0.0151934
-32
-0.0441989
24
0.0331492
13
0.0179558
5
0.00690608
38
0.0524862
-7
-0.00966851
42
0.058011
-67
-0.0925414
47
0.0649171
-10
-0.0138122
33
0.0455801
-10
-0.0138122
-7
-0.00966851
-8
-0.0110497
18
0.0248619
16
0.0220994
31
0.0428177
-52
-0.0718232
-3
-0.00414365
22
0.0303867
37
0.051105
10
0.0138122
2
0.00276243
11
0.0151934
-15
-0.0207182
6
0.00828729
5
0.00690608
-5
-0.00690608
40
0.0552486
-29
-0.0400552
50
0.0690608
11
0.0151934
-12
-0.0165746
-14
-0.019337
20
0.0276243
-6
-0.00828729
23
0.031768
19
0.0262431
26
0.0359116
11
0.0151934
12
0.0165746
-51
-0.070442
45
0.0621547
23
0.031768
16
0.0220994
5
0.00690608
-8
-0.0110497
-16
-0.0220994
28
0.038674
4
0.00552486
7
0.00966851
-17
-0.0234807
21
0.0290055
6
0.00828729
-50
-0.0690608
5
0.00690608
30
0.0414365
7
0.00966851
-48
-0.0662983
-35
-0.0483425
36
0.0497238
15
0.0207182
-59
-0.0814917
-15
-0.0207182
29
0.0400552
-3
-0.00414365
-16
-0.0220994
9
0.0124309
-24
-0.0331492
7
0.00966851
6
0.00828729
-1
-0.00138122
-9
-0.0124309
0
0
-15
-0.0207182
10
0.0138122
10
0.0138122
33
0.0455801
1
0.00138122
-33
-0.0455801
4
0.00552486
-28
-0.038674
-6
-0.00828729
11
0.0151934
-1
-0.00138122
5
0.00690608
-6
-0.00828729
-9
-0.0124309
-4
-0.00552486
-11
-0.0151934
10
0.0138122
-13
-0.0179558
-10
-0.0138122
-15
-0.0207182
-7
-0.00966851
41
0.0566298
36
0.0497238
-10
-0.0138122
22
0.0303867
6
0.00828729
-9
-0.0124309
10
0.0138122
-19
-0.0262431
27
0.0372928
4
0.00552486
23
0.031768
29
0.0400552
1
0.00138122
53
0.0732044
-15
-0.0207182
37
0.051105
-7
-0.00966851
26
0.0359116
4
0.00552486
27
0.0372928
63
0.0870166
26
0.0359116
-29
-0.0400552
-50
-0.0690608
-24
-0.0331492
-25
-0.0345304
9
0.0124309
-13
-0.0179558
17
0.0234807
-24
-0.0331492
-1
-0.00138122
1
0.00138122
-16
-0.0220994
-23
-0.031768
7
0.00966851
33
0.0455801
3
0.00414365
13
0.0179558
-4
-0.00552486
-32
-0.0441989
20
0.0276243
-14
-0.019337
1
0.00138122
-6
-0.00828729
-55
-0.0759669
-16
-0.0220994
24
0.0331492
-32
-0.0441989
7
0.00966851
-5
-0.00690608
15
0.0207182
-6
-0.00828729
26
0.0359116
11
0.0151934
13
0.0179558
29
0.0400552
-7
-0.00966851
-6
-0.00828729
-9
-0.0124309
-16
-0.0220994
27
0.0372928
17
0.0234807
-55
-0.0759669
-13
-0.0179558
71
0.0980663
34
0.0469613
28
0.038674
14
0.019337
-53
-0.0732044
24
0.0331492
-11
-0.0151934
83
0.114641
26
0.0359116
41
0.0566298
-18
-0.0248619
19
0.0262431
17
0.0234807
27
0.0372928
-19
-0.0262431
17
0.0234807
-13
-0.0179558
23
0.031768
14
0.019337
19
0.0262431
-19
-0.0262431
-22
-0.0303867
-25
-0.0345304
-8
-0.0110497
3
0.00414365
-3
-0.00414365
-13
-0.0179558
-30
-0.0414365
73
0.100829
11
0.0151934
-3
-0.00414365
1
0.00138122
36
0.0497238
12
0.0165746
16
0.0220994
32
0.0441989
27
0.0372928
5
0.00690608
22
0.0303867
25
0.0345304
-13
-0.0179558
72
0.0994475
-11
-0.0151934
-50
-0.0690608
11
0.0151934
13
0.0179558
-11
-0.0151934
-23
-0.031768
43
0.0593923
35
0.0483425
26
0.0359116
27
0.0372928
11
0.0151934
-9
-0.0124309
10
0.0138122
-4
-0.00552486
1
0.00138122
-4
-0.00552486
22
0.0303867
-15
-0.0207182
-51
-0.070442
2
0.00276243
-37
-0.051105
5
0.00690608
2
0.00276243
9
0.0124309
-15
-0.0207182
-49
-0.0676796
-5
-0.00690608
25
0.0345304
-37
-0.051105
9
0.0124309
-31
-0.0428177
-7
-0.00966851
1
0.00138122
-41
-0.0566298
11
0.0151934
-11
-0.0151934
16
0.0220994
-8
-0.0110497
2
0.00276243
19
0.0262431
30
0.0414365
-41
-0.0566298
19
0.0262431
-39
-0.0538674
-13
-0.0179558
23
0.031768
-6
-0.00828729
6
0.00828729
-36
-0.0497238
7
0.00966851
9
0.0124309
-51
-0.070442
-1
-0.00138122
-25
-0.0345304
-33
-0.0455801
8
0.0110497
-20
-0.0276243
18
0.0248619
16
0.0220994
-15
-0.0207182
-5
-0.00690608
-11
-0.0151934
-3
-0.00414365
6
0.00828729
11
0.0151934
0
0
-9
-0.0124309
19
0.0262431
-14
-0.019337
-36
-0.0497238
-14
-0.019337
-25
-0.0345304
22
0.0303867
-11
-0.0151934
22
0.0303867
-17
-0.0234807
-14
-0.019337
7
0.00966851
-25
-0.0345304
20
0.0276243
-9
-0.0124309
-27
-0.0372928
-15
-0.0207182
-5
-0.00690608
-7
-0.00966851
-28
-0.038674
24
0.0331492
-12
-0.0165746
-25
-0.0345304
-28
-0.038674
36
0.0497238
3
0.00414365
48
0.0662983
28
0.038674
12
0.0165746
10
0.0138122
14
0.019337
-3
-0.00414365
2
0.00276243
-8
-0.0110497
-31
-0.0428177
-16
-0.0220994
-9
-0.0124309
20
0.0276243
2
0.00276243
-20
-0.0276243
35
0.0483425
5
0.00690608
-44
-0.0607735
7
0.00966851
18
0.0248619
-60
-0.0828729
48
0.0662983
-34
-0.0469613
28
0.038674
15
0.0207182
18
0.0248619
-16
-0.0220994
9
0.0124309
74
0.10221
-22
-0.0303867
-51
-0.070442
-35
-0.0483425
-1
-0.00138122
-8
-0.0110497
-4
-0.00552486
-1
-0.00138122
4
0.00552486
-6
-0.00828729
-25
-0.0345304
15
0.0207182
-24
-0.0331492
11
0.0151934
-26
-0.0359116
2
0.00276243
-2
-0.00276243
-27
-0.0372928
-22
-0.0303867
39
0.0538674
-13
-0.0179558
16
0.0220994
-4
-0.00552486
13
0.0179558
29
0.0400552
14
0.019337
-22
-0.0303867
-19
-0.0262431
3
0.00414365
8
0.0110497
12
0.0165746
-39
-0.0538674
18
0.0248619
5
0.00690608
-10
-0.0138122
-11
-0.0151934
25
0.0345304
22
0.0303867
22
0.0303867
-13
-0.0179558
-4
-0.00552486
-9
-0.0124309
20
0.0276243
38
0.0524862
-48
-0.0662983
-2
-0.00276243
-35
-0.0483425
-25
-0.0345304
0
0
10
0.0138122
-2
-0.00276243
-7
-0.00966851
-27
-0.0372928
21
0.0290055
68
0.0939227
21
0.0290055
5
0.00690608
-4
-0.00552486
-27
-0.0372928
-10
-0.0138122
-29
-0.0400552
-19
-0.0262431
14
0.019337
0
0
-3
-0.00414365
-23
-0.031768
-24
-0.0331492
11
0.0151934
54
0.0745856
-18
-0.0248619
-4
-0.00552486
-47
-0.0649171
-13
-0.0179558
-8
-0.0110497
1
0.00138122
11
0.0151934
7
0.00966851
-6
-0.00828729
-34
-0.0469613
5
0.00690608
30
0.0414365
29
0.0400552
-2
-0.00276243
-3
-0.00414365
-12
-0.0165746
46
0.0635359
5
0.00690608
-26
-0.0359116
23
0.031768
-30
-0.0414365
-15
-0.0207182
4
0.00552486
-16
-0.0220994
-36
-0.0497238
-38
-0.0524862
-12
-0.0165746
25
0.0345304
14
0.019337
7
0.00966851
25
0.0345304
25
0.0345304
47
0.0649171
36
0.0497238
-3
-0.00414365
-23
-0.031768
5
0.00690608
-10
-0.0138122
-34
-0.0469613
70
0.0966851
16
0.0220994
-3
-0.00414365
18
0.0248619
50
0.0690608
23
0.031768
46
0.0635359
8
0.0110497
-7
-0.00966851
-17
-0.0234807
9
0.0124309
-22
-0.0303867
-13
-0.0179558
-5
-0.00690608
17
0.0234807
-8
-0.0110497
-51
-0.070442
31
0.0428177
-3
-0.00414365
-9
-0.0124309
-24
-0.0331492
-17
-0.0234807
24
0.0331492
10
0.0138122
1
0.00138122
-2
-0.00276243
22
0.0303867
-53
-0.0732044
-12
-0.0165746
10
0.0138122
-15
-0.0207182
-11
-0.0151934
6
0.00828729
-3
-0.00414365
-6
-0.00828729
-17
-0.0234807
29
0.0400552
30
0.0414365
-14
-0.019337
2
0.00276243
-10
-0.0138122
29
0.0400552
29
0.0400552
-28
-0.038674
23
0.031768
13
0.0179558
20
0.0276243
-27
-0.0372928
30
0.0414365
-9
-0.0124309
-6
-0.00828729
-21
-0.0290055
-4
-0.00552486
52
0.0718232
-46
-0.0635359
57
0.0787293
29
0.0400552
34
0.0469613
-27
-0.0372928
12
0.0165746
-4
-0.00552486
-3
-0.00414365
18
0.0248619
-27
-0.0372928
-22
-0.0303867
-11
-0.0151934
38
0.0524862
36
0.0497238
-38
-0.0524862
8
0.0110497
-19
-0.0262431
11
0.0151934
-41
-0.0566298
7
0.00966851
-18
-0.0248619
8
0.0110497
-21
-0.0290055
-42
-0.058011
10
0.0138122
-22
-0.0303867
34
0.0469613
-40
-0.0552486
30
0.0414365
-14
-0.019337
41
0.0566298
20
0.0276243
-26
-0.0359116
-4
-0.00552486
23
0.031768
1
0.00138122
-21
-0.0290055
9
0.0124309
15
0.0207182
8
0.0110497
-8
-0.0110497
6
0.00828729
-23
-0.031768
-1
-0.00138122
-36
-0.0497238
12
0.0165746
4
0.00552486
-19
-0.0262431
13
0.0179558
-13
-0.0179558
43
0.0593923
-21
-0.0290055
-52
-0.0718232
7
0.00966851
-37
-0.051105
-7
-0.00966851
-13
-0.0179558
11
0.0151934
-20
-0.0276243
9
0.0124309
-15
-0.0207182
-20
-0.0276243
-17
-0.0234807
19
0.0262431
8
0.0110497
42
0.058011
4
0.00552486
-9
-0.0124309
-2
-0.00276243
-19
-0.0262431
15
0.0207182
8
0.0110497
-23
-0.031768
-17
-0.0234807
-22
-0.0303867
2
0.00276243
-15
-0.0207182
2
0.00276243
-10
-0.0138122
39
0.0538674
-23
-0.031768
-26
-0.0359116
-27
-0.0372928
1
0.00138122
55
0.0759669
15
0.0207182
-25
-0.0345304
9
0.0124309
-15
-0.0207182
-2
-0.00276243
-20
-0.0276243
9
0.0124309
44
0.0607735
20
0.0276243
-12
-0.0165746
19
0.0262431
26
0.0359116
18
0.0248619
-9
-0.0124309
22
0.0303867
-58
-0.0801105
24
0.0331492
-33
-0.0455801
43
0.0593923
7
0.00966851
-10
-0.0138122
-13
-0.0179558
9
0.0124309
3
0.00414365
9
0.0124309
15
0.0207182
-44
-0.0607735
5
0.00690608
7
0.00966851
-6
-0.00828729
20
0.0276243
47
0.0649171
-15
-0.0207182
12
0.0165746
1
0.00138122
-58
-0.0801105
7
0.00966851
7
0.00966851
7
0.00966851
-58
-0.0801105
47
0.0649171
59
0.0814917
9
0.0124309
17
0.0234807
-39
-0.0538674
-14
-0.019337
28
0.038674
-7
-0.00966851
-1
-0.00138122
-22
-0.0303867
-2
-0.00276243
2
0.00276243
31
0.0428177
-30
-0.0414365
1
0.00138122
-2
-0.00276243
-30
-0.0414365
-6
-0.00828729
0
0
-11
-0.0151934
1
0.00138122
27
0.0372928
12
0.0165746
18
0.0248619
-3
-0.00414365
31
0.0428177
-32
-0.0441989
19
0.0262431
10
0.0138122
0
0
23
0.031768
-7
-0.00966851
-25
-0.0345304
-44
-0.0607735
21
0.0290055
-70
-0.0966851
-57
-0.0787293
-43
-0.0593923
25
0.0345304
24
0.0331492
18
0.0248619
-6
-0.00828729
-14
-0.019337
8
0.0110497
11
0.0151934
9
0.0124309
-9
-0.0124309
2
0.00276243
5
0.00690608
-22
-0.0303867
-6
-0.00828729
-35
-0.0483425
3
0.00414365
-22
-0.0303867
-24
-0.0331492
-33
-0.0455801
-23
-0.031768
19
0.0262431
7
0.00966851
35
0.0483425
-24
-0.0331492
29
0.0400552
-19
-0.0262431
4
0.00552486
-2
-0.00276243
-35
-0.0483425
14
0.019337
-10
-0.0138122
4
0.00552486
14
0.019337
-14
-0.019337
2
0.00276243
-53
-0.0732044
-13
-0.0179558
19
0.0262431
-27
-0.0372928
-18
-0.0248619
0
0
-58
-0.0801105
16
0.0220994
-10
-0.0138122
15
0.0207182
15
0.0207182
-32
-0.0441989
-29
-0.0400552
36
0.0497238
2
0.00276243
-23
-0.031768
16
0.0220994
-40
-0.0552486
36
0.0497238
-23
-0.031768
-39
-0.0538674
-15
-0.0207182
29
0.0400552
24
0.0331492
60
0.0828729
0
0
23
0.031768
21
0.0290055
-67
-0.0925414
21
0.0290055
23
0.031768
21
0.0290055
40
0.0552486
-25
-0.0345304
-12
-0.0165746
6
0.00828729
10
0.0138122
-12
-0.0165746
-2
-0.00276243
-1
-0.00138122
22
0.0303867
18
0.0248619
-16
-0.0220994
-26
-0.0359116
14
0.019337
47
0.0649171
-29
-0.0400552
33
0.0455801
-23
-0.031768
-41
-0.0566298
-8
-0.0110497
-41
-0.0566298
-88
-0.121547
30
0.0414365
6
0.00828729
4
0.00552486
-29
-0.0400552
-9
-0.0124309
4
0.00552486
22
0.0303867
-7
-0.00966851
-27
-0.0372928
-41
-0.0566298
27
0.0372928
7
0.00966851
15
0.0207182
-37
-0.051105
-19
-0.0262431
79
0.109116
-21
-0.0290055
12
0.0165746
32
0.0441989
-9
-0.0124309
16
0.0220994
-32
-0.0441989
-14
-0.019337
-27
-0.0372928
15
0.0207182
55
0.0759669
-8
-0.0110497
-7
-0.00966851
-15
-0.0207182
14
0.019337
-57
-0.0787293
1
0.00138122
-27
-0.0372928
-17
-0.0234807
-6
-0.00828729
-43
-0.0593923
-22
-0.0303867
19
0.0262431
38
0.0524862
10
0.0138122
-4
-0.00552486
25
0.0345304
17
0.0234807
-13
-0.0179558
43
0.0593923
-23
-0.031768
13
0.0179558
-22
-0.0303867
-33
-0.0455801
-9
-0.0124309
-38
-0.0524862
44
0.0607735
2
0.00276243
-4
-0.00552486
-28
-0.038674
29
0.0400552
36
0.0497238
20
0.0276243
-1
-0.00138122
-28
-0.038674
-9
-0.0124309
15
0.0207182
-3
-0.00414365
60
0.0828729
-13
-0.0179558
-4
-0.00552486
19
0.0262431
32
0.0441989
8
0.0110497
-8
-0.0110497
-16
-0.0220994
11
0.0151934
-19
-0.0262431
-37
-0.051105
-16
-0.0220994
9
0.0124309
-15
-0.0207182
5
0.00690608
-1
-0.00138122
21
0.0290055
8
0.0110497
-5
-0.00690608
71
0.0980663
5
0.00690608
14
0.019337
14
0.019337
31
0.0428177
-14
-0.019337
-46
-0.0635359
-23
-0.031768
-42
-0.058011
-16
-0.0220994
-2
-0.00276243
13
0.0179558
4
0.00552486
-28
-0.038674
-31
-0.0428177
-16
-0.0220994
-4
-0.00552486
7
0.00966851
40
0.0552486
-36
-0.0497238
37
0.051105
19
0.0262431
-8
-0.0110497
-47
-0.0649171
-1
-0.00138122
-32
-0.0441989
-73
-0.100829
14
0.019337
35
0.0483425
-4
-0.00552486
16
0.0220994
-46
-0.0635359
13
0.0179558
44
0.0607735
-32
-0.0441989
50
0.0690608
-17
-0.0234807
-17
-0.0234807
40
0.0552486
-6
-0.00828729
-33
-0.0455801
-13
-0.0179558
39
0.0538674
16
0.0220994
12
0.0165746
-8
-0.0110497
1
0.00138122
6
0.00828729
-25
-0.0345304
-1
-0.00138122
28
0.038674
5
0.00690608
-4
-0.00552486
-5
-0.00690608
-27
-0.0372928
-28
-0.038674
31
0.0428177
15
0.0207182
-36
-0.0497238
11
0.0151934
8
0.0110497
31
0.0428177
-2
-0.00276243
18
0.0248619
23
0.031768
13
0.0179558
-9
-0.0124309
10
0.0138122
-40
-0.0552486
11
0.0151934
23
0.031768
-25
-0.0345304
-23
-0.031768
19
0.0262431
-24
-0.0331492
6
0.00828729
-36
-0.0497238
-9
-0.0124309
-12
-0.0165746
32
0.0441989
-46
-0.0635359
-17
-0.0234807
-27
-0.0372928
11
0.0151934
-9
-0.0124309
2
0.00276243
-12
-0.0165746
48
0.0662983
-4
-0.00552486
4
0.00552486
-18
-0.0248619
8
0.0110497
14
0.019337
-3
-0.00414365
28
0.038674
33
0.0455801
0
0
38
0.0524862
16
0.0220994
40
0.0552486
3
0.00414365
-2
-0.00276243
-8
-0.0110497
24
0.0331492
4
0.00552486
-3
-0.00414365
-26
-0.0359116
-20
-0.0276243
17
0.0234807
1
0.00138122
-20
-0.0276243
-8
-0.0110497
-13
-0.0179558
-8
-0.0110497
-55
-0.0759669
-27
-0.0372928
47
0.0649171
-2
-0.00276243
0
0
-23
-0.031768
7
0.00966851
15
0.0207182
-5
-0.00690608
-27
-0.0372928
-34
-0.0469613
15
0.0207182
27
0.0372928
17
0.0234807
24
0.0331492
-11
-0.0151934
5
0.00690608
-20
-0.0276243
-13
-0.0179558
-19
-0.0262431
-10
-0.0138122
-15
-0.0207182
35
0.0483425
29
0.0400552
21
0.0290055
20
0.0276243
20
0.0276243
8
0.0110497
18
0.0248619
-8
-0.0110497
16
0.0220994
17
0.0234807
5
0.00690608
1
0.00138122
1
0.00138122
21
0.0290055
-16
-0.0220994
-29
-0.0400552
-10
-0.0138122
1
0.00138122
-21
-0.0290055
-1
-0.00138122
-3
-0.00414365
14
0.019337
25
0.0345304
9
0.0124309
-39
-0.0538674
16
0.0220994
20
0.0276243
-24
-0.0331492
-20
-0.0276243
11
0.0151934
43
0.0593923
-31
-0.0428177
12
0.0165746
-11
-0.0151934
15
0.0207182
30
0.0414365
-4
-0.00552486
15
0.0207182
-30
-0.0414365
-27
-0.0372928
-43
-0.0593923
43
0.0593923
-22
-0.0303867
0
0
13
0.0179558
-3
-0.00414365
-14
-0.019337
-8
-0.0110497
-4
-0.00552486
27
0.0372928
-29
-0.0400552
14
0.019337
-19
-0.0262431
7
0.00966851
37
0.051105
0
0
-15
-0.0207182
-34
-0.0469613
-9
-0.0124309
-1
-0.00138122
-7
-0.00966851
-26
-0.0359116
-55
-0.0759669
19
0.0262431
34
0.0469613
32
0.0441989
-26
-0.0359116
24
0.0331492
13
0.0179558
6
0.00828729
2
0.00276243
6
0.00828729
-23
-0.031768
31
0.0428177
8
0.0110497
-11
-0.0151934
-1
-0.00138122
-27
-0.0372928
-28
-0.038674
0
0
30
0.0414365
12
0.0165746
10
0.0138122
9
0.0124309
12
0.0165746
16
0.0220994
-26
-0.0359116
-19
-0.0262431
-5
-0.00690608
-32
-0.0441989
1
0.00138122
0
0
31
0.0428177
6
0.00828729
-42
-0.058011
5
0.00690608
-49
-0.0676796
-11
-0.0151934
-26
-0.0359116
6
0.00828729
-17
-0.0234807
-15
-0.0207182
-46
-0.0635359
13
0.0179558
45
0.0621547
30
0.0414365
4
0.00552486
29
0.0400552
-1
-0.00138122
26
0.0359116
29
0.0400552
25
0.0345304
-9
-0.0124309
0
0
-32
-0.0441989
-27
-0.0372928
40
0.0552486
17
0.0234807
8
0.0110497
-1
-0.00138122
26
0.0359116
-37
-0.051105
9
0.0124309
36
0.0497238
34
0.0469613
-10
-0.0138122
19
0.0262431
18
0.0248619
-4
-0.00552486
6
0.00828729
32
0.0441989
-3
-0.00414365
53
0.0732044
-14
-0.019337
-45
-0.0621547
-32
-0.0441989
9
0.0124309
-35
-0.0483425
-39
-0.0538674
5
0.00690608
-6
-0.00828729
1
0.00138122
30
0.0414365
6
0.00828729
52
0.0718232
-6
-0.00828729
4
0.00552486
-8
-0.0110497
-24
-0.0331492
20
0.0276243
16
0.0220994
11
0.0151934
47
0.0649171
7
0.00966851
-23
-0.031768
-2
-0.00276243
-5
-0.00690608
-13
-0.0179558
-16
-0.0220994
32
0.0441989
-24
-0.0331492
12
0.0165746
61
0.0842541
-6
-0.00828729
2
0.00276243
-19
-0.0262431
-17
-0.0234807
-35
-0.0483425
6
0.00828729
12
0.0165746
25
0.0345304
-8
-0.0110497
-4
-0.00552486
23
0.031768
-46
-0.0635359
1
0.00138122
15
0.0207182
11
0.0151934
5
0.00690608
50
0.0690608
-7
-0.00966851
51
0.070442
-41
-0.0566298
5
0.00690608
-10
-0.0138122
-28
-0.038674
17
0.0234807
-13
-0.0179558
16
0.0220994
4
0.00552486
6
0.00828729
5
0.00690608
9
0.0124309
-7
-0.00966851
-4
-0.00552486
-4
-0.00552486
22
0.0303867
-20
-0.0276243
17
0.0234807
-9
-0.0124309
-14
-0.019337
5
0.00690608
-17
-0.0234807
-27
-0.0372928
29
0.0400552
40
0.0552486
25
0.0345304
5
0.00690608
17
0.0234807
43
0.0593923
-6
-0.00828729
6
0.00828729
-6
-0.00828729
-45
-0.0621547
-6
-0.00828729
-16
-0.0220994
-35
-0.0483425
-6
-0.00828729
11
0.0151934
29
0.0400552
-27
-0.0372928
-22
-0.0303867
-30
-0.0414365
-16
-0.0220994
26
0.0359116
-41
-0.0566298
-17
-0.0234807
4
0.00552486
-17
-0.0234807
21
0.0290055
12
0.0165746
-39
-0.0538674
3
0.00414365
-38
-0.0524862
17
0.0234807
14
0.019337
-23
-0.031768
-3
-0.00414365
19
0.0262431
1
0.00138122
31
0.0428177
3
0.00414365
23
0.031768
36
0.0497238
11
0.0151934
18
0.0248619
-16
-0.0220994
-27
-0.0372928
-11
-0.0151934
-34
-0.0469613
9
0.0124309
-31
-0.0428177
31
0.0428177
-4
-0.00552486
26
0.0359116
10
0.0138122
-27
-0.0372928
-27
-0.0372928
39
0.0538674
-1
-0.00138122
-3
-0.00414365
14
0.019337
13
0.0179558
5
0.00690608
-31
-0.0428177
4
0.00552486
22
0.0303867
-32
-0.0441989
1
0.00138122
9
0.0124309
21
0.0290055
4
0.00552486
16
0.0220994
-13
-0.0179558
52
0.0718232
-1
-0.00138122
-26
-0.0359116
-30
-0.0414365
-25
-0.0345304
-3
-0.00414365
5
0.00690608
13
0.0179558
-5
-0.00690608
11
0.0151934
-33
-0.0455801
-32
-0.0441989
-1
-0.00138122
37
0.051105
5
0.00690608
19
0.0262431
-11
-0.0151934
1
0.00138122
-6
-0.00828729
25
0.0345304
-47
-0.0649171
-26
-0.0359116
-44
-0.0607735
-29
-0.0400552
13
0.0179558
-16
-0.0220994
-24
-0.0331492
35
0.0483425
27
0.0372928
-14
-0.019337
-27
-0.0372928
-18
-0.0248619
39
0.0538674
-22
-0.0303867
57
0.0787293
26
0.0359116
-3
-0.00414365
6
0.00828729
-30
-0.0414365
9
0.0124309
-11
-0.0151934
-10
-0.0138122
-31
-0.0428177
-35
-0.0483425
9
0.0124309
28
0.038674
-8
-0.0110497
-5
-0.00690608
59
0.0814917
-21
-0.0290055
-3
-0.00414365
-9
-0.0124309
-45
-0.0621547
6
0.00828729
8
0.0110497
18
0.0248619
-51
-0.070442
-14
-0.019337
42
0.058011
1
0.00138122
-25
-0.0345304
30
0.0414365
-22
-0.0303867
8
0.0110497
23
0.031768
-37
-0.051105
22
0.0303867
-35
-0.0483425
10
0.0138122
-3
-0.00414365
-11
-0.0151934
9
0.0124309
26
0.0359116
-25
-0.0345304
-27
-0.0372928
25
0.0345304
37
0.051105
-23
-0.031768
-15
-0.0207182
-28
-0.038674
-41
-0.0566298
-15
-0.0207182
-36
-0.0497238
-21
-0.0290055
3
0.00414365
13
0.0179558
62
0.0856354
40
0.0552486
31
0.0428177
-11
-0.0151934
1
0.00138122
7
0.00966851
1
0.00138122
0
0
13
0.0179558
48
0.0662983
-23
-0.031768
40
0.0552486
-18
-0.0248619
-17
-0.0234807
-21
-0.0290055
26
0.0359116
-1
-0.00138122
-14
-0.019337
-17
-0.0234807
25
0.0345304
-1
-0.00138122
-30
-0.0414365
23
0.031768
-20
-0.0276243
6
0.00828729
20
0.0276243
34
0.0469613
-27
-0.0372928
3
0.00414365
-4
-0.00552486
18
0.0248619
-8
-0.0110497
1
0.00138122
6
0.00828729
-34
-0.0469613
-4
-0.00552486
12
0.0165746
7
0.00966851
-13
-0.0179558
8
0.0110497
-28
-0.038674
-1
-0.00138122
-2
-0.00276243
20
0.0276243
-14
-0.019337
-5
-0.00690608
-32
-0.0441989
-64
-0.0883978
-7
-0.00966851
-5
-0.00690608
4
0.00552486
-11
-0.0151934
-18
-0.0248619
13
0.0179558
-13
-0.0179558
-16
-0.0220994
13
0.0179558
-3
-0.00414365
10
0.0138122
-13
-0.0179558
-48
-0.0662983
-26
-0.0359116
6
0.00828729
-11
-0.0151934
-50
-0.0690608
-22
-0.0303867
41
0.0566298
-1
-0.00138122
-5
-0.00690608
28
0.038674
22
0.0303867
4
0.00552486
-1
-0.00138122
-43
-0.0593923
-8
-0.0110497
-10
-0.0138122
9
0.0124309
-33
-0.0455801
22
0.0303867
37
0.051105
59
0.0814917
11
0.0151934
13
0.0179558
-3
-0.00414365
0
0
-27
-0.0372928
-24
-0.0331492
-9
-0.0124309
-31
-0.0428177
2
0.00276243
-29
-0.0400552
25
0.0345304
19
0.0262431
-31
-0.0428177
14
0.019337
-17
-0.0234807
-17
-0.0234807
-11
-0.0151934
49
0.0676796
2
0.00276243
-20
-0.0276243
-3
-0.00414365
17
0.0234807
27
0.0372928
3
0.00414365
15
0.0207182
41
0.0566298
4
0.00552486
13
0.0179558
-10
-0.0138122
-13
-0.0179558
14
0.019337
-36
-0.0497238
14
0.019337
-14
-0.019337
16
0.0220994
6
0.00828729
8
0.0110497
-16
-0.0220994
17
0.0234807
42
0.058011
22
0.0303867
-50
-0.0690608
-45
-0.0621547
35
0.0483425
-38
-0.0524862
4
0.00552486
-28
-0.038674
56
0.0773481
-31
-0.0428177
24
0.0331492
-8
-0.0110497
-17
-0.0234807
-7
-0.00966851
-15
-0.0207182
-3
-0.00414365
13
0.0179558
-13
-0.0179558
63
0.0870166
-35
-0.0483425
-12
-0.0165746
33
0.0455801
26
0.0359116
-25
-0.0345304
-53
-0.0732044
-42
-0.058011
27
0.0372928
-40
-0.0552486
15
0.0207182
-30
-0.0414365
1
0.00138122
24
0.0331492
18
0.0248619
17
0.0234807
29
0.0400552
45
0.0621547
24
0.0331492
43
0.0593923
-17
-0.0234807
-16
-0.0220994
5
0.00690608
8
0.0110497
-50
-0.0690608
-23
-0.031768
16
0.0220994
-8
-0.0110497
51
0.070442
24
0.0331492
7
0.00966851
3
0.00414365
11
0.0151934
22
0.0303867
-26
-0.0359116
53
0.0732044
3
0.00414365
29
0.0400552
-28
-0.038674
5
0.00690608
-16
-0.0220994
-12
-0.0165746
21
0.0290055
10
0.0138122
-30
-0.0414365
-15
-0.0207182
42
0.058011
-15
-0.0207182
3
0.00414365
14
0.019337
-6
-0.00828729
15
0.0207182
-21
-0.0290055
14
0.019337
-24
-0.0331492
9
0.0124309
-15
-0.0207182
0
0
1
0.00138122
14
0.019337
-19
-0.0262431
10
0.0138122
-4
-0.00552486
29
0.0400552
17
0.0234807
1
0.00138122
-13
-0.0179558
-8
-0.0110497
-10
-0.0138122
-26
-0.0359116
-17
-0.0234807
-38
-0.0524862
-24
-0.0331492
0
0
-8
-0.0110497
-20
-0.0276243
4
0.00552486
19
0.0262431
61
0.0842541
-32
-0.0441989
18
0.0248619
-17
-0.0234807
27
0.0372928
-19
-0.0262431
56
0.0773481
-10
-0.0138122
-32
-0.0441989
-16
-0.0220994
-5
-0.00690608
25
0.0345304
-36
-0.0497238
4
0.00552486
8
0.0110497
-18
-0.0248619
-3
-0.00414365
14
0.019337
6
0.00828729
-4
-0.00552486
-1
-0.00138122
28
0.038674
11
0.0151934
9
0.0124309
3
0.00414365
-62
-0.0856354
-19
-0.0262431
24
0.0331492
-2
-0.00276243
24
0.0331492
-19
-0.0262431
-8
-0.0110497
-11
-0.0151934
-13
-0.0179558
-5
-0.00690608
-36
-0.0497238
24
0.0331492
-15
-0.0207182
-3
-0.00414365
-2
-0.00276243
-60
-0.0828729
-15
-0.0207182
31
0.0428177
31
0.0428177
-28
-0.038674
33
0.0455801
-41
-0.0566298
11
0.0151934
-47
-0.0649171
4
0.00552486
-32
-0.0441989
35
0.0483425
-2
-0.00276243
-3
-0.00414365
-6
-0.00828729
22
0.0303867
-5
-0.00690608
19
0.0262431
-33
-0.0455801
-15
-0.0207182
-18
-0.0248619
-29
-0.0400552
6
0.00828729
10
0.0138122
43
0.0593923
-21
-0.0290055
26
0.0359116
-6
-0.00828729
-26
-0.0359116
-19
-0.0262431
24
0.0331492
11
0.0151934
9
0.0124309
6
0.00828729
-10
-0.0138122
10
0.0138122
0
0
19
0.0262431
-18
-0.0248619
-19
-0.0262431
-7
-0.00966851
-15
-0.0207182
0
0
56
0.0773481
12
0.0165746
3
0.00414365
61
0.0842541
5
0.00690608
3
0.00414365
30
0.0414365
-15
-0.0207182
3
0.00414365
16
0.0220994
-7
-0.00966851
-7
-0.00966851
5
0.00690608
11
0.0151934
1
0.00138122
32
0.0441989
75
0.103591
-11
-0.0151934
-20
-0.0276243
-10
-0.0138122
0
0
-13
-0.0179558
5
0.00690608
20
0.0276243
24
0.0331492
2
0.00276243
-28
-0.038674
-34
-0.0469613
24
0.0331492
7
0.00966851
42
0.058011
44
0.0607735
28
0.038674
-3
-0.00414365
19
0.0262431
1
0.00138122
-33
-0.0455801
36
0.0497238
10
0.0138122
28
0.038674
-11
-0.0151934
-21
-0.0290055
28
0.038674
7
0.00966851
10
0.0138122
-10
-0.0138122
-34
-0.0469613
34
0.0469613
-3
-0.00414365
9
0.0124309
47
0.0649171
33
0.0455801
37
0.051105
11
0.0151934
-4
-0.00552486
28
0.038674
-18
-0.0248619
11
0.0151934
0
0
-5
-0.00690608
9
0.0124309
-11
-0.0151934
21
0.0290055
-24
-0.0331492
6
0.00828729
-7
-0.00966851
15
0.0207182
41
0.0566298
37
0.051105
24
0.0331492
-14
-0.019337
-21
-0.0290055
-23
-0.031768
-43
-0.0593923
8
0.0110497
4
0.00552486
-4
-0.00552486
-5
-0.00690608
3
0.00414365
24
0.0331492
26
0.0359116
18
0.0248619
-1
-0.00138122
-5
-0.00690608
-40
-0.0552486
21
0.0290055
21
0.0290055
3
0.00414365
20
0.0276243
29
0.0400552
-59
-0.0814917
-1
-0.00138122
1
0.00138122
-12
-0.0165746
42
0.058011
19
0.0262431
-13
-0.0179558
4
0.00552486
-48
-0.0662983
25
0.0345304
11
0.0151934
-6
-0.00828729
-31
-0.0428177
6
0.00828729
-48
-0.0662983
21
0.0290055
2
0.00276243
11
0.0151934
-15
-0.0207182
8
0.0110497
21
0.0290055
-1
-0.00138122
-20
-0.0276243
23
0.031768
-3
-0.00414365
29
0.0400552
24
0.0331492
6
0.00828729
-1
-0.00138122
-15
-0.0207182
-32
-0.0441989
-30
-0.0414365
27
0.0372928
41
0.0566298
26
0.0359116
-3
-0.00414365
7
0.00966851
-34
-0.0469613
17
0.0234807
11
0.0151934
-1
-0.00138122
35
0.0483425
-35
-0.0483425
-26
-0.0359116
-15
-0.0207182
8
0.0110497
-8
-0.0110497
7
0.00966851
-53
-0.0732044
-2
-0.00276243
-6
-0.00828729
21
0.0290055
9
0.0124309
0
0
-31
-0.0428177
-4
-0.00552486
-1
-0.00138122
-1
-0.00138122
-25
-0.0345304
25
0.0345304
-44
-0.0607735
4
0.00552486
14
0.019337
27
0.0372928
-8
-0.0110497
42
0.058011
-11
-0.0151934
29
0.0400552
-22
-0.0303867
38
0.0524862
32
0.0441989
-1
-0.00138122
3
0.00414365
-44
-0.0607735
18
0.0248619
2
0.00276243
-22
-0.0303867
-46
-0.0635359
-35
-0.0483425
26
0.0359116
-42
-0.058011
-24
-0.0331492
-19
-0.0262431
-17
-0.0234807
-7
-0.00966851
29
0.0400552
4
0.00552486
60
0.0828729
-30
-0.0414365
-12
-0.0165746
17
0.0234807
6
0.00828729
-30
-0.0414365
20
0.0276243
3
0.00414365
9
0.0124309
-8
-0.0110497
15
0.0207182
-14
-0.019337
53
0.0732044
1
0.00138122
39
0.0538674
20
0.0276243
10
0.0138122
-36
-0.0497238
19
0.0262431
8
0.0110497
-24
-0.0331492
-29
-0.0400552
9
0.0124309
-5
-0.00690608
38
0.0524862
7
0.00966851
21
0.0290055
57
0.0787293
31
0.0428177
-36
-0.0497238
17
0.0234807
-8
-0.0110497
-14
-0.019337
9
0.0124309
-45
-0.0621547
-19
-0.0262431
5
0.00690608
-26
-0.0359116
-18
-0.0248619
-10
-0.0138122
-33
-0.0455801
5
0.00690608
-28
-0.038674
-24
-0.0331492
14
0.019337
63
0.0870166
-33
-0.0455801
-6
-0.00828729
18
0.0248619
26
0.0359116
-11
-0.0151934
-11
-0.0151934
-19
-0.0262431
-7
-0.00966851
-18
-0.0248619
-26
-0.0359116
-37
-0.051105
1
0.00138122
-3
-0.00414365
3
0.00414365
-51
-0.070442
9
0.0124309
16
0.0220994
43
0.0593923
3
0.00414365
0
0
21
0.0290055
-10
-0.0138122
-20
-0.0276243
-29
-0.0400552
1
0.00138122
16
0.0220994
35
0.0483425
34
0.0469613
-3
-0.00414365
27
0.0372928
-1
-0.00138122
60
0.0828729
-6
-0.00828729
-10
-0.0138122
23
0.031768
-28
-0.038674
7
0.00966851
-4
-0.00552486
22
0.0303867
-2
-0.00276243
-15
-0.0207182
21
0.0290055
-35
-0.0483425
17
0.0234807
-14
-0.019337
29
0.0400552
-19
-0.0262431
9
0.0124309
-18
-0.0248619
37
0.051105
14
0.019337
33
0.0455801
-11
-0.0151934
9
0.0124309
6
0.00828729
-17
-0.0234807
-70
-0.0966851
25
0.0345304
-25
-0.0345304
5
0.00690608
-29
-0.0400552
-24
-0.0331492
-23
-0.031768
15
0.0207182
-30
-0.0414365
25
0.0345304
5
0.00690608
7
0.00966851
-20
-0.0276243
-47
-0.0649171
4
0.00552486
6
0.00828729
-13
-0.0179558
28
0.038674
11
0.0151934
18
0.0248619
-27
-0.0372928
-31
-0.0428177
-44
-0.0607735
16
0.0220994
34
0.0469613
-64
-0.0883978
17
0.0234807
43
0.0593923
38
0.0524862
15
0.0207182
-28
-0.038674
-22
-0.0303867
-34
-0.0469613
-14
-0.019337
-4
-0.00552486
-21
-0.0290055
-12
-0.0165746
-35
-0.0483425
-28
-0.038674
-39
-0.0538674
8
0.0110497
-33
-0.0455801
-7
-0.00966851
-59
-0.0814917
38
0.0524862
9
0.0124309
-36
-0.0497238
-28
-0.038674
16
0.0220994
-14
-0.019337
-22
-0.0303867
5
0.00690608
38
0.0524862
21
0.0290055
-17
-0.0234807
-17
-0.0234807
24
0.0331492
-16
-0.0220994
-40
-0.0552486
55
0.0759669
14
0.019337
-4
-0.00552486
-27
-0.0372928
-3
-0.00414365
-24
-0.0331492
-23
-0.031768
29
0.0400552
-23
-0.031768
10
0.0138122
-6
-0.00828729
49
0.0676796
8
0.0110497
15
0.0207182
31
0.0428177
-18
-0.0248619
2
0.00276243
-7
-0.00966851
31
0.0428177
-18
-0.0248619
-54
-0.0745856
47
0.0649171
16
0.0220994
-13
-0.0179558
25
0.0345304
32
0.0441989
-3
-0.00414365
45
0.0621547
4
0.00552486
5
0.00690608
25
0.0345304
35
0.0483425
-9
-0.0124309
-41
-0.0566298
34
0.0469613
-31
-0.0428177
-15
-0.0207182
18
0.0248619
-2
-0.00276243
-10
-0.0138122
0
0
41
0.0566298
-11
-0.0151934
-13
-0.0179558
27
0.0372928
-23
-0.031768
44
0.0607735
-28
-0.038674
60
0.0828729
53
0.0732044
-6
-0.00828729
-8
-0.0110497
1
0.00138122
33
0.0455801
21
0.0290055
-50
-0.0690608
-9
-0.0124309
-12
-0.0165746
-36
-0.0497238
-13
-0.0179558
19
0.0262431
7
0.00966851
-18
-0.0248619
34
0.0469613
-24
-0.0331492
-10
-0.0138122
19
0.0262431
3
0.00414365
-2
-0.00276243
-14
-0.019337
-1
-0.00138122
22
0.0303867
-15
-0.0207182
-63
-0.0870166
-16
-0.0220994
-18
-0.0248619
17
0.0234807
53
0.0732044
30
0.0414365
-7
-0.00966851
40
0.0552486
-2
-0.00276243
-35
-0.0483425
5
0.00690608
-17
-0.0234807
-7
-0.00966851
-16
-0.0220994
-33
-0.0455801
-38
-0.0524862
2
0.00276243
0
0
34
0.0469613
11
0.0151934
1
0.00138122
-22
-0.0303867
23
0.031768
34
0.0469613
14
0.019337
23
0.031768
-20
-0.0276243
-13
-0.0179558
-23
-0.031768
-15
-0.0207182
-9
-0.0124309
18
0.0248619
-15
-0.0207182
27
0.0372928
-30
-0.0414365
-24
-0.0331492
23
0.031768
-35
-0.0483425
35
0.0483425
2
0.00276243
-18
-0.0248619
-15
-0.0207182
7
0.00966851
-8
-0.0110497
-35
-0.0483425
11
0.0151934
-1
-0.00138122
-14
-0.019337
-13
-0.0179558
-5
-0.00690608
18
0.0248619
-68
-0.0939227
35
0.0483425
12
0.0165746
-18
-0.0248619
-56
-0.0773481
-18
-0.0248619
-14
-0.019337
19
0.0262431
-4
-0.00552486
9
0.0124309
16
0.0220994
-3
-0.00414365
32
0.0441989
-24
-0.0331492
31
0.0428177
-24
-0.0331492
21
0.0290055
-23
-0.031768
17
0.0234807
-60
-0.0828729
-15
-0.0207182
6
0.00828729
-16
-0.0220994
58
0.0801105
-11
-0.0151934
-38
-0.0524862
1
0.00138122
-27
-0.0372928
15
0.0207182
-22
-0.0303867
0
0
19
0.0262431
2
0.00276243
4
0.00552486
47
0.0649171
10
0.0138122
-2
-0.00276243
-5
-0.00690608
-26
-0.0359116
26
0.0359116
11
0.0151934
36
0.0497238
-39
-0.0538674
-16
-0.0220994
-6
-0.00828729
8
0.0110497
4
0.00552486
-4
-0.00552486
22
0.0303867
-7
-0.00966851
35
0.0483425
-29
-0.0400552
-27
-0.0372928
3
0.00414365
-23
-0.031768
9
0.0124309
-9
-0.0124309
29
0.0400552
-10
-0.0138122
7
0.00966851
19
0.0262431
-37
-0.051105
-14
-0.019337
32
0.0441989
-25
-0.0345304
9
0.0124309
-13
-0.0179558
-38
-0.0524862
0
0
13
0.0179558
40
0.0552486
3
0.00414365
-14
-0.019337
37
0.051105
-16
-0.0220994
2
0.00276243
23
0.031768
-13
-0.0179558
-48
-0.0662983
-1
-0.00138122
30
0.0414365
15
0.0207182
16
0.0220994
22
0.0303867
3
0.00414365
-3
-0.00414365
1
0.00138122
-4
-0.00552486
-14
-0.019337
32
0.0441989
-4
-0.00552486
1
0.00138122
5
0.00690608
38
0.0524862
-59
-0.0814917
6
0.00828729
0
0
8
0.0110497
4
0.00552486
35
0.0483425
-13
-0.0179558
61
0.0842541
4
0.00552486
-41
-0.0566298
-22
-0.0303867
8
0.0110497
-13
-0.0179558
21
0.0290055
-9
-0.0124309
-12
-0.0165746
29
0.0400552
-5
-0.00690608
28
0.038674
-23
-0.031768
10
0.0138122
5
0.00690608
1
0.00138122
-12
-0.0165746
17
0.0234807
7
0.00966851
-4
-0.00552486
20
0.0276243
41
0.0566298
-30
-0.0414365
7
0.00966851
34
0.0469613
-9
-0.0124309
15
0.0207182
23
0.031768
6
0.00828729
-48
-0.0662983
-28
-0.038674
4
0.00552486
30
0.0414365
-13
-0.0179558
9
0.0124309
58
0.0801105
7
0.00966851
-29
-0.0400552
-15
-0.0207182
6
0.00828729
-39
-0.0538674
56
0.0773481
-3
-0.00414365
-24
-0.0331492
-21
-0.0290055
44
0.0607735
21
0.0290055
11
0.0151934
-19
-0.0262431
-37
-0.051105
-2
-0.00276243
-1
-0.00138122
4
0.00552486
-23
-0.031768
6
0.00828729
-12
-0.0165746
-37
-0.051105
3
0.00414365
16
0.0220994
-22
-0.0303867
28
0.038674
-54
-0.0745856
2
0.00276243
-18
-0.0248619
-8
-0.0110497
14
0.019337
18
0.0248619
-12
-0.0165746
-14
-0.019337
-26
-0.0359116
-14
-0.019337
-23
-0.031768
36
0.0497238
-28
-0.038674
5
0.00690608
-19
-0.0262431
23
0.031768
28
0.038674
-21
-0.0290055
2
0.00276243
-32
-0.0441989
-33
-0.0455801
24
0.0331492
-2
-0.00276243
4
0.00552486
29
0.0400552
-39
-0.0538674
30
0.0414365
-5
-0.00690608
38
0.0524862
-30
-0.0414365
7
0.00966851
37
0.051105
-6
-0.00828729
15
0.0207182
14
0.019337
2
0.00276243
-13
-0.0179558
-41
-0.0566298
24
0.0331492
11
0.0151934
13
0.0179558
-1
-0.00138122
-16
-0.0220994
-23
-0.031768
-16
-0.0220994
-10
-0.0138122
2
0.00276243
38
0.0524862
-5
-0.00690608
14
0.019337
-43
-0.0593923
-10
-0.0138122
-1
-0.00138122
-1
-0.00138122
-36
-0.0497238
-24
-0.0331492
3
0.00414365
38
0.0524862
23
0.031768
6
0.00828729
38
0.0524862
32
0.0441989
-42
-0.058011
16
0.0220994
-14
-0.019337
-18
-0.0248619
7
0.00966851
-8
-0.0110497
35
0.0483425
-2
-0.00276243
-2
-0.00276243
47
0.0649171
-2
-0.00276243
-31
-0.0428177
-24
-0.0331492
-15
-0.0207182
-2
-0.00276243
-34
-0.0469613
-4
-0.00552486
8
0.0110497
-1
-0.00138122
9
0.0124309
49
0.0676796
38
0.0524862
-10
-0.0138122
-7
-0.00966851
-36
-0.0497238
22
0.0303867
41
0.0566298
-25
-0.0345304
32
0.0441989
15
0.0207182
-49
-0.0676796
47
0.0649171
-8
-0.0110497
-4
-0.00552486
0
0
21
0.0290055
-63
-0.0870166
39
0.0538674
26
0.0359116
-16
-0.0220994
9
0.0124309
-18
-0.0248619
42
0.058011
-59
-0.0814917
-16
-0.0220994
-34
-0.0469613
19
0.0262431
10
0.0138122
-24
-0.0331492
16
0.0220994
8
0.0110497
11
0.0151934
0
0
-11
-0.0151934
-21
-0.0290055
20
0.0276243
64
0.0883978
-20
-0.0276243
-34
-0.0469613
10
0.0138122
64
0.0883978
-13
-0.0179558
-33
-0.0455801
-29
-0.0400552
-1
-0.00138122
-3
-0.00414365
0
0
7
0.00966851
-32
-0.0441989
28
0.038674
-3
-0.00414365
40
0.0552486
-23
-0.031768
28
0.038674
24
0.0331492
-26
-0.0359116
19
0.0262431
4
0.00552486
19
0.0262431
-6
-0.00828729
-17
-0.0234807
-7
-0.00966851
68
0.0939227
8
0.0110497
-29
-0.0400552
-2
-0.00276243
2
0.00276243
-16
-0.0220994
10
0.0138122
-10
-0.0138122
-27
-0.0372928
8
0.0110497
-46
-0.0635359
-2
-0.00276243
-37
-0.051105
-37
-0.051105
16
0.0220994
-4
-0.00552486
24
0.0331492
-35
-0.0483425
1
0.00138122
-8
-0.0110497
7
0.00966851
3
0.00414365
-7
-0.00966851
31
0.0428177
-31
-0.0428177
9
0.0124309
-3
-0.00414365
12
0.0165746
-17
-0.0234807
0
0
-17
-0.0234807
8
0.0110497
-15
-0.0207182
-24
-0.0331492
41
0.0566298
-24
-0.0331492
-3
-0.00414365
2
0.00276243
-52
-0.0718232
19
0.0262431
44
0.0607735
-1
-0.00138122
-15
-0.0207182
-63
-0.0870166
-15
-0.0207182
-35
-0.0483425
-6
-0.00828729
-12
-0.0165746
-3
-0.00414365
-7
-0.00966851
21
0.0290055
-26
-0.0359116
-45
-0.0621547
3
0.00414365
-7
-0.00966851
-26
-0.0359116
3
0.00414365
-3
-0.00414365
28
0.038674
-49
-0.0676796
-15
-0.0207182
-26
-0.0359116
4
0.00552486
-8
-0.0110497
-20
-0.0276243
7
0.00966851
-20
-0.0276243
42
0.058011
-5
-0.00690608
10
0.0138122
57
0.0787293
-40
-0.0552486
-29
-0.0400552
-28
-0.038674
28
0.038674
-27
-0.0372928
26
0.0359116
-21
-0.0290055
-30
-0.0414365
20
0.0276243
32
0.0441989
-29
-0.0400552
-13
-0.0179558
0
0
-7
-0.00966851
14
0.019337
12
0.0165746
-16
-0.0220994
17
0.0234807
22
0.0303867
-23
-0.031768
-23
-0.031768
-12
-0.0165746
-19
-0.0262431
-8
-0.0110497
-13
-0.0179558
-10
-0.0138122
17
0.0234807
6
0.00828729
-4
-0.00552486
8
0.0110497
9
0.0124309
18
0.0248619
-9
-0.0124309
23
0.031768
-23
-0.031768
6
0.00828729
22
0.0303867
-24
-0.0331492
-2
-0.00276243
25
0.0345304
-42
-0.058011
-15
-0.0207182
-30
-0.0414365
1
0.00138122
-20
-0.0276243
-16
-0.0220994
-17
-0.0234807
-24
-0.0331492
14
0.019337
-72
-0.0994475
38
0.0524862
0
0
-5
-0.00690608
-29
-0.0400552
-3
-0.00414365
24
0.0331492
-12
-0.0165746
-16
-0.0220994
30
0.0414365
-9
-0.0124309
42
0.058011
2
0.00276243
23
0.031768
-15
-0.0207182
37
0.051105
17
0.0234807
-27
-0.0372928
-13
-0.0179558
-14
-0.019337
15
0.0207182
28
0.038674
24
0.0331492
-7
-0.00966851
4
0.00552486
-1
-0.00138122
-30
-0.0414365
-32
-0.0441989
-4
-0.00552486
-1
-0.00138122
13
0.0179558
9
0.0124309
55
0.0759669
15
0.0207182
-12
-0.0165746
21
0.0290055
9
0.0124309
-12
-0.0165746
35
0.0483425
-37
-0.051105
-20
-0.0276243
-18
-0.0248619
1
0.00138122
54
0.0745856
24
0.0331492
54
0.0745856
9
0.0124309
-8
-0.0110497
-38
-0.0524862
-41
-0.0566298
-15
-0.0207182
-31
-0.0428177
-16
-0.0220994
28
0.038674
-4
-0.00552486
21
0.0290055
14
0.019337
-26
-0.0359116
12
0.0165746
21
0.0290055
-16
-0.0220994
-31
-0.0428177
-10
-0.0138122
13
0.0179558
5
0.00690608
12
0.0165746
-23
-0.031768
-3
-0.00414365
-31
-0.0428177
-2
-0.00276243
-35
-0.0483425
-11
-0.0151934
-30
-0.0414365
-27
-0.0372928
-11
-0.0151934
14
0.019337
18
0.0248619
7
0.00966851
29
0.0400552
7
0.00966851
35
0.0483425
9
0.0124309
-16
-0.0220994
10
0.0138122
7
0.00966851
-19
-0.0262431
15
0.0207182
11
0.0151934
21
0.0290055
-10
-0.0138122
1
0.00138122
15
0.0207182
-32
-0.0441989
-29
-0.0400552
5
0.00690608
-58
-0.0801105
54
0.0745856
-28
-0.038674
-43
-0.0593923
-1
-0.00138122
9
0.0124309
-28
-0.038674
15
0.0207182
5
0.00690608
10
0.0138122
-35
-0.0483425
21
0.0290055
-9
-0.0124309
8
0.0110497
-18
-0.0248619
15
0.0207182
-22
-0.0303867
5
0.00690608
-17
-0.0234807
-36
-0.0497238
-6
-0.00828729
-29
-0.0400552
39
0.0538674
-56
-0.0773481
-2
-0.00276243
24
0.0331492
-7
-0.00966851
-8
-0.0110497
-47
-0.0649171
-9
-0.0124309
21
0.0290055
-8
-0.0110497
6
0.00828729
26
0.0359116
15
0.0207182
31
0.0428177
-57
-0.0787293
28
0.038674
-4
-0.00552486
-16
-0.0220994
-1
-0.00138122
-10
-0.0138122
-20
-0.0276243
11
0.0151934
-38
-0.0524862
5
0.00690608
13
0.0179558
25
0.0345304
17
0.0234807
43
0.0593923
16
0.0220994
-5
-0.00690608
-12
-0.0165746
-24
-0.0331492
12
0.0165746
19
0.0262431
13
0.0179558
-27
-0.0372928
-18
-0.0248619
0
0
-1
-0.00138122
-38
-0.0524862
-15
-0.0207182
9
0.0124309
