186
0.00802762
100
0.00431593
49
0.0021148
109
0.00470436
79
0.00340958
-138
-0.00595598
471
0.020328
191
0.00824342
-207
-0.00893397
-164
-0.00707812
-80
-0.00345274
-130
-0.0056107
-216
-0.0093224
-95
-0.00410013
37
0.00159689
-108
-0.0046612
-227
-0.00979715
-131
-0.00565386
-532
-0.0229607
-185
-0.00798446
-236
-0.0101856
34
0.00146741
47
0.00202849
-139
-0.00599914
375
0.0161847
187
0.00807078
-210
-0.00906344
-39
-0.00168321
417
0.0179974
125
0.00539491
149
0.00643073
125
0.00539491
-182
-0.00785498
-281
-0.0121278
-622
-0.0268451
-439
-0.0189469
101
0.00435909
-113
-0.004877
0
0
-128
-0.00552438
202
0.00871817
-72
-0.00310747
-53
-0.00228744
65
0.00280535
398
0.0171774
434
0.0187311
548
0.0236513
-42
-0.00181269
-267
-0.0115235
118
0.00509279
-623
-0.0268882
184
0.0079413
268
0.0115667
336
0.0145015
-279
-0.0120414
103
0.0044454
32
0.0013811
61
0.00263271
784
0.0338369
434
0.0187311
587
0.0253345
311
0.0134225
-285
-0.0123004
-44
-0.00189901
-506
-0.0218386
57
0.00246008
611
0.0263703
255
0.0110056
-185
-0.00798446
-82
-0.00353906
-387
-0.0167026
-71
-0.00306431
192
0.00828658
130
0.0056107
350
0.0151057
54
0.0023306
42
0.00181269
101
0.00435909
-103
-0.0044454
144
0.00621493
-369
-0.0159258
-270
-0.011653
-549
-0.0236944
-133
-0.00574018
-370
-0.0159689
61
0.00263271
17
0.000733707
-179
-0.00772551
358
0.015451
276
0.011912
-152
-0.00656021
-243
-0.0104877
-324
-0.0139836
2
8.63185e-05
-13
-0.00056107
-63
-0.00271903
285
0.0123004
139
0.00599914
437
0.0188606
-479
-0.0206733
-430
-0.0185585
233
0.0100561
-335
-0.0144584
-237
-0.0102287
136
0.00586966
-146
-0.00630125
-215
-0.00927924
181
0.00781183
-268
-0.0115667
-91
-0.00392749
-271
-0.0116962
-148
-0.00638757
95
0.00410013
-134
-0.00578334
-181
-0.00781183
-48
-0.00207164
-206
-0.00889081
-306
-0.0132067
154
0.00664653
-112
-0.00483384
-148
-0.00638757
17
0.000733707
-154
-0.00664653
-6
-0.000258956
-267
-0.0115235
-17
-0.000733707
-33
-0.00142426
-282
-0.0121709
-630
-0.0271903
353
0.0152352
-967
-0.041735
-110
-0.00474752
15
0.000647389
-217
-0.00936556
-12
-0.000517911
-177
-0.00763919
-302
-0.0130341
-151
-0.00651705
37
0.00159689
126
0.00543807
215
0.00927924
70
0.00302115
491
0.0211912
-251
-0.010833
-124
-0.00535175
-34
-0.00146741
107
0.00461804
142
0.00612861
129
0.00556754
17
0.000733707
-355
-0.0153215
20
0.000863185
-235
-0.0101424
162
0.0069918
311
0.0134225
-157
-0.006776
467
0.0201554
-136
-0.00586966
-262
-0.0113077
62
0.00267587
457
0.0197238
224
0.00966767
-11
-0.000474752
-256
-0.0110488
244
0.0105309
91
0.00392749
-234
-0.0100993
34
0.00146741
306
0.0132067
-55
-0.00237376
209
0.00902028
-84
-0.00362538
689
0.0297367
-173
-0.00746655
-357
-0.0154079
-57
-0.00246008
-153
-0.00660337
67
0.00289167
-321
-0.0138541
-151
-0.00651705
-247
-0.0106603
78
0.00336642
402
0.01735
5
0.000215796
-73
-0.00315063
34
0.00146741
345
0.0148899
175
0.00755287
-609
-0.026284
-120
-0.00517911
223
0.00962451
-91
-0.00392749
225
0.00971083
-226
-0.00975399
-74
-0.00319379
-44
-0.00189901
-173
-0.00746655
153
0.00660337
-88
-0.00379801
-143
-0.00617177
722
0.031161
-30
-0.00129478
7
0.000302115
47
0.00202849
116
0.00500647
263
0.0113509
-178
-0.00768235
-130
-0.0056107
-40
-0.00172637
27
0.0011653
2
8.63185e-05
39
0.00168321
-12
-0.000517911
33
0.00142426
818
0.0353043
360
0.0155373
155
0.00668968
85
0.00366854
-316
-0.0136383
-217
-0.00936556
148
0.00638757
127
0.00548123
-608
-0.0262408
-132
-0.00569702
61
0.00263271
-16
-0.000690548
498
0.0214933
-18
-0.000776867
176
0.00759603
8
0.000345274
258
0.0111351
322
0.0138973
-179
-0.00772551
-46
-0.00198533
-8
-0.000345274
-53
-0.00228744
-250
-0.0107898
108
0.0046612
-29
-0.00125162
-160
-0.00690548
103
0.0044454
1
4.31593e-05
117
0.00504963
12
0.000517911
318
0.0137246
-133
-0.00574018
221
0.0095382
34
0.00146741
223
0.00962451
-198
-0.00854553
-249
-0.0107467
-151
-0.00651705
141
0.00608546
295
0.012732
-307
-0.0132499
-114
-0.00492016
-115
-0.00496331
47
0.00202849
-546
-0.023565
70
0.00302115
-303
-0.0130773
189
0.0081571
-93
-0.00401381
28
0.00120846
-299
-0.0129046
446
0.019249
129
0.00556754
-65
-0.00280535
-24
-0.00103582
60
0.00258956
-160
-0.00690548
-273
-0.0117825
-216
-0.0093224
-57
-0.00246008
32
0.0013811
-123
-0.00530859
-42
-0.00181269
61
0.00263271
-591
-0.0255071
0
0
447
0.0192922
-237
-0.0102287
-285
-0.0123004
-93
-0.00401381
357
0.0154079
225
0.00971083
-360
-0.0155373
-6
-0.000258956
-604
-0.0260682
-143
-0.00617177
-420
-0.0181269
-148
-0.00638757
-802
-0.0346137
108
0.0046612
-365
-0.0157531
197
0.00850237
194
0.0083729
-444
-0.0191627
655
0.0282693
197
0.00850237
-53
-0.00228744
-166
-0.00716444
376
0.0162279
-75
-0.00323694
-57
-0.00246008
-76
-0.0032801
344
0.0148468
-16
-0.000690548
-174
-0.00750971
92
0.00397065
-657
-0.0283556
203
0.00876133
-29
-0.00125162
-93
-0.00401381
-229
-0.00988347
-71
-0.00306431
293
0.0126457
-33
-0.00142426
254
0.0109625
280
0.0120846
95
0.00410013
11
0.000474752
-362
-0.0156237
95
0.00410013
-390
-0.0168321
130
0.0056107
-14
-0.00060423
54
0.0023306
-147
-0.00634441
335
0.0144584
-73
-0.00315063
-227
-0.00979715
291
0.0125593
-195
-0.00841606
-221
-0.0095382
30
0.00129478
698
0.0301252
-205
-0.00884765
-241
-0.0104014
256
0.0110488
45
0.00194217
-251
-0.010833
304
0.0131204
61
0.00263271
211
0.0091066
-164
-0.00707812
-56
-0.00241692
-21
-0.000906344
307
0.0132499
-8
-0.000345274
228
0.00984031
-24
-0.00103582
-97
-0.00418645
76
0.0032801
57
0.00246008
221
0.0095382
64
0.00276219
17
0.000733707
-290
-0.0125162
-143
-0.00617177
193
0.00832974
119
0.00513595
213
0.00919292
-45
-0.00194217
185
0.00798446
-311
-0.0134225
-247
-0.0106603
-187
-0.00807078
-104
-0.00448856
-56
-0.00241692
66
0.00284851
42
0.00181269
92
0.00397065
212
0.00914976
651
0.0280967
-164
-0.00707812
268
0.0115667
113
0.004877
-27
-0.0011653
-141
-0.00608546
-28
-0.00120846
163
0.00703496
328
0.0141562
164
0.00707812
-161
-0.00694864
110
0.00474752
-51
-0.00220112
-321
-0.0138541
-233
-0.0100561
-9
-0.000388433
322
0.0138973
72
0.00310747
-146
-0.00630125
-154
-0.00664653
-6
-0.000258956
317
0.0136815
-425
-0.0183427
27
0.0011653
271
0.0116962
3
0.000129478
-41
-0.00176953
-145
-0.00625809
-38
-0.00164005
73
0.00315063
342
0.0147605
129
0.00556754
-279
-0.0120414
243
0.0104877
407
0.0175658
-166
-0.00716444
-175
-0.00755287
-57
-0.00246008
27
0.0011653
-93
-0.00401381
62
0.00267587
61
0.00263271
-449
-0.0193785
-104
-0.00448856
267
0.0115235
-100
-0.00431593
-216
-0.0093224
-131
-0.00565386
-35
-0.00151057
183
0.00789814
-291
-0.0125593
121
0.00522227
-30
-0.00129478
-163
-0.00703496
866
0.0373759
217
0.00936556
-44
-0.00189901
-185
-0.00798446
-545
-0.0235218
-64
-0.00276219
-125
-0.00539491
22
0.000949504
-373
-0.0160984
230
0.00992663
43
0.00185585
-66
-0.00284851
236
0.0101856
49
0.0021148
-6
-0.000258956
232
0.0100129
-29
-0.00125162
-140
-0.0060423
74
0.00319379
21
0.000906344
109
0.00470436
31
0.00133794
-691
-0.029823
169
0.00729391
-545
-0.0235218
93
0.00401381
45
0.00194217
25
0.00107898
-111
-0.00479068
70
0.00302115
-311
-0.0134225
211
0.0091066
240
0.0103582
1
4.31593e-05
79
0.00340958
117
0.00504963
-195
-0.00841606
87
0.00375486
362
0.0156237
-103
-0.0044454
-192
-0.00828658
56
0.00241692
-17
-0.000733707
-44
-0.00189901
156
0.00673284
-261
-0.0112646
-90
-0.00388433
-139
-0.00599914
-423
-0.0182564
-44
-0.00189901
135
0.0058265
-130
-0.0056107
206
0.00889081
-152
-0.00656021
-316
-0.0136383
194
0.0083729
57
0.00246008
87
0.00375486
-186
-0.00802762
-146
-0.00630125
179
0.00772551
218
0.00940872
-367
-0.0158394
-320
-0.013811
24
0.00103582
-24
-0.00103582
-70
-0.00302115
-275
-0.0118688
-315
-0.0135952
93
0.00401381
-172
-0.00742339
-71
-0.00306431
492
0.0212344
-54
-0.0023306
-341
-0.0147173
-20
-0.000863185
-116
-0.00500647
-244
-0.0105309
142
0.00612861
-134
-0.00578334
154
0.00664653
208
0.00897713
-142
-0.00612861
-2
-8.63185e-05
682
0.0294346
-78
-0.00336642
5
0.000215796
-124
-0.00535175
-452
-0.019508
23
0.000992663
473
0.0204143
55
0.00237376
2
8.63185e-05
197
0.00850237
-122
-0.00526543
-46
-0.00198533
-139
-0.00599914
130
0.0056107
-196
-0.00845921
-145
-0.00625809
29
0.00125162
-58
-0.00250324
152
0.00656021
-360
-0.0155373
-130
-0.0056107
-37
-0.00159689
-487
-0.0210186
127
0.00548123
395
0.0170479
-75
-0.00323694
315
0.0135952
-190
-0.00820026
13
0.00056107
-341
-0.0147173
16
0.000690548
51
0.00220112
652
0.0281398
401
0.0173069
-188
-0.00811394
125
0.00539491
549
0.0236944
-184
-0.0079413
-59
-0.0025464
251
0.010833
218
0.00940872
42
0.00181269
183
0.00789814
199
0.00858869
917
0.039577
-122
-0.00526543
-75
-0.00323694
-281
-0.0121278
-609
-0.026284
-79
-0.00340958
-686
-0.0296073
-225
-0.00971083
-344
-0.0148468
32
0.0013811
-305
-0.0131636
-44
-0.00189901
357
0.0154079
-6
-0.000258956
-233
-0.0100561
95
0.00410013
275
0.0118688
33
0.00142426
441
0.0190332
59
0.0025464
-11
-0.000474752
-68
-0.00293483
-253
-0.0109193
180
0.00776867
28
0.00120846
-242
-0.0104445
71
0.00306431
40
0.00172637
-524
-0.0226155
14
0.00060423
-279
-0.0120414
17
0.000733707
173
0.00746655
-43
-0.00185585
-331
-0.0142857
472
0.0203712
192
0.00828658
-396
-0.0170911
166
0.00716444
-87
-0.00375486
112
0.00483384
251
0.010833
28
0.00120846
62
0.00267587
464
0.0200259
13
0.00056107
60
0.00258956
175
0.00755287
-205
-0.00884765
-61
-0.00263271
-148
-0.00638757
-68
-0.00293483
186
0.00802762
-61
-0.00263271
275
0.0118688
-119
-0.00513595
144
0.00621493
-150
-0.00647389
363
0.0156668
-183
-0.00789814
-192
-0.00828658
-62
-0.00267587
-506
-0.0218386
213
0.00919292
83
0.00358222
-113
-0.004877
-356
-0.0153647
-69
-0.00297799
627
0.0270609
-136
-0.00586966
156
0.00673284
-128
-0.00552438
128
0.00552438
-111
-0.00479068
597
0.0257661
-102
-0.00440224
-103
-0.0044454
9
0.000388433
97
0.00418645
188
0.00811394
-21
-0.000906344
-93
-0.00401381
-73
-0.00315063
-69
-0.00297799
564
0.0243418
176
0.00759603
-410
-0.0176953
169
0.00729391
-63
-0.00271903
61
0.00263271
-115
-0.00496331
33
0.00142426
-90
-0.00388433
-71
-0.00306431
0
0
149
0.00643073
392
0.0169184
154
0.00664653
-74
-0.00319379
-224
-0.00966767
-18
-0.000776867
114
0.00492016
288
0.0124299
-268
-0.0115667
239
0.0103151
433
0.018688
49
0.0021148
193
0.00832974
23
0.000992663
140
0.0060423
-270
-0.011653
-15
-0.000647389
-77
-0.00332326
-89
-0.00384117
-2
-8.63185e-05
235
0.0101424
-260
-0.0112214
-201
-0.00867501
-390
-0.0168321
10
0.000431593
243
0.0104877
-118
-0.00509279
40
0.00172637
174
0.00750971
-715
-0.0308589
-90
-0.00388433
39
0.00168321
90
0.00388433
267
0.0115235
28
0.00120846
-412
-0.0177816
253
0.0109193
781
0.0337074
-95
-0.00410013
425
0.0183427
246
0.0106172
189
0.0081571
-134
-0.00578334
126
0.00543807
-75
-0.00323694
-95
-0.00410013
-93
-0.00401381
568
0.0245145
195
0.00841606
221
0.0095382
189
0.0081571
-86
-0.0037117
54
0.0023306
-216
-0.0093224
-137
-0.00591282
-156
-0.00673284
87
0.00375486
-348
-0.0150194
142
0.00612861
564
0.0243418
266
0.0114804
-190
-0.00820026
2
8.63185e-05
187
0.00807078
205
0.00884765
11
0.000474752
-31
-0.00133794
-19
-0.000820026
130
0.0056107
258
0.0111351
-27
-0.0011653
-334
-0.0144152
-176
-0.00759603
232
0.0100129
102
0.00440224
122
0.00526543
-211
-0.0091066
-432
-0.0186448
180
0.00776867
538
0.0232197
-108
-0.0046612
215
0.00927924
-24
-0.00103582
-92
-0.00397065
39
0.00168321
-150
-0.00647389
-182
-0.00785498
705
0.0304273
102
0.00440224
-365
-0.0157531
-193
-0.00832974
254
0.0109625
61
0.00263271
-272
-0.0117393
1
4.31593e-05
452
0.019508
193
0.00832974
3
0.000129478
-69
-0.00297799
-68
-0.00293483
-86
-0.0037117
280
0.0120846
-135
-0.0058265
28
0.00120846
-455
-0.0196375
-376
-0.0162279
254
0.0109625
256
0.0110488
-174
-0.00750971
-165
-0.00712128
135
0.0058265
-409
-0.0176521
-117
-0.00504963
311
0.0134225
105
0.00453172
-204
-0.00880449
-74
-0.00319379
350
0.0151057
-46
-0.00198533
441
0.0190332
162
0.0069918
86
0.0037117
118
0.00509279
42
0.00181269
-30
-0.00129478
-122
-0.00526543
104
0.00448856
-226
-0.00975399
-2
-8.63185e-05
642
0.0277082
46
0.00198533
-627
-0.0270609
64
0.00276219
625
0.0269745
-48
-0.00207164
294
0.0126888
155
0.00668968
-24
-0.00103582
-48
-0.00207164
-15
-0.000647389
265
0.0114372
229
0.00988347
-19
-0.000820026
301
0.0129909
185
0.00798446
-42
-0.00181269
-363
-0.0156668
-468
-0.0201985
300
0.0129478
-203
-0.00876133
-106
-0.00457488
-315
-0.0135952
-244
-0.0105309
270
0.011653
-64
-0.00276219
-410
-0.0176953
-218
-0.00940872
-185
-0.00798446
-168
-0.00725076
586
0.0252913
-81
-0.0034959
-182
-0.00785498
12
0.000517911
170
0.00733707
-67
-0.00289167
-255
-0.0110056
99
0.00427277
-246
-0.0106172
-101
-0.00435909
472
0.0203712
-184
-0.0079413
-186
-0.00802762
-149
-0.00643073
570
0.0246008
264
0.011394
-197
-0.00850237
14
0.00060423
-390
-0.0168321
-100
-0.00431593
-52
-0.00224428
141
0.00608546
-216
-0.0093224
-75
-0.00323694
-83
-0.00358222
212
0.00914976
77
0.00332326
175
0.00755287
-204
-0.00880449
217
0.00936556
-242
-0.0104445
-270
-0.011653
-169
-0.00729391
322
0.0138973
289
0.012473
41
0.00176953
-13
-0.00056107
-102
-0.00440224
424
0.0182995
-19
-0.000820026
119
0.00513595
127
0.00548123
1010
0.0435909
165
0.00712128
236
0.0101856
73
0.00315063
-135
-0.0058265
113
0.004877
-9
-0.000388433
-29
-0.00125162
128
0.00552438
83
0.00358222
399
0.0172205
-371
-0.0160121
-304
-0.0131204
-522
-0.0225291
786
0.0339232
333
0.014372
-286
-0.0123435
-51
-0.00220112
151
0.00651705
-260
-0.0112214
-281
-0.0121278
432
0.0186448
1
4.31593e-05
-268
-0.0115667
-527
-0.0227449
171
0.00738023
-270
-0.011653
91
0.00392749
-64
-0.00276219
153
0.00660337
-727
-0.0313768
-91
-0.00392749
221
0.0095382
256
0.0110488
298
0.0128615
37
0.00159689
-464
-0.0200259
-106
-0.00457488
609
0.026284
78
0.00336642
70
0.00302115
332
0.0143289
-552
-0.0238239
100
0.00431593
82
0.00353906
102
0.00440224
-166
-0.00716444
-21
-0.000906344
-100
-0.00431593
208
0.00897713
247
0.0106603
103
0.0044454
-2
-8.63185e-05
-83
-0.00358222
12
0.000517911
138
0.00595598
-265
-0.0114372
-9
-0.000388433
61
0.00263271
77
0.00332326
-107
-0.00461804
182
0.00785498
362
0.0156237
342
0.0147605
125
0.00539491
202
0.00871817
-90
-0.00388433
-76
-0.0032801
-32
-0.0013811
-41
-0.00176953
-233
-0.0100561
-96
-0.00414329
-118
-0.00509279
236
0.0101856
295
0.012732
67
0.00289167
-263
-0.0113509
-353
-0.0152352
-149
-0.00643073
-366
-0.0157963
-189
-0.0081571
92
0.00397065
-155
-0.00668968
-217
-0.00936556
-223
-0.00962451
21
0.000906344
80
0.00345274
180
0.00776867
-4
-0.000172637
-249
-0.0107467
-80
-0.00345274
-1
-4.31593e-05
-175
-0.00755287
220
0.00949504
-149
-0.00643073
-55
-0.00237376
99
0.00427277
-162
-0.0069918
102
0.00440224
-111
-0.00479068
-241
-0.0104014
-239
-0.0103151
-25
-0.00107898
214
0.00923608
835
0.036038
72
0.00310747
-696
-0.0300388
-222
-0.00958136
370
0.0159689
-95
-0.00410013
-252
-0.0108761
246
0.0106172
-380
-0.0164005
45
0.00194217
319
0.0137678
97
0.00418645
-215
-0.00927924
-78
-0.00336642
31
0.00133794
66
0.00284851
133
0.00574018
72
0.00310747
-333
-0.014372
-39
-0.00168321
-101
-0.00435909
417
0.0179974
-485
-0.0209322
-133
-0.00574018
284
0.0122572
-52
-0.00224428
-253
-0.0109193
-225
-0.00971083
-449
-0.0193785
152
0.00656021
-401
-0.0173069
17
0.000733707
-39
-0.00168321
3
0.000129478
206
0.00889081
105
0.00453172
54
0.0023306
183
0.00789814
-197
-0.00850237
57
0.00246008
-154
-0.00664653
61
0.00263271
-14
-0.00060423
86
0.0037117
337
0.0145447
145
0.00625809
-185
-0.00798446
30
0.00129478
396
0.0170911
91
0.00392749
-549
-0.0236944
-157
-0.006776
424
0.0182995
-121
-0.00522227
133
0.00574018
296
0.0127751
566
0.0244281
110
0.00474752
665
0.0287009
5
0.000215796
225
0.00971083
169
0.00729391
-228
-0.00984031
-54
-0.0023306
-431
-0.0186016
73
0.00315063
-191
-0.00824342
-229
-0.00988347
472
0.0203712
-249
-0.0107467
706
0.0304704
143
0.00617177
115
0.00496331
19
0.000820026
-530
-0.0228744
246
0.0106172
14
0.00060423
36
0.00155373
256
0.0110488
173
0.00746655
1091
0.0470868
-163
-0.00703496
-60
-0.00258956
-18
-0.000776867
-333
-0.014372
386
0.0166595
379
0.0163574
142
0.00612861
206
0.00889081
-246
-0.0106172
223
0.00962451
88
0.00379801
252
0.0108761
98
0.00422961
-326
-0.0140699
176
0.00759603
-223
-0.00962451
-205
-0.00884765
54
0.0023306
-113
-0.004877
-133
-0.00574018
145
0.00625809
352
0.0151921
-138
-0.00595598
171
0.00738023
127
0.00548123
4
0.000172637
143
0.00617177
-339
-0.014631
-61
-0.00263271
-106
-0.00457488
135
0.0058265
-64
-0.00276219
-153
-0.00660337
509
0.0219681
-196
-0.00845921
-429
-0.0185153
-23
-0.000992663
190
0.00820026
120
0.00517911
276
0.011912
28
0.00120846
79
0.00340958
-49
-0.0021148
-413
-0.0178248
-27
-0.0011653
-311
-0.0134225
217
0.00936556
79
0.00340958
73
0.00315063
88
0.00379801
120
0.00517911
480
0.0207164
143
0.00617177
284
0.0122572
-164
-0.00707812
-319
-0.0137678
119
0.00513595
-196
-0.00845921
126
0.00543807
-227
-0.00979715
-170
-0.00733707
-363
-0.0156668
-103
-0.0044454
102
0.00440224
-401
-0.0173069
375
0.0161847
274
0.0118256
161
0.00694864
29
0.00125162
-51
-0.00220112
77
0.00332326
-107
-0.00461804
6
0.000258956
-217
-0.00936556
139
0.00599914
395
0.0170479
42
0.00181269
-2
-8.63185e-05
-99
-0.00427277
144
0.00621493
167
0.0072076
425
0.0183427
-158
-0.00681916
-321
-0.0138541
158
0.00681916
146
0.00630125
-19
-0.000820026
-126
-0.00543807
76
0.0032801
76
0.0032801
109
0.00470436
-86
-0.0037117
69
0.00297799
265
0.0114372
-249
-0.0107467
3
0.000129478
137
0.00591282
-593
-0.0255934
-40
-0.00172637
82
0.00353906
109
0.00470436
605
0.0261114
-169
-0.00729391
262
0.0113077
263
0.0113509
53
0.00228744
-75
-0.00323694
30
0.00129478
108
0.0046612
-464
-0.0200259
10
0.000431593
294
0.0126888
4
0.000172637
-119
-0.00513595
109
0.00470436
-77
-0.00332326
-205
-0.00884765
473
0.0204143
4
0.000172637
-104
-0.00448856
-191
-0.00824342
-342
-0.0147605
202
0.00871817
25
0.00107898
-46
-0.00198533
452
0.019508
568
0.0245145
381
0.0164437
79
0.00340958
-69
-0.00297799
161
0.00694864
540
0.023306
-79
-0.00340958
21
0.000906344
186
0.00802762
-46
-0.00198533
-137
-0.00591282
-51
-0.00220112
-34
-0.00146741
-23
-0.000992663
-23
-0.000992663
367
0.0158394
-88
-0.00379801
-143
-0.00617177
-72
-0.00310747
207
0.00893397
13
0.00056107
445
0.0192059
5
0.000215796
222
0.00958136
79
0.00340958
286
0.0123435
225
0.00971083
-141
-0.00608546
384
0.0165732
100
0.00431593
-192
-0.00828658
303
0.0130773
-60
-0.00258956
197
0.00850237
18
0.000776867
36
0.00155373
135
0.0058265
113
0.004877
26
0.00112214
79
0.00340958
-152
-0.00656021
132
0.00569702
-66
-0.00284851
-95
-0.00410013
84
0.00362538
-22
-0.000949504
105
0.00453172
340
0.0146741
-244
-0.0105309
-327
-0.0141131
82
0.00353906
42
0.00181269
-99
-0.00427277
-690
-0.0297799
136
0.00586966
153
0.00660337
39
0.00168321
119
0.00513595
-94
-0.00405697
199
0.00858869
274
0.0118256
28
0.00120846
-141
-0.00608546
-400
-0.0172637
-135
-0.0058265
203
0.00876133
48
0.00207164
525
0.0226586
-227
-0.00979715
197
0.00850237
280
0.0120846
-413
-0.0178248
102
0.00440224
228
0.00984031
-181
-0.00781183
267
0.0115235
180
0.00776867
80
0.00345274
-284
-0.0122572
374
0.0161416
-119
-0.00513595
122
0.00526543
145
0.00625809
-136
-0.00586966
-97
-0.00418645
-64
-0.00276219
105
0.00453172
-472
-0.0203712
-3
-0.000129478
-513
-0.0221407
107
0.00461804
-395
-0.0170479
-223
-0.00962451
4
0.000172637
140
0.0060423
-215
-0.00927924
-142
-0.00612861
-115
-0.00496331
78
0.00336642
283
0.0122141
-299
-0.0129046
312
0.0134657
-32
-0.0013811
178
0.00768235
-12
-0.000517911
-229
-0.00988347
211
0.0091066
637
0.0274924
-24
-0.00103582
216
0.0093224
-187
-0.00807078
43
0.00185585
260
0.0112214
302
0.0130341
233
0.0100561
303
0.0130773
79
0.00340958
71
0.00306431
-132
-0.00569702
187
0.00807078
18
0.000776867
196
0.00845921
-68
-0.00293483
136
0.00586966
-176
-0.00759603
237
0.0102287
349
0.0150626
-645
-0.0278377
66
0.00284851
33
0.00142426
-75
-0.00323694
-157
-0.006776
-238
-0.0102719
-329
-0.0141994
-98
-0.00422961
-191
-0.00824342
146
0.00630125
-226
-0.00975399
70
0.00302115
487
0.0210186
33
0.00142426
-310
-0.0133794
-145
-0.00625809
352
0.0151921
-98
-0.00422961
367
0.0158394
116
0.00500647
-391
-0.0168753
94
0.00405697
-108
-0.0046612
103
0.0044454
192
0.00828658
32
0.0013811
339
0.014631
-44
-0.00189901
431
0.0186016
-37
-0.00159689
108
0.0046612
-157
-0.006776
212
0.00914976
333
0.014372
-258
-0.0111351
34
0.00146741
-208
-0.00897713
117
0.00504963
19
0.000820026
-143
-0.00617177
309
0.0133362
-15
-0.000647389
525
0.0226586
152
0.00656021
303
0.0130773
-78
-0.00336642
-133
-0.00574018
135
0.0058265
-76
-0.0032801
111
0.00479068
593
0.0255934
31
0.00133794
314
0.013552
-146
-0.00630125
452
0.019508
-211
-0.0091066
-640
-0.0276219
100
0.00431593
619
0.0267156
-175
-0.00755287
88
0.00379801
-78
-0.00336642
-39
-0.00168321
170
0.00733707
-49
-0.0021148
-88
-0.00379801
-306
-0.0132067
38
0.00164005
-112
-0.00483384
-50
-0.00215796
244
0.0105309
76
0.0032801
-310
-0.0133794
-72
-0.00310747
-166
-0.00716444
-88
-0.00379801
276
0.011912
-186
-0.00802762
-213
-0.00919292
60
0.00258956
-95
-0.00410013
208
0.00897713
-332
-0.0143289
-89
-0.00384117
777
0.0335347
210
0.00906344
102
0.00440224
-228
-0.00984031
207
0.00893397
264
0.011394
296
0.0127751
105
0.00453172
-184
-0.0079413
182
0.00785498
-60
-0.00258956
-300
-0.0129478
306
0.0132067
-492
-0.0212344
190
0.00820026
97
0.00418645
342
0.0147605
-153
-0.00660337
-98
-0.00422961
64
0.00276219
-247
-0.0106603
0
0
-301
-0.0129909
99
0.00427277
67
0.00289167
-142
-0.00612861
144
0.00621493
-380
-0.0164005
431
0.0186016
12
0.000517911
-82
-0.00353906
-133
-0.00574018
-338
-0.0145878
-116
-0.00500647
26
0.00112214
136
0.00586966
120
0.00517911
155
0.00668968
-295
-0.012732
45
0.00194217
765
0.0330168
138
0.00595598
-399
-0.0172205
-35
-0.00151057
43
0.00185585
213
0.00919292
530
0.0228744
-185
-0.00798446
694
0.0299525
-79
-0.00340958
379
0.0163574
115
0.00496331
-91
-0.00392749
137
0.00591282
490
0.021148
-17
-0.000733707
-598
-0.0258092
191
0.00824342
368
0.0158826
145
0.00625809
-3
-0.000129478
-73
-0.00315063
341
0.0147173
42
0.00181269
-312
-0.0134657
133
0.00574018
578
0.0249461
-231
-0.00996979
-553
-0.0238671
398
0.0171774
151
0.00651705
-275
-0.0118688
61
0.00263271
13
0.00056107
74
0.00319379
-190
-0.00820026
189
0.0081571
-71
-0.00306431
241
0.0104014
-193
-0.00832974
0
0
-15
-0.000647389
-156
-0.00673284
75
0.00323694
-66
-0.00284851
283
0.0122141
666
0.0287441
-24
-0.00103582
620
0.0267587
-470
-0.0202849
231
0.00996979
75
0.00323694
230
0.00992663
-96
-0.00414329
12
0.000517911
111
0.00479068
-657
-0.0283556
208
0.00897713
-7
-0.000302115
-358
-0.015451
-306
-0.0132067
-98
-0.00422961
-213
-0.00919292
142
0.00612861
155
0.00668968
-222
-0.00958136
-671
-0.0289599
390
0.0168321
-356
-0.0153647
84
0.00362538
-6
-0.000258956
-218
-0.00940872
-389
-0.016789
64
0.00276219
428
0.0184722
-60
-0.00258956
225
0.00971083
156
0.00673284
270
0.011653
141
0.00608546
260
0.0112214
24
0.00103582
-584
-0.025205
375
0.0161847
-507
-0.0218817
58
0.00250324
27
0.0011653
-9
-0.000388433
336
0.0145015
-45
-0.00194217
166
0.00716444
104
0.00448856
261
0.0112646
-10
-0.000431593
-164
-0.00707812
-48
-0.00207164
-428
-0.0184722
152
0.00656021
85
0.00366854
-228
-0.00984031
160
0.00690548
-321
-0.0138541
-190
-0.00820026
32
0.0013811
-161
-0.00694864
122
0.00526543
427
0.018429
-98
-0.00422961
-135
-0.0058265
-162
-0.0069918
136
0.00586966
-88
-0.00379801
-79
-0.00340958
295
0.012732
341
0.0147173
120
0.00517911
124
0.00535175
-208
-0.00897713
229
0.00988347
84
0.00362538
-77
-0.00332326
-60
-0.00258956
179
0.00772551
80
0.00345274
-166
-0.00716444
249
0.0107467
14
0.00060423
126
0.00543807
1057
0.0456193
-69
-0.00297799
265
0.0114372
-150
-0.00647389
150
0.00647389
98
0.00422961
262
0.0113077
-145
-0.00625809
169
0.00729391
-51
-0.00220112
-1030
-0.044454
-11
-0.000474752
171
0.00738023
60
0.00258956
-273
-0.0117825
-2
-8.63185e-05
-561
-0.0242123
-32
-0.0013811
-323
-0.0139404
-219
-0.00945188
318
0.0137246
1
4.31593e-05
257
0.0110919
126
0.00543807
-409
-0.0176521
-46
-0.00198533
-297
-0.0128183
174
0.00750971
196
0.00845921
132
0.00569702
167
0.0072076
15
0.000647389
241
0.0104014
354
0.0152784
8
0.000345274
-191
-0.00824342
25
0.00107898
217
0.00936556
-92
-0.00397065
-101
-0.00435909
290
0.0125162
29
0.00125162
-5
-0.000215796
-88
-0.00379801
-116
-0.00500647
-78
-0.00336642
-405
-0.0174795
-21
-0.000906344
-447
-0.0192922
-213
-0.00919292
-364
-0.01571
104
0.00448856
58
0.00250324
29
0.00125162
-11
-0.000474752
174
0.00750971
48
0.00207164
9
0.000388433
701
0.0302546
-145
-0.00625809
-91
-0.00392749
104
0.00448856
-96
-0.00414329
84
0.00362538
55
0.00237376
121
0.00522227
-566
-0.0244281
374
0.0161416
-383
-0.01653
-234
-0.0100993
204
0.00880449
-118
-0.00509279
-545
-0.0235218
-216
-0.0093224
493
0.0212775
31
0.00133794
539
0.0232628
-191
-0.00824342
-355
-0.0153215
-77
-0.00332326
130
0.0056107
-441
-0.0190332
-261
-0.0112646
-150
-0.00647389
61
0.00263271
-57
-0.00246008
26
0.00112214
15
0.000647389
-184
-0.0079413
-4
-0.000172637
334
0.0144152
154
0.00664653
223
0.00962451
229
0.00988347
63
0.00271903
192
0.00828658
260
0.0112214
-71
-0.00306431
228
0.00984031
-26
-0.00112214
-384
-0.0165732
77
0.00332326
80
0.00345274
-7
-0.000302115
-423
-0.0182564
59
0.0025464
186
0.00802762
-53
-0.00228744
264
0.011394
-291
-0.0125593
-183
-0.00789814
79
0.00340958
-81
-0.0034959
-49
-0.0021148
81
0.0034959
-9
-0.000388433
246
0.0106172
-203
-0.00876133
40
0.00172637
155
0.00668968
-15
-0.000647389
-47
-0.00202849
73
0.00315063
57
0.00246008
272
0.0117393
234
0.0100993
40
0.00172637
-113
-0.004877
-403
-0.0173932
70
0.00302115
1072
0.0462667
29
0.00125162
133
0.00574018
-219
-0.00945188
82
0.00353906
84
0.00362538
259
0.0111782
-202
-0.00871817
212
0.00914976
75
0.00323694
-509
-0.0219681
2
8.63185e-05
-9
-0.000388433
-176
-0.00759603
415
0.0179111
251
0.010833
-856
-0.0369443
219
0.00945188
406
0.0175227
161
0.00694864
582
0.0251187
-76
-0.0032801
-200
-0.00863185
-230
-0.00992663
-357
-0.0154079
317
0.0136815
-136
-0.00586966
19
0.000820026
499
0.0215365
-103
-0.0044454
217
0.00936556
-86
-0.0037117
53
0.00228744
-36
-0.00155373
182
0.00785498
-132
-0.00569702
524
0.0226155
89
0.00384117
-417
-0.0179974
-299
-0.0129046
15
0.000647389
-136
-0.00586966
435
0.0187743
139
0.00599914
-121
-0.00522227
196
0.00845921
-290
-0.0125162
-259
-0.0111782
-503
-0.0217091
179
0.00772551
519
0.0223997
-14
-0.00060423
-246
-0.0106172
-94
-0.00405697
246
0.0106172
64
0.00276219
148
0.00638757
-158
-0.00681916
-348
-0.0150194
182
0.00785498
89
0.00384117
-142
-0.00612861
-92
-0.00397065
290
0.0125162
206
0.00889081
43
0.00185585
220
0.00949504
136
0.00586966
343
0.0148036
-109
-0.00470436
-36
-0.00155373
-235
-0.0101424
-42
-0.00181269
40
0.00172637
-266
-0.0114804
-41
-0.00176953
931
0.0401813
69
0.00297799
-72
-0.00310747
71
0.00306431
598
0.0258092
184
0.0079413
-603
-0.026025
-274
-0.0118256
-269
-0.0116098
68
0.00293483
-182
-0.00785498
-232
-0.0100129
-237
-0.0102287
-317
-0.0136815
117
0.00504963
-122
-0.00526543
551
0.0237808
36
0.00155373
194
0.0083729
-219
-0.00945188
-801
-0.0345706
-200
-0.00863185
213
0.00919292
125
0.00539491
-568
-0.0245145
-252
-0.0108761
348
0.0150194
88
0.00379801
314
0.013552
217
0.00936556
-653
-0.028183
59
0.0025464
117
0.00504963
-282
-0.0121709
-266
-0.0114804
201
0.00867501
-160
-0.00690548
-157
-0.006776
324
0.0139836
-292
-0.0126025
335
0.0144584
23
0.000992663
-224
-0.00966767
52
0.00224428
88
0.00379801
82
0.00353906
114
0.00492016
-81
-0.0034959
124
0.00535175
-29
-0.00125162
160
0.00690548
-232
-0.0100129
352
0.0151921
15
0.000647389
-273
-0.0117825
33
0.00142426
-185
-0.00798446
-202
-0.00871817
395
0.0170479
30
0.00129478
55
0.00237376
130
0.0056107
-46
-0.00198533
63
0.00271903
-232
-0.0100129
-151
-0.00651705
-12
-0.000517911
-4
-0.000172637
-415
-0.0179111
17
0.000733707
-328
-0.0141562
-75
-0.00323694
96
0.00414329
91
0.00392749
312
0.0134657
-315
-0.0135952
373
0.0160984
-94
-0.00405697
74
0.00319379
-64
-0.00276219
-105
-0.00453172
53
0.00228744
-219
-0.00945188
127
0.00548123
85
0.00366854
-128
-0.00552438
-368
-0.0158826
139
0.00599914
-465
-0.0200691
-175
-0.00755287
82
0.00353906
269
0.0116098
-373
-0.0160984
-59
-0.0025464
-342
-0.0147605
-191
-0.00824342
294
0.0126888
-235
-0.0101424
-669
-0.0288735
173
0.00746655
421
0.01817
180
0.00776867
560
0.0241692
289
0.012473
27
0.0011653
176
0.00759603
-491
-0.0211912
101
0.00435909
-54
-0.0023306
-117
-0.00504963
179
0.00772551
-124
-0.00535175
-515
-0.022227
256
0.0110488
-422
-0.0182132
-65
-0.00280535
131
0.00565386
286
0.0123435
368
0.0158826
5
0.000215796
385
0.0166163
163
0.00703496
-286
-0.0123435
172
0.00742339
-178
-0.00768235
82
0.00353906
439
0.0189469
26
0.00112214
-513
-0.0221407
-171
-0.00738023
379
0.0163574
66
0.00284851
197
0.00850237
-358
-0.015451
466
0.0201122
278
0.0119983
-334
-0.0144152
39
0.00168321
204
0.00880449
-220
-0.00949504
-237
-0.0102287
-200
-0.00863185
254
0.0109625
-31
-0.00133794
-26
-0.00112214
64
0.00276219
-98
-0.00422961
-102
-0.00440224
375
0.0161847
31
0.00133794
349
0.0150626
-30
-0.00129478
-150
-0.00647389
-28
-0.00120846
-140
-0.0060423
215
0.00927924
-131
-0.00565386
-165
-0.00712128
-510
-0.0220112
244
0.0105309
-302
-0.0130341
-83
-0.00358222
239
0.0103151
336
0.0145015
186
0.00802762
-48
-0.00207164
-39
-0.00168321
188
0.00811394
-284
-0.0122572
-89
-0.00384117
108
0.0046612
146
0.00630125
101
0.00435909
-202
-0.00871817
33
0.00142426
45
0.00194217
98
0.00422961
-46
-0.00198533
460
0.0198533
-262
-0.0113077
374
0.0161416
46
0.00198533
228
0.00984031
-126
-0.00543807
300
0.0129478
103
0.0044454
-323
-0.0139404
-137
-0.00591282
140
0.0060423
21
0.000906344
-432
-0.0186448
-139
-0.00599914
-161
-0.00694864
103
0.0044454
161
0.00694864
107
0.00461804
-94
-0.00405697
-112
-0.00483384
-123
-0.00530859
-11
-0.000474752
223
0.00962451
26
0.00112214
-305
-0.0131636
-206
-0.00889081
-437
-0.0188606
-85
-0.00366854
-224
-0.00966767
-77
-0.00332326
-391
-0.0168753
-35
-0.00151057
-554
-0.0239102
-91
-0.00392749
-286
-0.0123435
80
0.00345274
99
0.00427277
175
0.00755287
76
0.0032801
-103
-0.0044454
112
0.00483384
-102
-0.00440224
170
0.00733707
-153
-0.00660337
-849
-0.0366422
-212
-0.00914976
244
0.0105309
-173
-0.00746655
127
0.00548123
81
0.0034959
-273
-0.0117825
213
0.00919292
-143
-0.00617177
-250
-0.0107898
-543
-0.0234355
240
0.0103582
270
0.011653
-12
-0.000517911
206
0.00889081
15
0.000647389
-406
-0.0175227
-7
-0.000302115
-181
-0.00781183
-244
-0.0105309
66
0.00284851
-109
-0.00470436
-563
-0.0242987
-189
-0.0081571
454
0.0195943
317
0.0136815
83
0.00358222
-76
-0.0032801
-672
-0.029003
-192
-0.00828658
216
0.0093224
138
0.00595598
-201
-0.00867501
65
0.00280535
-279
-0.0120414
-14
-0.00060423
133
0.00574018
16
0.000690548
340
0.0146741
-162
-0.0069918
132
0.00569702
-58
-0.00250324
-179
-0.00772551
41
0.00176953
496
0.021407
179
0.00772551
-201
-0.00867501
149
0.00643073
-50
-0.00215796
31
0.00133794
236
0.0101856
-154
-0.00664653
158
0.00681916
-39
-0.00168321
-553
-0.0238671
184
0.0079413
185
0.00798446
149
0.00643073
450
0.0194217
-37
-0.00159689
837
0.0361243
45
0.00194217
-162
-0.0069918
58
0.00250324
-97
-0.00418645
-4
-0.000172637
-151
-0.00651705
-225
-0.00971083
-52
-0.00224428
-288
-0.0124299
144
0.00621493
295
0.012732
190
0.00820026
-30
-0.00129478
-70
-0.00302115
-2
-8.63185e-05
900
0.0388433
-316
-0.0136383
-297
-0.0128183
133
0.00574018
322
0.0138973
46
0.00198533
509
0.0219681
-47
-0.00202849
-101
-0.00435909
4
0.000172637
-305
-0.0131636
186
0.00802762
40
0.00172637
46
0.00198533
-185
-0.00798446
111
0.00479068
71
0.00306431
77
0.00332326
94
0.00405697
139
0.00599914
-248
-0.0107035
-119
-0.00513595
-149
-0.00643073
11
0.000474752
-432
-0.0186448
-74
-0.00319379
320
0.013811
-211
-0.0091066
-232
-0.0100129
-82
-0.00353906
23
0.000992663
-1
-4.31593e-05
-671
-0.0289599
51
0.00220112
296
0.0127751
98
0.00422961
103
0.0044454
-1
-4.31593e-05
-315
-0.0135952
-101
-0.00435909
-449
-0.0193785
98
0.00422961
91
0.00392749
-37
-0.00159689
224
0.00966767
206
0.00889081
-39
-0.00168321
-70
-0.00302115
-73
-0.00315063
-98
-0.00422961
-238
-0.0102719
102
0.00440224
378
0.0163142
-4
-0.000172637
48
0.00207164
-198
-0.00854553
-471
-0.020328
-64
-0.00276219
302
0.0130341
-63
-0.00271903
-601
-0.0259387
304
0.0131204
88
0.00379801
-45
-0.00194217
84
0.00362538
286
0.0123435
-258
-0.0111351
28
0.00120846
-482
-0.0208028
-60
-0.00258956
-550
-0.0237376
-53
-0.00228744
364
0.01571
-232
-0.0100129
-199
-0.00858869
-146
-0.00630125
538
0.0232197
44
0.00189901
19
0.000820026
-48
-0.00207164
-393
-0.0169616
121
0.00522227
101
0.00435909
96
0.00414329
-214
-0.00923608
-20
-0.000863185
-137
-0.00591282
6
0.000258956
-201
-0.00867501
86
0.0037117
699
0.0301683
306
0.0132067
-362
-0.0156237
41
0.00176953
229
0.00988347
95
0.00410013
688
0.0296936
119
0.00513595
-39
-0.00168321
-166
-0.00716444
121
0.00522227
-29
-0.00125162
-260
-0.0112214
-20
-0.000863185
-249
-0.0107467
-5
-0.000215796
252
0.0108761
70
0.00302115
530
0.0228744
179
0.00772551
-210
-0.00906344
85
0.00366854
-366
-0.0157963
9
0.000388433
62
0.00267587
-37
-0.00159689
224
0.00966767
31
0.00133794
-184
-0.0079413
-107
-0.00461804
449
0.0193785
-340
-0.0146741
-508
-0.0219249
279
0.0120414
471
0.020328
-97
-0.00418645
-403
-0.0173932
-76
-0.0032801
118
0.00509279
160
0.00690548
-373
-0.0160984
-254
-0.0109625
-25
-0.00107898
-202
-0.00871817
223
0.00962451
147
0.00634441
483
0.0208459
41
0.00176953
-435
-0.0187743
134
0.00578334
-531
-0.0229176
-34
-0.00146741
731
0.0315494
-375
-0.0161847
393
0.0169616
-147
-0.00634441
-52
-0.00224428
-132
-0.00569702
-202
-0.00871817
2
8.63185e-05
214
0.00923608
-10
-0.000431593
114
0.00492016
-1
-4.31593e-05
114
0.00492016
-89
-0.00384117
-29
-0.00125162
-104
-0.00448856
-224
-0.00966767
-313
-0.0135088
486
0.0209754
-73
-0.00315063
521
0.022486
0
0
-95
-0.00410013
-133
-0.00574018
-184
-0.0079413
-94
-0.00405697
-155
-0.00668968
108
0.0046612
-288
-0.0124299
-69
-0.00297799
-439
-0.0189469
119
0.00513595
-88
-0.00379801
129
0.00556754
68
0.00293483
300
0.0129478
64
0.00276219
-78
-0.00336642
-345
-0.0148899
-29
-0.00125162
361
0.0155805
109
0.00470436
135
0.0058265
78
0.00336642
-49
-0.0021148
10
0.000431593
-384
-0.0165732
53
0.00228744
300
0.0129478
145
0.00625809
32
0.0013811
55
0.00237376
-349
-0.0150626
151
0.00651705
-512
-0.0220975
-43
-0.00185585
407
0.0175658
-4
-0.000172637
130
0.0056107
317
0.0136815
81
0.0034959
18
0.000776867
349
0.0150626
202
0.00871817
-143
-0.00617177
61
0.00263271
372
0.0160552
110
0.00474752
-47
-0.00202849
277
0.0119551
239
0.0103151
147
0.00634441
-29
-0.00125162
108
0.0046612
-278
-0.0119983
-196
-0.00845921
-229
-0.00988347
-55
-0.00237376
196
0.00845921
99
0.00427277
73
0.00315063
-13
-0.00056107
700
0.0302115
84
0.00362538
179
0.00772551
-314
-0.013552
84
0.00362538
-1
-4.31593e-05
145
0.00625809
65
0.00280535
-63
-0.00271903
78
0.00336642
94
0.00405697
139
0.00599914
641
0.0276651
113
0.004877
116
0.00500647
55
0.00237376
199
0.00858869
-137
-0.00591282
-99
-0.00427277
-280
-0.0120846
-458
-0.0197669
110
0.00474752
-297
-0.0128183
271
0.0116962
-249
-0.0107467
-74
-0.00319379
437
0.0188606
-56
-0.00241692
194
0.0083729
-72
-0.00310747
-346
-0.0149331
-91
-0.00392749
-29
-0.00125162
-229
-0.00988347
89
0.00384117
200
0.00863185
-14
-0.00060423
-25
-0.00107898
-459
-0.0198101
194
0.0083729
-204
-0.00880449
51
0.00220112
-165
-0.00712128
11
0.000474752
-232
-0.0100129
107
0.00461804
106
0.00457488
-62
-0.00267587
-191
-0.00824342
-1
-4.31593e-05
-483
-0.0208459
-111
-0.00479068
-55
-0.00237376
-83
-0.00358222
-434
-0.0187311
-255
-0.0110056
-270
-0.011653
114
0.00492016
766
0.03306
-119
-0.00513595
61
0.00263271
-8
-0.000345274
-370
-0.0159689
-72
-0.00310747
-192
-0.00828658
-41
-0.00176953
-100
-0.00431593
-170
-0.00733707
780
0.0336642
-122
-0.00526543
262
0.0113077
-178
-0.00768235
-693
-0.0299094
-269
-0.0116098
16
0.000690548
84
0.00362538
337
0.0145447
140
0.0060423
301
0.0129909
224
0.00966767
-391
-0.0168753
-142
-0.00612861
488
0.0210617
105
0.00453172
-133
-0.00574018
-283
-0.0122141
-257
-0.0110919
-180
-0.00776867
-113
-0.004877
45
0.00194217
89
0.00384117
130
0.0056107
309
0.0133362
240
0.0103582
-297
-0.0128183
-52
-0.00224428
-522
-0.0225291
-158
-0.00681916
229
0.00988347
-21
-0.000906344
-336
-0.0145015
-298
-0.0128615
-108
-0.0046612
148
0.00638757
-81
-0.0034959
20
0.000863185
-660
-0.0284851
-83
-0.00358222
-21
-0.000906344
-68
-0.00293483
-187
-0.00807078
-133
-0.00574018
291
0.0125593
-180
-0.00776867
216
0.0093224
-256
-0.0110488
-570
-0.0246008
12
0.000517911
-92
-0.00397065
-83
-0.00358222
-280
-0.0120846
156
0.00673284
465
0.0200691
175
0.00755287
-58
-0.00250324
-221
-0.0095382
253
0.0109193
92
0.00397065
-298
-0.0128615
-59
-0.0025464
-8
-0.000345274
32
0.0013811
68
0.00293483
75
0.00323694
-344
-0.0148468
133
0.00574018
148
0.00638757
-89
-0.00384117
263
0.0113509
25
0.00107898
594
0.0256366
14
0.00060423
208
0.00897713
-63
-0.00271903
504
0.0217523
-196
-0.00845921
-260
-0.0112214
-123
-0.00530859
14
0.00060423
-14
-0.00060423
-445
-0.0192059
57
0.00246008
-39
-0.00168321
-12
-0.000517911
386
0.0166595
218
0.00940872
207
0.00893397
35
0.00151057
-158
-0.00681916
99
0.00427277
-127
-0.00548123
-47
-0.00202849
-185
-0.00798446
-60
-0.00258956
-93
-0.00401381
312
0.0134657
214
0.00923608
-106
-0.00457488
385
0.0166163
136
0.00586966
609
0.026284
-277
-0.0119551
-45
-0.00194217
-12
-0.000517911
412
0.0177816
-286
-0.0123435
96
0.00414329
30
0.00129478
240
0.0103582
3
0.000129478
264
0.011394
-36
-0.00155373
449
0.0193785
-92
-0.00397065
483
0.0208459
9
0.000388433
-193
-0.00832974
-386
-0.0166595
5
0.000215796
-96
-0.00414329
310
0.0133794
71
0.00306431
383
0.01653
-85
-0.00366854
289
0.012473
3
0.000129478
706
0.0304704
-19
-0.000820026
-149
-0.00643073
-237
-0.0102287
-392
-0.0169184
-208
-0.00897713
-234
-0.0100993
-161
-0.00694864
176
0.00759603
-373
-0.0160984
239
0.0103151
262
0.0113077
134
0.00578334
-245
-0.010574
470
0.0202849
51
0.00220112
56
0.00241692
-20
-0.000863185
209
0.00902028
351
0.0151489
-244
-0.0105309
185
0.00798446
-320
-0.013811
-65
-0.00280535
56
0.00241692
-45
-0.00194217
41
0.00176953
-66
-0.00284851
-27
-0.0011653
-88
-0.00379801
332
0.0143289
32
0.0013811
90
0.00388433
-57
-0.00246008
166
0.00716444
-150
-0.00647389
-692
-0.0298662
57
0.00246008
238
0.0102719
76
0.0032801
279
0.0120414
246
0.0106172
406
0.0175227
-94
-0.00405697
-95
-0.00410013
-187
-0.00807078
582
0.0251187
-35
-0.00151057
169
0.00729391
266
0.0114804
597
0.0257661
128
0.00552438
-74
-0.00319379
215
0.00927924
300
0.0129478
-190
-0.00820026
-282
-0.0121709
151
0.00651705
160
0.00690548
-128
-0.00552438
-325
-0.0140268
5
0.000215796
-246
-0.0106172
-262
-0.0113077
-88
-0.00379801
-96
-0.00414329
400
0.0172637
254
0.0109625
-600
-0.0258956
-129
-0.00556754
-365
-0.0157531
37
0.00159689
-308
-0.0132931
0
0
-571
-0.0246439
-72
-0.00310747
640
0.0276219
99
0.00427277
-801
-0.0345706
-177
-0.00763919
-231
-0.00996979
244
0.0105309
-191
-0.00824342
122
0.00526543
554
0.0239102
-76
-0.0032801
474
0.0204575
-171
-0.00738023
56
0.00241692
-243
-0.0104877
-72
-0.00310747
-54
-0.0023306
550
0.0237376
-40
-0.00172637
-172
-0.00742339
109
0.00470436
-218
-0.00940872
65
0.00280535
-224
-0.00966767
170
0.00733707
-66
-0.00284851
-207
-0.00893397
401
0.0173069
-36
-0.00155373
477
0.020587
77
0.00332326
120
0.00517911
121
0.00522227
-50
-0.00215796
193
0.00832974
671
0.0289599
-51
-0.00220112
-76
-0.0032801
-70
-0.00302115
-790
-0.0340958
-127
-0.00548123
-190
-0.00820026
-140
-0.0060423
-113
-0.004877
66
0.00284851
-509
-0.0219681
149
0.00643073
-229
-0.00988347
16
0.000690548
-290
-0.0125162
-156
-0.00673284
104
0.00448856
117
0.00504963
385
0.0166163
168
0.00725076
-158
-0.00681916
-14
-0.00060423
110
0.00474752
-21
-0.000906344
557
0.0240397
-79
-0.00340958
-267
-0.0115235
-186
-0.00802762
-733
-0.0316357
-213
-0.00919292
-189
-0.0081571
-172
-0.00742339
-258
-0.0111351
-42
-0.00181269
58
0.00250324
-86
-0.0037117
-101
-0.00435909
107
0.00461804
-352
-0.0151921
43
0.00185585
24
0.00103582
124
0.00535175
-135
-0.0058265
-90
-0.00388433
-270
-0.011653
-31
-0.00133794
208
0.00897713
-295
-0.012732
-166
-0.00716444
167
0.0072076
280
0.0120846
-34
-0.00146741
320
0.013811
238
0.0102719
-100
-0.00431593
305
0.0131636
262
0.0113077
-214
-0.00923608
-228
-0.00984031
-170
-0.00733707
-357
-0.0154079
53
0.00228744
-528
-0.0227881
-86
-0.0037117
184
0.0079413
-298
-0.0128615
169
0.00729391
1
4.31593e-05
-437
-0.0188606
102
0.00440224
-186
-0.00802762
-62
-0.00267587
-200
-0.00863185
37
0.00159689
273
0.0117825
-285
-0.0123004
281
0.0121278
4
0.000172637
-136
-0.00586966
51
0.00220112
216
0.0093224
-441
-0.0190332
-277
-0.0119551
-160
-0.00690548
-55
-0.00237376
-5
-0.000215796
-236
-0.0101856
-181
-0.00781183
443
0.0191196
164
0.00707812
352
0.0151921
11
0.000474752
-108
-0.0046612
153
0.00660337
96
0.00414329
-36
-0.00155373
268
0.0115667
117
0.00504963
-9
-0.000388433
110
0.00474752
383
0.01653
65
0.00280535
-520
-0.0224428
-10
-0.000431593
-395
-0.0170479
34
0.00146741
-27
-0.0011653
-88
-0.00379801
-371
-0.0160121
48
0.00207164
-507
-0.0218817
81
0.0034959
-913
-0.0394044
135
0.0058265
187
0.00807078
-44
-0.00189901
-202
-0.00871817
-298
-0.0128615
-221
-0.0095382
-53
-0.00228744
454
0.0195943
-244
-0.0105309
41
0.00176953
-160
-0.00690548
500
0.0215796
-282
-0.0121709
108
0.0046612
231
0.00996979
283
0.0122141
-193
-0.00832974
-86
-0.0037117
-31
-0.00133794
-414
-0.0178679
-10
-0.000431593
-104
-0.00448856
17
0.000733707
-74
-0.00319379
118
0.00509279
390
0.0168321
105
0.00453172
-325
-0.0140268
34
0.00146741
-35
-0.00151057
-34
-0.00146741
308
0.0132931
-213
-0.00919292
243
0.0104877
10
0.000431593
36
0.00155373
279
0.0120414
286
0.0123435
42
0.00181269
307
0.0132499
64
0.00276219
195
0.00841606
-168
-0.00725076
-154
-0.00664653
348
0.0150194
-564
-0.0243418
45
0.00194217
-145
-0.00625809
385
0.0166163
184
0.0079413
1
4.31593e-05
529
0.0228312
253
0.0109193
163
0.00703496
88
0.00379801
-67
-0.00289167
79
0.00340958
293
0.0126457
90
0.00388433
-67
-0.00289167
-214
-0.00923608
686
0.0296073
-135
-0.0058265
-212
-0.00914976
322
0.0138973
402
0.01735
37
0.00159689
430
0.0185585
-54
-0.0023306
332
0.0143289
-6
-0.000258956
-80
-0.00345274
192
0.00828658
-340
-0.0146741
-128
-0.00552438
-63
-0.00271903
210
0.00906344
21
0.000906344
-24
-0.00103582
-12
-0.000517911
5
0.000215796
155
0.00668968
156
0.00673284
-298
-0.0128615
9
0.000388433
344
0.0148468
166
0.00716444
-212
-0.00914976
77
0.00332326
-455
-0.0196375
104
0.00448856
-120
-0.00517911
-79
-0.00340958
-189
-0.0081571
51
0.00220112
244
0.0105309
138
0.00595598
-278
-0.0119983
39
0.00168321
-223
-0.00962451
62
0.00267587
-155
-0.00668968
-121
-0.00522227
-579
-0.0249892
140
0.0060423
-736
-0.0317652
33
0.00142426
-133
-0.00574018
236
0.0101856
-139
-0.00599914
244
0.0105309
-48
-0.00207164
39
0.00168321
175
0.00755287
-18
-0.000776867
-428
-0.0184722
-24
-0.00103582
118
0.00509279
460
0.0198533
15
0.000647389
-33
-0.00142426
243
0.0104877
115
0.00496331
-547
-0.0236081
21
0.000906344
-362
-0.0156237
115
0.00496331
756
0.0326284
-196
-0.00845921
-389
-0.016789
87
0.00375486
683
0.0294778
213
0.00919292
-30
-0.00129478
42
0.00181269
-710
-0.0306431
295
0.012732
-91
-0.00392749
-183
-0.00789814
600
0.0258956
-41
-0.00176953
760
0.032801
77
0.00332326
917
0.039577
274
0.0118256
157
0.006776
391
0.0168753
302
0.0130341
-44
-0.00189901
-131
-0.00565386
-45
-0.00194217
196
0.00845921
41
0.00176953
-547
-0.0236081
-231
-0.00996979
100
0.00431593
-96
-0.00414329
42
0.00181269
-222
-0.00958136
104
0.00448856
49
0.0021148
-303
-0.0130773
184
0.0079413
407
0.0175658
360
0.0155373
-381
-0.0164437
-141
-0.00608546
256
0.0110488
381
0.0164437
-93
-0.00401381
-67
-0.00289167
253
0.0109193
-8
-0.000345274
-96
-0.00414329
95
0.00410013
-1
-4.31593e-05
135
0.0058265
271
0.0116962
38
0.00164005
268
0.0115667
-45
-0.00194217
425
0.0183427
-203
-0.00876133
-75
-0.00323694
-222
-0.00958136
284
0.0122572
-70
-0.00302115
-115
-0.00496331
23
0.000992663
-248
-0.0107035
-113
-0.004877
-75
-0.00323694
259
0.0111782
-435
-0.0187743
157
0.006776
-317
-0.0136815
301
0.0129909
390
0.0168321
-116
-0.00500647
-389
-0.016789
74
0.00319379
248
0.0107035
35
0.00151057
-793
-0.0342253
370
0.0159689
216
0.0093224
83
0.00358222
-222
-0.00958136
-124
-0.00535175
129
0.00556754
97
0.00418645
-93
-0.00401381
-195
-0.00841606
-18
-0.000776867
-341
-0.0147173
120
0.00517911
-3
-0.000129478
165
0.00712128
-176
-0.00759603
57
0.00246008
-234
-0.0100993
11
0.000474752
-24
-0.00103582
-568
-0.0245145
-79
-0.00340958
-448
-0.0193353
-139
-0.00599914
48
0.00207164
103
0.0044454
314
0.013552
103
0.0044454
160
0.00690548
64
0.00276219
663
0.0286146
149
0.00643073
-181
-0.00781183
125
0.00539491
325
0.0140268
-221
-0.0095382
-256
-0.0110488
217
0.00936556
169
0.00729391
-118
-0.00509279
272
0.0117393
-56
-0.00241692
-180
-0.00776867
112
0.00483384
461
0.0198964
-257
-0.0110919
219
0.00945188
-46
-0.00198533
-397
-0.0171342
40
0.00172637
533
0.0230039
-10
-0.000431593
50
0.00215796
-8
-0.000345274
-588
-0.0253776
-80
-0.00345274
476
0.0205438
-41
-0.00176953
485
0.0209322
110
0.00474752
49
0.0021148
-103
-0.0044454
-139
-0.00599914
-200
-0.00863185
103
0.0044454
199
0.00858869
113
0.004877
35
0.00151057
-535
-0.0230902
-151
-0.00651705
-530
-0.0228744
-168
-0.00725076
-164
-0.00707812
-6
-0.000258956
186
0.00802762
139
0.00599914
-60
-0.00258956
-43
-0.00185585
-154
-0.00664653
-114
-0.00492016
278
0.0119983
-87
-0.00375486
-77
-0.00332326
-108
-0.0046612
-13
-0.00056107
-7
-0.000302115
-388
-0.0167458
19
0.000820026
-130
-0.0056107
75
0.00323694
487
0.0210186
159
0.00686232
43
0.00185585
-286
-0.0123435
34
0.00146741
211
0.0091066
-25
-0.00107898
-44
-0.00189901
306
0.0132067
41
0.00176953
259
0.0111782
-54
-0.0023306
67
0.00289167
-175
-0.00755287
-94
-0.00405697
-111
-0.00479068
-222
-0.00958136
-36
-0.00155373
325
0.0140268
-75
-0.00323694
-321
-0.0138541
80
0.00345274
-342
-0.0147605
-24
-0.00103582
147
0.00634441
-21
-0.000906344
-252
-0.0108761
104
0.00448856
601
0.0259387
-82
-0.00353906
311
0.0134225
127
0.00548123
14
0.00060423
119
0.00513595
280
0.0120846
-12
-0.000517911
64
0.00276219
-78
-0.00336642
-94
-0.00405697
-169
-0.00729391
237
0.0102287
90
0.00388433
-167
-0.0072076
100
0.00431593
28
0.00120846
-148
-0.00638757
-188
-0.00811394
177
0.00763919
-114
-0.00492016
86
0.0037117
-268
-0.0115667
-160
-0.00690548
-594
-0.0256366
-261
-0.0112646
257
0.0110919
291
0.0125593
478
0.0206301
-82
-0.00353906
333
0.014372
-54
-0.0023306
-37
-0.00159689
95
0.00410013
-450
-0.0194217
-134
-0.00578334
-174
-0.00750971
-233
-0.0100561
185
0.00798446
-90
-0.00388433
145
0.00625809
-116
-0.00500647
-80
-0.00345274
423
0.0182564
-251
-0.010833
-30
-0.00129478
-207
-0.00893397
-18
-0.000776867
-333
-0.014372
133
0.00574018
501
0.0216228
-332
-0.0143289
726
0.0313336
-42
-0.00181269
39
0.00168321
-120
-0.00517911
-70
-0.00302115
175
0.00755287
-47
-0.00202849
-276
-0.011912
-487
-0.0210186
84
0.00362538
-114
-0.00492016
-94
-0.00405697
-235
-0.0101424
-78
-0.00336642
-71
-0.00306431
209
0.00902028
-280
-0.0120846
133
0.00574018
-173
-0.00746655
272
0.0117393
-31
-0.00133794
29
0.00125162
-20
-0.000863185
222
0.00958136
226
0.00975399
176
0.00759603
292
0.0126025
-90
-0.00388433
163
0.00703496
61
0.00263271
-56
-0.00241692
-86
-0.0037117
-328
-0.0141562
24
0.00103582
635
0.0274061
99
0.00427277
399
0.0172205
19
0.000820026
34
0.00146741
-280
-0.0120846
237
0.0102287
-6
-0.000258956
-449
-0.0193785
-105
-0.00453172
128
0.00552438
39
0.00168321
-152
-0.00656021
0
0
415
0.0179111
159
0.00686232
518
0.0223565
-106
-0.00457488
-512
-0.0220975
-81
-0.0034959
-723
-0.0312041
147
0.00634441
9
0.000388433
44
0.00189901
-140
-0.0060423
-165
-0.00712128
-361
-0.0155805
-191
-0.00824342
-276
-0.011912
106
0.00457488
31
0.00133794
315
0.0135952
239
0.0103151
-87
-0.00375486
-403
-0.0173932
-312
-0.0134657
465
0.0200691
-194
-0.0083729
-41
-0.00176953
139
0.00599914
-124
-0.00535175
248
0.0107035
329
0.0141994
42
0.00181269
-305
-0.0131636
63
0.00271903
-93
-0.00401381
-318
-0.0137246
-236
-0.0101856
-303
-0.0130773
-278
-0.0119983
-165
-0.00712128
-40
-0.00172637
2
8.63185e-05
251
0.010833
160
0.00690548
399
0.0172205
43
0.00185585
-437
-0.0188606
-260
-0.0112214
16
0.000690548
109
0.00470436
500
0.0215796
-33
-0.00142426
-402
-0.01735
-49
-0.0021148
-317
-0.0136815
68
0.00293483
-86
-0.0037117
-328
-0.0141562
-671
-0.0289599
86
0.0037117
-233
-0.0100561
1
4.31593e-05
-68
-0.00293483
-194
-0.0083729
-512
-0.0220975
-169
-0.00729391
-31
-0.00133794
138
0.00595598
99
0.00427277
-142
-0.00612861
-357
-0.0154079
121
0.00522227
-230
-0.00992663
-190
-0.00820026
-126
-0.00543807
211
0.0091066
-33
-0.00142426
-33
-0.00142426
-50
-0.00215796
187
0.00807078
269
0.0116098
62
0.00267587
104
0.00448856
-176
-0.00759603
-405
-0.0174795
-116
-0.00500647
137
0.00591282
133
0.00574018
-196
-0.00845921
50
0.00215796
414
0.0178679
13
0.00056107
-38
-0.00164005
69
0.00297799
-163
-0.00703496
11
0.000474752
-151
-0.00651705
-79
-0.00340958
-325
-0.0140268
1
4.31593e-05
-284
-0.0122572
-515
-0.022227
-10
-0.000431593
-124
-0.00535175
483
0.0208459
23
0.000992663
-484
-0.0208891
-141
-0.00608546
-84
-0.00362538
227
0.00979715
-327
-0.0141131
-405
-0.0174795
311
0.0134225
32
0.0013811
-216
-0.0093224
-232
-0.0100129
397
0.0171342
130
0.0056107
-160
-0.00690548
33
0.00142426
-78
-0.00336642
60
0.00258956
183
0.00789814
137
0.00591282
102
0.00440224
-11
-0.000474752
-113
-0.004877
95
0.00410013
55
0.00237376
83
0.00358222
-455
-0.0196375
-57
-0.00246008
-206
-0.00889081
-258
-0.0111351
2
8.63185e-05
-12
-0.000517911
-484
-0.0208891
219
0.00945188
-327
-0.0141131
175
0.00755287
354
0.0152784
71
0.00306431
309
0.0133362
-153
-0.00660337
187
0.00807078
12
0.000517911
422
0.0182132
-165
-0.00712128
287
0.0123867
38
0.00164005
-103
-0.0044454
157
0.006776
-393
-0.0169616
133
0.00574018
121
0.00522227
-171
-0.00738023
417
0.0179974
-225
-0.00971083
-403
-0.0173932
119
0.00513595
253
0.0109193
-30
-0.00129478
67
0.00289167
-122
-0.00526543
-241
-0.0104014
100
0.00431593
-787
-0.0339663
-46
-0.00198533
-202
-0.00871817
111
0.00479068
584
0.025205
90
0.00388433
179
0.00772551
-241
-0.0104014
350
0.0151057
237
0.0102287
602
0.0259819
-244
-0.0105309
-284
-0.0122572
-202
-0.00871817
110
0.00474752
54
0.0023306
-574
-0.0247734
320
0.013811
-206
-0.00889081
-18
-0.000776867
192
0.00828658
-197
-0.00850237
-91
-0.00392749
150
0.00647389
71
0.00306431
155
0.00668968
10
0.000431593
141
0.00608546
303
0.0130773
320
0.013811
246
0.0106172
-184
-0.0079413
480
0.0207164
231
0.00996979
183
0.00789814
-330
-0.0142426
114
0.00492016
123
0.00530859
-168
-0.00725076
-37
-0.00159689
-180
-0.00776867
-110
-0.00474752
124
0.00535175
23
0.000992663
197
0.00850237
24
0.00103582
-463
-0.0199827
-74
-0.00319379
-229
-0.00988347
-385
-0.0166163
22
0.000949504
10
0.000431593
-186
-0.00802762
93
0.00401381
323
0.0139404
-5
-0.000215796
477
0.020587
44
0.00189901
-114
-0.00492016
194
0.0083729
425
0.0183427
50
0.00215796
816
0.035218
126
0.00543807
-275
-0.0118688
-30
-0.00129478
540
0.023306
-10
-0.000431593
-141
-0.00608546
324
0.0139836
182
0.00785498
-309
-0.0133362
118
0.00509279
147
0.00634441
-389
-0.016789
300
0.0129478
681
0.0293915
110
0.00474752
55
0.00237376
-36
-0.00155373
109
0.00470436
-167
-0.0072076
-410
-0.0176953
229
0.00988347
634
0.027363
-60
-0.00258956
801
0.0345706
-206
-0.00889081
-129
-0.00556754
-57
-0.00246008
-92
-0.00397065
-56
-0.00241692
246
0.0106172
-66
-0.00284851
527
0.0227449
-29
-0.00125162
-103
-0.0044454
55
0.00237376
21
0.000906344
-34
-0.00146741
-552
-0.0238239
-102
-0.00440224
-32
-0.0013811
99
0.00427277
503
0.0217091
-2
-8.63185e-05
-140
-0.0060423
7
0.000302115
122
0.00526543
-117
-0.00504963
-228
-0.00984031
144
0.00621493
65
0.00280535
-288
-0.0124299
-441
-0.0190332
264
0.011394
74
0.00319379
-104
-0.00448856
546
0.023565
-75
-0.00323694
-268
-0.0115667
212
0.00914976
896
0.0386707
-58
-0.00250324
200
0.00863185
-214
-0.00923608
488
0.0210617
-53
-0.00228744
-43
-0.00185585
-287
-0.0123867
399
0.0172205
503
0.0217091
-10
-0.000431593
-103
-0.0044454
-452
-0.019508
-45
-0.00194217
270
0.011653
-226
-0.00975399
-350
-0.0151057
-23
-0.000992663
406
0.0175227
99
0.00427277
-308
-0.0132931
-97
-0.00418645
384
0.0165732
-79
-0.00340958
485
0.0209322
353
0.0152352
-18
-0.000776867
64
0.00276219
-145
-0.00625809
-73
-0.00315063
413
0.0178248
-144
-0.00621493
-25
-0.00107898
280
0.0120846
-326
-0.0140699
-10
-0.000431593
46
0.00198533
-145
-0.00625809
-609
-0.026284
-31
-0.00133794
-243
-0.0104877
370
0.0159689
261
0.0112646
116
0.00500647
-128
-0.00552438
64
0.00276219
234
0.0100993
76
0.0032801
446
0.019249
-53
-0.00228744
364
0.01571
-76
-0.0032801
246
0.0106172
-50
-0.00215796
-458
-0.0197669
273
0.0117825
-197
-0.00850237
-39
-0.00168321
-47
-0.00202849
194
0.0083729
-426
-0.0183858
104
0.00448856
247
0.0106603
-175
-0.00755287
196
0.00845921
-1
-4.31593e-05
0
0
-109
-0.00470436
-406
-0.0175227
21
0.000906344
-510
-0.0220112
37
0.00159689
-506
-0.0218386
13
0.00056107
-477
-0.020587
-146
-0.00630125
-258
-0.0111351
3
0.000129478
520
0.0224428
-209
-0.00902028
143
0.00617177
84
0.00362538
-199
-0.00858869
-130
-0.0056107
-759
-0.0327579
435
0.0187743
-539
-0.0232628
168
0.00725076
2
8.63185e-05
-27
-0.0011653
-1107
-0.0477773
204
0.00880449
-1
-4.31593e-05
251
0.010833
53
0.00228744
-40
-0.00172637
148
0.00638757
110
0.00474752
-208
-0.00897713
316
0.0136383
-496
-0.021407
35
0.00151057
-474
-0.0204575
63
0.00271903
496
0.021407
-291
-0.0125593
-185
-0.00798446
-93
-0.00401381
-262
-0.0113077
-328
-0.0141562
701
0.0302546
-51
-0.00220112
244
0.0105309
-104
-0.00448856
433
0.018688
-141
-0.00608546
-210
-0.00906344
76
0.0032801
-171
-0.00738023
-96
-0.00414329
-209
-0.00902028
-263
-0.0113509
-375
-0.0161847
110
0.00474752
140
0.0060423
-73
-0.00315063
62
0.00267587
172
0.00742339
-192
-0.00828658
57
0.00246008
-80
-0.00345274
183
0.00789814
-508
-0.0219249
43
0.00185585
-172
-0.00742339
128
0.00552438
73
0.00315063
-121
-0.00522227
-54
-0.0023306
48
0.00207164
420
0.0181269
-173
-0.00746655
268
0.0115667
141
0.00608546
131
0.00565386
44
0.00189901
-406
-0.0175227
-53
-0.00228744
542
0.0233923
-159
-0.00686232
-113
-0.004877
-107
-0.00461804
516
0.0222702
299
0.0129046
280
0.0120846
-145
-0.00625809
-119
-0.00513595
-39
-0.00168321
-301
-0.0129909
-253
-0.0109193
-41
-0.00176953
-9
-0.000388433
-77
-0.00332326
259
0.0111782
384
0.0165732
59
0.0025464
-589
-0.0254208
-50
-0.00215796
53
0.00228744
51
0.00220112
-204
-0.00880449
-195
-0.00841606
100
0.00431593
173
0.00746655
17
0.000733707
181
0.00781183
468
0.0201985
493
0.0212775
-231
-0.00996979
-72
-0.00310747
13
0.00056107
-167
-0.0072076
250
0.0107898
-21
-0.000906344
-232
-0.0100129
-88
-0.00379801
524
0.0226155
347
0.0149763
26
0.00112214
247
0.0106603
-164
-0.00707812
214
0.00923608
569
0.0245576
88
0.00379801
-384
-0.0165732
-167
-0.0072076
-709
-0.0305999
-74
-0.00319379
-155
-0.00668968
-83
-0.00358222
-496
-0.021407
103
0.0044454
329
0.0141994
88
0.00379801
-293
-0.0126457
-100
-0.00431593
-181
-0.00781183
-175
-0.00755287
695
0.0299957
265
0.0114372
438
0.0189038
100
0.00431593
331
0.0142857
72
0.00310747
503
0.0217091
114
0.00492016
-113
-0.004877
-108
-0.0046612
467
0.0201554
-111
-0.00479068
-400
-0.0172637
-190
-0.00820026
24
0.00103582
81
0.0034959
118
0.00509279
133
0.00574018
376
0.0162279
-180
-0.00776867
176
0.00759603
135
0.0058265
388
0.0167458
183
0.00789814
133
0.00574018
361
0.0155805
48
0.00207164
103
0.0044454
-355
-0.0153215
-103
-0.0044454
-16
-0.000690548
-1
-4.31593e-05
562
0.0242555
232
0.0100129
242
0.0104445
-171
-0.00738023
144
0.00621493
182
0.00785498
108
0.0046612
-432
-0.0186448
155
0.00668968
459
0.0198101
-127
-0.00548123
-29
-0.00125162
123
0.00530859
-129
-0.00556754
-380
-0.0164005
-20
-0.000863185
563
0.0242987
139
0.00599914
-739
-0.0318947
-237
-0.0102287
-464
-0.0200259
161
0.00694864
-52
-0.00224428
252
0.0108761
-221
-0.0095382
342
0.0147605
69
0.00297799
-273
-0.0117825
106
0.00457488
3
0.000129478
3
0.000129478
64
0.00276219
-192
-0.00828658
-240
-0.0103582
-582
-0.0251187
227
0.00979715
-406
-0.0175227
-139
-0.00599914
92
0.00397065
-35
-0.00151057
-368
-0.0158826
-238
-0.0102719
263
0.0113509
-122
-0.00526543
245
0.010574
116
0.00500647
307
0.0132499
113
0.004877
-283
-0.0122141
96
0.00414329
481
0.0207596
131
0.00565386
-42
-0.00181269
346
0.0149331
167
0.0072076
-70
-0.00302115
-323
-0.0139404
-353
-0.0152352
-454
-0.0195943
-303
-0.0130773
410
0.0176953
143
0.00617177
-294
-0.0126888
-168
-0.00725076
-498
-0.0214933
-138
-0.00595598
582
0.0251187
-56
-0.00241692
546
0.023565
148
0.00638757
223
0.00962451
-19
-0.000820026
89
0.00384117
9
0.000388433
153
0.00660337
-83
-0.00358222
-267
-0.0115235
-49
-0.0021148
-308
-0.0132931
144
0.00621493
230
0.00992663
-69
-0.00297799
-340
-0.0146741
-432
-0.0186448
-580
-0.0250324
-235
-0.0101424
41
0.00176953
-238
-0.0102719
-160
-0.00690548
-6
-0.000258956
142
0.00612861
13
0.00056107
55
0.00237376
162
0.0069918
62
0.00267587
139
0.00599914
328
0.0141562
-68
-0.00293483
-74
-0.00319379
-201
-0.00867501
289
0.012473
-43
-0.00185585
824
0.0355632
-141
-0.00608546
156
0.00673284
-17
-0.000733707
-390
-0.0168321
-61
-0.00263271
-185
-0.00798446
-146
-0.00630125
164
0.00707812
295
0.012732
282
0.0121709
-126
-0.00543807
-117
-0.00504963
91
0.00392749
-218
-0.00940872
-211
-0.0091066
286
0.0123435
16
0.000690548
-386
-0.0166595
-28
-0.00120846
35
0.00151057
17
0.000733707
-348
-0.0150194
-264
-0.011394
547
0.0236081
-379
-0.0163574
-147
-0.00634441
-280
-0.0120846
-463
-0.0199827
62
0.00267587
-192
-0.00828658
54
0.0023306
-347
-0.0149763
213
0.00919292
-422
-0.0182132
-81
-0.0034959
-478
-0.0206301
-53
-0.00228744
130
0.0056107
192
0.00828658
390
0.0168321
-55
-0.00237376
-295
-0.012732
83
0.00358222
-1
-4.31593e-05
-106
-0.00457488
-33
-0.00142426
-281
-0.0121278
16
0.000690548
39
0.00168321
69
0.00297799
70
0.00302115
418
0.0180406
-142
-0.00612861
-115
-0.00496331
124
0.00535175
787
0.0339663
280
0.0120846
15
0.000647389
17
0.000733707
-274
-0.0118256
-83
-0.00358222
80
0.00345274
60
0.00258956
-345
-0.0148899
225
0.00971083
706
0.0304704
123
0.00530859
-314
-0.013552
-27
-0.0011653
718
0.0309883
10
0.000431593
267
0.0115235
88
0.00379801
77
0.00332326
-323
-0.0139404
-211
-0.0091066
-86
-0.0037117
239
0.0103151
-174
-0.00750971
227
0.00979715
186
0.00802762
528
0.0227881
42
0.00181269
-607
-0.0261977
164
0.00707812
455
0.0196375
-99
-0.00427277
-475
-0.0205006
-166
-0.00716444
41
0.00176953
140
0.0060423
357
0.0154079
-117
-0.00504963
578
0.0249461
-32
-0.0013811
206
0.00889081
-241
-0.0104014
182
0.00785498
11
0.000474752
-600
-0.0258956
18
0.000776867
496
0.021407
-189
-0.0081571
-257
-0.0110919
-154
-0.00664653
-275
-0.0118688
-240
-0.0103582
-302
-0.0130341
-120
-0.00517911
329
0.0141994
145
0.00625809
87
0.00375486
146
0.00630125
-71
-0.00306431
-69
-0.00297799
-18
-0.000776867
-27
-0.0011653
-83
-0.00358222
-174
-0.00750971
-496
-0.021407
216
0.0093224
-70
-0.00302115
-285
-0.0123004
175
0.00755287
312
0.0134657
-83
-0.00358222
160
0.00690548
-691
-0.029823
-362
-0.0156237
170
0.00733707
-39
-0.00168321
49
0.0021148
-29
-0.00125162
273
0.0117825
-184
-0.0079413
-63
-0.00271903
-10
-0.000431593
27
0.0011653
-140
-0.0060423
480
0.0207164
-1
-4.31593e-05
30
0.00129478
-99
-0.00427277
64
0.00276219
98
0.00422961
179
0.00772551
-44
-0.00189901
-692
-0.0298662
59
0.0025464
310
0.0133794
-161
-0.00694864
-43
-0.00185585
-269
-0.0116098
-104
-0.00448856
-30
-0.00129478
-238
-0.0102719
55
0.00237376
-436
-0.0188174
-19
-0.000820026
-41
-0.00176953
-179
-0.00772551
619
0.0267156
228
0.00984031
-411
-0.0177385
1
4.31593e-05
-874
-0.0377212
-55
-0.00237376
145
0.00625809
256
0.0110488
276
0.011912
133
0.00574018
293
0.0126457
78
0.00336642
-63
-0.00271903
-34
-0.00146741
-503
-0.0217091
45
0.00194217
609
0.026284
-202
-0.00871817
92
0.00397065
18
0.000776867
626
0.0270177
-197
-0.00850237
189
0.0081571
-10
-0.000431593
34
0.00146741
155
0.00668968
229
0.00988347
48
0.00207164
822
0.0354769
211
0.0091066
-423
-0.0182564
180
0.00776867
79
0.00340958
416
0.0179543
15
0.000647389
57
0.00246008
-214
-0.00923608
366
0.0157963
-57
-0.00246008
0
0
624
0.0269314
-167
-0.0072076
-119
-0.00513595
24
0.00103582
77
0.00332326
41
0.00176953
418
0.0180406
-127
-0.00548123
-257
-0.0110919
229
0.00988347
-183
-0.00789814
91
0.00392749
328
0.0141562
16
0.000690548
117
0.00504963
176
0.00759603
-88
-0.00379801
42
0.00181269
8
0.000345274
26
0.00112214
230
0.00992663
-102
-0.00440224
-105
-0.00453172
322
0.0138973
-15
-0.000647389
60
0.00258956
-543
-0.0234355
5
0.000215796
214
0.00923608
161
0.00694864
186
0.00802762
84
0.00362538
-131
-0.00565386
5
0.000215796
236
0.0101856
189
0.0081571
-290
-0.0125162
-14
-0.00060423
231
0.00996979
-131
-0.00565386
-44
-0.00189901
42
0.00181269
-302
-0.0130341
-188
-0.00811394
-139
-0.00599914
-138
-0.00595598
144
0.00621493
-217
-0.00936556
-575
-0.0248166
170
0.00733707
-215
-0.00927924
106
0.00457488
-312
-0.0134657
-67
-0.00289167
-183
-0.00789814
-145
-0.00625809
24
0.00103582
48
0.00207164
140
0.0060423
-66
-0.00284851
