129
0.00787354
-24
-0.00146484
55
0.00335693
-38
-0.00231934
70
0.00427246
56
0.00341797
-74
-0.0045166
57
0.003479
27
0.00164795
8
0.000488281
-82
-0.00500488
-45
-0.00274658
-441
-0.0269165
-203
-0.0123901
-114
-0.00695801
-56
-0.00341797
24
0.00146484
-18
-0.00109863
-156
-0.00952148
-3
-0.000183105
-484
-0.029541
-14
-0.000854492
-50
-0.00305176
-229
-0.0139771
-188
-0.0114746
-259
-0.0158081
115
0.00701904
-118
-0.00720215
-178
-0.0108643
246
0.0150146
-200
-0.012207
-43
-0.00262451
316
0.0192871
-46
-0.00280762
270
0.0164795
5
0.000305176
79
0.00482178
-144
-0.00878906
138
0.00842285
85
0.00518799
335
0.0204468
-77
-0.00469971
-148
-0.0090332
-36
-0.00219727
127
0.00775146
158
0.00964355
-467
-0.0285034
-97
-0.00592041
8
0.000488281
61
0.00372314
-6
-0.000366211
235
0.0143433
25
0.00152588
-194
-0.0118408
341
0.020813
-136
-0.00830078
25
0.00152588
6
0.000366211
5
0.000305176
11
0.000671387
-528
-0.0322266
65
0.00396729
-302
-0.0184326
38
0.00231934
-123
-0.00750732
-143
-0.00872803
-137
-0.00836182
-59
-0.00360107
193
0.0117798
-168
-0.0102539
125
0.00762939
-185
-0.0112915
31
0.00189209
24
0.00146484
-59
-0.00360107
138
0.00842285
-549
-0.0335083
-155
-0.00946045
-162
-0.0098877
-24
-0.00146484
502
0.0306396
-48
-0.00292969
74
0.0045166
109
0.00665283
-82
-0.00500488
-68
-0.00415039
-50
-0.00305176
-405
-0.0247192
21
0.00128174
-109
-0.00665283
453
0.0276489
85
0.00518799
5
0.000305176
32
0.00195312
-60
-0.00366211
114
0.00695801
-350
-0.0213623
-125
-0.00762939
-494
-0.0301514
119
0.00726318
-164
-0.0100098
70
0.00427246
-328
-0.0200195
-19
-0.00115967
-496
-0.0302734
-128
-0.0078125
-235
-0.0143433
-29
-0.00177002
-141
-0.00860596
-131
-0.00799561
-59
-0.00360107
119
0.00726318
144
0.00878906
109
0.00665283
344
0.0209961
226
0.0137939
278
0.0169678
140
0.00854492
463
0.0282593
-103
-0.00628662
-319
-0.0194702
40
0.00244141
-233
-0.0142212
-104
-0.00634766
393
0.0239868
48
0.00292969
106
0.00646973
-154
-0.00939941
-5
-0.000305176
93
0.00567627
-336
-0.0205078
-262
-0.0159912
-58
-0.00354004
-59
-0.00360107
108
0.0065918
107
0.00653076
182
0.0111084
-44
-0.00268555
260
0.0158691
-81
-0.00494385
75
0.00457764
22
0.00134277
30
0.00183105
34
0.0020752
129
0.00787354
-89
-0.00543213
377
0.0230103
178
0.0108643
137
0.00836182
16
0.000976562
109
0.00665283
228
0.013916
-95
-0.00579834
201
0.0122681
283
0.0172729
-146
-0.00891113
-194
-0.0118408
-217
-0.0132446
-155
-0.00946045
-31
-0.00189209
-43
-0.00262451
-80
-0.00488281
-244
-0.0148926
174
0.0106201
-323
-0.0197144
-142
-0.00866699
25
0.00152588
66
0.00402832
-196
-0.0119629
-119
-0.00726318
275
0.0167847
-83
-0.00506592
-17
-0.0010376
114
0.00695801
243
0.0148315
103
0.00628662
332
0.0202637
-8
-0.000488281
-174
-0.0106201
-73
-0.00445557
413
0.0252075
78
0.00476074
-88
-0.00537109
-122
-0.00744629
-69
-0.00421143
-105
-0.00640869
64
0.00390625
76
0.00463867
-229
-0.0139771
132
0.00805664
1
6.10352e-05
3
0.000183105
-92
-0.00561523
214
0.0130615
265
0.0161743
-169
-0.0103149
-30
-0.00183105
47
0.00286865
-46
-0.00280762
191
0.0116577
150
0.00915527
319
0.0194702
-224
-0.0136719
-37
-0.0022583
64
0.00390625
-178
-0.0108643
105
0.00640869
32
0.00195312
-347
-0.0211792
-46
-0.00280762
557
0.0339966
-145
-0.0088501
138
0.00842285
-29
-0.00177002
475
0.0289917
202
0.0123291
413
0.0252075
100
0.00610352
-116
-0.00708008
-67
-0.00408936
-183
-0.0111694
-19
-0.00115967
208
0.0126953
22
0.00134277
-1
-6.10352e-05
33
0.00201416
-176
-0.0107422
59
0.00360107
198
0.012085
161
0.00982666
316
0.0192871
-39
-0.00238037
-427
-0.026062
79
0.00482178
145
0.0088501
228
0.013916
-440
-0.0268555
-100
-0.00610352
257
0.015686
175
0.0106812
137
0.00836182
92
0.00561523
-331
-0.0202026
-114
-0.00695801
187
0.0114136
-65
-0.00396729
-200
-0.012207
-78
-0.00476074
18
0.00109863
107
0.00653076
-121
-0.00738525
48
0.00292969
-27
-0.00164795
197
0.0120239
477
0.0291138
-9
-0.000549316
-15
-0.000915527
5
0.000305176
288
0.0175781
-43
-0.00262451
-33
-0.00201416
-186
-0.0113525
469
0.0286255
138
0.00842285
17
0.0010376
124
0.00756836
252
0.0153809
-186
-0.0113525
-28
-0.00170898
171
0.010437
312
0.019043
-161
-0.00982666
-253
-0.0154419
-169
-0.0103149
227
0.013855
119
0.00726318
293
0.0178833
218
0.0133057
64
0.00390625
68
0.00415039
-31
-0.00189209
113
0.00689697
165
0.0100708
131
0.00799561
524
0.0319824
59
0.00360107
-609
-0.0371704
-80
-0.00488281
-83
-0.00506592
48
0.00292969
-239
-0.0145874
-212
-0.0129395
97
0.00592041
19
0.00115967
-49
-0.00299072
-211
-0.0128784
328
0.0200195
159
0.00970459
569
0.034729
73
0.00445557
177
0.0108032
7
0.000427246
114
0.00695801
-150
-0.00915527
351
0.0214233
-82
-0.00500488
274
0.0167236
139
0.00848389
-270
-0.0164795
215
0.0131226
-237
-0.0144653
31
0.00189209
203
0.0123901
-135
-0.00823975
151
0.00921631
59
0.00360107
26
0.00158691
-156
-0.00952148
-65
-0.00396729
69
0.00421143
218
0.0133057
26
0.00158691
-289
-0.0176392
105
0.00640869
439
0.0267944
-119
-0.00726318
13
0.000793457
33
0.00201416
117
0.00714111
-40
-0.00244141
509
0.0310669
30
0.00183105
-234
-0.0142822
65
0.00396729
57
0.003479
-292
-0.0178223
52
0.00317383
7
0.000427246
-331
-0.0202026
326
0.0198975
43
0.00262451
-77
-0.00469971
-11
-0.000671387
-105
-0.00640869
157
0.00958252
248
0.0151367
-77
-0.00469971
-99
-0.00604248
-79
-0.00482178
248
0.0151367
256
0.015625
55
0.00335693
55
0.00335693
117
0.00714111
182
0.0111084
-11
-0.000671387
426
0.026001
-85
-0.00518799
57
0.003479
-97
-0.00592041
-154
-0.00939941
133
0.00811768
283
0.0172729
31
0.00189209
-134
-0.00817871
-154
-0.00939941
19
0.00115967
-222
-0.0135498
20
0.0012207
-127
-0.00775146
153
0.00933838
-63
-0.00384521
-196
-0.0119629
-38
-0.00231934
-5
-0.000305176
212
0.0129395
-11
-0.000671387
-222
-0.0135498
-171
-0.010437
57
0.003479
-277
-0.0169067
64
0.00390625
-170
-0.010376
-73
-0.00445557
-264
-0.0161133
150
0.00915527
-13
-0.000793457
-65
-0.00396729
106
0.00646973
-96
-0.00585938
-138
-0.00842285
69
0.00421143
-245
-0.0149536
-28
-0.00170898
95
0.00579834
2
0.00012207
-386
-0.0235596
81
0.00494385
286
0.0174561
215
0.0131226
-156
-0.00952148
-51
-0.00311279
-204
-0.0124512
3
0.000183105
24
0.00146484
78
0.00476074
-14
-0.000854492
80
0.00488281
169
0.0103149
53
0.00323486
-67
-0.00408936
18
0.00109863
-196
-0.0119629
61
0.00372314
293
0.0178833
-73
-0.00445557
-105
-0.00640869
-230
-0.0140381
-6
-0.000366211
-73
-0.00445557
-352
-0.0214844
208
0.0126953
429
0.0261841
149
0.00909424
343
0.0209351
-124
-0.00756836
355
0.0216675
73
0.00445557
132
0.00805664
45
0.00274658
-642
-0.0391846
-30
-0.00183105
-29
-0.00177002
-139
-0.00848389
59
0.00360107
92
0.00561523
-71
-0.0043335
-151
-0.00921631
269
0.0164185
-157
-0.00958252
-220
-0.0134277
-86
-0.00524902
-142
-0.00866699
123
0.00750732
-81
-0.00494385
35
0.00213623
412
0.0251465
51
0.00311279
269
0.0164185
-185
-0.0112915
-164
-0.0100098
81
0.00494385
103
0.00628662
70
0.00427246
-348
-0.0212402
122
0.00744629
-106
-0.00646973
-45
-0.00274658
170
0.010376
60
0.00366211
-149
-0.00909424
-39
-0.00238037
118
0.00720215
-61
-0.00372314
315
0.0192261
-156
-0.00952148
-32
-0.00195312
64
0.00390625
-112
-0.00683594
-125
-0.00762939
41
0.00250244
117
0.00714111
108
0.0065918
-19
-0.00115967
131
0.00799561
50
0.00305176
65
0.00396729
100
0.00610352
610
0.0372314
240
0.0146484
-188
-0.0114746
33
0.00201416
196
0.0119629
-50
-0.00305176
55
0.00335693
39
0.00238037
-93
-0.00567627
87
0.00531006
-130
-0.00793457
12
0.000732422
121
0.00738525
-51
-0.00311279
41
0.00250244
157
0.00958252
354
0.0216064
-42
-0.00256348
-251
-0.0153198
-20
-0.0012207
288
0.0175781
137
0.00836182
154
0.00939941
-263
-0.0160522
252
0.0153809
386
0.0235596
-415
-0.0253296
-94
-0.0057373
280
0.0170898
106
0.00646973
68
0.00415039
-56
-0.00341797
-149
-0.00909424
-143
-0.00872803
-259
-0.0158081
-35
-0.00213623
344
0.0209961
24
0.00146484
124
0.00756836
25
0.00152588
-232
-0.0141602
124
0.00756836
-303
-0.0184937
208
0.0126953
21
0.00128174
81
0.00494385
-336
-0.0205078
89
0.00543213
104
0.00634766
-5
-0.000305176
-407
-0.0248413
-185
-0.0112915
161
0.00982666
-3
-0.000183105
191
0.0116577
-11
-0.000671387
252
0.0153809
42
0.00256348
-81
-0.00494385
151
0.00921631
-351
-0.0214233
-77
-0.00469971
-78
-0.00476074
-383
-0.0233765
23
0.00140381
44
0.00268555
187
0.0114136
2
0.00012207
13
0.000793457
139
0.00848389
-316
-0.0192871
12
0.000732422
-295
-0.0180054
174
0.0106201
-546
-0.0333252
1
6.10352e-05
-262
-0.0159912
83
0.00506592
-52
-0.00317383
-18
-0.00109863
-312
-0.019043
-87
-0.00531006
-296
-0.0180664
189
0.0115356
246
0.0150146
99
0.00604248
217
0.0132446
-108
-0.0065918
-544
-0.0332031
7
0.000427246
733
0.0447388
-239
-0.0145874
394
0.0240479
-249
-0.0151978
157
0.00958252
173
0.0105591
155
0.00946045
123
0.00750732
139
0.00848389
92
0.00561523
351
0.0214233
-158
-0.00964355
-19
-0.00115967
-99
-0.00604248
104
0.00634766
-285
-0.017395
-64
-0.00390625
0
0
111
0.0067749
17
0.0010376
177
0.0108032
57
0.003479
157
0.00958252
274
0.0167236
-397
-0.024231
-68
-0.00415039
-170
-0.010376
63
0.00384521
-35
-0.00213623
-37
-0.0022583
-59
-0.00360107
136
0.00830078
-386
-0.0235596
352
0.0214844
-373
-0.0227661
-182
-0.0111084
-372
-0.0227051
171
0.010437
141
0.00860596
311
0.0189819
-116
-0.00708008
91
0.0055542
64
0.00390625
198
0.012085
104
0.00634766
-178
-0.0108643
216
0.0131836
246
0.0150146
114
0.00695801
13
0.000793457
-50
-0.00305176
-176
-0.0107422
-15
-0.000915527
-146
-0.00891113
-49
-0.00299072
104
0.00634766
31
0.00189209
22
0.00134277
-279
-0.0170288
-50
-0.00305176
52
0.00317383
-184
-0.0112305
-418
-0.0255127
-165
-0.0100708
-66
-0.00402832
50
0.00305176
178
0.0108643
117
0.00714111
110
0.00671387
170
0.010376
203
0.0123901
201
0.0122681
19
0.00115967
207
0.0126343
464
0.0283203
-88
-0.00537109
79
0.00482178
138
0.00842285
-4
-0.000244141
-92
-0.00561523
79
0.00482178
-96
-0.00585938
32
0.00195312
108
0.0065918
261
0.0159302
-83
-0.00506592
-177
-0.0108032
-114
-0.00695801
-23
-0.00140381
-196
-0.0119629
-620
-0.0378418
-239
-0.0145874
-8
-0.000488281
-15
-0.000915527
152
0.00927734
93
0.00567627
-48
-0.00292969
-92
-0.00561523
75
0.00457764
-68
-0.00415039
103
0.00628662
-109
-0.00665283
149
0.00909424
-83
-0.00506592
72
0.00439453
-183
-0.0111694
-162
-0.0098877
214
0.0130615
-139
-0.00848389
-57
-0.003479
-44
-0.00268555
-1
-6.10352e-05
-331
-0.0202026
-34
-0.0020752
-95
-0.00579834
2
0.00012207
161
0.00982666
-141
-0.00860596
401
0.0244751
17
0.0010376
-253
-0.0154419
50
0.00305176
-95
-0.00579834
12
0.000732422
-24
-0.00146484
-30
-0.00183105
225
0.0137329
-168
-0.0102539
92
0.00561523
10
0.000610352
200
0.012207
-52
-0.00317383
402
0.0245361
149
0.00909424
-249
-0.0151978
-19
-0.00115967
-387
-0.0236206
110
0.00671387
445
0.0271606
-156
-0.00952148
268
0.0163574
74
0.0045166
-497
-0.0303345
-81
-0.00494385
234
0.0142822
-164
-0.0100098
-82
-0.00500488
32
0.00195312
-249
-0.0151978
-88
-0.00537109
-404
-0.0246582
-93
-0.00567627
16
0.000976562
61
0.00372314
-188
-0.0114746
17
0.0010376
-197
-0.0120239
65
0.00396729
-129
-0.00787354
27
0.00164795
11
0.000671387
-105
-0.00640869
6
0.000366211
362
0.0220947
34
0.0020752
23
0.00140381
-267
-0.0162964
85
0.00518799
-506
-0.0308838
2
0.00012207
3
0.000183105
78
0.00476074
-364
-0.0222168
-36
-0.00219727
89
0.00543213
83
0.00506592
229
0.0139771
-109
-0.00665283
37
0.0022583
-137
-0.00836182
77
0.00469971
74
0.0045166
33
0.00201416
169
0.0103149
241
0.0147095
122
0.00744629
-225
-0.0137329
37
0.0022583
98
0.00598145
-136
-0.00830078
-173
-0.0105591
102
0.00622559
-210
-0.0128174
-114
-0.00695801
0
0
195
0.0119019
187
0.0114136
-170
-0.010376
163
0.00994873
-132
-0.00805664
30
0.00183105
23
0.00140381
10
0.000610352
-40
-0.00244141
-346
-0.0211182
270
0.0164795
83
0.00506592
-137
-0.00836182
-96
-0.00585938
-151
-0.00921631
-48
-0.00292969
-32
-0.00195312
-109
-0.00665283
-172
-0.010498
-146
-0.00891113
-13
-0.000793457
-146
-0.00891113
-53
-0.00323486
-266
-0.0162354
92
0.00561523
-33
-0.00201416
13
0.000793457
436
0.0266113
56
0.00341797
-114
-0.00695801
-34
-0.0020752
-464
-0.0283203
-54
-0.0032959
40
0.00244141
29
0.00177002
-80
-0.00488281
-92
-0.00561523
58
0.00354004
-132
-0.00805664
151
0.00921631
-120
-0.00732422
226
0.0137939
-50
-0.00305176
-245
-0.0149536
11
0.000671387
214
0.0130615
171
0.010437
268
0.0163574
82
0.00500488
-2
-0.00012207
284
0.017334
362
0.0220947
-240
-0.0146484
53
0.00323486
-227
-0.013855
-251
-0.0153198
35
0.00213623
299
0.0182495
60
0.00366211
188
0.0114746
329
0.0200806
234
0.0142822
-156
-0.00952148
-394
-0.0240479
-52
-0.00317383
-56
-0.00341797
-75
-0.00457764
-83
-0.00506592
8
0.000488281
75
0.00457764
-159
-0.00970459
-295
-0.0180054
-173
-0.0105591
-180
-0.0109863
-182
-0.0111084
303
0.0184937
27
0.00164795
160
0.00976562
62
0.00378418
-93
-0.00567627
142
0.00866699
-129
-0.00787354
-99
-0.00604248
-128
-0.0078125
179
0.0109253
-390
-0.0238037
90
0.00549316
-144
-0.00878906
169
0.0103149
-218
-0.0133057
77
0.00469971
206
0.0125732
-134
-0.00817871
274
0.0167236
0
0
-79
-0.00482178
180
0.0109863
263
0.0160522
90
0.00549316
315
0.0192261
105
0.00640869
406
0.0247803
266
0.0162354
-178
-0.0108643
48
0.00292969
-4
-0.000244141
139
0.00848389
-55
-0.00335693
-101
-0.00616455
57
0.003479
22
0.00134277
-88
-0.00537109
126
0.00769043
221
0.0134888
173
0.0105591
-727
-0.0443726
74
0.0045166
-2
-0.00012207
133
0.00811768
130
0.00793457
-162
-0.0098877
-415
-0.0253296
12
0.000732422
-450
-0.0274658
-50
-0.00305176
-69
-0.00421143
113
0.00689697
152
0.00927734
32
0.00195312
3
0.000183105
-72
-0.00439453
103
0.00628662
-148
-0.0090332
-64
-0.00390625
-33
-0.00201416
-64
-0.00390625
80
0.00488281
167
0.0101929
98
0.00598145
346
0.0211182
37
0.0022583
408
0.0249023
51
0.00311279
35
0.00213623
-79
-0.00482178
-373
-0.0227661
-52
-0.00317383
-375
-0.0228882
-64
-0.00390625
254
0.0155029
-3
-0.000183105
-170
-0.010376
139
0.00848389
-99
-0.00604248
-25
-0.00152588
-342
-0.020874
-126
-0.00769043
-286
-0.0174561
-59
-0.00360107
55
0.00335693
-90
-0.00549316
-301
-0.0183716
122
0.00744629
129
0.00787354
-30
-0.00183105
-464
-0.0283203
-58
-0.00354004
-232
-0.0141602
-102
-0.00622559
202
0.0123291
102
0.00622559
92
0.00561523
-82
-0.00500488
581
0.0354614
-176
-0.0107422
307
0.0187378
8
0.000488281
-133
-0.00811768
-178
-0.0108643
127
0.00775146
247
0.0150757
329
0.0200806
19
0.00115967
-363
-0.0221558
-127
-0.00775146
91
0.0055542
-218
-0.0133057
153
0.00933838
-194
-0.0118408
33
0.00201416
-180
-0.0109863
309
0.0188599
-80
-0.00488281
174
0.0106201
110
0.00671387
-65
-0.00396729
-130
-0.00793457
346
0.0211182
61
0.00372314
-16
-0.000976562
-126
-0.00769043
-166
-0.0101318
-141
-0.00860596
-193
-0.0117798
38
0.00231934
-29
-0.00177002
-63
-0.00384521
-58
-0.00354004
-126
-0.00769043
-180
-0.0109863
123
0.00750732
219
0.0133667
142
0.00866699
-163
-0.00994873
-79
-0.00482178
20
0.0012207
324
0.0197754
262
0.0159912
112
0.00683594
-5
-0.000305176
-142
-0.00866699
-301
-0.0183716
218
0.0133057
53
0.00323486
102
0.00622559
-95
-0.00579834
192
0.0117188
123
0.00750732
10
0.000610352
-553
-0.0337524
205
0.0125122
143
0.00872803
-89
-0.00543213
413
0.0252075
-14
-0.000854492
130
0.00793457
224
0.0136719
-37
-0.0022583
89
0.00543213
-272
-0.0166016
62
0.00378418
-198
-0.012085
-83
-0.00506592
128
0.0078125
190
0.0115967
-56
-0.00341797
-55
-0.00335693
586
0.0357666
245
0.0149536
-75
-0.00457764
-60
-0.00366211
339
0.0206909
14
0.000854492
33
0.00201416
5
0.000305176
-155
-0.00946045
177
0.0108032
-321
-0.0195923
22
0.00134277
-130
-0.00793457
-250
-0.0152588
212
0.0129395
-35
-0.00213623
328
0.0200195
85
0.00518799
347
0.0211792
169
0.0103149
-3
-0.000183105
234
0.0142822
-545
-0.0332642
82
0.00500488
-297
-0.0181274
162
0.0098877
225
0.0137329
23
0.00140381
203
0.0123901
190
0.0115967
-348
-0.0212402
-38
-0.00231934
-296
-0.0180664
45
0.00274658
56
0.00341797
-97
-0.00592041
191
0.0116577
27
0.00164795
247
0.0150757
13
0.000793457
265
0.0161743
-114
-0.00695801
285
0.017395
-82
-0.00500488
101
0.00616455
-121
-0.00738525
133
0.00811768
-2
-0.00012207
-368
-0.0224609
-191
-0.0116577
-219
-0.0133667
191
0.0116577
435
0.0265503
-134
-0.00817871
-45
-0.00274658
-127
-0.00775146
24
0.00146484
-37
-0.0022583
-31
-0.00189209
85
0.00518799
-212
-0.0129395
-34
-0.0020752
-140
-0.00854492
-16
-0.000976562
269
0.0164185
28
0.00170898
-54
-0.0032959
60
0.00366211
-6
-0.000366211
-42
-0.00256348
270
0.0164795
127
0.00775146
70
0.00427246
-16
-0.000976562
317
0.0193481
125
0.00762939
124
0.00756836
135
0.00823975
-288
-0.0175781
-128
-0.0078125
-371
-0.022644
161
0.00982666
17
0.0010376
23
0.00140381
234
0.0142822
81
0.00494385
-139
-0.00848389
184
0.0112305
499
0.0304565
-234
-0.0142822
200
0.012207
-114
-0.00695801
-146
-0.00891113
155
0.00946045
-45
-0.00274658
-36
-0.00219727
97
0.00592041
138
0.00842285
-275
-0.0167847
50
0.00305176
-369
-0.022522
-186
-0.0113525
237
0.0144653
150
0.00915527
137
0.00836182
-48
-0.00292969
-78
-0.00476074
-379
-0.0231323
113
0.00689697
-42
-0.00256348
-244
-0.0148926
68
0.00415039
-471
-0.0287476
-132
-0.00805664
18
0.00109863
-63
-0.00384521
476
0.0290527
23
0.00140381
-99
-0.00604248
-1
-6.10352e-05
61
0.00372314
-31
-0.00189209
165
0.0100708
36
0.00219727
-87
-0.00531006
157
0.00958252
152
0.00927734
81
0.00494385
-17
-0.0010376
59
0.00360107
391
0.0238647
130
0.00793457
215
0.0131226
166
0.0101318
329
0.0200806
90
0.00549316
148
0.0090332
-4
-0.000244141
122
0.00744629
77
0.00469971
158
0.00964355
181
0.0110474
313
0.019104
-198
-0.012085
-53
-0.00323486
109
0.00665283
-461
-0.0281372
-35
-0.00213623
158
0.00964355
9
0.000549316
-422
-0.0257568
29
0.00177002
-110
-0.00671387
222
0.0135498
182
0.0111084
95
0.00579834
-49
-0.00299072
17
0.0010376
-110
-0.00671387
43
0.00262451
-280
-0.0170898
-118
-0.00720215
-383
-0.0233765
61
0.00372314
-73
-0.00445557
-188
-0.0114746
124
0.00756836
230
0.0140381
133
0.00811768
170
0.010376
269
0.0164185
162
0.0098877
-5
-0.000305176
162
0.0098877
-68
-0.00415039
-207
-0.0126343
-259
-0.0158081
-174
-0.0106201
432
0.0263672
96
0.00585938
257
0.015686
-161
-0.00982666
47
0.00286865
-133
-0.00811768
-75
-0.00457764
6
0.000366211
-167
-0.0101929
-102
-0.00622559
443
0.0270386
-16
-0.000976562
122
0.00744629
-37
-0.0022583
107
0.00653076
219
0.0133667
57
0.003479
85
0.00518799
-401
-0.0244751
158
0.00964355
-76
-0.00463867
-62
-0.00378418
299
0.0182495
-12
-0.000732422
602
0.0367432
-7
-0.000427246
38
0.00231934
-13
-0.000793457
318
0.0194092
115
0.00701904
187
0.0114136
-78
-0.00476074
-73
-0.00445557
174
0.0106201
257
0.015686
-200
-0.012207
304
0.0185547
-185
-0.0112915
-7
-0.000427246
182
0.0111084
248
0.0151367
77
0.00469971
304
0.0185547
192
0.0117188
436
0.0266113
-34
-0.0020752
403
0.0245972
-193
-0.0117798
301
0.0183716
110
0.00671387
-1
-6.10352e-05
-16
-0.000976562
331
0.0202026
-64
-0.00390625
-81
-0.00494385
154
0.00939941
17
0.0010376
-131
-0.00799561
-671
-0.0409546
208
0.0126953
-24
-0.00146484
122
0.00744629
262
0.0159912
6
0.000366211
-214
-0.0130615
118
0.00720215
285
0.017395
86
0.00524902
-142
-0.00866699
-61
-0.00372314
304
0.0185547
175
0.0106812
-363
-0.0221558
-180
-0.0109863
93
0.00567627
-145
-0.0088501
214
0.0130615
-106
-0.00646973
53
0.00323486
-306
-0.0186768
141
0.00860596
93
0.00567627
-50
-0.00305176
29
0.00177002
293
0.0178833
-60
-0.00366211
341
0.020813
-31
-0.00189209
-38
-0.00231934
-15
-0.000915527
-262
-0.0159912
-164
-0.0100098
44
0.00268555
-23
-0.00140381
213
0.0130005
-1
-6.10352e-05
-10
-0.000610352
3
0.000183105
218
0.0133057
66
0.00402832
-300
-0.0183105
73
0.00445557
166
0.0101318
-124
-0.00756836
-120
-0.00732422
-208
-0.0126953
-488
-0.0297852
-14
-0.000854492
255
0.015564
-110
-0.00671387
-114
-0.00695801
51
0.00311279
252
0.0153809
189
0.0115356
-328
-0.0200195
-178
-0.0108643
-55
-0.00335693
36
0.00219727
-253
-0.0154419
55
0.00335693
-299
-0.0182495
-211
-0.0128784
310
0.0189209
157
0.00958252
-131
-0.00799561
-95
-0.00579834
-72
-0.00439453
-51
-0.00311279
-35
-0.00213623
23
0.00140381
396
0.0241699
-51
-0.00311279
-137
-0.00836182
-14
-0.000854492
152
0.00927734
-101
-0.00616455
298
0.0181885
2
0.00012207
10
0.000610352
19
0.00115967
122
0.00744629
66
0.00402832
-246
-0.0150146
-90
-0.00549316
134
0.00817871
-92
-0.00561523
-77
-0.00469971
90
0.00549316
-219
-0.0133667
-98
-0.00598145
172
0.010498
-111
-0.0067749
-305
-0.0186157
22
0.00134277
362
0.0220947
41
0.00250244
85
0.00518799
106
0.00646973
-90
-0.00549316
27
0.00164795
124
0.00756836
-242
-0.0147705
181
0.0110474
27
0.00164795
7
0.000427246
-83
-0.00506592
216
0.0131836
144
0.00878906
-105
-0.00640869
-90
-0.00549316
-299
-0.0182495
230
0.0140381
79
0.00482178
150
0.00915527
207
0.0126343
34
0.0020752
-96
-0.00585938
-97
-0.00592041
-228
-0.013916
-50
-0.00305176
-220
-0.0134277
-61
-0.00372314
-310
-0.0189209
-100
-0.00610352
209
0.0127563
18
0.00109863
204
0.0124512
29
0.00177002
-161
-0.00982666
-45
-0.00274658
-35
-0.00213623
190
0.0115967
-185
-0.0112915
186
0.0113525
62
0.00378418
261
0.0159302
26
0.00158691
22
0.00134277
-208
-0.0126953
-52
-0.00317383
-39
-0.00238037
24
0.00146484
-128
-0.0078125
-50
-0.00305176
280
0.0170898
-226
-0.0137939
507
0.0309448
92
0.00561523
404
0.0246582
-55
-0.00335693
-98
-0.00598145
-104
-0.00634766
-144
-0.00878906
-41
-0.00250244
429
0.0261841
-210
-0.0128174
87
0.00531006
149
0.00909424
417
0.0254517
-127
-0.00775146
213
0.0130005
3
0.000183105
-178
-0.0108643
-22
-0.00134277
-46
-0.00280762
16
0.000976562
90
0.00549316
111
0.0067749
-210
-0.0128174
56
0.00341797
-443
-0.0270386
-155
-0.00946045
31
0.00189209
176
0.0107422
-283
-0.0172729
-78
-0.00476074
-404
-0.0246582
-54
-0.0032959
-118
-0.00720215
-203
-0.0123901
212
0.0129395
22
0.00134277
-297
-0.0181274
-8
-0.000488281
-79
-0.00482178
84
0.00512695
-53
-0.00323486
9
0.000549316
-110
-0.00671387
6
0.000366211
-351
-0.0214233
-19
-0.00115967
262
0.0159912
75
0.00457764
173
0.0105591
39
0.00238037
168
0.0102539
99
0.00604248
214
0.0130615
38
0.00231934
207
0.0126343
234
0.0142822
-172
-0.010498
232
0.0141602
-135
-0.00823975
-33
-0.00201416
-149
-0.00909424
-183
-0.0111694
-154
-0.00939941
143
0.00872803
37
0.0022583
3
0.000183105
534
0.0325928
-163
-0.00994873
-135
-0.00823975
152
0.00927734
455
0.027771
179
0.0109253
-432
-0.0263672
-179
-0.0109253
-263
-0.0160522
54
0.0032959
-223
-0.0136108
-74
-0.0045166
134
0.00817871
-78
-0.00476074
299
0.0182495
-153
-0.00933838
56
0.00341797
131
0.00799561
8
0.000488281
-29
-0.00177002
-65
-0.00396729
210
0.0128174
-405
-0.0247192
-61
-0.00372314
329
0.0200806
60
0.00366211
-437
-0.0266724
182
0.0111084
-242
-0.0147705
20
0.0012207
-570
-0.03479
132
0.00805664
124
0.00756836
-4
-0.000244141
78
0.00476074
33
0.00201416
239
0.0145874
-286
-0.0174561
60
0.00366211
57
0.003479
66
0.00402832
-65
-0.00396729
24
0.00146484
-194
-0.0118408
-14
-0.000854492
32
0.00195312
-65
-0.00396729
-26
-0.00158691
-11
-0.000671387
-142
-0.00866699
-206
-0.0125732
-141
-0.00860596
-274
-0.0167236
312
0.019043
-86
-0.00524902
160
0.00976562
91
0.0055542
34
0.0020752
1
6.10352e-05
-23
-0.00140381
-137
-0.00836182
-191
-0.0116577
267
0.0162964
-61
-0.00372314
275
0.0167847
48
0.00292969
-6
-0.000366211
-29
-0.00177002
-201
-0.0122681
69
0.00421143
350
0.0213623
-76
-0.00463867
-273
-0.0166626
-96
-0.00585938
-382
-0.0233154
-3
-0.000183105
152
0.00927734
-105
-0.00640869
31
0.00189209
-70
-0.00427246
-105
-0.00640869
-25
-0.00152588
133
0.00811768
42
0.00256348
-37
-0.0022583
-64
-0.00390625
73
0.00445557
-187
-0.0114136
-44
-0.00268555
185
0.0112915
63
0.00384521
170
0.010376
68
0.00415039
120
0.00732422
-189
-0.0115356
-58
-0.00354004
476
0.0290527
92
0.00561523
7
0.000427246
445
0.0271606
416
0.0253906
-159
-0.00970459
-88
-0.00537109
-12
-0.000732422
13
0.000793457
186
0.0113525
206
0.0125732
-156
-0.00952148
-102
-0.00622559
-79
-0.00482178
-172
-0.010498
-171
-0.010437
-118
-0.00720215
86
0.00524902
290
0.0177002
104
0.00634766
47
0.00286865
102
0.00622559
335
0.0204468
51
0.00311279
-425
-0.0259399
240
0.0146484
-102
-0.00622559
212
0.0129395
38
0.00231934
-9
-0.000549316
118
0.00720215
-72
-0.00439453
-293
-0.0178833
124
0.00756836
-372
-0.0227051
66
0.00402832
144
0.00878906
11
0.000671387
481
0.0293579
-204
-0.0124512
242
0.0147705
115
0.00701904
263
0.0160522
-24
-0.00146484
164
0.0100098
-233
-0.0142212
-200
-0.012207
148
0.0090332
-10
-0.000610352
-23
-0.00140381
364
0.0222168
-57
-0.003479
-314
-0.019165
-89
-0.00543213
192
0.0117188
-128
-0.0078125
185
0.0112915
-133
-0.00811768
172
0.010498
-185
-0.0112915
-171
-0.010437
-103
-0.00628662
-47
-0.00286865
75
0.00457764
-68
-0.00415039
-53
-0.00323486
97
0.00592041
42
0.00256348
250
0.0152588
240
0.0146484
273
0.0166626
-62
-0.00378418
487
0.0297241
31
0.00189209
-149
-0.00909424
-45
-0.00274658
354
0.0216064
11
0.000671387
-93
-0.00567627
11
0.000671387
-179
-0.0109253
-18
-0.00109863
97
0.00592041
89
0.00543213
240
0.0146484
12
0.000732422
-355
-0.0216675
25
0.00152588
-155
-0.00946045
-44
-0.00268555
15
0.000915527
-324
-0.0197754
17
0.0010376
4
0.000244141
-125
-0.00762939
-50
-0.00305176
-100
-0.00610352
156
0.00952148
-79
-0.00482178
-43
-0.00262451
307
0.0187378
-170
-0.010376
43
0.00262451
6
0.000366211
200
0.012207
45
0.00274658
-229
-0.0139771
-205
-0.0125122
-107
-0.00653076
-214
-0.0130615
-191
-0.0116577
-81
-0.00494385
83
0.00506592
157
0.00958252
377
0.0230103
-104
-0.00634766
274
0.0167236
-83
-0.00506592
45
0.00274658
-247
-0.0150757
260
0.0158691
171
0.010437
-732
-0.0446777
8
0.000488281
-351
-0.0214233
177
0.0108032
106
0.00646973
209
0.0127563
-92
-0.00561523
-123
-0.00750732
133
0.00811768
37
0.0022583
327
0.0199585
256
0.015625
-339
-0.0206909
71
0.0043335
78
0.00476074
-35
-0.00213623
165
0.0100708
-119
-0.00726318
262
0.0159912
180
0.0109863
487
0.0297241
-58
-0.00354004
-11
-0.000671387
136
0.00830078
123
0.00750732
-33
-0.00201416
36
0.00219727
-212
-0.0129395
251
0.0153198
-214
-0.0130615
-229
-0.0139771
-30
-0.00183105
-58
-0.00354004
130
0.00793457
-6
-0.000366211
17
0.0010376
-192
-0.0117188
-328
-0.0200195
35
0.00213623
39
0.00238037
-179
-0.0109253
160
0.00976562
-355
-0.0216675
48
0.00292969
-146
-0.00891113
17
0.0010376
109
0.00665283
-216
-0.0131836
-320
-0.0195312
-163
-0.00994873
-235
-0.0143433
-5
-0.000305176
367
0.0223999
-216
-0.0131836
98
0.00598145
141
0.00860596
-188
-0.0114746
39
0.00238037
-105
-0.00640869
-2
-0.00012207
-1
-6.10352e-05
207
0.0126343
184
0.0112305
-211
-0.0128784
-351
-0.0214233
-268
-0.0163574
39
0.00238037
65
0.00396729
-213
-0.0130005
72
0.00439453
474
0.0289307
197
0.0120239
327
0.0199585
54
0.0032959
237
0.0144653
-74
-0.0045166
-2
-0.00012207
-31
-0.00189209
-255
-0.015564
148
0.0090332
43
0.00262451
-89
-0.00543213
-244
-0.0148926
76
0.00463867
201
0.0122681
158
0.00964355
-237
-0.0144653
67
0.00408936
540
0.032959
201
0.0122681
-105
-0.00640869
-127
-0.00775146
-320
-0.0195312
96
0.00585938
-34
-0.0020752
-156
-0.00952148
91
0.0055542
-110
-0.00671387
-23
-0.00140381
115
0.00701904
-107
-0.00653076
367
0.0223999
-350
-0.0213623
-89
-0.00543213
-114
-0.00695801
4
0.000244141
-292
-0.0178223
145
0.0088501
-104
-0.00634766
62
0.00378418
341
0.020813
94
0.0057373
64
0.00390625
86
0.00524902
-147
-0.00897217
115
0.00701904
-215
-0.0131226
-113
-0.00689697
-58
-0.00354004
9
0.000549316
-23
-0.00140381
-57
-0.003479
179
0.0109253
-47
-0.00286865
152
0.00927734
-59
-0.00360107
-485
-0.0296021
-47
-0.00286865
-70
-0.00427246
-15
-0.000915527
-40
-0.00244141
-24
-0.00146484
-105
-0.00640869
18
0.00109863
-163
-0.00994873
-184
-0.0112305
-155
-0.00946045
48
0.00292969
142
0.00866699
2
0.00012207
402
0.0245361
107
0.00653076
212
0.0129395
50
0.00305176
78
0.00476074
-29
-0.00177002
-311
-0.0189819
-42
-0.00256348
559
0.0341187
-36
-0.00219727
189
0.0115356
14
0.000854492
-227
-0.013855
249
0.0151978
-413
-0.0252075
-27
-0.00164795
142
0.00866699
-27
-0.00164795
280
0.0170898
-53
-0.00323486
-216
-0.0131836
40
0.00244141
-326
-0.0198975
-17
-0.0010376
236
0.0144043
-18
-0.00109863
-277
-0.0169067
-175
-0.0106812
95
0.00579834
-75
-0.00457764
597
0.036438
-62
-0.00378418
-156
-0.00952148
78
0.00476074
72
0.00439453
-28
-0.00170898
-66
-0.00402832
-57
-0.003479
-2
-0.00012207
-137
-0.00836182
-272
-0.0166016
58
0.00354004
4
0.000244141
-34
-0.0020752
145
0.0088501
-169
-0.0103149
100
0.00610352
-195
-0.0119019
-298
-0.0181885
90
0.00549316
-100
-0.00610352
161
0.00982666
64
0.00390625
316
0.0192871
-4
-0.000244141
-76
-0.00463867
303
0.0184937
-61
-0.00372314
-207
-0.0126343
-264
-0.0161133
-494
-0.0301514
0
0
-104
-0.00634766
-120
-0.00732422
242
0.0147705
-224
-0.0136719
28
0.00170898
139
0.00848389
-177
-0.0108032
12
0.000732422
-3
-0.000183105
-180
-0.0109863
59
0.00360107
-56
-0.00341797
-705
-0.0430298
93
0.00567627
130
0.00793457
100
0.00610352
-75
-0.00457764
140
0.00854492
-35
-0.00213623
179
0.0109253
-88
-0.00537109
-79
-0.00482178
36
0.00219727
136
0.00830078
490
0.0299072
35
0.00213623
117
0.00714111
42
0.00256348
123
0.00750732
232
0.0141602
391
0.0238647
136
0.00830078
112
0.00683594
240
0.0146484
-186
-0.0113525
-38
-0.00231934
-298
-0.0181885
193
0.0117798
381
0.0232544
210
0.0128174
-68
-0.00415039
44
0.00268555
-190
-0.0115967
-127
-0.00775146
-386
-0.0235596
38
0.00231934
-221
-0.0134888
71
0.0043335
243
0.0148315
134
0.00817871
-433
-0.0264282
-4
-0.000244141
139
0.00848389
71
0.0043335
-412
-0.0251465
-5
-0.000305176
-259
-0.0158081
101
0.00616455
-263
-0.0160522
268
0.0163574
-215
-0.0131226
-52
-0.00317383
-3
-0.000183105
-175
-0.0106812
-141
-0.00860596
266
0.0162354
369
0.022522
28
0.00170898
-129
-0.00787354
159
0.00970459
348
0.0212402
-58
-0.00354004
226
0.0137939
-121
-0.00738525
42
0.00256348
-168
-0.0102539
-123
-0.00750732
79
0.00482178
-487
-0.0297241
45
0.00274658
-175
-0.0106812
-19
-0.00115967
-161
-0.00982666
-114
-0.00695801
-405
-0.0247192
101
0.00616455
126
0.00769043
104
0.00634766
30
0.00183105
-1
-6.10352e-05
284
0.017334
120
0.00732422
103
0.00628662
-245
-0.0149536
-146
-0.00891113
90
0.00549316
300
0.0183105
-111
-0.0067749
-31
-0.00189209
-55
-0.00335693
335
0.0204468
-209
-0.0127563
145
0.0088501
-13
-0.000793457
-235
-0.0143433
-25
-0.00152588
154
0.00939941
-39
-0.00238037
-57
-0.003479
-86
-0.00524902
166
0.0101318
250
0.0152588
-145
-0.0088501
-1
-6.10352e-05
201
0.0122681
53
0.00323486
76
0.00463867
47
0.00286865
149
0.00909424
45
0.00274658
115
0.00701904
35
0.00213623
28
0.00170898
18
0.00109863
59
0.00360107
-9
-0.000549316
32
0.00195312
-44
-0.00268555
-115
-0.00701904
-80
-0.00488281
383
0.0233765
-20
-0.0012207
-167
-0.0101929
121
0.00738525
-69
-0.00421143
213
0.0130005
44
0.00268555
139
0.00848389
-70
-0.00427246
248
0.0151367
-259
-0.0158081
55
0.00335693
-9
-0.000549316
55
0.00335693
-29
-0.00177002
-5
-0.000305176
-172
-0.010498
222
0.0135498
473
0.0288696
202
0.0123291
-20
-0.0012207
60
0.00366211
127
0.00775146
-64
-0.00390625
156
0.00952148
98
0.00598145
-92
-0.00561523
-54
-0.0032959
161
0.00982666
24
0.00146484
-60
-0.00366211
73
0.00445557
119
0.00726318
56
0.00341797
57
0.003479
-104
-0.00634766
254
0.0155029
127
0.00775146
332
0.0202637
57
0.003479
-208
-0.0126953
11
0.000671387
18
0.00109863
-51
-0.00311279
376
0.0229492
68
0.00415039
-60
-0.00366211
-111
-0.0067749
84
0.00512695
-15
-0.000915527
-217
-0.0132446
59
0.00360107
-84
-0.00512695
-148
-0.0090332
-59
-0.00360107
-153
-0.00933838
208
0.0126953
-170
-0.010376
-128
-0.0078125
-26
-0.00158691
161
0.00982666
-8
-0.000488281
37
0.0022583
-46
-0.00280762
-32
-0.00195312
122
0.00744629
-164
-0.0100098
10
0.000610352
-156
-0.00952148
30
0.00183105
345
0.0210571
-136
-0.00830078
79
0.00482178
83
0.00506592
-14
-0.000854492
44
0.00268555
51
0.00311279
-101
-0.00616455
282
0.0172119
-128
-0.0078125
-30
-0.00183105
202
0.0123291
234
0.0142822
-23
-0.00140381
280
0.0170898
-87
-0.00531006
391
0.0238647
115
0.00701904
-478
-0.0291748
-102
-0.00622559
109
0.00665283
-64
-0.00390625
-108
-0.0065918
-297
-0.0181274
-184
-0.0112305
253
0.0154419
-333
-0.0203247
-93
-0.00567627
-54
-0.0032959
-20
-0.0012207
250
0.0152588
-43
-0.00262451
145
0.0088501
-38
-0.00231934
-171
-0.010437
52
0.00317383
-37
-0.0022583
-3
-0.000183105
191
0.0116577
-84
-0.00512695
273
0.0166626
85
0.00518799
-70
-0.00427246
24
0.00146484
-290
-0.0177002
-136
-0.00830078
451
0.0275269
94
0.0057373
-146
-0.00891113
-19
-0.00115967
-131
-0.00799561
-170
-0.010376
341
0.020813
177
0.0108032
-3
-0.000183105
298
0.0181885
-195
-0.0119019
202
0.0123291
46
0.00280762
-48
-0.00292969
-365
-0.0222778
91
0.0055542
73
0.00445557
-171
-0.010437
117
0.00714111
-112
-0.00683594
-111
-0.0067749
177
0.0108032
360
0.0219727
-48
-0.00292969
-509
-0.0310669
-65
-0.00396729
14
0.000854492
-13
-0.000793457
254
0.0155029
-67
-0.00408936
217
0.0132446
-27
-0.00164795
119
0.00726318
-39
-0.00238037
173
0.0105591
-123
-0.00750732
97
0.00592041
-40
-0.00244141
-45
-0.00274658
334
0.0203857
-13
-0.000793457
2
0.00012207
10
0.000610352
-37
-0.0022583
6
0.000366211
85
0.00518799
98
0.00598145
136
0.00830078
97
0.00592041
10
0.000610352
-418
-0.0255127
111
0.0067749
142
0.00866699
321
0.0195923
-66
-0.00402832
-65
-0.00396729
-338
-0.0206299
83
0.00506592
385
0.0234985
60
0.00366211
54
0.0032959
-163
-0.00994873
-410
-0.0250244
60
0.00366211
-205
-0.0125122
123
0.00750732
140
0.00854492
-247
-0.0150757
-167
-0.0101929
136
0.00830078
62
0.00378418
124
0.00756836
13
0.000793457
97
0.00592041
204
0.0124512
-363
-0.0221558
-294
-0.0179443
-55
-0.00335693
-372
-0.0227051
-21
-0.00128174
-301
-0.0183716
174
0.0106201
50
0.00305176
-195
-0.0119019
63
0.00384521
-24
-0.00146484
-169
-0.0103149
-51
-0.00311279
73
0.00445557
119
0.00726318
-291
-0.0177612
-105
-0.00640869
3
0.000183105
7
0.000427246
-44
-0.00268555
-89
-0.00543213
-7
-0.000427246
-133
-0.00811768
-272
-0.0166016
155
0.00946045
348
0.0212402
133
0.00811768
-223
-0.0136108
-12
-0.000732422
-44
-0.00268555
99
0.00604248
72
0.00439453
73
0.00445557
16
0.000976562
-77
-0.00469971
144
0.00878906
-130
-0.00793457
-114
-0.00695801
81
0.00494385
306
0.0186768
-194
-0.0118408
-317
-0.0193481
109
0.00665283
-173
-0.0105591
110
0.00671387
24
0.00146484
-24
-0.00146484
324
0.0197754
134
0.00817871
4
0.000244141
32
0.00195312
-311
-0.0189819
-4
-0.000244141
285
0.017395
-66
-0.00402832
36
0.00219727
-214
-0.0130615
-424
-0.0258789
30
0.00183105
-110
-0.00671387
38
0.00231934
331
0.0202026
156
0.00952148
287
0.0175171
86
0.00524902
-152
-0.00927734
-27
-0.00164795
-13
-0.000793457
-74
-0.0045166
-456
-0.027832
-12
-0.000732422
333
0.0203247
-184
-0.0112305
-255
-0.015564
-95
-0.00579834
-398
-0.024292
-24
-0.00146484
418
0.0255127
-19
-0.00115967
-211
-0.0128784
63
0.00384521
-11
-0.000671387
-1
-6.10352e-05
11
0.000671387
-26
-0.00158691
105
0.00640869
-124
-0.00756836
197
0.0120239
126
0.00769043
92
0.00561523
-90
-0.00549316
7
0.000427246
-7
-0.000427246
-418
-0.0255127
-225
-0.0137329
-62
-0.00378418
-6
-0.000366211
125
0.00762939
160
0.00976562
-109
-0.00665283
-200
-0.012207
167
0.0101929
96
0.00585938
145
0.0088501
-28
-0.00170898
54
0.0032959
-158
-0.00964355
-50
-0.00305176
75
0.00457764
-289
-0.0176392
153
0.00933838
171
0.010437
-93
-0.00567627
-87
-0.00531006
58
0.00354004
-42
-0.00256348
126
0.00769043
21
0.00128174
-107
-0.00653076
-30
-0.00183105
60
0.00366211
149
0.00909424
-11
-0.000671387
40
0.00244141
-100
-0.00610352
100
0.00610352
39
0.00238037
-421
-0.0256958
238
0.0145264
282
0.0172119
163
0.00994873
507
0.0309448
129
0.00787354
-61
-0.00372314
31
0.00189209
159
0.00970459
146
0.00891113
-262
-0.0159912
-130
-0.00793457
-359
-0.0219116
207
0.0126343
-275
-0.0167847
74
0.0045166
-77
-0.00469971
93
0.00567627
190
0.0115967
1
6.10352e-05
169
0.0103149
-98
-0.00598145
-151
-0.00921631
209
0.0127563
24
0.00146484
21
0.00128174
-63
-0.00384521
171
0.010437
40
0.00244141
82
0.00500488
-273
-0.0166626
-157
-0.00958252
-91
-0.0055542
-112
-0.00683594
-488
-0.0297852
157
0.00958252
191
0.0116577
-300
-0.0183105
-395
-0.0241089
110
0.00671387
-152
-0.00927734
82
0.00500488
124
0.00756836
148
0.0090332
285
0.017395
243
0.0148315
-281
-0.0171509
-8
-0.000488281
-159
-0.00970459
-60
-0.00366211
15
0.000915527
180
0.0109863
-686
-0.0418701
93
0.00567627
43
0.00262451
-110
-0.00671387
-188
-0.0114746
32
0.00195312
-309
-0.0188599
60
0.00366211
103
0.00628662
187
0.0114136
-438
-0.0267334
-36
-0.00219727
12
0.000732422
-167
-0.0101929
486
0.0296631
235
0.0143433
-66
-0.00402832
-6
-0.000366211
-310
-0.0189209
84
0.00512695
-502
-0.0306396
113
0.00689697
-80
-0.00488281
-16
-0.000976562
-487
-0.0297241
81
0.00494385
-44
-0.00268555
25
0.00152588
-231
-0.0140991
23
0.00140381
306
0.0186768
-217
-0.0132446
-322
-0.0196533
5
0.000305176
261
0.0159302
-80
-0.00488281
33
0.00201416
179
0.0109253
23
0.00140381
-12
-0.000732422
-409
-0.0249634
96
0.00585938
34
0.0020752
-76
-0.00463867
-191
-0.0116577
-165
-0.0100708
168
0.0102539
-131
-0.00799561
121
0.00738525
-12
-0.000732422
223
0.0136108
-115
-0.00701904
288
0.0175781
-15
-0.000915527
-174
-0.0106201
-20
-0.0012207
57
0.003479
166
0.0101318
-123
-0.00750732
-25
-0.00152588
-110
-0.00671387
88
0.00537109
75
0.00457764
-110
-0.00671387
-360
-0.0219727
43
0.00262451
507
0.0309448
91
0.0055542
120
0.00732422
-126
-0.00769043
-110
-0.00671387
-211
-0.0128784
112
0.00683594
-27
-0.00164795
191
0.0116577
4
0.000244141
245
0.0149536
-92
-0.00561523
14
0.000854492
53
0.00323486
-81
-0.00494385
35
0.00213623
-257
-0.015686
125
0.00762939
-71
-0.0043335
58
0.00354004
-119
-0.00726318
157
0.00958252
278
0.0169678
47
0.00286865
-202
-0.0123291
161
0.00982666
-283
-0.0172729
296
0.0180664
362
0.0220947
192
0.0117188
-66
-0.00402832
-37
-0.0022583
195
0.0119019
-167
-0.0101929
-47
-0.00286865
286
0.0174561
198
0.012085
132
0.00805664
-163
-0.00994873
119
0.00726318
-165
-0.0100708
-115
-0.00701904
-81
-0.00494385
10
0.000610352
247
0.0150757
14
0.000854492
-153
-0.00933838
-22
-0.00134277
193
0.0117798
23
0.00140381
-108
-0.0065918
23
0.00140381
248
0.0151367
-92
-0.00561523
-520
-0.0317383
-7
-0.000427246
235
0.0143433
-99
-0.00604248
-116
-0.00708008
-12
-0.000732422
-160
-0.00976562
121
0.00738525
80
0.00488281
-17
-0.0010376
255
0.015564
214
0.0130615
-83
-0.00506592
16
0.000976562
-4
-0.000244141
325
0.0198364
98
0.00598145
-8
-0.000488281
9
0.000549316
-95
-0.00579834
-218
-0.0133057
-123
-0.00750732
-278
-0.0169678
138
0.00842285
-90
-0.00549316
22
0.00134277
-261
-0.0159302
-21
-0.00128174
470
0.0286865
36
0.00219727
42
0.00256348
-16
-0.000976562
-394
-0.0240479
39
0.00238037
-98
-0.00598145
-296
-0.0180664
-169
-0.0103149
318
0.0194092
176
0.0107422
23
0.00140381
-615
-0.0375366
-81
-0.00494385
85
0.00518799
-32
-0.00195312
-115
-0.00701904
-212
-0.0129395
-175
-0.0106812
-48
-0.00292969
121
0.00738525
91
0.0055542
-90
-0.00549316
-29
-0.00177002
-131
-0.00799561
-66
-0.00402832
21
0.00128174
125
0.00762939
129
0.00787354
20
0.0012207
-33
-0.00201416
88
0.00537109
183
0.0111694
115
0.00701904
-213
-0.0130005
-249
-0.0151978
-100
-0.00610352
-71
-0.0043335
-613
-0.0374146
8
0.000488281
-427
-0.026062
-21
-0.00128174
-196
-0.0119629
106
0.00646973
-191
-0.0116577
50
0.00305176
-329
-0.0200806
93
0.00567627
45
0.00274658
-64
-0.00390625
143
0.00872803
-126
-0.00769043
352
0.0214844
6
0.000366211
144
0.00878906
20
0.0012207
67
0.00408936
-137
-0.00836182
122
0.00744629
101
0.00616455
192
0.0117188
128
0.0078125
-225
-0.0137329
-337
-0.0205688
518
0.0316162
-28
-0.00170898
-307
-0.0187378
25
0.00152588
147
0.00897217
-44
-0.00268555
-24
-0.00146484
-103
-0.00628662
203
0.0123901
96
0.00585938
297
0.0181274
-27
-0.00164795
-234
-0.0142822
-28
-0.00170898
398
0.024292
-93
-0.00567627
-173
-0.0105591
-156
-0.00952148
-392
-0.0239258
-75
-0.00457764
-96
-0.00585938
-106
-0.00646973
561
0.0342407
-63
-0.00384521
-126
-0.00769043
-83
-0.00506592
31
0.00189209
140
0.00854492
87
0.00531006
-26
-0.00158691
-118
-0.00720215
-105
-0.00640869
-27
-0.00164795
-96
-0.00585938
-10
-0.000610352
-404
-0.0246582
-85
-0.00518799
204
0.0124512
-9
-0.000549316
-315
-0.0192261
251
0.0153198
-158
-0.00964355
122
0.00744629
15
0.000915527
31
0.00189209
-32
-0.00195312
130
0.00793457
-88
-0.00537109
-93
-0.00567627
49
0.00299072
-143
-0.00872803
-148
-0.0090332
-126
-0.00769043
-36
-0.00219727
89
0.00543213
-76
-0.00463867
-330
-0.0201416
-12
-0.000732422
-99
-0.00604248
131
0.00799561
496
0.0302734
-93
-0.00567627
282
0.0172119
137
0.00836182
-118
-0.00720215
-74
-0.0045166
77
0.00469971
-10
-0.000610352
219
0.0133667
-136
-0.00830078
-244
-0.0148926
-90
-0.00549316
-168
-0.0102539
61
0.00372314
40
0.00244141
242
0.0147705
479
0.0292358
71
0.0043335
51
0.00311279
126
0.00769043
423
0.0258179
74
0.0045166
302
0.0184326
-7
-0.000427246
-660
-0.0402832
-90
-0.00549316
-532
-0.0324707
-2
-0.00012207
-45
-0.00274658
120
0.00732422
98
0.00598145
-57
-0.003479
71
0.0043335
59
0.00360107
56
0.00341797
-185
-0.0112915
145
0.0088501
-235
-0.0143433
-218
-0.0133057
195
0.0119019
-205
-0.0125122
100
0.00610352
434
0.0264893
-24
-0.00146484
-292
-0.0178223
-28
-0.00170898
-288
-0.0175781
55
0.00335693
-41
-0.00250244
-5
-0.000305176
93
0.00567627
82
0.00500488
492
0.0300293
88
0.00537109
-19
-0.00115967
-40
-0.00244141
103
0.00628662
73
0.00445557
-410
-0.0250244
-156
-0.00952148
268
0.0163574
12
0.000732422
-163
-0.00994873
35
0.00213623
101
0.00616455
-28
-0.00170898
206
0.0125732
47
0.00286865
-361
-0.0220337
-23
-0.00140381
225
0.0137329
115
0.00701904
-268
-0.0163574
-86
-0.00524902
75
0.00457764
-154
-0.00939941
476
0.0290527
-47
-0.00286865
-440
-0.0268555
-56
-0.00341797
52
0.00317383
44
0.00268555
-201
-0.0122681
13
0.000793457
-226
-0.0137939
132
0.00805664
-230
-0.0140381
88
0.00537109
318
0.0194092
-12
-0.000732422
-413
-0.0252075
88
0.00537109
-184
-0.0112305
4
0.000244141
-240
-0.0146484
-85
-0.00518799
-42
-0.00256348
6
0.000366211
-356
-0.0217285
-95
-0.00579834
-503
-0.0307007
36
0.00219727
-405
-0.0247192
85
0.00518799
-97
-0.00592041
58
0.00354004
117
0.00714111
42
0.00256348
89
0.00543213
-87
-0.00531006
271
0.0165405
-102
-0.00622559
210
0.0128174
25
0.00152588
102
0.00622559
-118
-0.00720215
27
0.00164795
-33
-0.00201416
-259
-0.0158081
-25
-0.00152588
94
0.0057373
-68
-0.00415039
541
0.03302
120
0.00732422
-264
-0.0161133
-51
-0.00311279
-155
-0.00946045
25
0.00152588
170
0.010376
-4
-0.000244141
-125
-0.00762939
-103
-0.00628662
70
0.00427246
-27
-0.00164795
49
0.00299072
343
0.0209351
-241
-0.0147095
-55
-0.00335693
-138
-0.00842285
298
0.0181885
97
0.00592041
-122
-0.00744629
220
0.0134277
-14
-0.000854492
-233
-0.0142212
32
0.00195312
114
0.00695801
-56
-0.00341797
287
0.0175171
-96
-0.00585938
-142
-0.00866699
-172
-0.010498
279
0.0170288
-108
-0.0065918
-127
-0.00775146
62
0.00378418
-27
-0.00164795
17
0.0010376
366
0.0223389
82
0.00500488
-2
-0.00012207
102
0.00622559
-73
-0.00445557
139
0.00848389
-241
-0.0147095
328
0.0200195
-61
-0.00372314
-42
-0.00256348
-118
-0.00720215
19
0.00115967
-232
-0.0141602
-34
-0.0020752
209
0.0127563
-17
-0.0010376
-147
-0.00897217
24
0.00146484
210
0.0128174
191
0.0116577
-148
-0.0090332
59
0.00360107
-160
-0.00976562
201
0.0122681
7
0.000427246
123
0.00750732
-308
-0.0187988
3
0.000183105
-83
-0.00506592
11
0.000671387
-249
-0.0151978
-153
-0.00933838
114
0.00695801
28
0.00170898
94
0.0057373
17
0.0010376
-203
-0.0123901
67
0.00408936
121
0.00738525
116
0.00708008
-113
-0.00689697
-124
-0.00756836
30
0.00183105
-154
-0.00939941
79
0.00482178
-34
-0.0020752
91
0.0055542
-109
-0.00665283
382
0.0233154
139
0.00848389
-64
-0.00390625
84
0.00512695
-55
-0.00335693
-197
-0.0120239
475
0.0289917
-22
-0.00134277
-443
-0.0270386
-17
-0.0010376
-191
-0.0116577
141
0.00860596
-233
-0.0142212
-15
-0.000915527
441
0.0269165
-36
-0.00219727
82
0.00500488
-46
-0.00280762
-24
-0.00146484
-133
-0.00811768
70
0.00427246
29
0.00177002
-394
-0.0240479
86
0.00524902
265
0.0161743
-72
-0.00439453
-203
-0.0123901
-57
-0.003479
-200
-0.012207
-62
-0.00378418
-213
-0.0130005
-99
-0.00604248
187
0.0114136
19
0.00115967
-239
-0.0145874
-174
-0.0106201
489
0.0298462
-148
-0.0090332
-506
-0.0308838
80
0.00488281
68
0.00415039
-30
-0.00183105
-200
-0.012207
-75
-0.00457764
-222
-0.0135498
-23
-0.00140381
-92
-0.00561523
3
0.000183105
168
0.0102539
10
0.000610352
392
0.0239258
39
0.00238037
261
0.0159302
-76
-0.00463867
-202
-0.0123291
-134
-0.00817871
194
0.0118408
53
0.00323486
346
0.0211182
-193
-0.0117798
52
0.00317383
224
0.0136719
-403
-0.0245972
-51
-0.00311279
-375
-0.0228882
171
0.010437
127
0.00775146
55
0.00335693
380
0.0231934
57
0.003479
-200
-0.012207
4
0.000244141
269
0.0164185
-50
-0.00305176
306
0.0186768
33
0.00201416
283
0.0172729
-202
-0.0123291
51
0.00311279
97
0.00592041
115
0.00701904
-117
-0.00714111
-89
-0.00543213
81
0.00494385
-37
-0.0022583
71
0.0043335
-29
-0.00177002
-24
-0.00146484
-238
-0.0145264
-1
-6.10352e-05
-197
-0.0120239
-22
-0.00134277
-37
-0.0022583
64
0.00390625
-73
-0.00445557
6
0.000366211
-378
-0.0230713
-18
-0.00109863
35
0.00213623
-120
-0.00732422
122
0.00744629
49
0.00299072
21
0.00128174
-30
-0.00183105
-356
-0.0217285
-83
-0.00506592
-146
-0.00891113
-100
-0.00610352
-295
-0.0180054
-111
-0.0067749
287
0.0175171
61
0.00372314
-54
-0.0032959
190
0.0115967
-134
-0.00817871
147
0.00897217
380
0.0231934
93
0.00567627
-143
-0.00872803
-30
-0.00183105
-528
-0.0322266
45
0.00274658
-501
-0.0305786
-126
-0.00769043
254
0.0155029
-52
-0.00317383
121
0.00738525
-226
-0.0137939
74
0.0045166
-18
-0.00109863
250
0.0152588
-291
-0.0177612
251
0.0153198
164
0.0100098
-56
-0.00341797
87
0.00531006
-202
-0.0123291
10
0.000610352
-76
-0.00463867
101
0.00616455
-179
-0.0109253
-12
-0.000732422
324
0.0197754
19
0.00115967
-95
-0.00579834
-103
-0.00628662
128
0.0078125
12
0.000732422
602
0.0367432
-50
-0.00305176
-133
-0.00811768
193
0.0117798
-672
-0.0410156
-104
-0.00634766
-149
-0.00909424
153
0.00933838
-372
-0.0227051
-15
-0.000915527
416
0.0253906
-10
-0.000610352
106
0.00646973
126
0.00769043
-9
-0.000549316
24
0.00146484
-191
-0.0116577
-140
-0.00854492
117
0.00714111
137
0.00836182
163
0.00994873
20
0.0012207
-309
-0.0188599
-179
-0.0109253
69
0.00421143
-195
-0.0119019
62
0.00378418
166
0.0101318
194
0.0118408
208
0.0126953
-185
-0.0112915
127
0.00775146
-184
-0.0112305
256
0.015625
-307
-0.0187378
11
0.000671387
9
0.000549316
24
0.00146484
-258
-0.0157471
-58
-0.00354004
180
0.0109863
46
0.00280762
80
0.00488281
30
0.00183105
137
0.00836182
39
0.00238037
-177
-0.0108032
-242
-0.0147705
-354
-0.0216064
-58
-0.00354004
-271
-0.0165405
152
0.00927734
-317
-0.0193481
127
0.00775146
-180
-0.0109863
-106
-0.00646973
-598
-0.036499
198
0.012085
240
0.0146484
-134
-0.00817871
-146
-0.00891113
144
0.00878906
-150
-0.00915527
-26
-0.00158691
159
0.00970459
70
0.00427246
-43
-0.00262451
131
0.00799561
4
0.000244141
291
0.0177612
35
0.00213623
59
0.00360107
100
0.00610352
41
0.00250244
-144
-0.00878906
-91
-0.0055542
-444
-0.0270996
-42
-0.00256348
-303
-0.0184937
232
0.0141602
181
0.0110474
-24
-0.00146484
-66
-0.00402832
238
0.0145264
365
0.0222778
165
0.0100708
19
0.00115967
17
0.0010376
-156
-0.00952148
40
0.00244141
562
0.0343018
-76
-0.00463867
175
0.0106812
66
0.00402832
-107
-0.00653076
103
0.00628662
312
0.019043
4
0.000244141
11
0.000671387
84
0.00512695
9
0.000549316
-134
-0.00817871
14
0.000854492
2
0.00012207
177
0.0108032
-211
-0.0128784
533
0.0325317
-128
-0.0078125
159
0.00970459
-236
-0.0144043
-413
-0.0252075
64
0.00390625
328
0.0200195
-84
-0.00512695
-45
-0.00274658
-92
-0.00561523
123
0.00750732
19
0.00115967
-49
-0.00299072
-110
-0.00671387
-17
-0.0010376
50
0.00305176
-212
-0.0129395
-149
-0.00909424
-195
-0.0119019
216
0.0131836
306
0.0186768
389
0.0237427
-28
-0.00170898
-186
-0.0113525
128
0.0078125
-158
-0.00964355
186
0.0113525
62
0.00378418
-30
-0.00183105
15
0.000915527
198
0.012085
249
0.0151978
-175
-0.0106812
-88
-0.00537109
-143
-0.00872803
354
0.0216064
-20
-0.0012207
114
0.00695801
216
0.0131836
64
0.00390625
95
0.00579834
-306
-0.0186768
210
0.0128174
214
0.0130615
90
0.00549316
-25
-0.00152588
-144
-0.00878906
-109
-0.00665283
229
0.0139771
120
0.00732422
-149
-0.00909424
143
0.00872803
8
0.000488281
215
0.0131226
521
0.0317993
-9
-0.000549316
-137
-0.00836182
-26
-0.00158691
-77
-0.00469971
-169
-0.0103149
-486
-0.0296631
97
0.00592041
-216
-0.0131836
-81
-0.00494385
366
0.0223389
-93
-0.00567627
-171
-0.010437
39
0.00238037
-409
-0.0249634
-52
-0.00317383
-92
-0.00561523
195
0.0119019
-3
-0.000183105
-96
-0.00585938
-2
-0.00012207
59
0.00360107
104
0.00634766
-11
-0.000671387
404
0.0246582
98
0.00598145
-59
-0.00360107
9
0.000549316
281
0.0171509
104
0.00634766
436
0.0266113
170
0.010376
239
0.0145874
198
0.012085
45
0.00274658
-209
-0.0127563
33
0.00201416
-58
-0.00354004
183
0.0111694
70
0.00427246
350
0.0213623
14
0.000854492
-315
-0.0192261
-74
-0.0045166
4
0.000244141
-153
-0.00933838
-422
-0.0257568
-109
-0.00665283
-711
-0.043396
190
0.0115967
-172
-0.010498
-28
-0.00170898
149
0.00909424
165
0.0100708
184
0.0112305
-184
-0.0112305
-233
-0.0142212
155
0.00946045
461
0.0281372
-6
-0.000366211
210
0.0128174
-102
-0.00622559
160
0.00976562
198
0.012085
-68
-0.00415039
-123
-0.00750732
-198
-0.012085
-100
-0.00610352
-35
-0.00213623
-73
-0.00445557
-138
-0.00842285
-103
-0.00628662
-146
-0.00891113
73
0.00445557
21
0.00128174
8
0.000488281
-20
-0.0012207
64
0.00390625
308
0.0187988
83
0.00506592
-124
-0.00756836
-124
-0.00756836
11
0.000671387
-47
-0.00286865
232
0.0141602
19
0.00115967
-137
-0.00836182
-123
-0.00750732
-230
-0.0140381
-140
-0.00854492
-29
-0.00177002
-195
-0.0119019
6
0.000366211
187
0.0114136
-336
-0.0205078
21
0.00128174
263
0.0160522
135
0.00823975
-152
-0.00927734
-100
-0.00610352
-64
-0.00390625
331
0.0202026
44
0.00268555
-92
-0.00561523
16
0.000976562
-161
-0.00982666
-509
-0.0310669
-21
-0.00128174
-207
-0.0126343
-55
-0.00335693
-15
-0.000915527
264
0.0161133
-77
-0.00469971
-107
-0.00653076
61
0.00372314
-36
-0.00219727
296
0.0180664
-95
-0.00579834
-136
-0.00830078
-192
-0.0117188
-49
-0.00299072
103
0.00628662
86
0.00524902
81
0.00494385
-26
-0.00158691
38
0.00231934
63
0.00384521
-47
-0.00286865
-12
-0.000732422
-51
-0.00311279
-306
-0.0186768
-82
-0.00500488
96
0.00585938
29
0.00177002
219
0.0133667
-88
-0.00537109
-184
-0.0112305
-140
-0.00854492
-311
-0.0189819
185
0.0112915
-49
-0.00299072
23
0.00140381
30
0.00183105
-6
-0.000366211
84
0.00512695
-152
-0.00927734
-344
-0.0209961
140
0.00854492
254
0.0155029
26
0.00158691
-27
-0.00164795
-190
-0.0115967
240
0.0146484
-22
-0.00134277
-68
-0.00415039
-96
-0.00585938
-9
-0.000549316
140
0.00854492
85
0.00518799
-75
-0.00457764
394
0.0240479
46
0.00280762
-100
-0.00610352
61
0.00372314
134
0.00817871
134
0.00817871
431
0.0263062
100
0.00610352
-14
-0.000854492
-79
-0.00482178
71
0.0043335
-31
-0.00189209
-206
-0.0125732
25
0.00152588
429
0.0261841
-33
-0.00201416
148
0.0090332
41
0.00250244
-134
-0.00817871
-56
-0.00341797
413
0.0252075
-8
-0.000488281
-39
-0.00238037
-30
-0.00183105
215
0.0131226
129
0.00787354
298
0.0181885
-78
-0.00476074
-44
-0.00268555
-69
-0.00421143
-171
-0.010437
54
0.0032959
123
0.00750732
129
0.00787354
-329
-0.0200806
108
0.0065918
-49
-0.00299072
139
0.00848389
20
0.0012207
-79
-0.00482178
8
0.000488281
177
0.0108032
108
0.0065918
69
0.00421143
-141
-0.00860596
-55
-0.00335693
517
0.0315552
-38
-0.00231934
94
0.0057373
51
0.00311279
307
0.0187378
36
0.00219727
-337
-0.0205688
-128
-0.0078125
424
0.0258789
-56
-0.00341797
-214
-0.0130615
-83
-0.00506592
-17
-0.0010376
-12
-0.000732422
87
0.00531006
-70
-0.00427246
-340
-0.020752
134
0.00817871
-497
-0.0303345
134
0.00817871
199
0.012146
-92
-0.00561523
-4
-0.000244141
-20
-0.0012207
-585
-0.0357056
199
0.012146
-334
-0.0203857
98
0.00598145
-162
-0.0098877
-103
-0.00628662
297
0.0181274
39
0.00238037
-247
-0.0150757
188
0.0114746
-53
-0.00323486
-124
-0.00756836
191
0.0116577
20
0.0012207
346
0.0211182
87
0.00531006
151
0.00921631
76
0.00463867
-363
-0.0221558
-209
-0.0127563
-188
-0.0114746
-40
-0.00244141
381
0.0232544
-231
-0.0140991
-307
-0.0187378
222
0.0135498
-49
-0.00299072
144
0.00878906
56
0.00341797
131
0.00799561
-25
-0.00152588
-177
-0.0108032
-209
-0.0127563
87
0.00531006
-280
-0.0170898
20
0.0012207
302
0.0184326
-48
-0.00292969
-164
-0.0100098
177
0.0108032
-83
-0.00506592
-67
-0.00408936
87
0.00531006
170
0.010376
562
0.0343018
-15
-0.000915527
46
0.00280762
-12
-0.000732422
24
0.00146484
106
0.00646973
215
0.0131226
41
0.00250244
194
0.0118408
-11
-0.000671387
19
0.00115967
3
0.000183105
-184
-0.0112305
-55
-0.00335693
-131
-0.00799561
-30
-0.00183105
294
0.0179443
160
0.00976562
167
0.0101929
-108
-0.0065918
344
0.0209961
101
0.00616455
-302
-0.0184326
15
0.000915527
299
0.0182495
-6
-0.000366211
134
0.00817871
133
0.00811768
333
0.0203247
4
0.000244141
-106
-0.00646973
42
0.00256348
-39
-0.00238037
130
0.00793457
-191
-0.0116577
-151
-0.00921631
292
0.0178223
-92
-0.00561523
-179
-0.0109253
-45
-0.00274658
-336
-0.0205078
-59
-0.00360107
373
0.0227661
58
0.00354004
-218
-0.0133057
-59
-0.00360107
43
0.00262451
-32
-0.00195312
-23
-0.00140381
-91
-0.0055542
118
0.00720215
165
0.0100708
-85
-0.00518799
-156
-0.00952148
172
0.010498
16
0.000976562
53
0.00323486
28
0.00170898
-387
-0.0236206
-108
-0.0065918
-169
-0.0103149
213
0.0130005
69
0.00421143
-140
-0.00854492
-384
-0.0234375
-68
-0.00415039
96
0.00585938
-71
-0.0043335
-173
-0.0105591
138
0.00842285
141
0.00860596
-62
-0.00378418
215
0.0131226
117
0.00714111
84
0.00512695
-13
-0.000793457
209
0.0127563
39
0.00238037
291
0.0177612
14
0.000854492
-325
-0.0198364
19
0.00115967
-87
-0.00531006
137
0.00836182
382
0.0233154
72
0.00439453
162
0.0098877
-192
-0.0117188
87
0.00531006
-7
-0.000427246
208
0.0126953
-66
-0.00402832
50
0.00305176
-14
-0.000854492
11
0.000671387
131
0.00799561
226
0.0137939
-65
-0.00396729
-406
-0.0247803
-178
-0.0108643
-49
-0.00299072
-77
-0.00469971
-422
-0.0257568
141
0.00860596
-266
-0.0162354
-27
-0.00164795
124
0.00756836
118
0.00720215
-564
-0.0344238
-143
-0.00872803
12
0.000732422
73
0.00445557
124
0.00756836
88
0.00537109
-24
-0.00146484
200
0.012207
274
0.0167236
74
0.0045166
-99
-0.00604248
174
0.0106201
91
0.0055542
-58
-0.00354004
92
0.00561523
37
0.0022583
-434
-0.0264893
-8
-0.000488281
-507
-0.0309448
-159
-0.00970459
275
0.0167847
201
0.0122681
110
0.00671387
262
0.0159912
96
0.00585938
127
0.00775146
-61
-0.00372314
-90
-0.00549316
-84
-0.00512695
-138
-0.00842285
-165
-0.0100708
-189
-0.0115356
-220
-0.0134277
99
0.00604248
-124
-0.00756836
115
0.00701904
284
0.017334
47
0.00286865
106
0.00646973
-34
-0.0020752
-106
-0.00646973
-145
-0.0088501
-72
-0.00439453
-95
-0.00579834
14
0.000854492
-74
-0.0045166
-104
-0.00634766
152
0.00927734
-33
-0.00201416
45
0.00274658
-24
-0.00146484
-54
-0.0032959
-266
-0.0162354
-64
-0.00390625
-133
-0.00811768
-466
-0.0284424
-68
-0.00415039
68
0.00415039
114
0.00695801
58
0.00354004
16
0.000976562
41
0.00250244
143
0.00872803
114
0.00695801
136
0.00830078
33
0.00201416
-196
-0.0119629
84
0.00512695
33
0.00201416
95
0.00579834
-238
-0.0145264
121
0.00738525
297
0.0181274
-218
-0.0133057
-229
-0.0139771
220
0.0134277
-316
-0.0192871
81
0.00494385
267
0.0162964
152
0.00927734
532
0.0324707
-43
-0.00262451
-186
-0.0113525
25
0.00152588
102
0.00622559
151
0.00921631
207
0.0126343
69
0.00421143
-125
-0.00762939
69
0.00421143
43
0.00262451
122
0.00744629
124
0.00756836
257
0.015686
-235
-0.0143433
-201
-0.0122681
-93
-0.00567627
-61
-0.00372314
78
0.00476074
-11
-0.000671387
8
0.000488281
-92
-0.00561523
-186
-0.0113525
54
0.0032959
-27
-0.00164795
-7
-0.000427246
329
0.0200806
-220
-0.0134277
163
0.00994873
-49
-0.00299072
-369
-0.022522
-98
-0.00598145
-590
-0.0360107
163
0.00994873
452
0.0275879
-194
-0.0118408
312
0.019043
82
0.00500488
166
0.0101318
24
0.00146484
-231
-0.0140991
-19
-0.00115967
32
0.00195312
96
0.00585938
-79
-0.00482178
-91
-0.0055542
25
0.00152588
-35
-0.00213623
25
0.00152588
46
0.00280762
143
0.00872803
107
0.00653076
150
0.00915527
191
0.0116577
302
0.0184326
66
0.00402832
-134
-0.00817871
-131
-0.00799561
497
0.0303345
-47
-0.00286865
-129
-0.00787354
88
0.00537109
-470
-0.0286865
-42
-0.00256348
232
0.0141602
-4
-0.000244141
-15
-0.000915527
31
0.00189209
129
0.00787354
-66
-0.00402832
-242
-0.0147705
66
0.00402832
254
0.0155029
21
0.00128174
71
0.0043335
33
0.00201416
-510
-0.0311279
207
0.0126343
370
0.022583
77
0.00469971
152
0.00927734
-46
-0.00280762
97
0.00592041
144
0.00878906
-315
-0.0192261
-20
-0.0012207
84
0.00512695
57
0.003479
-93
-0.00567627
49
0.00299072
-616
-0.0375977
350
0.0213623
-105
-0.00640869
-214
-0.0130615
-355
-0.0216675
2
0.00012207
-152
-0.00927734
-94
-0.0057373
-124
-0.00756836
-218
-0.0133057
352
0.0214844
17
0.0010376
163
0.00994873
-114
-0.00695801
235
0.0143433
-35
-0.00213623
-97
-0.00592041
-68
-0.00415039
99
0.00604248
-51
-0.00311279
-249
-0.0151978
182
0.0111084
441
0.0269165
68
0.00415039
224
0.0136719
295
0.0180054
149
0.00909424
155
0.00946045
-92
-0.00561523
-152
-0.00927734
-200
-0.012207
96
0.00585938
235
0.0143433
-86
-0.00524902
326
0.0198975
13
0.000793457
209
0.0127563
102
0.00622559
-27
-0.00164795
-168
-0.0102539
49
0.00299072
193
0.0117798
157
0.00958252
-22
-0.00134277
233
0.0142212
103
0.00628662
-31
-0.00189209
108
0.0065918
74
0.0045166
-118
-0.00720215
-184
-0.0112305
98
0.00598145
-229
-0.0139771
300
0.0183105
-269
-0.0164185
-94
-0.0057373
416
0.0253906
-138
-0.00842285
600
0.0366211
-25
-0.00152588
502
0.0306396
142
0.00866699
-294
-0.0179443
-256
-0.015625
-157
-0.00958252
-41
-0.00250244
-248
-0.0151367
-138
-0.00842285
83
0.00506592
105
0.00640869
-80
-0.00488281
55
0.00335693
-178
-0.0108643
-60
-0.00366211
-274
-0.0167236
150
0.00915527
-243
-0.0148315
-161
-0.00982666
-163
-0.00994873
-15
-0.000915527
238
0.0145264
-171
-0.010437
-136
-0.00830078
165
0.0100708
4
0.000244141
-46
-0.00280762
-49
-0.00299072
-2
-0.00012207
-335
-0.0204468
9
0.000549316
67
0.00408936
-18
-0.00109863
-37
-0.0022583
35
0.00213623
-120
-0.00732422
-98
-0.00598145
268
0.0163574
52
0.00317383
-56
-0.00341797
219
0.0133667
-176
-0.0107422
220
0.0134277
-184
-0.0112305
123
0.00750732
128
0.0078125
-76
-0.00463867
310
0.0189209
-122
-0.00744629
-423
-0.0258179
-45
-0.00274658
323
0.0197144
41
0.00250244
302
0.0184326
175
0.0106812
34
0.0020752
52
0.00317383
-376
-0.0229492
-55
-0.00335693
451
0.0275269
96
0.00585938
38
0.00231934
99
0.00604248
281
0.0171509
-132
-0.00805664
-303
-0.0184937
-71
-0.0043335
188
0.0114746
-100
-0.00610352
-272
-0.0166016
198
0.012085
26
0.00158691
-55
-0.00335693
196
0.0119629
203
0.0123901
-584
-0.0356445
-81
-0.00494385
78
0.00476074
-21
-0.00128174
-149
-0.00909424
22
0.00134277
-214
-0.0130615
-104
-0.00634766
248
0.0151367
-53
-0.00323486
289
0.0176392
-19
-0.00115967
-255
-0.015564
-134
-0.00817871
-321
-0.0195923
-91
-0.0055542
-121
-0.00738525
151
0.00921631
145
0.0088501
-39
-0.00238037
-207
-0.0126343
-67
-0.00408936
-270
-0.0164795
-30
-0.00183105
158
0.00964355
-180
-0.0109863
-66
-0.00402832
-144
-0.00878906
-290
-0.0177002
-6
-0.000366211
120
0.00732422
-5
-0.000305176
-378
-0.0230713
84
0.00512695
144
0.00878906
166
0.0101318
109
0.00665283
-149
-0.00909424
268
0.0163574
-219
-0.0133667
-173
-0.0105591
54
0.0032959
341
0.020813
-96
-0.00585938
-130
-0.00793457
-161
-0.00982666
-725
-0.0442505
71
0.0043335
158
0.00964355
71
0.0043335
277
0.0169067
19
0.00115967
-339
-0.0206909
54
0.0032959
-623
-0.0380249
-93
-0.00567627
126
0.00769043
207
0.0126343
-53
-0.00323486
292
0.0178223
225
0.0137329
-20
-0.0012207
85
0.00518799
188
0.0114746
156
0.00952148
-10
-0.000610352
165
0.0100708
-1
-6.10352e-05
-60
-0.00366211
-16
-0.000976562
332
0.0202637
30
0.00183105
-221
-0.0134888
-213
-0.0130005
52
0.00317383
-15
-0.000915527
-18
-0.00109863
50
0.00305176
-111
-0.0067749
-154
-0.00939941
361
0.0220337
137
0.00836182
302
0.0184326
32
0.00195312
-168
-0.0102539
154
0.00939941
344
0.0209961
29
0.00177002
312
0.019043
-172
-0.010498
-73
-0.00445557
91
0.0055542
-135
-0.00823975
55
0.00335693
356
0.0217285
-44
-0.00268555
-296
-0.0180664
-126
-0.00769043
-134
-0.00817871
178
0.0108643
9
0.000549316
-198
-0.012085
438
0.0267334
-64
-0.00390625
-281
-0.0171509
92
0.00561523
307
0.0187378
49
0.00299072
-87
-0.00531006
-11
-0.000671387
-166
-0.0101318
-4
-0.000244141
145
0.0088501
103
0.00628662
325
0.0198364
-243
-0.0148315
-140
-0.00854492
37
0.0022583
158
0.00964355
-73
-0.00445557
-71
-0.0043335
111
0.0067749
30
0.00183105
30
0.00183105
137
0.00836182
-288
-0.0175781
-127
-0.00775146
-149
-0.00909424
58
0.00354004
-134
-0.00817871
-242
-0.0147705
-68
-0.00415039
-306
-0.0186768
-13
-0.000793457
47
0.00286865
-51
-0.00311279
146
0.00891113
97
0.00592041
11
0.000671387
-16
-0.000976562
-448
-0.0273438
-224
-0.0136719
-214
-0.0130615
68
0.00415039
-290
-0.0177002
-77
-0.00469971
145
0.0088501
-31
-0.00189209
