9
0.00219727
66
0.0161133
-8
-0.00195312
-26
-0.00634766
34
0.00830078
53
0.0129395
26
0.00634766
-19
-0.00463867
60
0.0146484
88
0.0214844
41
0.0100098
34
0.00830078
24
0.00585938
16
0.00390625
4
0.000976562
67
0.0163574
-169
-0.0412598
-24
-0.00585938
20
0.00488281
32
0.0078125
140
0.0341797
-35
-0.00854492
125
0.0305176
-50
-0.012207
-120
-0.0292969
26
0.00634766
36
0.00878906
-46
-0.0112305
61
0.0148926
-26
-0.00634766
58
0.0141602
-14
-0.00341797
-78
-0.019043
11
0.00268555
-31
-0.00756836
40
0.00976562
-71
-0.017334
54
0.0131836
17
0.00415039
50
0.012207
50
0.012207
-36
-0.00878906
46
0.0112305
12
0.00292969
81
0.0197754
-30
-0.00732422
-122
-0.0297852
123
0.0300293
173
0.0422363
8
0.00195312
64
0.015625
68
0.0166016
112
0.0273438
-42
-0.0102539
21
0.00512695
141
0.0344238
-172
-0.0419922
65
0.0158691
-39
-0.00952148
-2
-0.000488281
22
0.00537109
-8
-0.00195312
-30
-0.00732422
76
0.0185547
149
0.036377
-79
-0.0192871
-49
-0.0119629
35
0.00854492
12
0.00292969
34
0.00830078
122
0.0297852
-45
-0.0109863
-31
-0.00756836
-67
-0.0163574
-70
-0.0170898
27
0.0065918
-141
-0.0344238
-139
-0.0339355
72
0.0175781
127
0.0310059
-105
-0.0256348
30
0.00732422
111
0.0270996
-50
-0.012207
18
0.00439453
-9
-0.00219727
16
0.00390625
32
0.0078125
-68
-0.0166016
38
0.00927734
-89
-0.0217285
41
0.0100098
-38
-0.00927734
-48
-0.0117188
0
0
13
0.00317383
72
0.0175781
36
0.00878906
-69
-0.0168457
-109
-0.0266113
-33
-0.00805664
-78
-0.019043
4
0.000976562
-121
-0.029541
-77
-0.0187988
38
0.00927734
6
0.00146484
-8
-0.00195312
14
0.00341797
-63
-0.0153809
86
0.0209961
-70
-0.0170898
-12
-0.00292969
26
0.00634766
-137
-0.0334473
20
0.00488281
37
0.0090332
20
0.00488281
-28
-0.00683594
-24
-0.00585938
-33
-0.00805664
46
0.0112305
-1
-0.000244141
-27
-0.0065918
85
0.020752
86
0.0209961
46
0.0112305
15
0.00366211
141
0.0344238
-19
-0.00463867
165
0.0402832
36
0.00878906
0
0
-70
-0.0170898
41
0.0100098
-9
-0.00219727
-136
-0.0332031
30
0.00732422
20
0.00488281
-23
-0.00561523
-36
-0.00878906
-42
-0.0102539
-81
-0.0197754
26
0.00634766
-78
-0.019043
4
0.000976562
-86
-0.0209961
-31
-0.00756836
25
0.00610352
-142
-0.034668
-21
-0.00512695
-15
-0.00366211
16
0.00390625
17
0.00415039
62
0.0151367
-74
-0.0180664
53
0.0129395
5
0.0012207
92
0.0224609
-29
-0.00708008
-82
-0.0200195
32
0.0078125
36
0.00878906
-59
-0.0144043
24
0.00585938
139
0.0339355
6
0.00146484
-74
-0.0180664
80
0.0195312
-19
-0.00463867
-29
-0.00708008
13
0.00317383
1
0.000244141
28
0.00683594
9
0.00219727
-94
-0.0229492
156
0.0380859
49
0.0119629
-66
-0.0161133
-47
-0.0114746
55
0.0134277
23
0.00561523
-69
-0.0168457
-36
-0.00878906
77
0.0187988
-4
-0.000976562
153
0.0373535
-4
-0.000976562
24
0.00585938
23
0.00561523
-32
-0.0078125
-30
-0.00732422
-19
-0.00463867
-87
-0.0212402
-5
-0.0012207
54
0.0131836
-136
-0.0332031
-5
-0.0012207
31
0.00756836
-68
-0.0166016
159
0.0388184
-114
-0.027832
-22
-0.00537109
-32
-0.0078125
187
0.0456543
2
0.000488281
-8
-0.00195312
12
0.00292969
-22
-0.00537109
-31
-0.00756836
-121
-0.029541
-25
-0.00610352
87
0.0212402
-39
-0.00952148
97
0.0236816
-30
-0.00732422
125
0.0305176
-46
-0.0112305
128
0.03125
73
0.0178223
78
0.019043
-31
-0.00756836
42
0.0102539
8
0.00195312
-1
-0.000244141
93
0.0227051
-141
-0.0344238
75
0.0183105
-28
-0.00683594
-36
-0.00878906
69
0.0168457
-43
-0.010498
156
0.0380859
27
0.0065918
-112
-0.0273438
-49
-0.0119629
-87
-0.0212402
-7
-0.00170898
-32
-0.0078125
13
0.00317383
79
0.0192871
29
0.00708008
-32
-0.0078125
-29
-0.00708008
122
0.0297852
-59
-0.0144043
-58
-0.0141602
33
0.00805664
51
0.0124512
-12
-0.00292969
-54
-0.0131836
-114
-0.027832
83
0.0202637
21
0.00512695
109
0.0266113
54
0.0131836
106
0.0258789
66
0.0161133
11
0.00268555
-30
-0.00732422
-25
-0.00610352
-40
-0.00976562
112
0.0273438
56
0.0136719
-53
-0.0129395
-56
-0.0136719
60
0.0146484
-51
-0.0124512
-7
-0.00170898
-58
-0.0141602
28
0.00683594
-22
-0.00537109
-4
-0.000976562
36
0.00878906
37
0.0090332
42
0.0102539
-82
-0.0200195
48
0.0117188
-73
-0.0178223
1
0.000244141
168
0.0410156
-45
-0.0109863
36
0.00878906
12
0.00292969
-6
-0.00146484
60
0.0146484
29
0.00708008
30
0.00732422
-19
-0.00463867
3
0.000732422
19
0.00463867
81
0.0197754
23
0.00561523
55
0.0134277
52
0.0126953
-88
-0.0214844
71
0.017334
-51
-0.0124512
33
0.00805664
-53
-0.0129395
8
0.00195312
47
0.0114746
71
0.017334
-79
-0.0192871
-62
-0.0151367
-45
-0.0109863
17
0.00415039
177
0.0432129
-17
-0.00415039
34
0.00830078
-29
-0.00708008
53
0.0129395
-42
-0.0102539
54
0.0131836
77
0.0187988
-50
-0.012207
152
0.0371094
76
0.0185547
-14
-0.00341797
60
0.0146484
180
0.0439453
-19
-0.00463867
-55
-0.0134277
12
0.00292969
21
0.00512695
94
0.0229492
-23
-0.00561523
86
0.0209961
-22
-0.00537109
-59
-0.0144043
70
0.0170898
-121
-0.029541
145
0.0354004
103
0.0251465
-166
-0.0405273
-9
-0.00219727
-111
-0.0270996
-50
-0.012207
75
0.0183105
-5
-0.0012207
41
0.0100098
-42
-0.0102539
77
0.0187988
33
0.00805664
-152
-0.0371094
64
0.015625
57
0.013916
4
0.000976562
23
0.00561523
27
0.0065918
-99
-0.0241699
-34
-0.00830078
-46
-0.0112305
52
0.0126953
28
0.00683594
17
0.00415039
79
0.0192871
74
0.0180664
-42
-0.0102539
53
0.0129395
51
0.0124512
-77
-0.0187988
-93
-0.0227051
53
0.0129395
-16
-0.00390625
-26
-0.00634766
0
0
-93
-0.0227051
-182
-0.0444336
-29
-0.00708008
21
0.00512695
-72
-0.0175781
127
0.0310059
-55
-0.0134277
38
0.00927734
60
0.0146484
21
0.00512695
21
0.00512695
-107
-0.026123
71
0.017334
40
0.00976562
67
0.0163574
-26
-0.00634766
-62
-0.0151367
94
0.0229492
26
0.00634766
123
0.0300293
-23
-0.00561523
-133
-0.0324707
117
0.0285645
-60
-0.0146484
97
0.0236816
198
0.0483398
1
0.000244141
76
0.0185547
21
0.00512695
-14
-0.00341797
-30
-0.00732422
127
0.0310059
101
0.0246582
57
0.013916
59
0.0144043
73
0.0178223
-5
-0.0012207
-39
-0.00952148
-102
-0.0249023
-13
-0.00317383
-31
-0.00756836
52
0.0126953
17
0.00415039
121
0.029541
-41
-0.0100098
118
0.0288086
-29
-0.00708008
-20
-0.00488281
-25
-0.00610352
71
0.017334
-35
-0.00854492
-26
-0.00634766
28
0.00683594
20
0.00488281
-27
-0.0065918
10
0.00244141
47
0.0114746
27
0.0065918
-53
-0.0129395
-55
-0.0134277
35
0.00854492
46
0.0112305
-89
-0.0217285
-95
-0.0231934
-45
-0.0109863
-40
-0.00976562
47
0.0114746
-163
-0.0397949
16
0.00390625
-18
-0.00439453
79
0.0192871
-53
-0.0129395
-33
-0.00805664
-135
-0.032959
-18
-0.00439453
-59
-0.0144043
25
0.00610352
39
0.00952148
-23
-0.00561523
-85
-0.020752
0
0
-88
-0.0214844
84
0.0205078
77
0.0187988
17
0.00415039
31
0.00756836
-83
-0.0202637
156
0.0380859
-80
-0.0195312
22
0.00537109
-143
-0.0349121
-6
-0.00146484
0
0
-25
-0.00610352
-34
-0.00830078
-51
-0.0124512
-20
-0.00488281
-96
-0.0234375
-15
-0.00366211
-27
-0.0065918
43
0.010498
6
0.00146484
-5
-0.0012207
-94
-0.0229492
111
0.0270996
-6
-0.00146484
65
0.0158691
-10
-0.00244141
24
0.00585938
63
0.0153809
-33
-0.00805664
-28
-0.00683594
99
0.0241699
-15
-0.00366211
84
0.0205078
26
0.00634766
22
0.00537109
-2
-0.000488281
51
0.0124512
-5
-0.0012207
10
0.00244141
0
0
157
0.0383301
104
0.0253906
68
0.0166016
73
0.0178223
-44
-0.0107422
-56
-0.0136719
-46
-0.0112305
49
0.0119629
22
0.00537109
78
0.019043
-85
-0.020752
93
0.0227051
-16
-0.00390625
-53
-0.0129395
-2
-0.000488281
-14
-0.00341797
-23
-0.00561523
46
0.0112305
12
0.00292969
-73
-0.0178223
74
0.0180664
-59
-0.0144043
85
0.020752
-33
-0.00805664
-77
-0.0187988
-120
-0.0292969
5
0.0012207
75
0.0183105
34
0.00830078
46
0.0112305
33
0.00805664
63
0.0153809
60
0.0146484
117
0.0285645
-41
-0.0100098
-38
-0.00927734
38
0.00927734
-122
-0.0297852
103
0.0251465
-55
-0.0134277
-43
-0.010498
-51
-0.0124512
6
0.00146484
-79
-0.0192871
-6
-0.00146484
-20
-0.00488281
90
0.0219727
-105
-0.0256348
41
0.0100098
-2
-0.000488281
41
0.0100098
2
0.000488281
-59
-0.0144043
-20
-0.00488281
46
0.0112305
49
0.0119629
72
0.0175781
-49
-0.0119629
21
0.00512695
65
0.0158691
-36
-0.00878906
97
0.0236816
74
0.0180664
26
0.00634766
38
0.00927734
-22
-0.00537109
122
0.0297852
-81
-0.0197754
19
0.00463867
114
0.027832
43
0.010498
45
0.0109863
-11
-0.00268555
-105
-0.0256348
-62
-0.0151367
-17
-0.00415039
13
0.00317383
-63
-0.0153809
-53
-0.0129395
-22
-0.00537109
79
0.0192871
-13
-0.00317383
27
0.0065918
49
0.0119629
20
0.00488281
-117
-0.0285645
-14
-0.00341797
77
0.0187988
45
0.0109863
-132
-0.0322266
31
0.00756836
-29
-0.00708008
-4
-0.000976562
78
0.019043
43
0.010498
-120
-0.0292969
-86
-0.0209961
2
0.000488281
3
0.000732422
183
0.0446777
-16
-0.00390625
-31
-0.00756836
86
0.0209961
-25
-0.00610352
15
0.00366211
38
0.00927734
77
0.0187988
23
0.00561523
-12
-0.00292969
47
0.0114746
56
0.0136719
-90
-0.0219727
-15
-0.00366211
-37
-0.0090332
14
0.00341797
104
0.0253906
-55
-0.0134277
55
0.0134277
9
0.00219727
-40
-0.00976562
-84
-0.0205078
-43
-0.010498
-56
-0.0136719
-118
-0.0288086
-31
-0.00756836
-43
-0.010498
13
0.00317383
-37
-0.0090332
-53
-0.0129395
-18
-0.00439453
-25
-0.00610352
127
0.0310059
-38
-0.00927734
-42
-0.0102539
-59
-0.0144043
-14
-0.00341797
5
0.0012207
-44
-0.0107422
47
0.0114746
21
0.00512695
20
0.00488281
-122
-0.0297852
-26
-0.00634766
34
0.00830078
-44
-0.0107422
-169
-0.0412598
-67
-0.0163574
-45
-0.0109863
-99
-0.0241699
-94
-0.0229492
-16
-0.00390625
-70
-0.0170898
-61
-0.0148926
-157
-0.0383301
-40
-0.00976562
-27
-0.0065918
56
0.0136719
-60
-0.0146484
-50
-0.012207
129
0.0314941
54
0.0131836
-57
-0.013916
65
0.0158691
-79
-0.0192871
-37
-0.0090332
-9
-0.00219727
120
0.0292969
-163
-0.0397949
-40
-0.00976562
3
0.000732422
-19
-0.00463867
-4
-0.000976562
-59
-0.0144043
-35
-0.00854492
37
0.0090332
97
0.0236816
54
0.0131836
-11
-0.00268555
96
0.0234375
81
0.0197754
54
0.0131836
-205
-0.0500488
-52
-0.0126953
45
0.0109863
34
0.00830078
59
0.0144043
-60
-0.0146484
23
0.00561523
13
0.00317383
-135
-0.032959
-53
-0.0129395
-22
-0.00537109
-8
-0.00195312
-38
-0.00927734
125
0.0305176
-106
-0.0258789
33
0.00805664
19
0.00463867
56
0.0136719
-2
-0.000488281
-41
-0.0100098
-19
-0.00463867
-71
-0.017334
148
0.0361328
-3
-0.000732422
45
0.0109863
-33
-0.00805664
-35
-0.00854492
23
0.00561523
-203
-0.0495605
48
0.0117188
-39
-0.00952148
-71
-0.017334
-72
-0.0175781
20
0.00488281
148
0.0361328
-86
-0.0209961
47
0.0114746
-79
-0.0192871
115
0.0280762
-18
-0.00439453
58
0.0141602
41
0.0100098
73
0.0178223
-56
-0.0136719
67
0.0163574
64
0.015625
-23
-0.00561523
-35
-0.00854492
-85
-0.020752
-32
-0.0078125
-66
-0.0161133
20
0.00488281
68
0.0166016
118
0.0288086
-31
-0.00756836
-104
-0.0253906
-11
-0.00268555
-36
-0.00878906
-45
-0.0109863
-62
-0.0151367
6
0.00146484
-8
-0.00195312
-29
-0.00708008
-32
-0.0078125
-123
-0.0300293
-50
-0.012207
-89
-0.0217285
-61
-0.0148926
43
0.010498
14
0.00341797
29
0.00708008
47
0.0114746
-19
-0.00463867
78
0.019043
17
0.00415039
-86
-0.0209961
-73
-0.0178223
-20
-0.00488281
-20
-0.00488281
18
0.00439453
-41
-0.0100098
38
0.00927734
105
0.0256348
-21
-0.00512695
162
0.0395508
-7
-0.00170898
71
0.017334
-18
-0.00439453
-37
-0.0090332
-13
-0.00317383
0
0
-37
-0.0090332
-33
-0.00805664
-121
-0.029541
-2
-0.000488281
-2
-0.000488281
10
0.00244141
40
0.00976562
-80
-0.0195312
-29
-0.00708008
-105
-0.0256348
22
0.00537109
84
0.0205078
-1
-0.000244141
-214
-0.0522461
-32
-0.0078125
-23
-0.00561523
4
0.000976562
-41
-0.0100098
51
0.0124512
-18
-0.00439453
-14
-0.00341797
39
0.00952148
9
0.00219727
-69
-0.0168457
99
0.0241699
6
0.00146484
7
0.00170898
-47
-0.0114746
-18
-0.00439453
-76
-0.0185547
67
0.0163574
-29
-0.00708008
-45
-0.0109863
-80
-0.0195312
16
0.00390625
-4
-0.000976562
108
0.0263672
-168
-0.0410156
14
0.00341797
46
0.0112305
-11
-0.00268555
-80
-0.0195312
46
0.0112305
11
0.00268555
98
0.0239258
-101
-0.0246582
-26
-0.00634766
20
0.00488281
66
0.0161133
-24
-0.00585938
19
0.00463867
-61
-0.0148926
60
0.0146484
-33
-0.00805664
76
0.0185547
-73
-0.0178223
149
0.036377
-71
-0.017334
-51
-0.0124512
20
0.00488281
5
0.0012207
14
0.00341797
-66
-0.0161133
-174
-0.0424805
38
0.00927734
44
0.0107422
-54
-0.0131836
22
0.00537109
-51
-0.0124512
-178
-0.043457
-58
-0.0141602
-56
-0.0136719
-34
-0.00830078
-19
-0.00463867
25
0.00610352
-21
-0.00512695
79
0.0192871
57
0.013916
31
0.00756836
57
0.013916
-26
-0.00634766
-32
-0.0078125
0
0
-56
-0.0136719
58
0.0141602
28
0.00683594
-94
-0.0229492
-84
-0.0205078
131
0.0319824
17
0.00415039
-37
-0.0090332
-5
-0.0012207
-9
-0.00219727
-34
-0.00830078
-26
-0.00634766
-76
-0.0185547
20
0.00488281
4
0.000976562
142
0.034668
-1
-0.000244141
-61
-0.0148926
10
0.00244141
54
0.0131836
-76
-0.0185547
-38
-0.00927734
68
0.0166016
-4
-0.000976562
1
0.000244141
-3
-0.000732422
-76
-0.0185547
29
0.00708008
-4
-0.000976562
-22
-0.00537109
58
0.0141602
137
0.0334473
29
0.00708008
-31
-0.00756836
-80
-0.0195312
47
0.0114746
-2
-0.000488281
-44
-0.0107422
-122
-0.0297852
-99
-0.0241699
93
0.0227051
-8
-0.00195312
35
0.00854492
-125
-0.0305176
33
0.00805664
81
0.0197754
-37
-0.0090332
-82
-0.0200195
-48
-0.0117188
0
0
22
0.00537109
59
0.0144043
21
0.00512695
22
0.00537109
16
0.00390625
-39
-0.00952148
-72
-0.0175781
-116
-0.0283203
36
0.00878906
40
0.00976562
5
0.0012207
12
0.00292969
-126
-0.0307617
89
0.0217285
-34
-0.00830078
-41
-0.0100098
-35
-0.00854492
24
0.00585938
-39
-0.00952148
108
0.0263672
-41
-0.0100098
19
0.00463867
42
0.0102539
-1
-0.000244141
-7
-0.00170898
29
0.00708008
20
0.00488281
4
0.000976562
51
0.0124512
-8
-0.00195312
0
0
-77
-0.0187988
22
0.00537109
60
0.0146484
94
0.0229492
-44
-0.0107422
-107
-0.026123
44
0.0107422
-15
-0.00366211
-45
-0.0109863
9
0.00219727
-49
-0.0119629
68
0.0166016
55
0.0134277
55
0.0134277
17
0.00415039
-1
-0.000244141
57
0.013916
-31
-0.00756836
-23
-0.00561523
-43
-0.010498
-31
-0.00756836
40
0.00976562
-66
-0.0161133
-28
-0.00683594
-10
-0.00244141
-63
-0.0153809
-114
-0.027832
-60
-0.0146484
55
0.0134277
-50
-0.012207
90
0.0219727
162
0.0395508
-15
-0.00366211
-2
-0.000488281
-3
-0.000732422
92
0.0224609
52
0.0126953
-141
-0.0344238
42
0.0102539
-50
-0.012207
51
0.0124512
-97
-0.0236816
9
0.00219727
-81
-0.0197754
66
0.0161133
-137
-0.0334473
27
0.0065918
-10
-0.00244141
15
0.00366211
-11
-0.00268555
38
0.00927734
77
0.0187988
56
0.0136719
-26
-0.00634766
-15
-0.00366211
15
0.00366211
-18
-0.00439453
-126
-0.0307617
24
0.00585938
21
0.00512695
53
0.0129395
-4
-0.000976562
-43
-0.010498
40
0.00976562
52
0.0126953
100
0.0244141
-81
-0.0197754
30
0.00732422
-104
-0.0253906
33
0.00805664
-58
-0.0141602
9
0.00219727
6
0.00146484
6
0.00146484
-27
-0.0065918
-64
-0.015625
-79
-0.0192871
-44
-0.0107422
-89
-0.0217285
-24
-0.00585938
5
0.0012207
-104
-0.0253906
-53
-0.0129395
-65
-0.0158691
130
0.0317383
-23
-0.00561523
-22
-0.00537109
-30
-0.00732422
36
0.00878906
13
0.00317383
-48
-0.0117188
-65
-0.0158691
60
0.0146484
80
0.0195312
-48
-0.0117188
-70
-0.0170898
15
0.00366211
-87
-0.0212402
-121
-0.029541
16
0.00390625
-48
-0.0117188
71
0.017334
101
0.0246582
-45
-0.0109863
27
0.0065918
-53
-0.0129395
81
0.0197754
-70
-0.0170898
-18
-0.00439453
-74
-0.0180664
42
0.0102539
39
0.00952148
-1
-0.000244141
-20
-0.00488281
-82
-0.0200195
34
0.00830078
10
0.00244141
-59
-0.0144043
57
0.013916
37
0.0090332
4
0.000976562
12
0.00292969
6
0.00146484
10
0.00244141
-50
-0.012207
-21
-0.00512695
-43
-0.010498
-58
-0.0141602
-21
-0.00512695
49
0.0119629
-86
-0.0209961
91
0.0222168
-12
-0.00292969
-70
-0.0170898
-6
-0.00146484
-85
-0.020752
-36
-0.00878906
-60
-0.0146484
32
0.0078125
-50
-0.012207
-22
-0.00537109
-87
-0.0212402
47
0.0114746
96
0.0234375
28
0.00683594
-62
-0.0151367
71
0.017334
-84
-0.0205078
3
0.000732422
-5
-0.0012207
-35
-0.00854492
-110
-0.0268555
7
0.00170898
-102
-0.0249023
-50
-0.012207
-59
-0.0144043
0
0
87
0.0212402
-3
-0.000732422
48
0.0117188
-108
-0.0263672
57
0.013916
-33
-0.00805664
88
0.0214844
18
0.00439453
138
0.0336914
52
0.0126953
59
0.0144043
-55
-0.0134277
79
0.0192871
47
0.0114746
-53
-0.0129395
-26
-0.00634766
37
0.0090332
-14
-0.00341797
13
0.00317383
-21
-0.00512695
-80
-0.0195312
-49
-0.0119629
-79
-0.0192871
8
0.00195312
106
0.0258789
5
0.0012207
-68
-0.0166016
2
0.000488281
82
0.0200195
-116
-0.0283203
-47
-0.0114746
17
0.00415039
-57
-0.013916
-75
-0.0183105
40
0.00976562
-24
-0.00585938
34
0.00830078
-46
-0.0112305
47
0.0114746
36
0.00878906
39
0.00952148
-90
-0.0219727
-68
-0.0166016
6
0.00146484
-31
-0.00756836
-36
-0.00878906
20
0.00488281
-2
-0.000488281
34
0.00830078
-11
-0.00268555
7
0.00170898
-24
-0.00585938
103
0.0251465
-83
-0.0202637
174
0.0424805
81
0.0197754
89
0.0217285
52
0.0126953
-86
-0.0209961
-103
-0.0251465
-61
-0.0148926
-80
-0.0195312
108
0.0263672
26
0.00634766
32
0.0078125
-30
-0.00732422
124
0.0302734
-4
-0.000976562
-54
-0.0131836
-29
-0.00708008
31
0.00756836
-40
-0.00976562
54
0.0131836
-49
-0.0119629
-65
-0.0158691
63
0.0153809
47
0.0114746
-104
-0.0253906
76
0.0185547
44
0.0107422
82
0.0200195
16
0.00390625
136
0.0332031
97
0.0236816
-56
-0.0136719
61
0.0148926
74
0.0180664
23
0.00561523
-89
-0.0217285
48
0.0117188
13
0.00317383
-18
-0.00439453
-80
-0.0195312
125
0.0305176
81
0.0197754
34
0.00830078
91
0.0222168
28
0.00683594
-56
-0.0136719
115
0.0280762
58
0.0141602
3
0.000732422
2
0.000488281
-28
-0.00683594
20
0.00488281
-50
-0.012207
25
0.00610352
45
0.0109863
-96
-0.0234375
34
0.00830078
-4
-0.000976562
-37
-0.0090332
-79
-0.0192871
-12
-0.00292969
20
0.00488281
45
0.0109863
202
0.0493164
17
0.00415039
74
0.0180664
-90
-0.0219727
56
0.0136719
38
0.00927734
29
0.00708008
35
0.00854492
116
0.0283203
-7
-0.00170898
-12
-0.00292969
20
0.00488281
87
0.0212402
-25
-0.00610352
53
0.0129395
-85
-0.020752
-181
-0.0441895
-47
-0.0114746
65
0.0158691
71
0.017334
42
0.0102539
-78
-0.019043
-10
-0.00244141
-48
-0.0117188
-52
-0.0126953
26
0.00634766
-30
-0.00732422
44
0.0107422
3
0.000732422
43
0.010498
-58
-0.0141602
-32
-0.0078125
144
0.0351562
141
0.0344238
55
0.0134277
44
0.0107422
-62
-0.0151367
-4
-0.000976562
-117
-0.0285645
-95
-0.0231934
-146
-0.0356445
31
0.00756836
-69
-0.0168457
-47
-0.0114746
122
0.0297852
62
0.0151367
36
0.00878906
-56
-0.0136719
20
0.00488281
13
0.00317383
54
0.0131836
-7
-0.00170898
-45
-0.0109863
-60
-0.0146484
-109
-0.0266113
-22
-0.00537109
43
0.010498
-82
-0.0200195
-76
-0.0185547
-50
-0.012207
-67
-0.0163574
47
0.0114746
-92
-0.0224609
-94
-0.0229492
94
0.0229492
6
0.00146484
-157
-0.0383301
-76
-0.0185547
-50
-0.012207
72
0.0175781
-98
-0.0239258
96
0.0234375
89
0.0217285
-59
-0.0144043
43
0.010498
1
0.000244141
118
0.0288086
14
0.00341797
-69
-0.0168457
55
0.0134277
93
0.0227051
68
0.0166016
109
0.0266113
-124
-0.0302734
-28
-0.00683594
53
0.0129395
42
0.0102539
-66
-0.0161133
-141
-0.0344238
-24
-0.00585938
55
0.0134277
-13
-0.00317383
42
0.0102539
-5
-0.0012207
7
0.00170898
17
0.00415039
-8
-0.00195312
-102
-0.0249023
18
0.00439453
91
0.0222168
-80
-0.0195312
36
0.00878906
94
0.0229492
24
0.00585938
103
0.0251465
-30
-0.00732422
-209
-0.0510254
119
0.0290527
37
0.0090332
-8
-0.00195312
-23
-0.00561523
67
0.0163574
-43
-0.010498
-33
-0.00805664
-68
-0.0166016
-66
-0.0161133
82
0.0200195
4
0.000976562
185
0.045166
53
0.0129395
7
0.00170898
-78
-0.019043
-48
-0.0117188
-61
-0.0148926
48
0.0117188
117
0.0285645
-72
-0.0175781
17
0.00415039
16
0.00390625
3
0.000732422
-22
-0.00537109
-25
-0.00610352
-12
-0.00292969
-40
-0.00976562
-29
-0.00708008
-45
-0.0109863
-10
-0.00244141
69
0.0168457
-67
-0.0163574
43
0.010498
76
0.0185547
-16
-0.00390625
-16
-0.00390625
-6
-0.00146484
-6
-0.00146484
62
0.0151367
-110
-0.0268555
63
0.0153809
-53
-0.0129395
6
0.00146484
-65
-0.0158691
32
0.0078125
111
0.0270996
32
0.0078125
104
0.0253906
1
0.000244141
-136
-0.0332031
117
0.0285645
6
0.00146484
-72
-0.0175781
149
0.036377
8
0.00195312
48
0.0117188
-12
-0.00292969
-36
-0.00878906
5
0.0012207
53
0.0129395
-49
-0.0119629
-99
-0.0241699
34
0.00830078
21
0.00512695
75
0.0183105
13
0.00317383
-76
-0.0185547
15
0.00366211
-7
-0.00170898
-41
-0.0100098
1
0.000244141
-68
-0.0166016
-46
-0.0112305
-14
-0.00341797
-68
-0.0166016
133
0.0324707
13
0.00317383
-17
-0.00415039
11
0.00268555
115
0.0280762
-34
-0.00830078
195
0.0476074
119
0.0290527
-55
-0.0134277
39
0.00952148
-20
-0.00488281
-36
-0.00878906
-65
-0.0158691
-6
-0.00146484
36
0.00878906
9
0.00219727
70
0.0170898
48
0.0117188
-21
-0.00512695
-119
-0.0290527
52
0.0126953
-65
-0.0158691
18
0.00439453
-1
-0.000244141
172
0.0419922
25
0.00610352
-120
-0.0292969
-45
-0.0109863
-1
-0.000244141
-56
-0.0136719
-9
-0.00219727
9
0.00219727
-146
-0.0356445
-89
-0.0217285
19
0.00463867
23
0.00561523
96
0.0234375
-83
-0.0202637
-108
-0.0263672
12
0.00292969
34
0.00830078
-43
-0.010498
31
0.00756836
-15
-0.00366211
-53
-0.0129395
41
0.0100098
73
0.0178223
-48
-0.0117188
57
0.013916
-95
-0.0231934
55
0.0134277
12
0.00292969
99
0.0241699
24
0.00585938
-11
-0.00268555
39
0.00952148
14
0.00341797
83
0.0202637
-126
-0.0307617
53
0.0129395
45
0.0109863
1
0.000244141
39
0.00952148
-24
-0.00585938
-14
-0.00341797
-105
-0.0256348
105
0.0256348
1
0.000244141
-43
-0.010498
6
0.00146484
4
0.000976562
54
0.0131836
-99
-0.0241699
-77
-0.0187988
150
0.0366211
-132
-0.0322266
53
0.0129395
-27
-0.0065918
45
0.0109863
-15
-0.00366211
-151
-0.0368652
-27
-0.0065918
-42
-0.0102539
-16
-0.00390625
149
0.036377
21
0.00512695
-112
-0.0273438
-72
-0.0175781
48
0.0117188
-3
-0.000732422
98
0.0239258
28
0.00683594
0
0
8
0.00195312
-20
-0.00488281
31
0.00756836
-7
-0.00170898
9
0.00219727
-21
-0.00512695
-1
-0.000244141
7
0.00170898
-146
-0.0356445
-101
-0.0246582
-9
-0.00219727
107
0.026123
34
0.00830078
53
0.0129395
-34
-0.00830078
60
0.0146484
-70
-0.0170898
32
0.0078125
31
0.00756836
47
0.0114746
-63
-0.0153809
45
0.0109863
-67
-0.0163574
35
0.00854492
-81
-0.0197754
15
0.00366211
37
0.0090332
35
0.00854492
-13
-0.00317383
91
0.0222168
9
0.00219727
61
0.0148926
5
0.0012207
-86
-0.0209961
59
0.0144043
15
0.00366211
-25
-0.00610352
46
0.0112305
-15
-0.00366211
-71
-0.017334
99
0.0241699
-49
-0.0119629
-63
-0.0153809
-9
-0.00219727
8
0.00195312
130
0.0317383
-3
-0.000732422
-4
-0.000976562
0
0
20
0.00488281
-71
-0.017334
21
0.00512695
-87
-0.0212402
60
0.0146484
-98
-0.0239258
19
0.00463867
-121
-0.029541
-91
-0.0222168
-90
-0.0219727
76
0.0185547
83
0.0202637
64
0.015625
-9
-0.00219727
-25
-0.00610352
-16
-0.00390625
57
0.013916
40
0.00976562
-37
-0.0090332
89
0.0217285
-66
-0.0161133
106
0.0258789
86
0.0209961
23
0.00561523
4
0.000976562
-58
-0.0141602
19
0.00463867
-3
-0.000732422
-69
-0.0168457
11
0.00268555
-81
-0.0197754
-15
-0.00366211
1
0.000244141
-28
-0.00683594
-26
-0.00634766
26
0.00634766
19
0.00463867
2
0.000488281
-20
-0.00488281
2
0.000488281
-73
-0.0178223
-81
-0.0197754
-65
-0.0158691
64
0.015625
15
0.00366211
-6
-0.00146484
-15
-0.00366211
53
0.0129395
-11
-0.00268555
-58
-0.0141602
9
0.00219727
71
0.017334
77
0.0187988
78
0.019043
-43
-0.010498
3
0.000732422
56
0.0136719
-12
-0.00292969
-162
-0.0395508
62
0.0151367
-18
-0.00439453
4
0.000976562
-39
-0.00952148
-134
-0.0327148
25
0.00610352
34
0.00830078
-86
-0.0209961
42
0.0102539
-87
-0.0212402
40
0.00976562
-33
-0.00805664
36
0.00878906
48
0.0117188
50
0.012207
42
0.0102539
-119
-0.0290527
5
0.0012207
-41
-0.0100098
-135
-0.032959
-10
-0.00244141
19
0.00463867
55
0.0134277
16
0.00390625
-120
-0.0292969
-12
-0.00292969
94
0.0229492
48
0.0117188
-5
-0.0012207
16
0.00390625
-6
-0.00146484
98
0.0239258
-103
-0.0251465
102
0.0249023
-51
-0.0124512
-63
-0.0153809
30
0.00732422
-1
-0.000244141
-30
-0.00732422
18
0.00439453
-21
-0.00512695
74
0.0180664
-7
-0.00170898
112
0.0273438
-22
-0.00537109
-84
-0.0205078
22
0.00537109
89
0.0217285
5
0.0012207
92
0.0224609
-18
-0.00439453
-77
-0.0187988
-27
-0.0065918
-52
-0.0126953
5
0.0012207
31
0.00756836
7
0.00170898
-5
-0.0012207
-36
-0.00878906
40
0.00976562
27
0.0065918
-64
-0.015625
19
0.00463867
42
0.0102539
-68
-0.0166016
-40
-0.00976562
-73
-0.0178223
-25
-0.00610352
-37
-0.0090332
-73
-0.0178223
12
0.00292969
-70
-0.0170898
57
0.013916
-112
-0.0273438
-8
-0.00195312
10
0.00244141
9
0.00219727
-42
-0.0102539
-97
-0.0236816
21
0.00512695
0
0
-78
-0.019043
-40
-0.00976562
29
0.00708008
-59
-0.0144043
-84
-0.0205078
80
0.0195312
-10
-0.00244141
41
0.0100098
-41
-0.0100098
71
0.017334
12
0.00292969
11
0.00268555
98
0.0239258
-39
-0.00952148
103
0.0251465
48
0.0117188
-40
-0.00976562
-110
-0.0268555
-104
-0.0253906
4
0.000976562
207
0.0505371
29
0.00708008
-70
-0.0170898
11
0.00268555
14
0.00341797
-13
-0.00317383
-64
-0.015625
-58
-0.0141602
-173
-0.0422363
15
0.00366211
33
0.00805664
-42
-0.0102539
-93
-0.0227051
53
0.0129395
45
0.0109863
25
0.00610352
104
0.0253906
-8
-0.00195312
-21
-0.00512695
-70
-0.0170898
7
0.00170898
9
0.00219727
-10
-0.00244141
-34
-0.00830078
49
0.0119629
22
0.00537109
63
0.0153809
-82
-0.0200195
128
0.03125
125
0.0305176
-76
-0.0185547
-14
-0.00341797
-7
-0.00170898
-47
-0.0114746
50
0.012207
67
0.0163574
-68
-0.0166016
72
0.0175781
-9
-0.00219727
22
0.00537109
77
0.0187988
21
0.00512695
-15
-0.00366211
6
0.00146484
-28
-0.00683594
28
0.00683594
-66
-0.0161133
-96
-0.0234375
81
0.0197754
27
0.0065918
-76
-0.0185547
16
0.00390625
-81
-0.0197754
-35
-0.00854492
7
0.00170898
44
0.0107422
37
0.0090332
64
0.015625
31
0.00756836
-49
-0.0119629
-41
-0.0100098
15
0.00366211
30
0.00732422
-40
-0.00976562
63
0.0153809
-9
-0.00219727
-73
-0.0178223
62
0.0151367
1
0.000244141
7
0.00170898
93
0.0227051
-44
-0.0107422
-75
-0.0183105
2
0.000488281
137
0.0334473
-49
-0.0119629
80
0.0195312
37
0.0090332
-10
-0.00244141
55
0.0134277
21
0.00512695
12
0.00292969
80
0.0195312
-40
-0.00976562
43
0.010498
6
0.00146484
116
0.0283203
-158
-0.0385742
-72
-0.0175781
35
0.00854492
-10
-0.00244141
-64
-0.015625
-75
-0.0183105
51
0.0124512
-26
-0.00634766
-40
-0.00976562
-74
-0.0180664
11
0.00268555
-129
-0.0314941
-65
-0.0158691
-55
-0.0134277
11
0.00268555
-65
-0.0158691
-18
-0.00439453
-88
-0.0214844
-94
-0.0229492
42
0.0102539
38
0.00927734
-36
-0.00878906
74
0.0180664
137
0.0334473
38
0.00927734
11
0.00268555
-123
-0.0300293
-7
-0.00170898
-41
-0.0100098
-209
-0.0510254
-14
-0.00341797
-63
-0.0153809
-27
-0.0065918
-93
-0.0227051
-16
-0.00390625
49
0.0119629
-43
-0.010498
55
0.0134277
17
0.00415039
105
0.0256348
35
0.00854492
52
0.0126953
-63
-0.0153809
-119
-0.0290527
45
0.0109863
32
0.0078125
-62
-0.0151367
-23
-0.00561523
-35
-0.00854492
-21
-0.00512695
-25
-0.00610352
-33
-0.00805664
-33
-0.00805664
14
0.00341797
142
0.034668
-125
-0.0305176
-127
-0.0310059
65
0.0158691
19
0.00463867
-39
-0.00952148
-109
-0.0266113
1
0.000244141
31
0.00756836
-65
-0.0158691
7
0.00170898
142
0.034668
-21
-0.00512695
-154
-0.0375977
-35
-0.00854492
-45
-0.0109863
-75
-0.0183105
-24
-0.00585938
35
0.00854492
-22
-0.00537109
-10
-0.00244141
-40
-0.00976562
-45
-0.0109863
113
0.0275879
-66
-0.0161133
-130
-0.0317383
54
0.0131836
50
0.012207
0
0
29
0.00708008
-45
-0.0109863
-142
-0.034668
47
0.0114746
54
0.0131836
-19
-0.00463867
-49
-0.0119629
-7
-0.00170898
15
0.00366211
118
0.0288086
52
0.0126953
4
0.000976562
-36
-0.00878906
-55
-0.0134277
-40
-0.00976562
-50
-0.012207
38
0.00927734
-110
-0.0268555
-126
-0.0307617
53
0.0129395
79
0.0192871
17
0.00415039
-44
-0.0107422
-43
-0.010498
15
0.00366211
-16
-0.00390625
-57
-0.013916
47
0.0114746
-42
-0.0102539
56
0.0136719
-22
-0.00537109
75
0.0183105
-27
-0.0065918
41
0.0100098
-33
-0.00805664
117
0.0285645
7
0.00170898
14
0.00341797
31
0.00756836
37
0.0090332
21
0.00512695
-33
-0.00805664
-70
-0.0170898
34
0.00830078
-35
-0.00854492
-4
-0.000976562
50
0.012207
-43
-0.010498
106
0.0258789
-24
-0.00585938
-47
-0.0114746
21
0.00512695
-8
-0.00195312
-29
-0.00708008
109
0.0266113
-32
-0.0078125
-25
-0.00610352
48
0.0117188
17
0.00415039
30
0.00732422
-62
-0.0151367
-71
-0.017334
8
0.00195312
24
0.00585938
-51
-0.0124512
2
0.000488281
151
0.0368652
66
0.0161133
55
0.0134277
32
0.0078125
-67
-0.0163574
-19
-0.00463867
-56
-0.0136719
-84
-0.0205078
181
0.0441895
26
0.00634766
-81
-0.0197754
-23
-0.00561523
14
0.00341797
2
0.000488281
139
0.0339355
7
0.00170898
-10
-0.00244141
36
0.00878906
7
0.00170898
-56
-0.0136719
180
0.0439453
51
0.0124512
24
0.00585938
88
0.0214844
26
0.00634766
-11
-0.00268555
7
0.00170898
35
0.00854492
20
0.00488281
31
0.00756836
58
0.0141602
-71
-0.017334
54
0.0131836
-137
-0.0334473
-67
-0.0163574
26
0.00634766
-60
-0.0146484
-150
-0.0366211
-41
-0.0100098
40
0.00976562
-57
-0.013916
44
0.0107422
-30
-0.00732422
-4
-0.000976562
53
0.0129395
-43
-0.010498
42
0.0102539
-13
-0.00317383
0
0
-54
-0.0131836
37
0.0090332
11
0.00268555
160
0.0390625
29
0.00708008
4
0.000976562
49
0.0119629
84
0.0205078
-81
-0.0197754
55
0.0134277
53
0.0129395
37
0.0090332
1
0.000244141
36
0.00878906
-88
-0.0214844
-88
-0.0214844
48
0.0117188
-24
-0.00585938
40
0.00976562
43
0.010498
50
0.012207
-50
-0.012207
-50
-0.012207
-33
-0.00805664
-17
-0.00415039
136
0.0332031
102
0.0249023
-98
-0.0239258
63
0.0153809
15
0.00366211
77
0.0187988
-78
-0.019043
-101
-0.0246582
36
0.00878906
-70
-0.0170898
95
0.0231934
56
0.0136719
7
0.00170898
-21
-0.00512695
151
0.0368652
-27
-0.0065918
-38
-0.00927734
-21
-0.00512695
-156
-0.0380859
72
0.0175781
-26
-0.00634766
19
0.00463867
-92
-0.0224609
-56
-0.0136719
-32
-0.0078125
54
0.0131836
-40
-0.00976562
-18
-0.00439453
-69
-0.0168457
9
0.00219727
-68
-0.0166016
-20
-0.00488281
6
0.00146484
-43
-0.010498
-117
-0.0285645
5
0.0012207
-25
-0.00610352
62
0.0151367
-46
-0.0112305
-115
-0.0280762
75
0.0183105
29
0.00708008
24
0.00585938
-21
-0.00512695
100
0.0244141
-12
-0.00292969
30
0.00732422
-54
-0.0131836
-50
-0.012207
-89
-0.0217285
42
0.0102539
22
0.00537109
44
0.0107422
-15
-0.00366211
39
0.00952148
-89
-0.0217285
139
0.0339355
4
0.000976562
-36
-0.00878906
15
0.00366211
23
0.00561523
-64
-0.015625
-68
-0.0166016
24
0.00585938
203
0.0495605
-22
-0.00537109
34
0.00830078
-53
-0.0129395
-47
-0.0114746
-3
-0.000732422
33
0.00805664
25
0.00610352
62
0.0151367
35
0.00854492
86
0.0209961
-2
-0.000488281
38
0.00927734
12
0.00292969
47
0.0114746
39
0.00952148
57
0.013916
12
0.00292969
-7
-0.00170898
-44
-0.0107422
3
0.000732422
16
0.00390625
207
0.0505371
47
0.0114746
3
0.000732422
12
0.00292969
-76
-0.0185547
-12
-0.00292969
35
0.00854492
26
0.00634766
-30
-0.00732422
66
0.0161133
12
0.00292969
-7
-0.00170898
36
0.00878906
7
0.00170898
4
0.000976562
-44
-0.0107422
22
0.00537109
27
0.0065918
-179
-0.0437012
41
0.0100098
-83
-0.0202637
-23
-0.00561523
84
0.0205078
-20
-0.00488281
-50
-0.012207
-58
-0.0141602
82
0.0200195
55
0.0134277
-155
-0.0378418
-32
-0.0078125
3
0.000732422
10
0.00244141
-29
-0.00708008
30
0.00732422
29
0.00708008
-54
-0.0131836
-29
-0.00708008
64
0.015625
118
0.0288086
-11
-0.00268555
-142
-0.034668
33
0.00805664
-67
-0.0163574
20
0.00488281
67
0.0163574
-75
-0.0183105
121
0.029541
-33
-0.00805664
-50
-0.012207
-44
-0.0107422
6
0.00146484
-46
-0.0112305
-28
-0.00683594
-56
-0.0136719
-168
-0.0410156
27
0.0065918
-81
-0.0197754
9
0.00219727
46
0.0112305
26
0.00634766
-210
-0.0512695
-67
-0.0163574
-8
-0.00195312
105
0.0256348
154
0.0375977
-42
-0.0102539
-27
-0.0065918
-69
-0.0168457
31
0.00756836
23
0.00561523
-64
-0.015625
-23
-0.00561523
40
0.00976562
-1
-0.000244141
-48
-0.0117188
97
0.0236816
-37
-0.0090332
-17
-0.00415039
33
0.00805664
-62
-0.0151367
78
0.019043
28
0.00683594
-39
-0.00952148
55
0.0134277
-35
-0.00854492
52
0.0126953
-182
-0.0444336
9
0.00219727
110
0.0268555
-57
-0.013916
20
0.00488281
28
0.00683594
-30
-0.00732422
12
0.00292969
-35
-0.00854492
37
0.0090332
-21
-0.00512695
88
0.0214844
36
0.00878906
-14
-0.00341797
23
0.00561523
-95
-0.0231934
-26
-0.00634766
79
0.0192871
22
0.00537109
-22
-0.00537109
-137
-0.0334473
81
0.0197754
81
0.0197754
-62
-0.0151367
77
0.0187988
-62
-0.0151367
8
0.00195312
45
0.0109863
108
0.0263672
-41
-0.0100098
125
0.0305176
-35
-0.00854492
-66
-0.0161133
-76
-0.0185547
37
0.0090332
-38
-0.00927734
32
0.0078125
-97
-0.0236816
-78
-0.019043
-5
-0.0012207
-38
-0.00927734
54
0.0131836
24
0.00585938
-31
-0.00756836
76
0.0185547
34
0.00830078
38
0.00927734
-34
-0.00830078
-186
-0.0454102
-47
-0.0114746
54
0.0131836
62
0.0151367
-16
-0.00390625
-2
-0.000488281
37
0.0090332
-31
-0.00756836
-60
-0.0146484
-20
-0.00488281
-23
-0.00561523
-64
-0.015625
21
0.00512695
14
0.00341797
103
0.0251465
-4
-0.000976562
-71
-0.017334
85
0.020752
52
0.0126953
-37
-0.0090332
-15
-0.00366211
103
0.0251465
17
0.00415039
-62
-0.0151367
140
0.0341797
-79
-0.0192871
190
0.0463867
48
0.0117188
79
0.0192871
63
0.0153809
-12
-0.00292969
41
0.0100098
-6
-0.00146484
-22
-0.00537109
-143
-0.0349121
65
0.0158691
60
0.0146484
-56
-0.0136719
100
0.0244141
-17
-0.00415039
34
0.00830078
3
0.000732422
-104
-0.0253906
2
0.000488281
171
0.041748
-27
-0.0065918
-4
-0.000976562
-74
-0.0180664
88
0.0214844
-67
-0.0163574
-163
-0.0397949
-15
-0.00366211
-7
-0.00170898
-2
-0.000488281
-3
-0.000732422
-2
-0.000488281
29
0.00708008
59
0.0144043
52
0.0126953
37
0.0090332
-83
-0.0202637
157
0.0383301
-61
-0.0148926
18
0.00439453
12
0.00292969
-77
-0.0187988
116
0.0283203
12
0.00292969
89
0.0217285
27
0.0065918
-42
-0.0102539
-10
-0.00244141
-5
-0.0012207
-16
-0.00390625
-60
-0.0146484
-2
-0.000488281
-55
-0.0134277
-54
-0.0131836
62
0.0151367
58
0.0141602
19
0.00463867
-2
-0.000488281
-84
-0.0205078
25
0.00610352
151
0.0368652
-25
-0.00610352
-18
-0.00439453
-12
-0.00292969
50
0.012207
16
0.00390625
50
0.012207
-38
-0.00927734
-44
-0.0107422
-151
-0.0368652
4
0.000976562
-35
-0.00854492
-64
-0.015625
-39
-0.00952148
-68
-0.0166016
10
0.00244141
64
0.015625
98
0.0239258
-32
-0.0078125
24
0.00585938
-75
-0.0183105
62
0.0151367
-47
-0.0114746
-45
-0.0109863
49
0.0119629
-104
-0.0253906
74
0.0180664
-86
-0.0209961
-92
-0.0224609
-12
-0.00292969
-22
-0.00537109
-52
-0.0126953
37
0.0090332
-60
-0.0146484
23
0.00561523
91
0.0222168
-117
-0.0285645
-63
-0.0153809
-12
-0.00292969
-61
-0.0148926
-120
-0.0292969
-110
-0.0268555
56
0.0136719
68
0.0166016
-24
-0.00585938
1
0.000244141
74
0.0180664
51
0.0124512
-113
-0.0275879
42
0.0102539
-57
-0.013916
-14
-0.00341797
-82
-0.0200195
-9
-0.00219727
52
0.0126953
38
0.00927734
63
0.0153809
50
0.012207
-201
-0.0490723
20
0.00488281
-51
-0.0124512
-13
-0.00317383
-15
-0.00366211
-6
-0.00146484
28
0.00683594
79
0.0192871
21
0.00512695
21
0.00512695
-29
-0.00708008
26
0.00634766
-85
-0.020752
21
0.00512695
-175
-0.0427246
-15
-0.00366211
99
0.0241699
-49
-0.0119629
161
0.0393066
-44
-0.0107422
86
0.0209961
86
0.0209961
96
0.0234375
41
0.0100098
30
0.00732422
-42
-0.0102539
-62
-0.0151367
-28
-0.00683594
83
0.0202637
56
0.0136719
12
0.00292969
-42
-0.0102539
-7
-0.00170898
-13
-0.00317383
45
0.0109863
36
0.00878906
179
0.0437012
-21
-0.00512695
66
0.0161133
38
0.00927734
-3
-0.000732422
53
0.0129395
-81
-0.0197754
2
0.000488281
-55
-0.0134277
-11
-0.00268555
118
0.0288086
-5
-0.0012207
14
0.00341797
-138
-0.0336914
-96
-0.0234375
2
0.000488281
-19
-0.00463867
-111
-0.0270996
-118
-0.0288086
-51
-0.0124512
1
0.000244141
-47
-0.0114746
-71
-0.017334
-14
-0.00341797
-99
-0.0241699
5
0.0012207
23
0.00561523
7
0.00170898
12
0.00292969
66
0.0161133
33
0.00805664
44
0.0107422
29
0.00708008
21
0.00512695
-4
-0.000976562
5
0.0012207
105
0.0256348
-8
-0.00195312
-87
-0.0212402
-19
-0.00463867
-25
-0.00610352
-46
-0.0112305
-24
-0.00585938
19
0.00463867
-9
-0.00219727
15
0.00366211
9
0.00219727
-74
-0.0180664
-67
-0.0163574
-7
-0.00170898
-78
-0.019043
61
0.0148926
-54
-0.0131836
-75
-0.0183105
-30
-0.00732422
-23
-0.00561523
80
0.0195312
-44
-0.0107422
-121
-0.029541
-53
-0.0129395
34
0.00830078
-34
-0.00830078
22
0.00537109
-63
-0.0153809
14
0.00341797
-9
-0.00219727
60
0.0146484
-1
-0.000244141
-99
-0.0241699
68
0.0166016
-81
-0.0197754
8
0.00195312
-78
-0.019043
26
0.00634766
-23
-0.00561523
-68
-0.0166016
136
0.0332031
20
0.00488281
-95
-0.0231934
-1
-0.000244141
-34
-0.00830078
-96
-0.0234375
20
0.00488281
-35
-0.00854492
-32
-0.0078125
17
0.00415039
110
0.0268555
-6
-0.00146484
36
0.00878906
-7
-0.00170898
-34
-0.00830078
-4
-0.000976562
-12
-0.00292969
-175
-0.0427246
-117
-0.0285645
13
0.00317383
56
0.0136719
2
0.000488281
-108
-0.0263672
11
0.00268555
8
0.00195312
-2
-0.000488281
-32
-0.0078125
-133
-0.0324707
39
0.00952148
85
0.020752
47
0.0114746
0
0
-30
-0.00732422
-88
-0.0214844
22
0.00537109
66
0.0161133
-35
-0.00854492
-34
-0.00830078
-98
-0.0239258
-88
-0.0214844
149
0.036377
-118
-0.0288086
48
0.0117188
19
0.00463867
17
0.00415039
24
0.00585938
-134
-0.0327148
-8
-0.00195312
48
0.0117188
-45
-0.0109863
34
0.00830078
42
0.0102539
-2
-0.000488281
65
0.0158691
-28
-0.00683594
20
0.00488281
-23
-0.00561523
133
0.0324707
113
0.0275879
82
0.0200195
3
0.000732422
-36
-0.00878906
60
0.0146484
6
0.00146484
-69
-0.0168457
-7
-0.00170898
-32
-0.0078125
-44
-0.0107422
-42
-0.0102539
108
0.0263672
35
0.00854492
-18
-0.00439453
-63
-0.0153809
-67
-0.0163574
27
0.0065918
42
0.0102539
131
0.0319824
36
0.00878906
69
0.0168457
100
0.0244141
113
0.0275879
-13
-0.00317383
-164
-0.0400391
2
0.000488281
73
0.0178223
-7
-0.00170898
33
0.00805664
8
0.00195312
166
0.0405273
-49
-0.0119629
-108
-0.0263672
-69
-0.0168457
-60
-0.0146484
40
0.00976562
-17
-0.00415039
1
0.000244141
-99
-0.0241699
-83
-0.0202637
-121
-0.029541
18
0.00439453
26
0.00634766
5
0.0012207
-31
-0.00756836
26
0.00634766
44
0.0107422
17
0.00415039
-100
-0.0244141
-25
-0.00610352
83
0.0202637
62
0.0151367
47
0.0114746
-80
-0.0195312
10
0.00244141
70
0.0170898
118
0.0288086
0
0
-30
-0.00732422
118
0.0288086
3
0.000732422
-4
-0.000976562
25
0.00610352
-54
-0.0131836
-30
-0.00732422
118
0.0288086
10
0.00244141
-26
-0.00634766
71
0.017334
2
0.000488281
90
0.0219727
2
0.000488281
17
0.00415039
34
0.00830078
79
0.0192871
-51
-0.0124512
121
0.029541
30
0.00732422
66
0.0161133
-8
-0.00195312
48
0.0117188
66
0.0161133
-87
-0.0212402
18
0.00439453
57
0.013916
-143
-0.0349121
113
0.0275879
48
0.0117188
-31
-0.00756836
73
0.0178223
-62
-0.0151367
-78
-0.019043
77
0.0187988
-49
-0.0119629
-24
-0.00585938
45
0.0109863
-37
-0.0090332
-27
-0.0065918
-52
-0.0126953
-25
-0.00610352
1
0.000244141
2
0.000488281
-13
-0.00317383
-5
-0.0012207
-163
-0.0397949
60
0.0146484
-13
-0.00317383
-24
-0.00585938
-42
-0.0102539
-18
-0.00439453
-33
-0.00805664
23
0.00561523
77
0.0187988
11
0.00268555
-5
-0.0012207
-39
-0.00952148
28
0.00683594
23
0.00561523
-75
-0.0183105
53
0.0129395
80
0.0195312
41
0.0100098
115
0.0280762
-60
-0.0146484
-91
-0.0222168
9
0.00219727
8
0.00195312
-80
-0.0195312
-10
-0.00244141
-42
-0.0102539
78
0.019043
15
0.00366211
6
0.00146484
19
0.00463867
42
0.0102539
-42
-0.0102539
83
0.0202637
38
0.00927734
2
0.000488281
-14
-0.00341797
-76
-0.0185547
61
0.0148926
-14
-0.00341797
-71
-0.017334
3
0.000732422
-137
-0.0334473
49
0.0119629
66
0.0161133
25
0.00610352
-86
-0.0209961
-65
-0.0158691
35
0.00854492
-67
-0.0163574
8
0.00195312
-69
-0.0168457
-23
-0.00561523
94
0.0229492
-31
-0.00756836
13
0.00317383
83
0.0202637
-4
-0.000976562
56
0.0136719
125
0.0305176
-40
-0.00976562
124
0.0302734
-26
-0.00634766
38
0.00927734
-6
-0.00146484
30
0.00732422
-4
-0.000976562
-33
-0.00805664
21
0.00512695
-123
-0.0300293
-54
-0.0131836
-106
-0.0258789
-14
-0.00341797
-14
-0.00341797
88
0.0214844
-1
-0.000244141
-6
-0.00146484
-26
-0.00634766
-4
-0.000976562
61
0.0148926
28
0.00683594
42
0.0102539
-27
-0.0065918
-161
-0.0393066
2
0.000488281
-152
-0.0371094
22
0.00537109
44
0.0107422
-63
-0.0153809
-6
-0.00146484
-11
-0.00268555
111
0.0270996
-77
-0.0187988
2
0.000488281
20
0.00488281
48
0.0117188
-17
-0.00415039
33
0.00805664
-47
-0.0114746
96
0.0234375
-25
-0.00610352
-30
-0.00732422
-9
-0.00219727
-61
-0.0148926
-26
-0.00634766
152
0.0371094
17
0.00415039
-75
-0.0183105
-62
-0.0151367
86
0.0209961
84
0.0205078
59
0.0144043
-8
-0.00195312
100
0.0244141
-92
-0.0224609
-48
-0.0117188
104
0.0253906
-187
-0.0456543
-31
-0.00756836
-23
-0.00561523
-39
-0.00952148
-7
-0.00170898
-8
-0.00195312
11
0.00268555
22
0.00537109
-10
-0.00244141
-90
-0.0219727
-56
-0.0136719
5
0.0012207
66
0.0161133
22
0.00537109
93
0.0227051
4
0.000976562
97
0.0236816
-48
-0.0117188
48
0.0117188
77
0.0187988
-62
-0.0151367
24
0.00585938
23
0.00561523
18
0.00439453
42
0.0102539
54
0.0131836
117
0.0285645
-6
-0.00146484
-90
-0.0219727
9
0.00219727
-49
-0.0119629
9
0.00219727
-103
-0.0251465
-104
-0.0253906
19
0.00463867
-86
-0.0209961
89
0.0217285
57
0.013916
-64
-0.015625
49
0.0119629
12
0.00292969
14
0.00341797
-38
-0.00927734
-14
-0.00341797
89
0.0217285
69
0.0168457
-120
-0.0292969
64
0.015625
-22
-0.00537109
1
0.000244141
-1
-0.000244141
-17
-0.00415039
29
0.00708008
10
0.00244141
118
0.0288086
15
0.00366211
-13
-0.00317383
-30
-0.00732422
-71
-0.017334
69
0.0168457
35
0.00854492
41
0.0100098
80
0.0195312
-27
-0.0065918
29
0.00708008
-37
-0.0090332
98
0.0239258
-3
-0.000732422
38
0.00927734
14
0.00341797
21
0.00512695
-20
-0.00488281
46
0.0112305
49
0.0119629
88
0.0214844
32
0.0078125
-36
-0.00878906
14
0.00341797
156
0.0380859
-39
-0.00952148
47
0.0114746
-38
-0.00927734
-38
-0.00927734
-17
-0.00415039
20
0.00488281
-15
-0.00366211
35
0.00854492
-54
-0.0131836
-47
-0.0114746
106
0.0258789
23
0.00561523
-28
-0.00683594
184
0.0449219
-10
-0.00244141
-43
-0.010498
9
0.00219727
167
0.0407715
-37
-0.0090332
91
0.0222168
-14
-0.00341797
24
0.00585938
-48
-0.0117188
-17
-0.00415039
-16
-0.00390625
-8
-0.00195312
8
0.00195312
71
0.017334
10
0.00244141
-31
-0.00756836
60
0.0146484
34
0.00830078
4
0.000976562
125
0.0305176
-40
-0.00976562
-13
-0.00317383
-52
-0.0126953
152
0.0371094
-125
-0.0305176
11
0.00268555
-103
-0.0251465
-48
-0.0117188
-110
-0.0268555
-94
-0.0229492
38
0.00927734
-34
-0.00830078
-18
-0.00439453
-130
-0.0317383
-82
-0.0200195
90
0.0219727
9
0.00219727
51
0.0124512
15
0.00366211
179
0.0437012
-81
-0.0197754
20
0.00488281
54
0.0131836
14
0.00341797
-42
-0.0102539
23
0.00561523
48
0.0117188
7
0.00170898
16
0.00390625
61
0.0148926
-36
-0.00878906
85
0.020752
81
0.0197754
11
0.00268555
31
0.00756836
-81
-0.0197754
27
0.0065918
36
0.00878906
19
0.00463867
-96
-0.0234375
-39
-0.00952148
27
0.0065918
-57
-0.013916
-39
-0.00952148
29
0.00708008
136
0.0332031
-12
-0.00292969
71
0.017334
-24
-0.00585938
-9
-0.00219727
38
0.00927734
-21
-0.00512695
47
0.0114746
-36
-0.00878906
0
0
70
0.0170898
94
0.0229492
146
0.0356445
-77
-0.0187988
-57
-0.013916
84
0.0205078
119
0.0290527
47
0.0114746
-73
-0.0178223
58
0.0141602
-143
-0.0349121
-79
-0.0192871
65
0.0158691
-14
-0.00341797
-114
-0.027832
98
0.0239258
-79
-0.0192871
-32
-0.0078125
-48
-0.0117188
65
0.0158691
23
0.00561523
-70
-0.0170898
-67
-0.0163574
103
0.0251465
-2
-0.000488281
-77
-0.0187988
55
0.0134277
4
0.000976562
5
0.0012207
60
0.0146484
-52
-0.0126953
26
0.00634766
27
0.0065918
-38
-0.00927734
116
0.0283203
47
0.0114746
144
0.0351562
-72
-0.0175781
-16
-0.00390625
60
0.0146484
73
0.0178223
50
0.012207
12
0.00292969
3
0.000732422
30
0.00732422
35
0.00854492
5
0.0012207
-5
-0.0012207
-13
-0.00317383
60
0.0146484
-47
-0.0114746
2
0.000488281
38
0.00927734
60
0.0146484
10
0.00244141
-3
-0.000732422
20
0.00488281
75
0.0183105
34
0.00830078
-51
-0.0124512
29
0.00708008
42
0.0102539
-37
-0.0090332
-44
-0.0107422
-30
-0.00732422
5
0.0012207
53
0.0129395
-40
-0.00976562
-55
-0.0134277
14
0.00341797
133
0.0324707
63
0.0153809
22
0.00537109
1
0.000244141
-82
-0.0200195
-72
-0.0175781
63
0.0153809
-79
-0.0192871
27
0.0065918
-39
-0.00952148
98
0.0239258
113
0.0275879
-19
-0.00463867
10
0.00244141
56
0.0136719
-43
-0.010498
-99
-0.0241699
-113
-0.0275879
-78
-0.019043
41
0.0100098
123
0.0300293
-58
-0.0141602
-30
-0.00732422
-32
-0.0078125
101
0.0246582
31
0.00756836
-131
-0.0319824
71
0.017334
-24
-0.00585938
27
0.0065918
61
0.0148926
21
0.00512695
14
0.00341797
90
0.0219727
-95
-0.0231934
71
0.017334
-49
-0.0119629
-9
-0.00219727
59
0.0144043
34
0.00830078
48
0.0117188
-83
-0.0202637
-55
-0.0134277
16
0.00390625
15
0.00366211
-58
-0.0141602
13
0.00317383
-16
-0.00390625
-43
-0.010498
19
0.00463867
-43
-0.010498
-76
-0.0185547
-40
-0.00976562
-60
-0.0146484
108
0.0263672
-59
-0.0144043
89
0.0217285
-2
-0.000488281
55
0.0134277
-42
-0.0102539
144
0.0351562
-18
-0.00439453
-19
-0.00463867
-86
-0.0209961
-110
-0.0268555
56
0.0136719
29
0.00708008
5
0.0012207
-52
-0.0126953
-36
-0.00878906
4
0.000976562
-31
-0.00756836
169
0.0412598
-87
-0.0212402
45
0.0109863
2
0.000488281
84
0.0205078
-42
-0.0102539
36
0.00878906
19
0.00463867
-42
-0.0102539
106
0.0258789
20
0.00488281
-16
-0.00390625
115
0.0280762
73
0.0178223
-44
-0.0107422
-23
-0.00561523
43
0.010498
-11
-0.00268555
-128
-0.03125
22
0.00537109
-52
-0.0126953
-5
-0.0012207
-6
-0.00146484
35
0.00854492
25
0.00610352
3
0.000732422
15
0.00366211
33
0.00805664
-63
-0.0153809
24
0.00585938
-40
-0.00976562
71
0.017334
-110
-0.0268555
43
0.010498
89
0.0217285
59
0.0144043
-30
-0.00732422
36
0.00878906
94
0.0229492
39
0.00952148
-49
-0.0119629
70
0.0170898
121
0.029541
96
0.0234375
99
0.0241699
-76
-0.0185547
25
0.00610352
151
0.0368652
-67
-0.0163574
62
0.0151367
-70
-0.0170898
-49
-0.0119629
9
0.00219727
5
0.0012207
-68
-0.0166016
32
0.0078125
103
0.0251465
-38
-0.00927734
33
0.00805664
-28
-0.00683594
64
0.015625
73
0.0178223
-38
-0.00927734
24
0.00585938
-110
-0.0268555
15
0.00366211
-138
-0.0336914
-24
-0.00585938
119
0.0290527
16
0.00390625
103
0.0251465
-45
-0.0109863
125
0.0305176
1
0.000244141
-26
-0.00634766
-1
-0.000244141
4
0.000976562
13
0.00317383
7
0.00170898
14
0.00341797
-14
-0.00341797
-29
-0.00708008
-71
-0.017334
0
0
90
0.0219727
3
0.000732422
-134
-0.0327148
12
0.00292969
-98
-0.0239258
-136
-0.0332031
14
0.00341797
23
0.00561523
193
0.0471191
-99
-0.0241699
-67
-0.0163574
-24
-0.00585938
-62
-0.0151367
55
0.0134277
8
0.00195312
55
0.0134277
-66
-0.0161133
-15
-0.00366211
2
0.000488281
-76
-0.0185547
-63
-0.0153809
-2
-0.000488281
-155
-0.0378418
-12
-0.00292969
-16
-0.00390625
-45
-0.0109863
-4
-0.000976562
33
0.00805664
-46
-0.0112305
14
0.00341797
-28
-0.00683594
-35
-0.00854492
146
0.0356445
4
0.000976562
67
0.0163574
92
0.0224609
-90
-0.0219727
-107
-0.026123
-7
-0.00170898
-14
-0.00341797
2
0.000488281
-46
-0.0112305
6
0.00146484
11
0.00268555
10
0.00244141
-90
-0.0219727
-37
-0.0090332
-36
-0.00878906
-27
-0.0065918
-4
-0.000976562
82
0.0200195
39
0.00952148
50
0.012207
-14
-0.00341797
65
0.0158691
-92
-0.0224609
59
0.0144043
-16
-0.00390625
112
0.0273438
79
0.0192871
30
0.00732422
62
0.0151367
55
0.0134277
-11
-0.00268555
9
0.00219727
-76
-0.0185547
42
0.0102539
-75
-0.0183105
-14
-0.00341797
-83
-0.0202637
-71
-0.017334
8
0.00195312
4
0.000976562
52
0.0126953
-69
-0.0168457
31
0.00756836
-80
-0.0195312
23
0.00561523
72
0.0175781
49
0.0119629
-74
-0.0180664
31
0.00756836
-25
-0.00610352
32
0.0078125
4
0.000976562
-21
-0.00512695
1
0.000244141
-56
-0.0136719
57
0.013916
-19
-0.00463867
-19
-0.00463867
90
0.0219727
-101
-0.0246582
-53
-0.0129395
-102
-0.0249023
34
0.00830078
120
0.0292969
16
0.00390625
-8
-0.00195312
-26
-0.00634766
84
0.0205078
65
0.0158691
47
0.0114746
-59
-0.0144043
-7
-0.00170898
3
0.000732422
-91
-0.0222168
8
0.00195312
162
0.0395508
-43
-0.010498
-141
-0.0344238
-116
-0.0283203
-58
-0.0141602
77
0.0187988
40
0.00976562
-115
-0.0280762
-131
-0.0319824
12
0.00292969
59
0.0144043
-25
-0.00610352
114
0.027832
59
0.0144043
1
0.000244141
15
0.00366211
-30
-0.00732422
30
0.00732422
-56
-0.0136719
22
0.00537109
34
0.00830078
-36
-0.00878906
30
0.00732422
136
0.0332031
-23
-0.00561523
13
0.00317383
6
0.00146484
-45
-0.0109863
-112
-0.0273438
-1
-0.000244141
-37
-0.0090332
46
0.0112305
154
0.0375977
159
0.0388184
91
0.0222168
-2
-0.000488281
-69
-0.0168457
27
0.0065918
92
0.0224609
-49
-0.0119629
24
0.00585938
-40
-0.00976562
-243
-0.0593262
20
0.00488281
47
0.0114746
-76
-0.0185547
98
0.0239258
20
0.00488281
-73
-0.0178223
101
0.0246582
29
0.00708008
12
0.00292969
-77
-0.0187988
-71
-0.017334
-92
-0.0224609
95
0.0231934
54
0.0131836
-23
-0.00561523
-152
-0.0371094
93
0.0227051
-117
-0.0285645
78
0.019043
65
0.0158691
-6
-0.00146484
210
0.0512695
-26
-0.00634766
-3
-0.000732422
-3
-0.000732422
-97
-0.0236816
-66
-0.0161133
-54
-0.0131836
36
0.00878906
121
0.029541
15
0.00366211
-134
-0.0327148
42
0.0102539
-2
-0.000488281
-45
-0.0109863
121
0.029541
157
0.0383301
6
0.00146484
-88
-0.0214844
9
0.00219727
22
0.00537109
-22
-0.00537109
-8
-0.00195312
-60
-0.0146484
-58
-0.0141602
-149
-0.036377
58
0.0141602
1
0.000244141
-76
-0.0185547
-3
-0.000732422
26
0.00634766
-7
-0.00170898
19
0.00463867
-125
-0.0305176
13
0.00317383
59
0.0144043
9
0.00219727
90
0.0219727
-71
-0.017334
-69
-0.0168457
79
0.0192871
-3
-0.000732422
-59
-0.0144043
122
0.0297852
74
0.0180664
109
0.0266113
-41
-0.0100098
-98
-0.0239258
-65
-0.0158691
2
0.000488281
-43
-0.010498
18
0.00439453
-15
-0.00366211
6
0.00146484
-68
-0.0166016
118
0.0288086
2
0.000488281
-49
-0.0119629
3
0.000732422
19
0.00463867
-38
-0.00927734
-53
-0.0129395
28
0.00683594
-20
-0.00488281
60
0.0146484
58
0.0141602
43
0.010498
-50
-0.012207
100
0.0244141
47
0.0114746
-15
-0.00366211
-124
-0.0302734
105
0.0256348
-145
-0.0354004
-41
-0.0100098
-157
-0.0383301
61
0.0148926
105
0.0256348
-29
-0.00708008
-185
-0.045166
-25
-0.00610352
-57
-0.013916
-18
-0.00439453
-52
-0.0126953
44
0.0107422
-68
-0.0166016
-31
-0.00756836
-126
-0.0307617
55
0.0134277
38
0.00927734
67
0.0163574
-93
-0.0227051
56
0.0136719
-36
-0.00878906
29
0.00708008
-81
-0.0197754
128
0.03125
-6
-0.00146484
21
0.00512695
3
0.000732422
3
0.000732422
-76
-0.0185547
61
0.0148926
-48
-0.0117188
67
0.0163574
63
0.0153809
5
0.0012207
5
0.0012207
-36
-0.00878906
-82
-0.0200195
-30
-0.00732422
105
0.0256348
-8
-0.00195312
-34
-0.00830078
-110
-0.0268555
24
0.00585938
-118
-0.0288086
-84
-0.0205078
6
0.00146484
-4
-0.000976562
-71
-0.017334
32
0.0078125
-27
-0.0065918
97
0.0236816
48
0.0117188
-35
-0.00854492
-97
-0.0236816
56
0.0136719
13
0.00317383
-34
-0.00830078
-22
-0.00537109
44
0.0107422
5
0.0012207
82
0.0200195
-20
-0.00488281
-32
-0.0078125
114
0.027832
-24
-0.00585938
4
0.000976562
62
0.0151367
78
0.019043
52
0.0126953
-4
-0.000976562
-36
-0.00878906
-52
-0.0126953
-155
-0.0378418
23
0.00561523
-8
-0.00195312
5
0.0012207
-65
-0.0158691
30
0.00732422
-90
-0.0219727
-35
-0.00854492
-29
-0.00708008
34
0.00830078
15
0.00366211
33
0.00805664
-47
-0.0114746
101
0.0246582
-40
-0.00976562
10
0.00244141
37
0.0090332
-64
-0.015625
-63
-0.0153809
24
0.00585938
35
0.00854492
-29
-0.00708008
-143
-0.0349121
2
0.000488281
-56
-0.0136719
16
0.00390625
90
0.0219727
46
0.0112305
39
0.00952148
53
0.0129395
-79
-0.0192871
45
0.0109863
-68
-0.0166016
-60
-0.0146484
-90
-0.0219727
51
0.0124512
2
0.000488281
25
0.00610352
56
0.0136719
-30
-0.00732422
-35
-0.00854492
44
0.0107422
2
0.000488281
-64
-0.015625
58
0.0141602
1
0.000244141
50
0.012207
13
0.00317383
49
0.0119629
44
0.0107422
124
0.0302734
21
0.00512695
36
0.00878906
-21
-0.00512695
20
0.00488281
-30
-0.00732422
46
0.0112305
9
0.00219727
62
0.0151367
-44
-0.0107422
-23
-0.00561523
-26
-0.00634766
-9
-0.00219727
64
0.015625
74
0.0180664
-52
-0.0126953
70
0.0170898
159
0.0388184
65
0.0158691
64
0.015625
19
0.00463867
-4
-0.000976562
-70
-0.0170898
4
0.000976562
13
0.00317383
-13
-0.00317383
25
0.00610352
-22
-0.00537109
24
0.00585938
-1
-0.000244141
-9
-0.00219727
-39
-0.00952148
-63
-0.0153809
-129
-0.0314941
-97
-0.0236816
-18
-0.00439453
67
0.0163574
-32
-0.0078125
5
0.0012207
-17
-0.00415039
-30
-0.00732422
9
0.00219727
86
0.0209961
35
0.00854492
-18
-0.00439453
-53
-0.0129395
100
0.0244141
-9
-0.00219727
-5
-0.0012207
-8
-0.00195312
-54
-0.0131836
23
0.00561523
119
0.0290527
41
0.0100098
17
0.00415039
6
0.00146484
-151
-0.0368652
-1
-0.000244141
-26
-0.00634766
7
0.00170898
137
0.0334473
91
0.0222168
-226
-0.0551758
-108
-0.0263672
62
0.0151367
-48
-0.0117188
-83
-0.0202637
0
0
97
0.0236816
55
0.0134277
86
0.0209961
84
0.0205078
77
0.0187988
20
0.00488281
-14
-0.00341797
-113
-0.0275879
32
0.0078125
-3
-0.000732422
38
0.00927734
42
0.0102539
68
0.0166016
4
0.000976562
26
0.00634766
3
0.000732422
-39
-0.00952148
-2
-0.000488281
-15
-0.00366211
5
0.0012207
-72
-0.0175781
-2
-0.000488281
-16
-0.00390625
-52
-0.0126953
7
0.00170898
17
0.00415039
-54
-0.0131836
-21
-0.00512695
-152
-0.0371094
116
0.0283203
28
0.00683594
-68
-0.0166016
-7
-0.00170898
-45
-0.0109863
9
0.00219727
46
0.0112305
-39
-0.00952148
-3
-0.000732422
102
0.0249023
-73
-0.0178223
-40
-0.00976562
-14
-0.00341797
13
0.00317383
43
0.010498
47
0.0114746
51
0.0124512
-37
-0.0090332
28
0.00683594
84
0.0205078
-11
-0.00268555
-52
-0.0126953
49
0.0119629
-53
-0.0129395
-25
-0.00610352
-100
-0.0244141
-64
-0.015625
60
0.0146484
-3
-0.000732422
-89
-0.0217285
46
0.0112305
159
0.0388184
-57
-0.013916
-113
-0.0275879
-51
-0.0124512
14
0.00341797
85
0.020752
-52
-0.0126953
-15
-0.00366211
-31
-0.00756836
41
0.0100098
-9
-0.00219727
19
0.00463867
-16
-0.00390625
-12
-0.00292969
-80
-0.0195312
-7
-0.00170898
-110
-0.0268555
1
0.000244141
123
0.0300293
-40
-0.00976562
24
0.00585938
-14
-0.00341797
-110
-0.0268555
-70
-0.0170898
127
0.0310059
-49
-0.0119629
-76
-0.0185547
99
0.0241699
114
0.027832
72
0.0175781
47
0.0114746
40
0.00976562
-100
-0.0244141
48
0.0117188
66
0.0161133
24
0.00585938
-80
-0.0195312
-120
-0.0292969
114
0.027832
-11
-0.00268555
190
0.0463867
-9
-0.00219727
148
0.0361328
-66
-0.0161133
13
0.00317383
56
0.0136719
-57
-0.013916
-82
-0.0200195
103
0.0251465
-51
-0.0124512
-4
-0.000976562
-85
-0.020752
-152
-0.0371094
50
0.012207
-79
-0.0192871
-22
-0.00537109
-13
-0.00317383
20
0.00488281
87
0.0212402
87
0.0212402
-79
-0.0192871
-66
-0.0161133
-29
-0.00708008
-83
-0.0202637
123
0.0300293
-34
-0.00830078
6
0.00146484
-8
-0.00195312
-43
-0.010498
23
0.00561523
15
0.00366211
-2
-0.000488281
-22
-0.00537109
-41
-0.0100098
38
0.00927734
107
0.026123
-1
-0.000244141
27
0.0065918
-8
-0.00195312
108
0.0263672
-120
-0.0292969
63
0.0153809
-17
-0.00415039
21
0.00512695
159
0.0388184
-18
-0.00439453
46
0.0112305
-57
-0.013916
-50
-0.012207
39
0.00952148
-14
-0.00341797
24
0.00585938
-14
-0.00341797
-51
-0.0124512
-43
-0.010498
-45
-0.0109863
-8
-0.00195312
-8
-0.00195312
-104
-0.0253906
-139
-0.0339355
37
0.0090332
60
0.0146484
-90
-0.0219727
24
0.00585938
49
0.0119629
-36
-0.00878906
-212
-0.0517578
6
0.00146484
-94
-0.0229492
33
0.00805664
130
0.0317383
85
0.020752
-52
-0.0126953
-78
-0.019043
-92
-0.0224609
15
0.00366211
76
0.0185547
26
0.00634766
231
0.0563965
-26
-0.00634766
-84
-0.0205078
-58
-0.0141602
118
0.0288086
-17
-0.00415039
22
0.00537109
92
0.0224609
-59
-0.0144043
55
0.0134277
206
0.050293
-11
-0.00268555
-55
-0.0134277
-41
-0.0100098
3
0.000732422
-23
-0.00561523
38
0.00927734
53
0.0129395
-57
-0.013916
77
0.0187988
-129
-0.0314941
-20
-0.00488281
16
0.00390625
-67
-0.0163574
1
0.000244141
27
0.0065918
-124
-0.0302734
59
0.0144043
33
0.00805664
-67
-0.0163574
-17
-0.00415039
43
0.010498
76
0.0185547
-82
-0.0200195
-84
-0.0205078
-4
-0.000976562
47
0.0114746
-38
-0.00927734
40
0.00976562
44
0.0107422
-144
-0.0351562
70
0.0170898
68
0.0166016
11
0.00268555
0
0
45
0.0109863
-80
-0.0195312
36
0.00878906
-105
-0.0256348
-91
-0.0222168
-32
-0.0078125
-22
-0.00537109
-112
-0.0273438
10
0.00244141
52
0.0126953
4
0.000976562
104
0.0253906
27
0.0065918
186
0.0454102
92
0.0224609
34
0.00830078
-1
-0.000244141
-146
-0.0356445
-99
-0.0241699
-16
-0.00390625
85
0.020752
1
0.000244141
38
0.00927734
-3
-0.000732422
-96
-0.0234375
90
0.0219727
-32
-0.0078125
27
0.0065918
0
0
72
0.0175781
-21
-0.00512695
9
0.00219727
-21
-0.00512695
-29
-0.00708008
45
0.0109863
-42
-0.0102539
43
0.010498
12
0.00292969
-3
-0.000732422
-53
-0.0129395
-29
-0.00708008
6
0.00146484
12
0.00292969
22
0.00537109
-71
-0.017334
-36
-0.00878906
58
0.0141602
189
0.0461426
67
0.0163574
-99
-0.0241699
55
0.0134277
61
0.0148926
33
0.00805664
-179
-0.0437012
-68
-0.0166016
53
0.0129395
28
0.00683594
109
0.0266113
88
0.0214844
6
0.00146484
-38
-0.00927734
-11
-0.00268555
-46
-0.0112305
80
0.0195312
63
0.0153809
-32
-0.0078125
-28
-0.00683594
3
0.000732422
-52
-0.0126953
68
0.0166016
-97
-0.0236816
-237
-0.0578613
57
0.013916
-9
-0.00219727
38
0.00927734
-87
-0.0212402
88
0.0214844
-30
-0.00732422
-4
-0.000976562
-18
-0.00439453
79
0.0192871
67
0.0163574
39
0.00952148
103
0.0251465
-37
-0.0090332
101
0.0246582
36
0.00878906
-74
-0.0180664
82
0.0200195
2
0.000488281
-13
-0.00317383
164
0.0400391
-57
-0.013916
-120
-0.0292969
-56
-0.0136719
-48
-0.0117188
-95
-0.0231934
-40
-0.00976562
114
0.027832
7
0.00170898
-30
-0.00732422
142
0.034668
58
0.0141602
67
0.0163574
16
0.00390625
67
0.0163574
-129
-0.0314941
29
0.00708008
-13
-0.00317383
86
0.0209961
-169
-0.0412598
-34
-0.00830078
-104
-0.0253906
-41
-0.0100098
-5
-0.0012207
48
0.0117188
10
0.00244141
115
0.0280762
12
0.00292969
-8
-0.00195312
41
0.0100098
49
0.0119629
-37
-0.0090332
-36
-0.00878906
-54
-0.0131836
78
0.019043
7
0.00170898
30
0.00732422
-12
-0.00292969
-14
-0.00341797
-57
-0.013916
6
0.00146484
-27
-0.0065918
-11
-0.00268555
-45
-0.0109863
71
0.017334
-23
-0.00561523
167
0.0407715
-10
-0.00244141
-86
-0.0209961
104
0.0253906
69
0.0168457
84
0.0205078
-54
-0.0131836
-3
-0.000732422
-86
-0.0209961
-89
-0.0217285
-9
-0.00219727
74
0.0180664
-146
-0.0356445
4
0.000976562
-9
-0.00219727
3
0.000732422
99
0.0241699
32
0.0078125
73
0.0178223
-129
-0.0314941
-77
-0.0187988
-8
-0.00195312
84
0.0205078
1
0.000244141
52
0.0126953
-42
-0.0102539
-6
-0.00146484
38
0.00927734
-2
-0.000488281
-41
-0.0100098
-178
-0.043457
42
0.0102539
-34
-0.00830078
57
0.013916
-34
-0.00830078
-15
-0.00366211
40
0.00976562
-15
-0.00366211
52
0.0126953
-8
-0.00195312
-82
-0.0200195
84
0.0205078
-26
-0.00634766
-27
-0.0065918
-29
-0.00708008
82
0.0200195
-2
-0.000488281
-71
-0.017334
-71
-0.017334
23
0.00561523
-17
-0.00415039
-30
-0.00732422
-15
-0.00366211
111
0.0270996
-54
-0.0131836
20
0.00488281
-92
-0.0224609
125
0.0305176
-10
-0.00244141
40
0.00976562
52
0.0126953
-45
-0.0109863
-77
-0.0187988
12
0.00292969
-1
-0.000244141
-50
-0.012207
75
0.0183105
-54
-0.0131836
