-97
-0.00209322
-9
-0.000194217
417
0.00899871
57
0.00123004
-19
-0.000410013
-200
-0.00431593
-585
-0.0126241
-68
-0.00146741
-1019
-0.0219896
287
0.00619335
532
0.0114804
-436
-0.00940872
-487
-0.0105093
297
0.00640915
-884
-0.0190764
112
0.00241692
213
0.00459646
-19
-0.000410013
512
0.0110488
60
0.00129478
-690
-0.0148899
-200
-0.00431593
383
0.008265
-488
-0.0105309
192
0.00414329
208
0.00448856
269
0.00580492
72
0.00155373
-577
-0.0124514
86
0.00185585
-100
-0.00215796
-59
-0.0012732
765
0.0165084
-207
-0.00446698
183
0.00394907
-76
-0.00164005
260
0.0056107
-60
-0.00129478
853
0.0184074
-266
-0.00574018
1199
0.025874
-167
-0.0036038
-81
-0.00174795
-69
-0.00148899
-1015
-0.0219033
108
0.0023306
47
0.00101424
-108
-0.0023306
628
0.013552
93
0.00200691
28
0.00060423
-129
-0.00278377
756
0.0163142
97
0.00209322
-204
-0.00440224
266
0.00574018
254
0.00548123
-100
-0.00215796
-1217
-0.0262624
-7
-0.000151057
880
0.0189901
302
0.00651705
-578
-0.012473
106
0.00228744
-108
-0.0023306
188
0.00405697
-154
-0.00332326
-81
-0.00174795
168
0.00362538
-266
-0.00574018
-208
-0.00448856
167
0.0036038
318
0.00686232
-172
-0.0037117
-28
-0.00060423
246
0.00530859
701
0.0151273
110
0.00237376
1189
0.0256582
-234
-0.00504963
258
0.00556754
171
0.00369012
-337
-0.00727233
245
0.00528701
579
0.0124946
63
0.00135952
516
0.0111351
233
0.00502805
-386
-0.00832974
-8
-0.000172637
1019
0.0219896
119
0.00256798
-269
-0.00580492
208
0.00448856
-218
-0.00470436
-139
-0.00299957
-933
-0.0201338
4
8.63185e-05
-90
-0.00194217
28
0.00060423
839
0.0181053
43
0.000927924
14
0.000302115
273
0.00589124
102
0.00220112
-48
-0.00103582
305
0.00658179
-89
-0.00192059
-489
-0.0105524
194
0.00418645
846
0.0182564
2
4.31593e-05
580
0.0125162
-4
-8.63185e-05
-563
-0.0121493
107
0.00230902
-167
-0.0036038
-240
-0.00517911
359
0.00774709
-98
-0.0021148
-575
-0.0124083
2
4.31593e-05
-96
-0.00207164
-3
-6.47389e-05
19
0.000410013
253
0.00545965
-347
-0.00748813
-168
-0.00362538
223
0.00481226
-118
-0.0025464
-296
-0.00638757
-14
-0.000302115
-60
-0.00129478
-157
-0.003388
48
0.00103582
-193
-0.00416487
-9
-0.000194217
117
0.00252482
604
0.0130341
-34
-0.000733707
466
0.0100561
-61
-0.00131636
71
0.00153215
-64
-0.0013811
-421
-0.00908502
-110
-0.00237376
-1596
-0.0344411
-233
-0.00502805
-485
-0.0104661
-143
-0.00308589
581
0.0125378
237
0.00511437
-439
-0.00947346
384
0.00828658
-209
-0.00451014
104
0.00224428
124
0.00267587
183
0.00394907
196
0.00422961
46
0.000992663
-1062
-0.0229176
-167
-0.0036038
702
0.0151489
-37
-0.000798446
-726
-0.0156668
103
0.0022227
664
0.0143289
177
0.00381959
-918
-0.0198101
-318
-0.00686232
-1435
-0.0309668
131
0.00282693
536
0.0115667
137
0.00295641
-1071
-0.0231118
-246
-0.00530859
-970
-0.0209322
40
0.000863185
720
0.0155373
261
0.00563228
-82
-0.00176953
123
0.00265429
-290
-0.00625809
192
0.00414329
-291
-0.00627967
-172
-0.0037117
-204
-0.00440224
-69
-0.00148899
694
0.0149763
-263
-0.00567544
-426
-0.00919292
-129
-0.00278377
767
0.0165516
-60
-0.00129478
142
0.00306431
321
0.00692706
498
0.0107467
-302
-0.00651705
-194
-0.00418645
-200
-0.00431593
220
0.00474752
-157
-0.003388
768
0.0165732
207
0.00446698
191
0.00412171
-177
-0.00381959
-422
-0.0091066
73
0.00157531
339
0.00731549
-213
-0.00459646
16
0.000345274
-116
-0.00250324
335
0.00722918
224
0.00483384
-650
-0.0140268
-126
-0.00271903
346
0.00746655
-170
-0.00366854
-1405
-0.0303194
-137
-0.00295641
1084
0.0233923
-181
-0.00390591
-1024
-0.0220975
119
0.00256798
509
0.010984
-58
-0.00125162
841
0.0181485
147
0.00317221
576
0.0124299
-72
-0.00155373
518
0.0111782
129
0.00278377
-519
-0.0111998
-34
-0.000733707
-499
-0.0107682
240
0.00517911
-547
-0.0118041
-140
-0.00302115
116
0.00250324
150
0.00323694
-1113
-0.0240181
-233
-0.00502805
760
0.0164005
-330
-0.00712128
921
0.0198748
-49
-0.0010574
308
0.00664653
167
0.0036038
-1039
-0.0224212
-165
-0.00356064
-230
-0.00496331
30
0.000647389
303
0.00653863
-189
-0.00407855
169
0.00364696
-162
-0.0034959
-393
-0.00848079
-184
-0.00397065
-317
-0.00684074
-311
-0.00671126
-1124
-0.0242555
209
0.00451014
160
0.00345274
439
0.00947346
-471
-0.010164
-138
-0.00297799
575
0.0124083
-67
-0.00144584
-865
-0.0186664
-62
-0.00133794
-34
-0.000733707
143
0.00308589
316
0.00681916
51
0.00110056
366
0.00789814
-73
-0.00157531
-572
-0.0123435
328
0.00707812
-577
-0.0124514
-195
-0.00420803
-662
-0.0142857
-192
-0.00414329
-321
-0.00692706
-174
-0.00375486
-896
-0.0193353
-142
-0.00306431
-413
-0.00891239
-143
-0.00308589
-335
-0.00722918
-313
-0.00675442
353
0.00761761
-254
-0.00548123
-550
-0.0118688
29
0.000625809
566
0.0122141
-100
-0.00215796
-1175
-0.0253561
365
0.00787656
195
0.00420803
169
0.00364696
1669
0.0360164
198
0.00427277
311
0.00671126
-28
-0.00060423
-127
-0.00274061
-105
-0.00226586
-937
-0.0202201
258
0.00556754
1125
0.0242771
-577
-0.0124514
306
0.00660337
-48
-0.00103582
-346
-0.00746655
-38
-0.000820026
-1241
-0.0267803
72
0.00155373
365
0.00787656
247
0.00533017
212
0.00457488
-135
-0.00291325
770
0.0166163
582
0.0125593
429
0.00925766
-156
-0.00336642
-597
-0.012883
-406
-0.00876133
-815
-0.0175874
-174
-0.00375486
1325
0.028593
-259
-0.00558912
-325
-0.00701338
-220
-0.00474752
553
0.0119335
-269
-0.00580492
741
0.0159905
-66
-0.00142426
-703
-0.0151705
226
0.004877
-33
-0.000712128
471
0.010164
136
0.00293483
80
0.00172637
1037
0.0223781
-312
-0.00673284
489
0.0105524
-142
-0.00306431
621
0.0134009
-127
-0.00274061
631
0.0136167
-90
-0.00194217
-532
-0.0114804
7
0.000151057
1281
0.0276435
40
0.000863185
-792
-0.0170911
384
0.00828658
-771
-0.0166379
187
0.00403539
-599
-0.0129262
177
0.00381959
631
0.0136167
44
0.000949504
792
0.0170911
-192
-0.00414329
-635
-0.0137031
16
0.000345274
577
0.0124514
-55
-0.00118688
1454
0.0313768
-121
-0.00261114
254
0.00548123
-144
-0.00310747
746
0.0160984
-36
-0.000776867
-335
-0.00722918
-137
-0.00295641
383
0.008265
-37
-0.000798446
-573
-0.0123651
109
0.00235218
679
0.0146526
29
0.000625809
-220
-0.00474752
-313
-0.00675442
-45
-0.000971083
-279
-0.00602072
-400
-0.00863185
-278
-0.00599914
-834
-0.0179974
316
0.00681916
362
0.00781183
191
0.00412171
77
0.00166163
32
0.000690548
894
0.0192922
-592
-0.0127751
-262
-0.00565386
97
0.00209322
27
0.00058265
-397
-0.00856711
321
0.00692706
18
0.000388433
940
0.0202849
313
0.00675442
-296
-0.00638757
-654
-0.0141131
136
0.00293483
-208
-0.00448856
-11
-0.000237376
154
0.00332326
207
0.00446698
-93
-0.00200691
781
0.0168537
93
0.00200691
-21
-0.000453172
133
0.00287009
488
0.0105309
-498
-0.0107467
93
0.00200691
-150
-0.00323694
-156
-0.00336642
217
0.00468278
336
0.00725076
-309
-0.00666811
635
0.0137031
-474
-0.0102287
780
0.0168321
-39
-0.000841606
-57
-0.00123004
7
0.000151057
-318
-0.00686232
76
0.00164005
-485
-0.0104661
-258
-0.00556754
-95
-0.00205006
254
0.00548123
-108
-0.0023306
147
0.00317221
964
0.0208028
279
0.00602072
-344
-0.00742339
20
0.000431593
-52
-0.00112214
-211
-0.0045533
218
0.00470436
-95
-0.00205006
-1226
-0.0264566
-101
-0.00217954
204
0.00440224
-168
-0.00362538
-197
-0.00425119
113
0.0024385
-1274
-0.0274924
413
0.00891239
-768
-0.0165732
47
0.00101424
54
0.0011653
289
0.00623651
-587
-0.0126672
-364
-0.00785498
-993
-0.0214286
-39
-0.000841606
857
0.0184937
-87
-0.00187743
-408
-0.00880449
-73
-0.00157531
271
0.00584808
-20
-0.000431593
-1549
-0.0334268
-83
-0.00179111
321
0.00692706
-101
-0.00217954
1209
0.0260898
13
0.000280535
1314
0.0283556
222
0.00479068
86
0.00185585
-34
-0.000733707
-693
-0.0149547
156
0.00336642
554
0.0119551
79
0.00170479
904
0.019508
142
0.00306431
482
0.0104014
103
0.0022227
-1110
-0.0239534
72
0.00155373
-284
-0.00612861
-270
-0.0058265
644
0.0138973
326
0.00703496
133
0.00287009
130
0.00280535
230
0.00496331
-141
-0.00304273
452
0.00975399
262
0.00565386
-212
-0.00457488
-110
-0.00237376
664
0.0143289
178
0.00384117
116
0.00250324
112
0.00241692
-774
-0.0167026
78
0.00168321
-686
-0.0148036
-122
-0.00263271
-14
-0.000302115
29
0.000625809
779
0.0168105
812
0.0175227
-1333
-0.0287656
188
0.00405697
285
0.00615019
246
0.00530859
12
0.000258956
-109
-0.00235218
-104
-0.00224428
-139
-0.00299957
-731
-0.0157747
17
0.000366854
-463
-0.00999137
-217
-0.00468278
170
0.00366854
-293
-0.00632283
236
0.00509279
-144
-0.00310747
-202
-0.00435909
-104
-0.00224428
707
0.0152568
-153
-0.00330168
179
0.00386275
-63
-0.00135952
-249
-0.00537333
134
0.00289167
-38
-0.000820026
69
0.00148899
1180
0.025464
16
0.000345274
-285
-0.00615019
-237
-0.00511437
288
0.00621493
-16
-0.000345274
-151
-0.00325852
-78
-0.00168321
967
0.0208675
269
0.00580492
913
0.0197022
-192
-0.00414329
42
0.000906344
-69
-0.00148899
-325
-0.00701338
236
0.00509279
-322
-0.00694864
139
0.00299957
-669
-0.0144368
187
0.00403539
451
0.00973241
569
0.0122788
278
0.00599914
-27
-0.00058265
-303
-0.00653863
486
0.0104877
-499
-0.0107682
223
0.00481226
-672
-0.0145015
-93
-0.00200691
319
0.0068839
547
0.0118041
-561
-0.0121062
-118
-0.0025464
654
0.0141131
-180
-0.00388433
-247
-0.00533017
-360
-0.00776867
894
0.0192922
202
0.00435909
262
0.00565386
-81
-0.00174795
1037
0.0223781
-129
-0.00278377
456
0.00984031
294
0.00634441
122
0.00263271
358
0.00772551
669
0.0144368
15
0.000323694
-290
-0.00625809
122
0.00263271
384
0.00828658
-30
-0.000647389
234
0.00504963
12
0.000258956
471
0.010164
369
0.00796288
575
0.0124083
-512
-0.0110488
-1244
-0.0268451
18
0.000388433
225
0.00485542
-279
-0.00602072
-10
-0.000215796
262
0.00565386
295
0.00636599
174
0.00375486
615
0.0132715
4
8.63185e-05
71
0.00153215
-16
-0.000345274
522
0.0112646
270
0.0058265
-63
-0.00135952
156
0.00336642
-58
-0.00125162
-9
-0.000194217
678
0.014631
136
0.00293483
258
0.00556754
163
0.00351748
-349
-0.00753129
174
0.00375486
-458
-0.00988347
205
0.00442382
550
0.0118688
108
0.0023306
21
0.000453172
-78
-0.00168321
-598
-0.0129046
129
0.00278377
-1095
-0.0236297
-424
-0.00914976
767
0.0165516
157
0.003388
-13
-0.000280535
167
0.0036038
420
0.00906344
-57
-0.00123004
-44
-0.000949504
-32
-0.000690548
213
0.00459646
349
0.00753129
-611
-0.0131852
28
0.00060423
476
0.0102719
-188
-0.00405697
-68
-0.00146741
96
0.00207164
502
0.010833
-282
-0.00608546
-378
-0.0081571
244
0.00526543
-600
-0.0129478
-339
-0.00731549
-55
-0.00118688
178
0.00384117
150
0.00323694
310
0.00668968
-250
-0.00539491
-82
-0.00176953
-477
-0.0102935
69
0.00148899
542
0.0116962
-70
-0.00151057
36
0.000776867
-179
-0.00386275
447
0.00964609
102
0.00220112
-24
-0.000517911
319
0.0068839
-714
-0.0154079
-34
-0.000733707
-107
-0.00230902
189
0.00407855
-1121
-0.0241908
-26
-0.00056107
-603
-0.0130125
-174
-0.00375486
-921
-0.0198748
-57
-0.00123004
-811
-0.0175011
3
6.47389e-05
95
0.00205006
121
0.00261114
-619
-0.0133578
106
0.00228744
171
0.00369012
-84
-0.00181269
638
0.0137678
-108
-0.0023306
134
0.00289167
-307
-0.00662495
-102
-0.00220112
-85
-0.00183427
-138
-0.00297799
-118
-0.0025464
440
0.00949504
196
0.00422961
-482
-0.0104014
52
0.00112214
-209
-0.00451014
69
0.00148899
-416
-0.00897713
-187
-0.00403539
389
0.00839448
122
0.00263271
-594
-0.0128183
36
0.000776867
-799
-0.0172421
-4
-8.63185e-05
-236
-0.00509279
5
0.000107898
-186
-0.00401381
-100
-0.00215796
229
0.00494174
257
0.00554596
1498
0.0323263
34
0.000733707
528
0.011394
262
0.00565386
663
0.0143073
-189
-0.00407855
1109
0.0239318
8
0.000172637
781
0.0168537
15
0.000323694
-754
-0.016271
70
0.00151057
-544
-0.0117393
221
0.0047691
-298
-0.00643073
-99
-0.00213638
1110
0.0239534
173
0.00373328
-149
-0.00321536
-246
-0.00530859
-187
-0.00403539
50
0.00107898
235
0.00507121
119
0.00256798
-1
-2.15796e-05
286
0.00617177
-218
-0.00470436
-46
-0.000992663
75
0.00161847
136
0.00293483
5
0.000107898
41
0.000884765
533
0.0115019
-72
-0.00155373
787
0.0169832
399
0.00861027
640
0.013811
-28
-0.00060423
-233
-0.00502805
-276
-0.00595598
290
0.00625809
409
0.00882607
-379
-0.00817868
-275
-0.0059344
1134
0.0244713
-58
-0.00125162
312
0.00673284
-117
-0.00252482
-900
-0.0194217
-339
-0.00731549
149
0.00321536
-285
-0.00615019
753
0.0162495
-142
-0.00306431
-138
-0.00297799
255
0.00550281
571
0.012322
-99
-0.00213638
1234
0.0266293
341
0.00735865
-88
-0.00189901
378
0.0081571
157
0.003388
-183
-0.00394907
-258
-0.00556754
49
0.0010574
-1943
-0.0419292
86
0.00185585
281
0.00606388
-149
-0.00321536
-438
-0.00945188
-158
-0.00340958
707
0.0152568
378
0.0081571
-821
-0.0177169
-75
-0.00161847
133
0.00287009
193
0.00416487
-411
-0.00886923
-1
-2.15796e-05
30
0.000647389
34
0.000733707
1588
0.0342685
261
0.00563228
1131
0.0244066
44
0.000949504
401
0.00865343
-481
-0.0103798
61
0.00131636
-46
-0.000992663
366
0.00789814
222
0.00479068
-356
-0.00768235
-196
-0.00422961
102
0.00220112
128
0.00276219
-123
-0.00265429
322
0.00694864
-701
-0.0151273
261
0.00563228
-133
-0.00287009
-298
-0.00643073
493
0.0106388
-56
-0.00120846
661
0.0142641
-174
-0.00375486
-174
-0.00375486
267
0.00576176
-541
-0.0116746
314
0.006776
480
0.0103582
-93
-0.00200691
647
0.013962
-50
-0.00107898
499
0.0107682
-184
-0.00397065
536
0.0115667
18
0.000388433
264
0.00569702
9
0.000194217
1312
0.0283125
84
0.00181269
1280
0.0276219
-105
-0.00226586
674
0.0145447
-448
-0.00966767
3
6.47389e-05
-147
-0.00317221
-363
-0.00783341
11
0.000237376
648
0.0139836
-87
-0.00187743
20
0.000431593
-7
-0.000151057
-831
-0.0179327
194
0.00418645
268
0.00578334
-186
-0.00401381
-222
-0.00479068
-142
-0.00306431
-339
-0.00731549
123
0.00265429
-1082
-0.0233492
-97
-0.00209322
-877
-0.0189253
284
0.00612861
437
0.0094303
-172
-0.0037117
-268
-0.00578334
-398
-0.00858869
52
0.00112214
-257
-0.00554596
508
0.0109625
351
0.00757445
572
0.0123435
-144
-0.00310747
-596
-0.0128615
-467
-0.0100777
-70
-0.00151057
-83
-0.00179111
-160
-0.00345274
247
0.00533017
831
0.0179327
97
0.00209322
445
0.00960293
-256
-0.00552438
-177
-0.00381959
79
0.00170479
-176
-0.00379801
205
0.00442382
-99
-0.00213638
-276
-0.00595598
-857
-0.0184937
103
0.0022227
217
0.00468278
153
0.00330168
-33
-0.000712128
133
0.00287009
22
0.000474752
-206
-0.0044454
-624
-0.0134657
-214
-0.00461804
-50
-0.00107898
-37
-0.000798446
71
0.00153215
-173
-0.00373328
-1391
-0.0300173
267
0.00576176
-766
-0.01653
-116
-0.00250324
1148
0.0247734
-224
-0.00483384
-585
-0.0126241
115
0.00248166
176
0.00379801
-123
-0.00265429
157
0.003388
-357
-0.00770393
49
0.0010574
-192
-0.00414329
-621
-0.0134009
234
0.00504963
465
0.0100345
-21
-0.000453172
-333
-0.00718602
-315
-0.00679758
-774
-0.0167026
203
0.00438066
-609
-0.013142
124
0.00267587
1009
0.0217738
-292
-0.00630125
-478
-0.0103151
27
0.00058265
113
0.0024385
80
0.00172637
-113
-0.0024385
-145
-0.00312905
-439
-0.00947346
-184
-0.00397065
439
0.00947346
-159
-0.00343116
150
0.00323694
25
0.000539491
233
0.00502805
194
0.00418645
-625
-0.0134873
-260
-0.0056107
238
0.00513595
41
0.000884765
284
0.00612861
65
0.00140268
-902
-0.0194648
115
0.00248166
-593
-0.0127967
98
0.0021148
-237
-0.00511437
-166
-0.00358222
-513
-0.0110703
-345
-0.00744497
519
0.0111998
-305
-0.00658179
481
0.0103798
-544
-0.0117393
-597
-0.012883
74
0.00159689
-428
-0.00923608
-44
-0.000949504
576
0.0124299
-308
-0.00664653
-65
-0.00140268
-102
-0.00220112
118
0.0025464
234
0.00504963
-46
-0.000992663
-194
-0.00418645
-64
-0.0013811
-113
-0.0024385
-108
-0.0023306
159
0.00343116
-232
-0.00500647
103
0.0022227
877
0.0189253
-70
-0.00151057
-350
-0.00755287
237
0.00511437
-243
-0.00524385
-131
-0.00282693
863
0.0186232
486
0.0104877
742
0.0160121
-180
-0.00388433
183
0.00394907
63
0.00135952
572
0.0123435
274
0.00591282
-102
-0.00220112
-199
-0.00429435
438
0.00945188
40
0.000863185
551
0.0118904
3
6.47389e-05
-198
-0.00427277
385
0.00830816
-378
-0.0081571
162
0.0034959
73
0.00157531
166
0.00358222
328
0.00707812
-482
-0.0104014
790
0.0170479
-239
-0.00515753
57
0.00123004
27
0.00058265
5
0.000107898
-160
-0.00345274
-600
-0.0129478
-214
-0.00461804
-512
-0.0110488
75
0.00161847
274
0.00591282
546
0.0117825
-389
-0.00839448
32
0.000690548
940
0.0202849
-226
-0.004877
535
0.0115451
115
0.00248166
250
0.00539491
305
0.00658179
247
0.00533017
46
0.000992663
801
0.0172853
56
0.00120846
-269
-0.00580492
130
0.00280535
-562
-0.0121278
145
0.00312905
722
0.0155805
255
0.00550281
8
0.000172637
133
0.00287009
-41
-0.000884765
296
0.00638757
194
0.00418645
-116
-0.00250324
375
0.00809236
-421
-0.00908502
-86
-0.00185585
2
4.31593e-05
484
0.0104445
-350
-0.00755287
9
0.000194217
-68
-0.00146741
-535
-0.0115451
264
0.00569702
284
0.00612861
-118
-0.0025464
-337
-0.00727233
137
0.00295641
221
0.0047691
-350
-0.00755287
-261
-0.00563228
-198
-0.00427277
-572
-0.0123435
166
0.00358222
-204
-0.00440224
-167
-0.0036038
-326
-0.00703496
-6
-0.000129478
-752
-0.0162279
-83
-0.00179111
-105
-0.00226586
24
0.000517911
207
0.00446698
-88
-0.00189901
-275
-0.0059344
-268
-0.00578334
-123
-0.00265429
349
0.00753129
478
0.0103151
112
0.00241692
-1148
-0.0247734
-181
-0.00390591
671
0.0144799
-359
-0.00774709
-34
-0.000733707
-154
-0.00332326
-955
-0.0206085
-211
-0.0045533
802
0.0173069
120
0.00258956
-276
-0.00595598
-267
-0.00576176
-478
-0.0103151
-44
-0.000949504
-656
-0.0141562
162
0.0034959
643
0.0138757
-272
-0.00586966
-397
-0.00856711
211
0.0045533
-346
-0.00746655
-199
-0.00429435
465
0.0100345
45
0.000971083
1316
0.0283988
228
0.00492016
-1045
-0.0225507
289
0.00623651
57
0.00123004
315
0.00679758
100
0.00215796
31
0.000668968
492
0.0106172
87
0.00187743
-33
-0.000712128
233
0.00502805
385
0.00830816
64
0.0013811
-60
-0.00129478
-18
-0.000388433
-556
-0.0119983
143
0.00308589
541
0.0116746
18
0.000388433
47
0.00101424
163
0.00351748
-763
-0.0164653
-61
-0.00131636
-237
-0.00511437
-26
-0.00056107
-279
-0.00602072
-41
-0.000884765
-650
-0.0140268
-138
-0.00297799
-437
-0.0094303
-27
-0.00058265
1096
0.0236513
207
0.00446698
745
0.0160768
22
0.000474752
403
0.00869659
-28
-0.00060423
-1285
-0.0277298
-32
-0.000690548
-147
-0.00317221
220
0.00474752
682
0.0147173
34
0.000733707
799
0.0172421
103
0.0022227
-256
-0.00552438
-39
-0.000841606
-301
-0.00649547
192
0.00414329
-356
-0.00768235
-95
-0.00205006
29
0.000625809
-403
-0.00869659
692
0.0149331
2
4.31593e-05
-391
-0.00843763
-417
-0.00899871
200
0.00431593
233
0.00502805
-543
-0.0117177
170
0.00366854
655
0.0141347
-82
-0.00176953
525
0.0113293
125
0.00269745
-728
-0.01571
7
0.000151057
-1072
-0.0231334
-248
-0.00535175
-977
-0.0210833
-207
-0.00446698
737
0.0159042
84
0.00181269
-223
-0.00481226
-66
-0.00142426
-448
-0.00966767
211
0.0045533
-413
-0.00891239
69
0.00148899
254
0.00548123
-75
-0.00161847
307
0.00662495
-258
-0.00556754
-1442
-0.0311178
-133
-0.00287009
-149
-0.00321536
-1
-2.15796e-05
1054
0.0227449
103
0.0022227
65
0.00140268
-33
-0.000712128
-1194
-0.0257661
255
0.00550281
482
0.0104014
-11
-0.000237376
527
0.0113725
471
0.010164
817
0.0176306
-96
-0.00207164
6
0.000129478
-67
-0.00144584
-375
-0.00809236
-23
-0.000496331
424
0.00914976
186
0.00401381
73
0.00157531
-112
-0.00241692
982
0.0211912
-10
-0.000215796
349
0.00753129
-184
-0.00397065
793
0.0171126
301
0.00649547
-447
-0.00964609
-80
-0.00172637
-821
-0.0177169
134
0.00289167
453
0.00977557
131
0.00282693
-332
-0.00716444
309
0.00666811
401
0.00865343
-133
-0.00287009
-489
-0.0105524
158
0.00340958
282
0.00608546
79
0.00170479
514
0.0110919
-415
-0.00895555
-119
-0.00256798
131
0.00282693
-637
-0.0137462
222
0.00479068
53
0.00114372
230
0.00496331
648
0.0139836
-7
-0.000151057
-194
-0.00418645
-159
-0.00343116
-1125
-0.0242771
209
0.00451014
-57
-0.00123004
-149
-0.00321536
-439
-0.00947346
467
0.0100777
-935
-0.020177
-21
-0.000453172
672
0.0145015
-31
-0.000668968
-378
-0.0081571
14
0.000302115
579
0.0124946
21
0.000453172
997
0.0215149
-34
-0.000733707
693
0.0149547
-161
-0.00347432
-244
-0.00526543
146
0.00315063
-461
-0.00994821
74
0.00159689
571
0.012322
-12
-0.000258956
-492
-0.0106172
-262
-0.00565386
300
0.00647389
138
0.00297799
75
0.00161847
134
0.00289167
-450
-0.00971083
203
0.00438066
-773
-0.0166811
-91
-0.00196375
-511
-0.0110272
-65
-0.00140268
-403
-0.00869659
-223
-0.00481226
-657
-0.0141778
211
0.0045533
809
0.0174579
-19
-0.000410013
-792
-0.0170911
-241
-0.00520069
566
0.0122141
-262
-0.00565386
-3
-6.47389e-05
-246
-0.00530859
-532
-0.0114804
42
0.000906344
-955
-0.0206085
195
0.00420803
-429
-0.00925766
419
0.00904186
-218
-0.00470436
-312
-0.00673284
-94
-0.00202849
-101
-0.00217954
470
0.0101424
105
0.00226586
271
0.00584808
143
0.00308589
794
0.0171342
-42
-0.000906344
-709
-0.0153
64
0.0013811
323
0.00697022
82
0.00176953
-929
-0.0200475
51
0.00110056
1051
0.0226802
-99
-0.00213638
323
0.00697022
13
0.000280535
513
0.0110703
53
0.00114372
460
0.00992663
54
0.0011653
1722
0.0371601
-143
-0.00308589
-104
-0.00224428
-131
-0.00282693
-143
-0.00308589
-184
-0.00397065
-1276
-0.0275356
23
0.000496331
489
0.0105524
315
0.00679758
-742
-0.0160121
-117
-0.00252482
135
0.00291325
13
0.000280535
-850
-0.0183427
-13
-0.000280535
457
0.00986189
-252
-0.00543807
127
0.00274061
-186
-0.00401381
-693
-0.0149547
40
0.000863185
-173
-0.00373328
59
0.0012732
616
0.0132931
200
0.00431593
-791
-0.0170695
402
0.00867501
-484
-0.0104445
71
0.00153215
-590
-0.012732
78
0.00168321
-394
-0.00850237
-52
-0.00112214
323
0.00697022
196
0.00422961
-696
-0.0150194
62
0.00133794
-393
-0.00848079
-100
-0.00215796
465
0.0100345
446
0.00962451
-199
-0.00429435
50
0.00107898
-466
-0.0100561
2
4.31593e-05
51
0.00110056
15
0.000323694
-752
-0.0162279
-168
-0.00362538
-529
-0.0114156
99
0.00213638
534
0.0115235
-236
-0.00509279
-636
-0.0137246
27
0.00058265
114
0.00246008
-129
-0.00278377
1156
0.0249461
187
0.00403539
-20
-0.000431593
118
0.0025464
185
0.00399223
-33
-0.000712128
1276
0.0275356
48
0.00103582
-705
-0.0152136
15
0.000323694
390
0.00841606
-89
-0.00192059
511
0.0110272
-214
-0.00461804
-151
-0.00325852
-63
-0.00135952
-770
-0.0166163
-343
-0.00740181
934
0.0201554
285
0.00615019
809
0.0174579
150
0.00323694
-1017
-0.0219465
-297
-0.00640915
1162
0.0250755
24
0.000517911
1122
0.0242123
-153
-0.00330168
193
0.00416487
-163
-0.00351748
190
0.00410013
-96
-0.00207164
-95
-0.00205006
108
0.0023306
-814
-0.0175658
-23
-0.000496331
247
0.00533017
245
0.00528701
-347
-0.00748813
75
0.00161847
-78
-0.00168321
-122
-0.00263271
-528
-0.011394
65
0.00140268
-453
-0.00977557
13
0.000280535
395
0.00852395
-36
-0.000776867
197
0.00425119
172
0.0037117
-822
-0.0177385
-322
-0.00694864
93
0.00200691
-90
-0.00194217
-461
-0.00994821
6
0.000129478
117
0.00252482
-354
-0.00763919
267
0.00576176
-310
-0.00668968
539
0.0116314
111
0.00239534
492
0.0106172
128
0.00276219
480
0.0103582
-227
-0.00489858
-1336
-0.0288304
167
0.0036038
-822
-0.0177385
214
0.00461804
201
0.00433751
425
0.00917134
166
0.00358222
-159
-0.00343116
-756
-0.0163142
389
0.00839448
636
0.0137246
21
0.000453172
410
0.00884765
-270
-0.0058265
-165
-0.00356064
56
0.00120846
-91
-0.00196375
334
0.0072076
261
0.00563228
38
0.000820026
-475
-0.0102503
-282
-0.00608546
-1078
-0.0232628
-211
-0.0045533
-505
-0.0108977
-429
-0.00925766
-695
-0.0149978
-102
-0.00220112
279
0.00602072
-359
-0.00774709
-519
-0.0111998
123
0.00265429
790
0.0170479
-117
-0.00252482
403
0.00869659
-18
-0.000388433
-564
-0.0121709
-35
-0.000755287
921
0.0198748
129
0.00278377
-127
-0.00274061
-82
-0.00176953
-902
-0.0194648
-235
-0.00507121
-409
-0.00882607
-282
-0.00608546
-510
-0.0110056
-156
-0.00336642
-71
-0.00153215
110
0.00237376
-859
-0.0185369
-129
-0.00278377
-256
-0.00552438
146
0.00315063
420
0.00906344
-85
-0.00183427
566
0.0122141
-76
-0.00164005
199
0.00429435
188
0.00405697
-238
-0.00513595
-170
-0.00366854
892
0.019249
30
0.000647389
253
0.00545965
311
0.00671126
794
0.0171342
103
0.0022227
-115
-0.00248166
-50
-0.00107898
113
0.0024385
160
0.00345274
705
0.0152136
-99
-0.00213638
-289
-0.00623651
395
0.00852395
291
0.00627967
51
0.00110056
68
0.00146741
-174
-0.00375486
-596
-0.0128615
117
0.00252482
553
0.0119335
-10
-0.000215796
228
0.00492016
339
0.00731549
1
2.15796e-05
257
0.00554596
-1162
-0.0250755
-130
-0.00280535
529
0.0114156
352
0.00759603
222
0.00479068
-34
-0.000733707
-158
-0.00340958
-256
-0.00552438
-25
-0.000539491
-176
-0.00379801
-322
-0.00694864
56
0.00120846
-519
-0.0111998
-260
-0.0056107
-292
-0.00630125
-363
-0.00783341
-125
-0.00269745
-88
-0.00189901
-410
-0.00884765
-204
-0.00440224
-143
-0.00308589
112
0.00241692
216
0.0046612
127
0.00274061
-12
-0.000258956
-449
-0.00968925
-874
-0.0188606
164
0.00353906
-669
-0.0144368
47
0.00101424
-42
-0.000906344
22
0.000474752
240
0.00517911
-429
-0.00925766
532
0.0114804
207
0.00446698
51
0.00110056
-352
-0.00759603
775
0.0167242
103
0.0022227
-497
-0.0107251
-201
-0.00433751
-108
-0.0023306
-23
-0.000496331
12
0.000258956
0
0
944
0.0203712
146
0.00315063
400
0.00863185
-205
-0.00442382
-490
-0.010574
-142
-0.00306431
345
0.00744497
90
0.00194217
275
0.0059344
-91
-0.00196375
-201
-0.00433751
-84
-0.00181269
88
0.00189901
-88
-0.00189901
-41
-0.000884765
208
0.00448856
287
0.00619335
22
0.000474752
-64
-0.0013811
-64
-0.0013811
-534
-0.0115235
439
0.00947346
433
0.00934398
-53
-0.00114372
264
0.00569702
34
0.000733707
-677
-0.0146094
22
0.000474752
369
0.00796288
129
0.00278377
-343
-0.00740181
-260
-0.0056107
947
0.0204359
-354
-0.00763919
-824
-0.0177816
-15
-0.000323694
-19
-0.000410013
219
0.00472594
142
0.00306431
-375
-0.00809236
509
0.010984
33
0.000712128
-600
-0.0129478
-200
-0.00431593
-609
-0.013142
-3
-6.47389e-05
265
0.0057186
65
0.00140268
-750
-0.0161847
-266
-0.00574018
330
0.00712128
81
0.00174795
-1014
-0.0218817
-45
-0.000971083
-418
-0.00902028
-95
-0.00205006
223
0.00481226
61
0.00131636
-760
-0.0164005
340
0.00733707
-430
-0.00927924
129
0.00278377
-156
-0.00336642
283
0.00610703
-909
-0.0196159
42
0.000906344
-369
-0.00796288
-162
-0.0034959
473
0.0102072
186
0.00401381
381
0.00822184
71
0.00153215
502
0.010833
218
0.00470436
-255
-0.00550281
86
0.00185585
-786
-0.0169616
310
0.00668968
8
0.000172637
-21
-0.000453172
311
0.00671126
565
0.0121925
-357
-0.00770393
-101
-0.00217954
999
0.021558
188
0.00405697
-23
-0.000496331
291
0.00627967
1474
0.0318084
-492
-0.0106172
135
0.00291325
-61
-0.00131636
-853
-0.0184074
30
0.000647389
356
0.00768235
32
0.000690548
379
0.00817868
-300
-0.00647389
-731
-0.0157747
81
0.00174795
-1235
-0.0266508
74
0.00159689
722
0.0155805
309
0.00666811
-826
-0.0178248
1
2.15796e-05
-223
-0.00481226
223
0.00481226
-89
-0.00192059
-279
-0.00602072
749
0.0161631
-12
-0.000258956
-291
-0.00627967
-14
-0.000302115
833
0.0179758
-159
-0.00343116
-1039
-0.0224212
-128
-0.00276219
393
0.00848079
-163
-0.00351748
-833
-0.0179758
-21
-0.000453172
-489
-0.0105524
183
0.00394907
-411
-0.00886923
-398
-0.00858869
-413
-0.00891239
167
0.0036038
271
0.00584808
310
0.00668968
670
0.0144584
-164
-0.00353906
-334
-0.0072076
201
0.00433751
-552
-0.011912
88
0.00189901
528
0.011394
31
0.000668968
-608
-0.0131204
164
0.00353906
582
0.0125593
14
0.000302115
-563
-0.0121493
-2
-4.31593e-05
-127
-0.00274061
-681
-0.0146957
-561
-0.0121062
-122
-0.00263271
-471
-0.010164
-28
-0.00060423
-653
-0.0140915
-155
-0.00334484
-677
-0.0146094
-315
-0.00679758
-472
-0.0101856
13
0.000280535
-345
-0.00744497
299
0.00645231
-52
-0.00112214
-97
-0.00209322
-445
-0.00960293
-72
-0.00155373
98
0.0021148
171
0.00369012
-69
-0.00148899
5
0.000107898
468
0.0100993
-36
-0.000776867
376
0.00811394
-106
-0.00228744
-1135
-0.0244929
160
0.00345274
223
0.00481226
14
0.000302115
-691
-0.0149115
-128
-0.00276219
328
0.00707812
-252
-0.00543807
255
0.00550281
-20
-0.000431593
-517
-0.0111567
-231
-0.00498489
-1045
-0.0225507
112
0.00241692
-1354
-0.0292188
-82
-0.00176953
572
0.0123435
-115
-0.00248166
1291
0.0278593
-57
-0.00123004
-167
-0.0036038
-204
-0.00440224
-491
-0.0105956
-16
-0.000345274
294
0.00634441
270
0.0058265
-1102
-0.0237808
158
0.00340958
-728
-0.01571
277
0.00597756
-672
-0.0145015
84
0.00181269
-654
-0.0141131
-218
-0.00470436
707
0.0152568
74
0.00159689
310
0.00668968
-36
-0.000776867
1078
0.0232628
125
0.00269745
536
0.0115667
91
0.00196375
291
0.00627967
-234
-0.00504963
685
0.014782
276
0.00595598
-257
-0.00554596
230
0.00496331
-182
-0.00392749
218
0.00470436
240
0.00517911
-334
-0.0072076
-791
-0.0170695
-204
-0.00440224
63
0.00135952
-208
-0.00448856
838
0.0180837
92
0.00198533
-117
-0.00252482
-318
-0.00686232
-260
-0.0056107
134
0.00289167
-1236
-0.0266724
-138
-0.00297799
662
0.0142857
-29
-0.000625809
-742
-0.0160121
-135
-0.00291325
-193
-0.00416487
76
0.00164005
-95
-0.00205006
110
0.00237376
40
0.000863185
4
8.63185e-05
-175
-0.00377644
71
0.00153215
-79
-0.00170479
-20
-0.000431593
-723
-0.0156021
87
0.00187743
24
0.000517911
-286
-0.00617177
-206
-0.0044454
15
0.000323694
93
0.00200691
267
0.00576176
831
0.0179327
-13
-0.000280535
428
0.00923608
308
0.00664653
572
0.0123435
-48
-0.00103582
100
0.00215796
-324
-0.0069918
-123
-0.00265429
10
0.000215796
173
0.00373328
-286
-0.00617177
162
0.0034959
-392
-0.00845921
-365
-0.00787656
32
0.000690548
549
0.0118472
-85
-0.00183427
-511
-0.0110272
125
0.00269745
-518
-0.0111782
25
0.000539491
-1098
-0.0236944
-104
-0.00224428
240
0.00517911
170
0.00366854
223
0.00481226
-92
-0.00198533
280
0.0060423
-238
-0.00513595
854
0.018429
158
0.00340958
-70
-0.00151057
-10
-0.000215796
146
0.00315063
-101
-0.00217954
397
0.00856711
72
0.00155373
-783
-0.0168968
-112
-0.00241692
173
0.00373328
-400
-0.00863185
300
0.00647389
135
0.00291325
-1377
-0.0297151
14
0.000302115
-79
-0.00170479
-523
-0.0112861
-438
-0.00945188
-302
-0.00651705
-436
-0.00940872
102
0.00220112
28
0.00060423
-41
-0.000884765
-254
-0.00548123
-66
-0.00142426
-484
-0.0104445
-80
-0.00172637
1380
0.0297799
159
0.00343116
430
0.00927924
263
0.00567544
-275
-0.0059344
-27
-0.00058265
940
0.0202849
396
0.00854553
460
0.00992663
466
0.0100561
-1489
-0.0321321
-132
-0.00284851
518
0.0111782
-271
-0.00584808
-249
-0.00537333
113
0.0024385
77
0.00166163
-51
-0.00110056
-95
-0.00205006
-167
-0.0036038
-191
-0.00412171
49
0.0010574
-456
-0.00984031
180
0.00388433
-600
-0.0129478
-55
-0.00118688
483
0.010423
237
0.00511437
785
0.01694
194
0.00418645
-319
-0.0068839
180
0.00388433
-441
-0.00951662
-22
-0.000474752
1017
0.0219465
-216
-0.0046612
1284
0.0277082
105
0.00226586
1063
0.0229391
-548
-0.0118256
-601
-0.0129694
266
0.00574018
-310
-0.00668968
-10
-0.000215796
-145
-0.00312905
-282
-0.00608546
-340
-0.00733707
-304
-0.00656021
382
0.00824342
-136
-0.00293483
177
0.00381959
99
0.00213638
-1100
-0.0237376
-206
-0.0044454
133
0.00287009
50
0.00107898
385
0.00830816
70
0.00151057
1412
0.0304704
56
0.00120846
424
0.00914976
-26
-0.00056107
-29
-0.000625809
-409
-0.00882607
97
0.00209322
-398
-0.00858869
-198
-0.00427277
-192
-0.00414329
695
0.0149978
-62
-0.00133794
-1309
-0.0282477
350
0.00755287
-611
-0.0131852
151
0.00325852
-161
-0.00347432
138
0.00297799
-681
-0.0146957
-142
-0.00306431
624
0.0134657
-141
-0.00304273
-678
-0.014631
219
0.00472594
242
0.00522227
202
0.00435909
64
0.0013811
68
0.00146741
941
0.0203064
-327
-0.00705654
382
0.00824342
47
0.00101424
237
0.00511437
-70
-0.00151057
727
0.0156884
-46
-0.000992663
-46
-0.000992663
141
0.00304273
424
0.00914976
42
0.000906344
828
0.0178679
-51
-0.00110056
669
0.0144368
-87
-0.00187743
103
0.0022227
407
0.00878291
693
0.0149547
-9
-0.000194217
967
0.0208675
238
0.00513595
-733
-0.0158179
-568
-0.0122572
-755
-0.0162926
167
0.0036038
-362
-0.00781183
159
0.00343116
65
0.00140268
164
0.00353906
-427
-0.0092145
-317
-0.00684074
-1005
-0.0216875
117
0.00252482
877
0.0189253
272
0.00586966
-7
-0.000151057
-433
-0.00934398
-516
-0.0111351
-14
-0.000302115
64
0.0013811
437
0.0094303
-50
-0.00107898
202
0.00435909
-607
-0.0130988
-330
-0.00712128
186
0.00401381
126
0.00271903
-558
-0.0120414
-254
-0.00548123
680
0.0146741
154
0.00332326
272
0.00586966
-163
-0.00351748
543
0.0117177
-107
-0.00230902
-868
-0.0187311
-15
-0.000323694
-119
-0.00256798
-14
-0.000302115
86
0.00185585
-141
-0.00304273
37
0.000798446
124
0.00267587
-564
-0.0121709
135
0.00291325
-430
-0.00927924
-88
-0.00189901
-1136
-0.0245145
-104
-0.00224428
-1198
-0.0258524
116
0.00250324
320
0.00690548
-62
-0.00133794
-337
-0.00727233
76
0.00164005
1216
0.0262408
-74
-0.00159689
-421
-0.00908502
-179
-0.00386275
167
0.0036038
198
0.00427277
-74
-0.00159689
156
0.00336642
83
0.00179111
282
0.00608546
362
0.00781183
167
0.0036038
415
0.00895555
-89
-0.00192059
226
0.004877
-355
-0.00766077
-282
-0.00608546
-93
-0.00200691
984
0.0212344
-99
-0.00213638
589
0.0127104
20
0.000431593
170
0.00366854
-248
-0.00535175
-506
-0.0109193
-158
-0.00340958
333
0.00718602
227
0.00489858
312
0.00673284
58
0.00125162
121
0.00261114
-109
-0.00235218
376
0.00811394
-65
-0.00140268
399
0.00861027
-498
-0.0107467
-375
-0.00809236
523
0.0112861
-20
-0.000431593
-12
-0.000258956
76
0.00164005
-278
-0.00599914
-694
-0.0149763
-52
-0.00112214
-287
-0.00619335
103
0.0022227
-150
-0.00323694
-264
-0.00569702
223
0.00481226
-102
-0.00220112
291
0.00627967
21
0.000453172
-243
-0.00524385
160
0.00345274
-785
-0.01694
345
0.00744497
226
0.004877
85
0.00183427
508
0.0109625
83
0.00179111
-814
-0.0175658
-219
-0.00472594
1010
0.0217954
446
0.00962451
-785
-0.01694
208
0.00448856
-722
-0.0155805
151
0.00325852
-337
-0.00727233
-404
-0.00871817
-40
-0.000863185
44
0.000949504
114
0.00246008
-185
-0.00399223
661
0.0142641
286
0.00617177
-162
-0.0034959
384
0.00828658
464
0.0100129
222
0.00479068
110
0.00237376
-81
-0.00174795
-309
-0.00666811
84
0.00181269
-723
-0.0156021
-508
-0.0109625
-735
-0.015861
96
0.00207164
101
0.00217954
78
0.00168321
-1127
-0.0243202
-391
-0.00843763
-85
-0.00183427
-88
-0.00189901
1239
0.0267372
52
0.00112214
669
0.0144368
100
0.00215796
-314
-0.006776
-82
-0.00176953
-107
-0.00230902
38
0.000820026
-116
-0.00250324
-255
-0.00550281
-625
-0.0134873
215
0.00463962
-524
-0.0113077
214
0.00461804
-1664
-0.0359085
331
0.00714286
33
0.000712128
24
0.000517911
30
0.000647389
110
0.00237376
-306
-0.00660337
-85
-0.00183427
-8
-0.000172637
-104
-0.00224428
-357
-0.00770393
228
0.00492016
-646
-0.0139404
41
0.000884765
-569
-0.0122788
-231
-0.00498489
-31
-0.000668968
276
0.00595598
-1259
-0.0271688
187
0.00403539
-243
-0.00524385
108
0.0023306
-72
-0.00155373
-33
-0.000712128
9
0.000194217
251
0.00541649
377
0.00813552
-551
-0.0118904
327
0.00705654
-317
-0.00684074
287
0.00619335
81
0.00174795
-714
-0.0154079
179
0.00386275
123
0.00265429
135
0.00291325
-252
-0.00543807
-2
-4.31593e-05
778
0.016789
-304
-0.00656021
-770
-0.0166163
226
0.004877
-815
-0.0175874
-152
-0.0032801
-171
-0.00369012
-95
-0.00205006
-50
-0.00107898
-148
-0.00319379
46
0.000992663
-154
-0.00332326
-167
-0.0036038
138
0.00297799
923
0.019918
202
0.00435909
73
0.00157531
-187
-0.00403539
908
0.0195943
230
0.00496331
-262
-0.00565386
-24
-0.000517911
-242
-0.00522227
-87
-0.00187743
-386
-0.00832974
253
0.00545965
-278
-0.00599914
20
0.000431593
-327
-0.00705654
-48
-0.00103582
-406
-0.00876133
-303
-0.00653863
113
0.0024385
-146
-0.00315063
-1579
-0.0340742
108
0.0023306
799
0.0172421
272
0.00586966
78
0.00168321
-198
-0.00427277
876
0.0189038
-26
-0.00056107
-52
-0.00112214
58
0.00125162
541
0.0116746
74
0.00159689
194
0.00418645
8
0.000172637
625
0.0134873
7
0.000151057
-61
-0.00131636
135
0.00291325
-574
-0.0123867
-124
-0.00267587
-786
-0.0169616
-244
-0.00526543
-620
-0.0133794
-202
-0.00435909
575
0.0124083
10
0.000215796
1510
0.0325852
151
0.00325852
57
0.00123004
375
0.00809236
187
0.00403539
-80
-0.00172637
412
0.00889081
50
0.00107898
-489
-0.0105524
-132
-0.00284851
670
0.0144584
-134
-0.00289167
726
0.0156668
-219
-0.00472594
-524
-0.0113077
-324
-0.0069918
-780
-0.0168321
42
0.000906344
532
0.0114804
-98
-0.0021148
-312
-0.00673284
-229
-0.00494174
-621
-0.0134009
194
0.00418645
-654
-0.0141131
60
0.00129478
683
0.0147389
244
0.00526543
-924
-0.0199396
-44
-0.000949504
-477
-0.0102935
282
0.00608546
-212
-0.00457488
-192
-0.00414329
-110
-0.00237376
148
0.00319379
217
0.00468278
77
0.00166163
-732
-0.0157963
-54
-0.0011653
-82
-0.00176953
55
0.00118688
36
0.000776867
-268
-0.00578334
56
0.00120846
-90
-0.00194217
322
0.00694864
208
0.00448856
-306
-0.00660337
-117
-0.00252482
136
0.00293483
143
0.00308589
-98
-0.0021148
-44
-0.000949504
-728
-0.01571
-590
-0.012732
174
0.00375486
-176
-0.00379801
890
0.0192059
6
0.000129478
-402
-0.00867501
14
0.000302115
-858
-0.0185153
-120
-0.00258956
-772
-0.0166595
4
8.63185e-05
-185
-0.00399223
-229
-0.00494174
1047
0.0225939
228
0.00492016
4
8.63185e-05
28
0.00060423
679
0.0146526
207
0.00446698
276
0.00595598
413
0.00891239
-359
-0.00774709
-18
-0.000388433
-118
-0.0025464
-192
-0.00414329
-599
-0.0129262
245
0.00528701
-467
-0.0100777
-173
-0.00373328
-1798
-0.0388002
-20
-0.000431593
-592
-0.0127751
236
0.00509279
1179
0.0254424
-327
-0.00705654
281
0.00606388
-348
-0.00750971
-773
-0.0166811
245
0.00528701
-359
-0.00774709
309
0.00666811
-726
-0.0156668
303
0.00653863
824
0.0177816
154
0.00332326
594
0.0128183
-367
-0.00791972
212
0.00457488
370
0.00798446
-470
-0.0101424
-183
-0.00394907
1145
0.0247087
145
0.00312905
99
0.00213638
62
0.00133794
490
0.010574
-123
-0.00265429
968
0.0208891
199
0.00429435
-212
-0.00457488
242
0.00522227
944
0.0203712
-317
-0.00684074
-42
-0.000906344
39
0.000841606
-858
-0.0185153
15
0.000323694
523
0.0112861
-70
-0.00151057
-432
-0.0093224
68
0.00146741
-84
-0.00181269
-105
-0.00226586
552
0.011912
23
0.000496331
-916
-0.0197669
142
0.00306431
624
0.0134657
-209
-0.00451014
268
0.00578334
-20
-0.000431593
-442
-0.0095382
-314
-0.006776
-83
-0.00179111
181
0.00390591
-205
-0.00442382
216
0.0046612
-227
-0.00489858
-67
-0.00144584
-99
-0.00213638
267
0.00576176
899
0.0194001
131
0.00282693
467
0.0100777
-78
-0.00168321
-498
-0.0107467
-64
-0.0013811
-938
-0.0202417
75
0.00161847
-211
-0.0045533
50
0.00107898
658
0.0141994
225
0.00485542
-464
-0.0100129
-84
-0.00181269
525
0.0113293
-117
-0.00252482
-295
-0.00636599
-77
-0.00166163
-90
-0.00194217
81
0.00174795
146
0.00315063
188
0.00405697
-456
-0.00984031
173
0.00373328
334
0.0072076
-211
-0.0045533
-757
-0.0163358
-325
-0.00701338
-531
-0.0114588
-46
-0.000992663
-269
-0.00580492
307
0.00662495
207
0.00446698
-73
-0.00157531
124
0.00267587
92
0.00198533
-780
-0.0168321
53
0.00114372
-573
-0.0123651
76
0.00164005
-135
-0.00291325
48
0.00103582
-510
-0.0110056
-188
-0.00405697
238
0.00513595
-5
-0.000107898
631
0.0136167
23
0.000496331
153
0.00330168
-394
-0.00850237
-79
-0.00170479
276
0.00595598
-134
-0.00289167
47
0.00101424
-547
-0.0118041
206
0.0044454
634
0.0136815
483
0.010423
267
0.00576176
-145
-0.00312905
121
0.00261114
59
0.0012732
-1054
-0.0227449
-156
-0.00336642
1276
0.0275356
331
0.00714286
-194
-0.00418645
-76
-0.00164005
-348
-0.00750971
51
0.00110056
116
0.00250324
120
0.00258956
836
0.0180406
-56
-0.00120846
-636
-0.0137246
99
0.00213638
-155
-0.00334484
-24
-0.000517911
-1062
-0.0229176
130
0.00280535
169
0.00364696
30
0.000647389
52
0.00112214
-59
-0.0012732
-310
-0.00668968
161
0.00347432
458
0.00988347
9
0.000194217
-147
-0.00317221
-116
-0.00250324
259
0.00558912
-3
-6.47389e-05
142
0.00306431
-164
-0.00353906
3
6.47389e-05
-73
-0.00157531
839
0.0181053
117
0.00252482
-259
-0.00558912
-11
-0.000237376
1060
0.0228744
-49
-0.0010574
-110
-0.00237376
-306
-0.00660337
-209
-0.00451014
-29
-0.000625809
-399
-0.00861027
161
0.00347432
-913
-0.0197022
-336
-0.00725076
829
0.0178895
313
0.00675442
387
0.00835132
-8
-0.000172637
74
0.00159689
402
0.00867501
583
0.0125809
-104
-0.00224428
503
0.0108546
-235
-0.00507121
645
0.0139189
257
0.00554596
698
0.0150626
180
0.00388433
606
0.0130773
-16
-0.000345274
-364
-0.00785498
74
0.00159689
227
0.00489858
176
0.00379801
933
0.0201338
-339
-0.00731549
245
0.00528701
-62
-0.00133794
-314
-0.006776
89
0.00192059
-336
-0.00725076
-32
-0.000690548
-235
-0.00507121
137
0.00295641
-683
-0.0147389
403
0.00869659
784
0.0169184
-170
-0.00366854
-419
-0.00904186
123
0.00265429
-338
-0.00729391
102
0.00220112
199
0.00429435
156
0.00336642
935
0.020177
-161
-0.00347432
-509
-0.010984
235
0.00507121
-566
-0.0122141
334
0.0072076
354
0.00763919
-46
-0.000992663
45
0.000971083
-263
-0.00567544
-282
-0.00608546
-148
-0.00319379
85
0.00183427
359
0.00774709
-234
-0.00504963
165
0.00356064
326
0.00703496
-49
-0.0010574
-655
-0.0141347
-44
-0.000949504
-14
-0.000302115
-52
-0.00112214
-376
-0.00811394
55
0.00118688
710
0.0153215
-237
-0.00511437
-500
-0.0107898
-70
-0.00151057
-174
-0.00375486
149
0.00321536
-630
-0.0135952
121
0.00261114
164
0.00353906
4
8.63185e-05
-445
-0.00960293
-322
-0.00694864
-271
-0.00584808
4
8.63185e-05
-342
-0.00738023
64
0.0013811
13
0.000280535
531
0.0114588
-438
-0.00945188
58
0.00125162
-512
-0.0110488
172
0.0037117
-1081
-0.0233276
49
0.0010574
-218
-0.00470436
-215
-0.00463962
-67
-0.00144584
206
0.0044454
-50
-0.00107898
366
0.00789814
175
0.00377644
-149
-0.00321536
-395
-0.00852395
174
0.00375486
-756
-0.0163142
17
0.000366854
-284
-0.00612861
-135
-0.00291325
260
0.0056107
-349
-0.00753129
-583
-0.0125809
-175
-0.00377644
-23
-0.000496331
109
0.00235218
209
0.00451014
27
0.00058265
719
0.0155158
21
0.000453172
-947
-0.0204359
350
0.00755287
-160
-0.00345274
225
0.00485542
108
0.0023306
229
0.00494174
433
0.00934398
90
0.00194217
238
0.00513595
-232
-0.00500647
-460
-0.00992663
-255
-0.00550281
-1228
-0.0264998
-93
-0.00200691
-579
-0.0124946
-115
-0.00248166
6
0.000129478
142
0.00306431
-719
-0.0155158
273
0.00589124
717
0.0154726
16
0.000345274
-156
-0.00336642
149
0.00321536
-856
-0.0184722
-138
-0.00297799
-173
-0.00373328
-58
-0.00125162
1383
0.0298446
-12
-0.000258956
333
0.00718602
-8
-0.000172637
608
0.0131204
488
0.0105309
740
0.0159689
83
0.00179111
-315
-0.00679758
-100
-0.00215796
574
0.0123867
-140
-0.00302115
631
0.0136167
-4
-8.63185e-05
42
0.000906344
-40
-0.000863185
515
0.0111135
236
0.00509279
-812
-0.0175227
73
0.00157531
-279
-0.00602072
40
0.000863185
294
0.00634441
309
0.00666811
1110
0.0239534
90
0.00194217
-318
-0.00686232
213
0.00459646
865
0.0186664
36
0.000776867
-706
-0.0152352
124
0.00267587
-12
-0.000258956
-29
-0.000625809
-1186
-0.0255934
324
0.0069918
207
0.00446698
-302
-0.00651705
216
0.0046612
-34
-0.000733707
-667
-0.0143936
-15
-0.000323694
399
0.00861027
53
0.00114372
-905
-0.0195296
-267
-0.00576176
-50
-0.00107898
-82
-0.00176953
602
0.0129909
43
0.000927924
-843
-0.0181916
-144
-0.00310747
430
0.00927924
-77
-0.00166163
-406
-0.00876133
65
0.00140268
116
0.00250324
297
0.00640915
381
0.00822184
354
0.00763919
-128
-0.00276219
144
0.00310747
673
0.0145231
-8
-0.000172637
-193
-0.00416487
369
0.00796288
-522
-0.0112646
-153
-0.00330168
742
0.0160121
-182
-0.00392749
446
0.00962451
-15
-0.000323694
-4
-8.63185e-05
114
0.00246008
-196
-0.00422961
264
0.00569702
749
0.0161631
-126
-0.00271903
224
0.00483384
-224
-0.00483384
-238
-0.00513595
282
0.00608546
-221
-0.0047691
221
0.0047691
637
0.0137462
-436
-0.00940872
-444
-0.00958136
396
0.00854553
-520
-0.0112214
114
0.00246008
349
0.00753129
-191
-0.00412171
202
0.00435909
-4
-8.63185e-05
-27
-0.00058265
-517
-0.0111567
-110
-0.00237376
422
0.0091066
364
0.00785498
-129
-0.00278377
1013
0.0218602
-188
-0.00405697
279
0.00602072
47
0.00101424
89
0.00192059
-245
-0.00528701
-1428
-0.0308157
-36
-0.000776867
-258
-0.00556754
-95
-0.00205006
-91
-0.00196375
-12
-0.000258956
765
0.0165084
-357
-0.00770393
553
0.0119335
72
0.00155373
750
0.0161847
257
0.00554596
-134
-0.00289167
113
0.0024385
326
0.00703496
-64
-0.0013811
334
0.0072076
-141
-0.00304273
-15
-0.000323694
240
0.00517911
354
0.00763919
-6
-0.000129478
641
0.0138325
-101
-0.00217954
266
0.00574018
172
0.0037117
-756
-0.0163142
93
0.00200691
-151
-0.00325852
182
0.00392749
-312
-0.00673284
-234
-0.00504963
-338
-0.00729391
-127
-0.00274061
-773
-0.0166811
109
0.00235218
-99
-0.00213638
82
0.00176953
486
0.0104877
-50
-0.00107898
188
0.00405697
-279
-0.00602072
-268
-0.00578334
-125
-0.00269745
-376
-0.00811394
385
0.00830816
-552
-0.011912
-24
-0.000517911
902
0.0194648
129
0.00278377
-429
-0.00925766
-274
-0.00591282
-129
-0.00278377
147
0.00317221
-623
-0.0134441
-474
-0.0102287
-31
-0.000668968
-129
-0.00278377
-1351
-0.0291541
207
0.00446698
223
0.00481226
-41
-0.000884765
-983
-0.0212128
293
0.00632283
596
0.0128615
-394
-0.00850237
851
0.0183643
268
0.00578334
361
0.00779025
-142
-0.00306431
-260
-0.0056107
-57
-0.00123004
-551
-0.0118904
-36
-0.000776867
856
0.0184722
-110
-0.00237376
340
0.00733707
151
0.00325852
-498
-0.0107467
40
0.000863185
-877
-0.0189253
165
0.00356064
49
0.0010574
80
0.00172637
509
0.010984
-171
-0.00369012
-468
-0.0100993
-131
-0.00282693
-1469
-0.0317005
55
0.00118688
-320
-0.00690548
120
0.00258956
149
0.00321536
68
0.00146741
578
0.012473
-219
-0.00472594
915
0.0197454
113
0.0024385
-837
-0.0180621
148
0.00319379
108
0.0023306
56
0.00120846
-422
-0.0091066
59
0.0012732
-438
-0.00945188
16
0.000345274
292
0.00630125
153
0.00330168
-190
-0.00410013
166
0.00358222
-227
-0.00489858
-402
-0.00867501
-8
-0.000172637
221
0.0047691
610
0.0131636
-88
-0.00189901
-557
-0.0120199
435
0.00938714
-589
-0.0127104
13
0.000280535
-310
-0.00668968
80
0.00172637
-631
-0.0136167
-11
-0.000237376
82
0.00176953
114
0.00246008
574
0.0123867
17
0.000366854
191
0.00412171
20
0.000431593
804
0.01735
-134
-0.00289167
-423
-0.00912818
127
0.00274061
294
0.00634441
46
0.000992663
35
0.000755287
198
0.00427277
267
0.00576176
-4
-8.63185e-05
1281
0.0276435
-464
-0.0100129
-1176
-0.0253776
-84
-0.00181269
-258
-0.00556754
-96
-0.00207164
294
0.00634441
-249
-0.00537333
980
0.021148
-208
-0.00448856
146
0.00315063
-102
-0.00220112
-497
-0.0107251
42
0.000906344
885
0.019098
-189
-0.00407855
815
0.0175874
-137
-0.00295641
-25
-0.000539491
65
0.00140268
77
0.00166163
65
0.00140268
447
0.00964609
163
0.00351748
-239
-0.00515753
-90
-0.00194217
336
0.00725076
7
0.000151057
-436
-0.00940872
29
0.000625809
242
0.00522227
17
0.000366854
418
0.00902028
40
0.000863185
-180
-0.00388433
-86
-0.00185585
4
8.63185e-05
131
0.00282693
-142
-0.00306431
-280
-0.0060423
-404
-0.00871817
385
0.00830816
220
0.00474752
-558
-0.0120414
-872
-0.0188174
-8
-0.000172637
270
0.0058265
-521
-0.011243
-1355
-0.0292404
-296
-0.00638757
438
0.00945188
26
0.00056107
132
0.00284851
96
0.00207164
1805
0.0389512
-224
-0.00483384
-899
-0.0194001
57
0.00123004
230
0.00496331
-181
-0.00390591
-1040
-0.0224428
149
0.00321536
590
0.012732
282
0.00608546
-892
-0.019249
93
0.00200691
471
0.010164
298
0.00643073
1136
0.0245145
0
0
428
0.00923608
-20
-0.000431593
-704
-0.0151921
229
0.00494174
794
0.0171342
-287
-0.00619335
842
0.01817
205
0.00442382
-455
-0.00981873
-31
-0.000668968
-863
-0.0186232
217
0.00468278
-478
-0.0103151
-67
-0.00144584
-835
-0.018019
123
0.00265429
437
0.0094303
158
0.00340958
2
4.31593e-05
-222
-0.00479068
976
0.0210617
-155
-0.00334484
260
0.0056107
-120
-0.00258956
266
0.00574018
-176
-0.00379801
-434
-0.00936556
42
0.000906344
-623
-0.0134441
136
0.00293483
-705
-0.0152136
-20
-0.000431593
-740
-0.0159689
266
0.00574018
78
0.00168321
4
8.63185e-05
-624
-0.0134657
74
0.00159689
874
0.0188606
100
0.00215796
-281
-0.00606388
-260
-0.0056107
-224
-0.00483384
202
0.00435909
-81
-0.00174795
239
0.00515753
82
0.00176953
-68
-0.00146741
8
0.000172637
217
0.00468278
-742
-0.0160121
215
0.00463962
1056
0.0227881
27
0.00058265
-577
-0.0124514
181
0.00390591
-278
-0.00599914
122
0.00263271
-200
-0.00431593
-138
-0.00297799
-962
-0.0207596
27
0.00058265
-53
-0.00114372
223
0.00481226
-223
-0.00481226
92
0.00198533
348
0.00750971
-292
-0.00630125
-94
-0.00202849
-138
-0.00297799
-696
-0.0150194
-31
-0.000668968
-46
-0.000992663
-291
-0.00627967
-282
-0.00608546
115
0.00248166
642
0.0138541
-166
-0.00358222
-306
-0.00660337
171
0.00369012
208
0.00448856
-38
-0.000820026
582
0.0125593
64
0.0013811
678
0.014631
15
0.000323694
523
0.0112861
-189
-0.00407855
734
0.0158394
14
0.000302115
-1196
-0.0258092
568
0.0122572
-498
-0.0107467
47
0.00101424
-198
-0.00427277
-134
-0.00289167
277
0.00597756
227
0.00489858
914
0.0197238
-247
-0.00533017
-434
-0.00936556
-389
-0.00839448
-790
-0.0170479
-287
-0.00619335
634
0.0136815
-199
-0.00429435
-168
-0.00362538
118
0.0025464
-895
-0.0193138
10
0.000215796
305
0.00658179
-28
-0.00060423
570
0.0123004
-162
-0.0034959
66
0.00142426
497
0.0107251
860
0.0185585
16
0.000345274
621
0.0134009
100
0.00215796
215
0.00463962
262
0.00565386
-95
-0.00205006
-214
-0.00461804
108
0.0023306
41
0.000884765
-326
-0.00703496
45
0.000971083
-636
-0.0137246
-219
-0.00472594
489
0.0105524
-34
-0.000733707
-695
-0.0149978
126
0.00271903
375
0.00809236
1
2.15796e-05
126
0.00271903
150
0.00323694
1033
0.0222918
-203
-0.00438066
235
0.00507121
236
0.00509279
-325
-0.00701338
-8
-0.000172637
-206
-0.0044454
-197
-0.00425119
152
0.0032801
-279
-0.00602072
-309
-0.00666811
-68
-0.00146741
130
0.00280535
110
0.00237376
81
0.00174795
246
0.00530859
-418
-0.00902028
16
0.000345274
335
0.00722918
-238
-0.00513595
-64
-0.0013811
305
0.00658179
190
0.00410013
-202
-0.00435909
910
0.0196375
68
0.00146741
-477
-0.0102935
65
0.00140268
-78
-0.00168321
-10
-0.000215796
644
0.0138973
200
0.00431593
-495
-0.0106819
-293
-0.00632283
-280
-0.0060423
-171
-0.00369012
625
0.0134873
50
0.00107898
692
0.0149331
217
0.00468278
-427
-0.0092145
-343
-0.00740181
-47
-0.00101424
-126
-0.00271903
197
0.00425119
-440
-0.00949504
-541
-0.0116746
-246
-0.00530859
3
6.47389e-05
88
0.00189901
178
0.00384117
44
0.000949504
715
0.0154294
-205
-0.00442382
498
0.0107467
-400
-0.00863185
502
0.010833
-54
-0.0011653
-537
-0.0115883
-135
-0.00291325
-44
-0.000949504
132
0.00284851
-916
-0.0197669
-80
-0.00172637
810
0.0174795
-298
-0.00643073
503
0.0108546
275
0.0059344
326
0.00703496
215
0.00463962
1353
0.0291972
-179
-0.00386275
748
0.0161416
104
0.00224428
-865
-0.0186664
-198
-0.00427277
-120
-0.00258956
-406
-0.00876133
-725
-0.0156452
185
0.00399223
331
0.00714286
-279
-0.00602072
-435
-0.00938714
80
0.00172637
-145
-0.00312905
-28
-0.00060423
599
0.0129262
432
0.0093224
-352
-0.00759603
-11
-0.000237376
-445
-0.00960293
231
0.00498489
-807
-0.0174148
-101
-0.00217954
-37
-0.000798446
-173
-0.00373328
579
0.0124946
233
0.00502805
-473
-0.0102072
-316
-0.00681916
350
0.00755287
214
0.00461804
261
0.00563228
-111
-0.00239534
337
0.00727233
-78
-0.00168321
-53
-0.00114372
217
0.00468278
152
0.0032801
208
0.00448856
139
0.00299957
-369
-0.00796288
668
0.0144152
261
0.00563228
331
0.00714286
112
0.00241692
-321
-0.00692706
59
0.0012732
-58
-0.00125162
96
0.00207164
-395
-0.00852395
-251
-0.00541649
-379
-0.00817868
-84
-0.00181269
456
0.00984031
-207
-0.00446698
179
0.00386275
-154
-0.00332326
-246
-0.00530859
33
0.000712128
-33
-0.000712128
-153
-0.00330168
532
0.0114804
77
0.00166163
-242
-0.00522227
267
0.00576176
-85
-0.00183427
-77
-0.00166163
-420
-0.00906344
-95
-0.00205006
97
0.00209322
-11
-0.000237376
-665
-0.0143505
-168
-0.00362538
-3
-6.47389e-05
-185
-0.00399223
-1971
-0.0425334
-31
-0.000668968
-139
-0.00299957
164
0.00353906
-66
-0.00142426
261
0.00563228
259
0.00558912
-94
-0.00202849
90
0.00194217
-112
-0.00241692
963
0.0207812
86
0.00185585
-410
-0.00884765
8
0.000172637
882
0.0190332
-252
-0.00543807
337
0.00727233
83
0.00179111
-820
-0.0176953
58
0.00125162
-577
-0.0124514
-107
-0.00230902
-923
-0.019918
127
0.00274061
716
0.015451
32
0.000690548
46
0.000992663
-86
-0.00185585
534
0.0115235
131
0.00282693
-168
-0.00362538
-105
-0.00226586
536
0.0115667
-348
-0.00750971
466
0.0100561
75
0.00161847
-566
-0.0122141
-186
-0.00401381
423
0.00912818
220
0.00474752
644
0.0138973
-92
-0.00198533
-856
-0.0184722
142
0.00306431
61
0.00131636
124
0.00267587
-1039
-0.0224212
371
0.00800604
96
0.00207164
-122
-0.00263271
-416
-0.00897713
215
0.00463962
-83
-0.00179111
-120
-0.00258956
-776
-0.0167458
-109
-0.00235218
135
0.00291325
-348
-0.00750971
-1410
-0.0304273
184
0.00397065
-1117
-0.0241044
215
0.00463962
-1307
-0.0282046
222
0.00479068
315
0.00679758
17
0.000366854
-39
-0.000841606
2
4.31593e-05
221
0.0047691
-411
-0.00886923
339
0.00731549
-203
-0.00438066
-68
-0.00146741
-87
-0.00187743
-770
-0.0166163
-106
-0.00228744
120
0.00258956
-356
-0.00768235
-288
-0.00621493
218
0.00470436
75
0.00161847
-160
-0.00345274
166
0.00358222
254
0.00548123
954
0.020587
196
0.00422961
512
0.0110488
760
0.0164005
-452
-0.00975399
-57
-0.00123004
-848
-0.0182995
323
0.00697022
-99
-0.00213638
158
0.00340958
549
0.0118472
160
0.00345274
-826
-0.0178248
9
0.000194217
130
0.00280535
-518
-0.0111782
-344
-0.00742339
-148
-0.00319379
-835
-0.018019
369
0.00796288
287
0.00619335
112
0.00241692
-210
-0.00453172
-412
-0.00889081
-90
-0.00194217
137
0.00295641
-193
-0.00416487
316
0.00681916
-236
-0.00509279
22
0.000474752
-183
-0.00394907
-262
-0.00565386
45
0.000971083
123
0.00265429
45
0.000971083
-7
-0.000151057
1225
0.026435
270
0.0058265
-597
-0.012883
25
0.000539491
-1813
-0.0391239
-15
-0.000323694
2
4.31593e-05
-313
-0.00675442
-774
-0.0167026
-325
-0.00701338
160
0.00345274
-177
-0.00381959
171
0.00369012
-522
-0.0112646
1058
0.0228312
-315
-0.00679758
716
0.015451
-82
-0.00176953
-1120
-0.0241692
324
0.0069918
-1295
-0.0279456
-242
-0.00522227
-5
-0.000107898
-252
-0.00543807
-101
-0.00217954
212
0.00457488
181
0.00390591
-54
-0.0011653
682
0.0147173
-32
-0.000690548
142
0.00306431
29
0.000625809
-949
-0.0204791
83
0.00179111
680
0.0146741
-231
-0.00498489
638
0.0137678
83
0.00179111
509
0.010984
-199
-0.00429435
33
0.000712128
-165
-0.00356064
-1300
-0.0280535
-80
-0.00172637
767
0.0165516
-222
-0.00479068
-1033
-0.0222918
-210
-0.00453172
342
0.00738023
-320
-0.00690548
-963
-0.0207812
-215
-0.00463962
-8
-0.000172637
43
0.000927924
-1424
-0.0307294
101
0.00217954
-307
-0.00662495
-302
-0.00651705
-163
-0.00351748
-6
-0.000129478
878
0.0189469
-34
-0.000733707
-568
-0.0122572
-274
-0.00591282
-686
-0.0148036
87
0.00187743
679
0.0146526
-124
-0.00267587
-288
-0.00621493
-92
-0.00198533
-130
-0.00280535
12
0.000258956
111
0.00239534
69
0.00148899
-427
-0.0092145
-71
-0.00153215
35
0.000755287
178
0.00384117
386
0.00832974
-271
-0.00584808
-38
-0.000820026
32
0.000690548
745
0.0160768
235
0.00507121
113
0.0024385
155
0.00334484
-373
-0.0080492
16
0.000345274
487
0.0105093
356
0.00768235
-203
-0.00438066
282
0.00608546
122
0.00263271
177
0.00381959
12
0.000258956
-34
-0.000733707
-172
-0.0037117
265
0.0057186
160
0.00345274
0
0
-183
-0.00394907
188
0.00405697
433
0.00934398
-86
-0.00185585
62
0.00133794
-32
-0.000690548
1
2.15796e-05
153
0.00330168
-178
-0.00384117
32
0.000690548
711
0.0153431
266
0.00574018
77
0.00166163
-199
-0.00429435
-413
-0.00891239
-121
-0.00261114
-573
-0.0123651
-214
-0.00461804
-455
-0.00981873
227
0.00489858
837
0.0180621
179
0.00386275
105
0.00226586
-122
-0.00263271
221
0.0047691
72
0.00155373
-606
-0.0130773
-112
-0.00241692
-448
-0.00966767
-75
-0.00161847
60
0.00129478
284
0.00612861
-478
-0.0103151
344
0.00742339
-260
-0.0056107
63
0.00135952
-984
-0.0212344
-42
-0.000906344
240
0.00517911
-33
-0.000712128
564
0.0121709
0
0
647
0.013962
109
0.00235218
-532
-0.0114804
-38
-0.000820026
-1267
-0.0273414
131
0.00282693
-1206
-0.026025
-169
-0.00364696
-649
-0.0140052
-73
-0.00157531
-31
-0.000668968
78
0.00168321
688
0.0148468
96
0.00207164
295
0.00636599
-54
-0.0011653
-717
-0.0154726
-116
-0.00250324
841
0.0181485
-168
-0.00362538
-450
-0.00971083
-60
-0.00129478
962
0.0207596
229
0.00494174
124
0.00267587
45
0.000971083
-775
-0.0167242
-119
-0.00256798
281
0.00606388
-332
-0.00716444
-721
-0.0155589
94
0.00202849
474
0.0102287
-372
-0.00802762
-153
-0.00330168
-329
-0.0070997
253
0.00545965
-61
-0.00131636
155
0.00334484
154
0.00332326
-108
-0.0023306
-373
-0.0080492
-451
-0.00973241
-32
-0.000690548
410
0.00884765
423
0.00912818
554
0.0119551
82
0.00176953
864
0.0186448
39
0.000841606
-1318
-0.028442
259
0.00558912
-150
-0.00323694
-6
-0.000129478
306
0.00660337
395
0.00852395
231
0.00498489
-10
-0.000215796
16
0.000345274
200
0.00431593
38
0.000820026
-29
-0.000625809
181
0.00390591
226
0.004877
475
0.0102503
-143
-0.00308589
446
0.00962451
-21
-0.000453172
-148
-0.00319379
183
0.00394907
-543
-0.0117177
110
0.00237376
702
0.0151489
86
0.00185585
341
0.00735865
34
0.000733707
-368
-0.0079413
-153
-0.00330168
558
0.0120414
39
0.000841606
120
0.00258956
182
0.00392749
1616
0.0348727
255
0.00550281
296
0.00638757
-124
-0.00267587
-331
-0.00714286
-45
-0.000971083
-448
-0.00966767
-39
-0.000841606
-659
-0.014221
-22
-0.000474752
-509
-0.010984
116
0.00250324
-690
-0.0148899
-210
-0.00453172
-137
-0.00295641
-67
-0.00144584
263
0.00567544
36
0.000776867
-1049
-0.022637
-407
-0.00878291
722
0.0155805
298
0.00643073
787
0.0169832
-323
-0.00697022
-370
-0.00798446
-77
-0.00166163
-169
-0.00364696
45
0.000971083
447
0.00964609
179
0.00386275
1382
0.029823
30
0.000647389
-345
-0.00744497
-83
-0.00179111
-626
-0.0135088
-132
-0.00284851
-642
-0.0138541
94
0.00202849
1087
0.0234571
105
0.00226586
953
0.0205654
19
0.000410013
-598
-0.0129046
-18
-0.000388433
-287
-0.00619335
-137
-0.00295641
-925
-0.0199612
99
0.00213638
239
0.00515753
-45
-0.000971083
678
0.014631
251
0.00541649
756
0.0163142
-542
-0.0116962
265
0.0057186
-97
-0.00209322
-459
-0.00990505
-14
-0.000302115
200
0.00431593
107
0.00230902
-593
-0.0127967
67
0.00144584
-890
-0.0192059
-152
-0.0032801
-105
-0.00226586
134
0.00289167
-161
-0.00347432
252
0.00543807
-268
-0.00578334
-87
-0.00187743
535
0.0115451
-58
-0.00125162
25
0.000539491
-94
-0.00202849
-779
-0.0168105
49
0.0010574
-450
-0.00971083
217
0.00468278
-462
-0.00996979
59
0.0012732
258
0.00556754
-81
-0.00174795
-774
-0.0167026
-114
-0.00246008
170
0.00366854
-208
-0.00448856
-561
-0.0121062
83
0.00179111
-501
-0.0108114
-45
-0.000971083
594
0.0128183
-203
-0.00438066
-10
-0.000215796
-245
-0.00528701
558
0.0120414
-167
-0.0036038
1310
0.0282693
62
0.00133794
1139
0.0245792
595
0.0128399
622
0.0134225
138
0.00297799
-129
-0.00278377
-296
-0.00638757
1068
0.023047
57
0.00123004
-732
-0.0157963
181
0.00390591
444
0.00958136
178
0.00384117
-291
-0.00627967
-215
-0.00463962
660
0.0142426
-51
-0.00110056
359
0.00774709
-26
-0.00056107
-115
-0.00248166
367
0.00791972
1389
0.0299741
103
0.0022227
236
0.00509279
-332
-0.00716444
220
0.00474752
-306
-0.00660337
-502
-0.010833
-93
-0.00200691
1239
0.0267372
66
0.00142426
-444
-0.00958136
-97
-0.00209322
-452
-0.00975399
-204
-0.00440224
-469
-0.0101208
228
0.00492016
170
0.00366854
-273
-0.00589124
-6
-0.000129478
332
0.00716444
-87
-0.00187743
154
0.00332326
397
0.00856711
-482
-0.0104014
1177
0.0253992
52
0.00112214
-87
-0.00187743
-188
-0.00405697
1357
0.0292836
-115
-0.00248166
23
0.000496331
-218
-0.00470436
-124
-0.00267587
-90
-0.00194217
34
0.000733707
-211
-0.0045533
-53
-0.00114372
-126
-0.00271903
229
0.00494174
-238
-0.00513595
-819
-0.0176737
238
0.00513595
-199
-0.00429435
4
8.63185e-05
-7
-0.000151057
-181
-0.00390591
252
0.00543807
112
0.00241692
63
0.00135952
51
0.00110056
-337
-0.00727233
-2
-4.31593e-05
616
0.0132931
12
0.000258956
71
0.00153215
-26
-0.00056107
-1394
-0.030082
-166
-0.00358222
406
0.00876133
-158
-0.00340958
-138
-0.00297799
310
0.00668968
138
0.00297799
118
0.0025464
259
0.00558912
98
0.0021148
2
4.31593e-05
-233
-0.00502805
369
0.00796288
20
0.000431593
394
0.00850237
36
0.000776867
812
0.0175227
40
0.000863185
477
0.0102935
-28
-0.00060423
-591
-0.0127536
11
0.000237376
464
0.0100129
117
0.00252482
-245
-0.00528701
264
0.00569702
-395
-0.00852395
-255
-0.00550281
319
0.0068839
128
0.00276219
-115
-0.00248166
-79
-0.00170479
223
0.00481226
141
0.00304273
-378
-0.0081571
-153
-0.00330168
-668
-0.0144152
-170
-0.00366854
73
0.00157531
147
0.00317221
-642
-0.0138541
230
0.00496331
917
0.0197885
-36
-0.000776867
-676
-0.0145878
-265
-0.0057186
-352
-0.00759603
72
0.00155373
444
0.00958136
73
0.00157531
614
0.0132499
-78
-0.00168321
-130
-0.00280535
174
0.00375486
431
0.00930082
156
0.00336642
-139
-0.00299957
133
0.00287009
-756
-0.0163142
-107
-0.00230902
-189
-0.00407855
-44
-0.000949504
-1012
-0.0218386
-150
-0.00323694
576
0.0124299
253
0.00545965
-353
-0.00761761
329
0.0070997
-475
-0.0102503
-154
-0.00332326
439
0.00947346
238
0.00513595
-817
-0.0176306
-7
-0.000151057
-440
-0.00949504
-48
-0.00103582
-450
-0.00971083
59
0.0012732
-354
-0.00763919
264
0.00569702
759
0.0163789
-55
-0.00118688
711
0.0153431
81
0.00174795
-605
-0.0130557
-123
-0.00265429
-283
-0.00610703
347
0.00748813
1069
0.0230686
-189
-0.00407855
-291
-0.00627967
-201
-0.00433751
396
0.00854553
53
0.00114372
-436
-0.00940872
-174
-0.00375486
192
0.00414329
260
0.0056107
-504
-0.0108761
-513
-0.0110703
333
0.00718602
-244
-0.00526543
-1239
-0.0267372
-102
-0.00220112
263
0.00567544
152
0.0032801
600
0.0129478
-80
-0.00172637
433
0.00934398
5
0.000107898
294
0.00634441
188
0.00405697
388
0.0083729
-99
-0.00213638
-929
-0.0200475
32
0.000690548
-542
-0.0116962
-236
-0.00509279
101
0.00217954
-114
-0.00246008
22
0.000474752
-75
-0.00161847
-394
-0.00850237
87
0.00187743
134
0.00289167
-542
-0.0116962
702
0.0151489
332
0.00716444
188
0.00405697
177
0.00381959
565
0.0121925
235
0.00507121
-1134
-0.0244713
-6
-0.000129478
-24
-0.000517911
182
0.00392749
-1106
-0.0238671
-301
-0.00649547
-348
-0.00750971
-61
-0.00131636
-1247
-0.0269098
-12
-0.000258956
30
0.000647389
66
0.00142426
-163
-0.00351748
49
0.0010574
-169
-0.00364696
-20
-0.000431593
-388
-0.0083729
133
0.00287009
669
0.0144368
-103
-0.0022227
-13
-0.000280535
-110
-0.00237376
517
0.0111567
384
0.00828658
-154
-0.00332326
-175
-0.00377644
-552
-0.011912
-154
-0.00332326
738
0.0159258
-211
-0.0045533
-1022
-0.0220544
116
0.00250324
-638
-0.0137678
-244
-0.00526543
400
0.00863185
561
0.0121062
-36
-0.000776867
184
0.00397065
205
0.00442382
104
0.00224428
898
0.0193785
195
0.00420803
971
0.0209538
413
0.00891239
-83
-0.00179111
-97
-0.00209322
535
0.0115451
-179
-0.00386275
-255
-0.00550281
-14
-0.000302115
214
0.00461804
27
0.00058265
-727
-0.0156884
56
0.00120846
232
0.00500647
-84
-0.00181269
826
0.0178248
62
0.00133794
943
0.0203496
-97
-0.00209322
-260
-0.0056107
61
0.00131636
-279
-0.00602072
-19
-0.000410013
388
0.0083729
-68
-0.00146741
269
0.00580492
-144
-0.00310747
-450
-0.00971083
-182
-0.00392749
919
0.0198317
-78
-0.00168321
296
0.00638757
220
0.00474752
28
0.00060423
-177
-0.00381959
-790
-0.0170479
7
0.000151057
-220
-0.00474752
179
0.00386275
-293
-0.00632283
-455
-0.00981873
-228
-0.00492016
-145
-0.00312905
-871
-0.0187959
144
0.00310747
-155
-0.00334484
95
0.00205006
-297
-0.00640915
6
0.000129478
94
0.00202849
0
0
858
0.0185153
412
0.00889081
