91
0.0111084
50
0.00610352
-152
-0.0185547
-88
-0.0107422
-32
-0.00390625
-91
-0.0111084
312
0.0380859
8
0.000976562
-130
-0.0158691
-24
-0.00292969
-54
-0.0065918
4
0.000488281
-259
-0.0316162
-186
-0.0227051
-100
-0.012207
104
0.0126953
-174
-0.0212402
-96
-0.0117188
-2
-0.000244141
-100
-0.012207
-319
-0.0389404
-7
-0.000854492
-232
-0.0283203
-60
-0.00732422
-117
-0.0142822
-66
-0.00805664
195
0.0238037
-10
-0.0012207
131
0.0159912
-12
-0.00146484
-91
-0.0111084
101
0.0123291
24
0.00292969
198
0.0241699
-16
-0.00195312
19
0.00231934
47
0.0057373
22
0.00268555
-303
-0.0369873
49
0.00598145
112
0.0136719
92
0.0112305
-91
-0.0111084
-56
-0.00683594
288
0.0351562
37
0.0045166
-26
-0.00317383
-68
-0.00830078
44
0.00537109
-14
-0.00170898
118
0.0144043
-99
-0.012085
113
0.0137939
-81
-0.0098877
-34
-0.00415039
132
0.0161133
-97
-0.0118408
7
0.000854492
128
0.015625
-34
-0.00415039
-72
-0.00878906
-77
-0.00939941
-74
-0.0090332
30
0.00366211
116
0.0141602
-9
-0.00109863
219
0.0267334
-72
-0.00878906
-145
-0.0177002
32
0.00390625
-256
-0.03125
-95
-0.0115967
96
0.0117188
-166
-0.0202637
-180
-0.0219727
-35
-0.00427246
-27
-0.0032959
82
0.0100098
133
0.0162354
-80
-0.00976562
49
0.00598145
4
0.000488281
-128
-0.015625
85
0.010376
20
0.00244141
67
0.00817871
-55
-0.00671387
19
0.00231934
168
0.0205078
3
0.000366211
-22
-0.00268555
19
0.00231934
265
0.0323486
88
0.0107422
60
0.00732422
18
0.00219727
-124
-0.0151367
-134
-0.0163574
-45
-0.00549316
66
0.00805664
136
0.0166016
13
0.00158691
-55
-0.00671387
115
0.0140381
51
0.00622559
-97
-0.0118408
76
0.00927734
70
0.00854492
52
0.00634766
-15
-0.00183105
163
0.0198975
-4
-0.000488281
111
0.0135498
-122
-0.0148926
58
0.00708008
-52
-0.00634766
165
0.0201416
27
0.0032959
6
0.000732422
-1
-0.00012207
-192
-0.0234375
-130
-0.0158691
-233
-0.0284424
22
0.00268555
36
0.00439453
-120
-0.0146484
87
0.0106201
18
0.00219727
-112
-0.0136719
58
0.00708008
-222
-0.0270996
49
0.00598145
195
0.0238037
-87
-0.0106201
-143
-0.0174561
44
0.00537109
-18
-0.00219727
4
0.000488281
214
0.026123
47
0.0057373
-66
-0.00805664
-85
-0.010376
-6
-0.000732422
59
0.00720215
-166
-0.0202637
-66
-0.00805664
77
0.00939941
71
0.00866699
-75
-0.00915527
79
0.00964355
22
0.00268555
27
0.0032959
-53
-0.00646973
88
0.0107422
-197
-0.0240479
193
0.0235596
59
0.00720215
36
0.00439453
-39
-0.00476074
-57
-0.00695801
136
0.0166016
-48
-0.00585938
-29
-0.00354004
-60
-0.00732422
-115
-0.0140381
-93
-0.0113525
92
0.0112305
172
0.0209961
-152
-0.0185547
45
0.00549316
-49
-0.00598145
76
0.00927734
7
0.000854492
-15
-0.00183105
-30
-0.00366211
-35
-0.00427246
78
0.00952148
-61
-0.00744629
73
0.00891113
-47
-0.0057373
43
0.00524902
70
0.00854492
-251
-0.0306396
-177
-0.0216064
152
0.0185547
-114
-0.013916
-80
-0.00976562
-183
-0.0223389
-88
-0.0107422
-167
-0.0203857
-159
-0.0194092
42
0.00512695
9
0.00109863
-40
-0.00488281
21
0.00256348
141
0.0172119
75
0.00915527
-18
-0.00219727
-30
-0.00366211
-48
-0.00585938
78
0.00952148
13
0.00158691
-171
-0.020874
85
0.010376
-143
-0.0174561
9
0.00109863
-16
-0.00195312
-9
-0.00109863
-149
-0.0181885
88
0.0107422
108
0.0131836
133
0.0162354
-294
-0.0358887
-25
-0.00305176
34
0.00415039
1
0.00012207
94
0.0114746
71
0.00866699
49
0.00598145
14
0.00170898
76
0.00927734
-49
-0.00598145
-34
-0.00415039
-146
-0.0178223
166
0.0202637
163
0.0198975
208
0.0253906
126
0.0153809
30
0.00366211
-44
-0.00537109
-246
-0.0300293
-49
-0.00598145
200
0.0244141
-39
-0.00476074
215
0.0262451
-17
-0.0020752
-14
-0.00170898
116
0.0141602
28
0.00341797
-61
-0.00744629
50
0.00610352
56
0.00683594
-62
-0.00756836
-68
-0.00830078
-173
-0.0211182
161
0.0196533
46
0.00561523
-38
-0.00463867
41
0.00500488
79
0.00964355
-41
-0.00500488
-81
-0.0098877
231
0.0281982
-31
-0.00378418
-128
-0.015625
-79
-0.00964355
-148
-0.0180664
53
0.00646973
55
0.00671387
-45
-0.00549316
-36
-0.00439453
-73
-0.00891113
186
0.0227051
90
0.0109863
-112
-0.0136719
32
0.00390625
-122
-0.0148926
-23
-0.00280762
258
0.0314941
-82
-0.0100098
105
0.0128174
-24
-0.00292969
-21
-0.00256348
-44
-0.00537109
-163
-0.0198975
84
0.0102539
217
0.0264893
28
0.00341797
-62
-0.00756836
104
0.0126953
206
0.0251465
12
0.00146484
-18
-0.00219727
60
0.00732422
-128
-0.015625
112
0.0136719
62
0.00756836
29
0.00354004
-81
-0.0098877
-15
-0.00183105
-262
-0.0319824
-13
-0.00158691
-118
-0.0144043
-95
-0.0115967
91
0.0111084
16
0.00195312
44
0.00537109
-2
-0.000244141
206
0.0251465
-141
-0.0172119
67
0.00817871
116
0.0141602
158
0.0192871
1
0.00012207
201
0.0245361
75
0.00915527
-52
-0.00634766
31
0.00378418
208
0.0253906
82
0.0100098
-50
-0.00610352
-109
-0.0133057
-45
-0.00549316
11
0.00134277
-58
-0.00708008
125
0.0152588
-178
-0.0217285
-29
-0.00354004
4
0.000488281
-37
-0.0045166
36
0.00439453
124
0.0151367
-43
-0.00524902
32
0.00390625
-9
-0.00109863
108
0.0131836
60
0.00732422
45
0.00549316
-220
-0.0268555
182
0.0222168
-122
-0.0148926
-68
-0.00830078
-37
-0.0045166
-184
-0.0224609
-21
-0.00256348
137
0.0167236
36
0.00439453
-75
-0.00915527
-232
-0.0283203
-130
-0.0158691
-4
-0.000488281
-65
-0.00793457
226
0.0275879
48
0.00585938
22
0.00268555
-23
-0.00280762
10
0.0012207
-56
-0.00683594
15
0.00183105
104
0.0126953
-91
-0.0111084
22
0.00268555
278
0.0339355
-34
-0.00415039
-104
-0.0126953
-62
-0.00756836
-45
-0.00549316
67
0.00817871
-151
-0.0184326
3
0.000366211
-152
-0.0185547
-11
-0.00134277
49
0.00598145
-65
-0.00793457
-150
-0.0183105
-63
-0.00769043
-133
-0.0162354
30
0.00366211
-95
-0.0115967
41
0.00500488
52
0.00634766
29
0.00354004
-195
-0.0238037
97
0.0118408
45
0.00549316
-34
-0.00415039
152
0.0185547
97
0.0118408
188
0.0229492
77
0.00939941
331
0.0404053
-8
-0.000976562
91
0.0111084
106
0.0129395
-50
-0.00610352
-35
-0.00427246
266
0.0324707
112
0.0136719
147
0.0179443
-59
-0.00720215
24
0.00292969
-77
-0.00939941
121
0.0147705
107
0.0130615
-64
-0.0078125
-32
-0.00390625
-230
-0.0280762
-83
-0.0101318
-144
-0.0175781
39
0.00476074
-205
-0.0250244
-1
-0.00012207
-41
-0.00500488
98
0.0119629
52
0.00634766
-110
-0.0134277
-165
-0.0201416
-12
-0.00146484
48
0.00585938
-66
-0.00805664
-105
-0.0128174
-150
-0.0183105
83
0.0101318
9
0.00109863
11
0.00134277
-120
-0.0146484
-116
-0.0141602
63
0.00769043
58
0.00708008
-8
-0.000976562
103
0.0125732
66
0.00805664
80
0.00976562
81
0.0098877
139
0.0169678
-26
-0.00317383
147
0.0179443
70
0.00854492
-11
-0.00134277
-25
-0.00305176
-148
-0.0180664
25
0.00305176
-11
-0.00134277
71
0.00866699
70
0.00854492
0
0
22
0.00268555
-20
-0.00244141
7
0.000854492
-130
-0.0158691
-5
-0.000610352
-131
-0.0159912
124
0.0151367
-106
-0.0129395
-33
-0.00402832
-82
-0.0100098
-210
-0.0256348
7
0.000854492
56
0.00683594
35
0.00427246
30
0.00366211
146
0.0178223
-91
-0.0111084
-22
-0.00268555
6
0.000732422
89
0.0108643
52
0.00634766
-77
-0.00939941
-230
-0.0280762
-19
-0.00231934
169
0.0206299
9
0.00109863
16
0.00195312
-50
-0.00610352
-89
-0.0108643
21
0.00256348
-38
-0.00463867
-65
-0.00793457
-122
-0.0148926
-74
-0.0090332
205
0.0250244
17
0.0020752
-191
-0.0233154
-152
-0.0185547
-136
-0.0166016
-11
-0.00134277
11
0.00134277
61
0.00744629
-106
-0.0129395
-50
-0.00610352
19
0.00231934
-92
-0.0112305
-18
-0.00219727
-55
-0.00671387
-75
-0.00915527
-60
-0.00732422
66
0.00805664
-3
-0.000366211
1
0.00012207
-81
-0.0098877
14
0.00170898
-2
-0.000244141
231
0.0281982
-14
-0.00170898
-297
-0.0362549
-3
-0.000366211
-114
-0.013916
-27
-0.0032959
-190
-0.0231934
-109
-0.0133057
14
0.00170898
44
0.00537109
192
0.0234375
30
0.00366211
-202
-0.0246582
-99
-0.012085
63
0.00769043
213
0.026001
-53
-0.00646973
-89
-0.0108643
298
0.036377
-22
-0.00268555
63
0.00769043
33
0.00402832
-151
-0.0184326
97
0.0118408
-10
-0.0012207
37
0.0045166
186
0.0227051
-24
-0.00292969
-172
-0.0209961
-1
-0.00012207
-166
-0.0202637
-25
-0.00305176
43
0.00524902
78
0.00952148
-38
-0.00463867
35
0.00427246
-33
-0.00402832
-15
-0.00183105
-20
-0.00244141
22
0.00268555
118
0.0144043
-98
-0.0119629
17
0.0020752
-71
-0.00866699
-44
-0.00537109
-45
-0.00549316
43
0.00524902
147
0.0179443
64
0.0078125
25
0.00305176
-20
-0.00244141
22
0.00268555
-23
-0.00280762
20
0.00244141
-123
-0.0150146
89
0.0108643
-70
-0.00854492
-116
-0.0141602
-68
-0.00830078
18
0.00219727
-163
-0.0198975
48
0.00585938
338
0.0412598
6
0.000732422
55
0.00671387
7
0.000854492
-13
-0.00158691
-77
-0.00939941
-23
-0.00280762
-212
-0.0258789
39
0.00476074
15
0.00183105
40
0.00488281
11
0.00134277
-160
-0.0195312
-55
-0.00671387
24
0.00292969
-56
-0.00683594
-240
-0.0292969
73
0.00891113
-99
-0.012085
-74
-0.0090332
106
0.0129395
34
0.00415039
215
0.0262451
-30
-0.00366211
10
0.0012207
-26
-0.00317383
107
0.0130615
-89
-0.0108643
-113
-0.0137939
74
0.0090332
-41
-0.00500488
-36
-0.00439453
-73
-0.00891113
47
0.0057373
-79
-0.00964355
-55
-0.00671387
-13
-0.00158691
12
0.00146484
86
0.010498
-16
-0.00195312
-166
-0.0202637
-26
-0.00317383
-156
-0.019043
-151
-0.0184326
-114
-0.013916
83
0.0101318
50
0.00610352
-41
-0.00500488
-44
-0.00537109
64
0.0078125
105
0.0128174
6
0.000732422
23
0.00280762
21
0.00256348
278
0.0339355
9
0.00109863
14
0.00170898
-163
-0.0198975
-22
-0.00268555
-87
-0.0106201
-120
-0.0146484
-25
-0.00305176
97
0.0118408
161
0.0196533
-7
-0.000854492
-35
-0.00427246
4
0.000488281
-59
-0.00720215
17
0.0020752
79
0.00964355
-189
-0.0230713
41
0.00500488
14
0.00170898
-151
-0.0184326
-70
-0.00854492
-37
-0.0045166
-214
-0.026123
11
0.00134277
-83
-0.0101318
-26
-0.00317383
195
0.0238037
-70
-0.00854492
23
0.00280762
-15
-0.00183105
180
0.0219727
37
0.0045166
-74
-0.0090332
61
0.00744629
-73
-0.00891113
-73
-0.00891113
101
0.0123291
-17
-0.0020752
256
0.03125
48
0.00585938
-42
-0.00512695
-18
-0.00219727
6
0.000732422
102
0.0124512
25
0.00305176
-93
-0.0113525
-133
-0.0162354
3
0.000366211
60
0.00732422
76
0.00927734
-204
-0.0249023
9
0.00109863
-239
-0.0291748
14
0.00170898
5
0.000610352
-11
-0.00134277
44
0.00537109
-49
-0.00598145
348
0.0424805
-69
-0.00842285
-123
-0.0150146
-29
-0.00354004
-25
-0.00305176
185
0.022583
14
0.00170898
104
0.0126953
-210
-0.0256348
-82
-0.0100098
-94
-0.0114746
-23
-0.00280762
-41
-0.00500488
-17
-0.0020752
172
0.0209961
30
0.00366211
-50
-0.00610352
22
0.00268555
-96
-0.0117188
13
0.00158691
-20
-0.00244141
97
0.0118408
-141
-0.0172119
-193
-0.0235596
115
0.0140381
26
0.00317383
25
0.00305176
95
0.0115967
-110
-0.0134277
48
0.00585938
-72
-0.00878906
98
0.0119629
73
0.00891113
-100
-0.012207
-44
-0.00537109
-36
-0.00439453
-103
-0.0125732
-3
-0.000366211
-49
-0.00598145
93
0.0113525
-109
-0.0133057
4
0.000488281
35
0.00427246
-13
-0.00158691
100
0.012207
87
0.0106201
154
0.0187988
143
0.0174561
152
0.0185547
-42
-0.00512695
48
0.00585938
69
0.00842285
4
0.000488281
-67
-0.00817871
69
0.00842285
53
0.00646973
-21
-0.00256348
28
0.00341797
-84
-0.0102539
-70
-0.00854492
126
0.0153809
104
0.0126953
173
0.0211182
-17
-0.0020752
-116
-0.0141602
-31
-0.00378418
-219
-0.0267334
144
0.0175781
-44
-0.00537109
-62
-0.00756836
30
0.00366211
67
0.00817871
84
0.0102539
72
0.00878906
-228
-0.027832
-19
-0.00231934
-258
-0.0314941
-60
-0.00732422
56
0.00683594
-9
-0.00109863
-14
-0.00170898
23
0.00280762
-37
-0.0045166
30
0.00366211
-252
-0.0307617
-111
-0.0135498
-23
-0.00280762
-146
-0.0178223
68
0.00830078
-59
-0.00720215
-92
-0.0112305
-91
-0.0111084
-143
-0.0174561
47
0.0057373
-63
-0.00769043
55
0.00671387
-94
-0.0114746
-38
-0.00463867
142
0.017334
-101
-0.0123291
44
0.00537109
-13
-0.00158691
-252
-0.0307617
143
0.0174561
15
0.00183105
-97
-0.0118408
-80
-0.00976562
19
0.00231934
105
0.0128174
29
0.00354004
18
0.00219727
-124
-0.0151367
-153
-0.0186768
8
0.000976562
36
0.00439453
86
0.010498
72
0.00878906
8
0.000976562
-51
-0.00622559
79
0.00964355
170
0.020752
81
0.0098877
-31
-0.00378418
34
0.00415039
37
0.0045166
68
0.00830078
-69
-0.00842285
-26
-0.00317383
-53
-0.00646973
-26
-0.00317383
-110
-0.0134277
-24
-0.00292969
-67
-0.00817871
14
0.00170898
96
0.0117188
50
0.00610352
45
0.00549316
97
0.0118408
4
0.000488281
11
0.00134277
100
0.012207
71
0.00866699
-113
-0.0137939
13
0.00158691
-61
-0.00744629
0
0
-121
-0.0147705
-142
-0.017334
-96
-0.0117188
79
0.00964355
-164
-0.0200195
16
0.00195312
-53
-0.00646973
61
0.00744629
19
0.00231934
-120
-0.0146484
-71
-0.00866699
15
0.00183105
23
0.00280762
7
0.000854492
-83
-0.0101318
-74
-0.0090332
74
0.0090332
32
0.00390625
94
0.0114746
-26
-0.00317383
-111
-0.0135498
-46
-0.00561523
-96
-0.0117188
17
0.0020752
-121
-0.0147705
-21
-0.00256348
-97
-0.0118408
-6
-0.000732422
-5
-0.000610352
165
0.0201416
-31
-0.00378418
39
0.00476074
172
0.0209961
-64
-0.0078125
-14
-0.00170898
62
0.00756836
-221
-0.0269775
-66
-0.00805664
-3
-0.000366211
-1
-0.00012207
-163
-0.0198975
-19
-0.00231934
170
0.020752
17
0.0020752
144
0.0175781
81
0.0098877
36
0.00439453
93
0.0113525
-52
-0.00634766
-41
-0.00500488
-23
-0.00280762
57
0.00695801
247
0.0301514
-118
-0.0144043
408
0.0498047
1
0.00012207
-212
-0.0258789
24
0.00292969
-10
-0.0012207
-73
-0.00891113
-214
-0.026123
-66
-0.00805664
-251
-0.0306396
-3
-0.000366211
-193
-0.0235596
100
0.012207
-15
-0.00183105
-60
-0.00732422
221
0.0269775
75
0.00915527
-55
-0.00671387
62
0.00756836
229
0.0279541
152
0.0185547
-13
-0.00158691
-16
-0.00195312
-26
-0.00317383
-7
-0.000854492
-215
-0.0262451
-38
-0.00463867
-7
-0.000854492
-10
-0.0012207
50
0.00610352
121
0.0147705
-140
-0.0170898
-38
-0.00463867
-59
-0.00720215
-35
-0.00427246
-125
-0.0152588
-140
-0.0170898
25
0.00305176
24
0.00292969
9
0.00109863
59
0.00720215
2
0.000244141
46
0.00561523
-214
-0.026123
-74
-0.0090332
102
0.0124512
7
0.000854492
34
0.00415039
18
0.00219727
152
0.0185547
90
0.0109863
-37
-0.0045166
36
0.00439453
12
0.00146484
-22
-0.00268555
-231
-0.0281982
235
0.0286865
-2
-0.000244141
34
0.00415039
44
0.00537109
-59
-0.00720215
149
0.0181885
-67
-0.00817871
-108
-0.0131836
21
0.00256348
-185
-0.022583
-98
-0.0119629
-51
-0.00622559
72
0.00878906
-5
-0.000610352
-100
-0.012207
-64
-0.0078125
36
0.00439453
212
0.0258789
-1
-0.00012207
109
0.0133057
-10
-0.0012207
24
0.00292969
79
0.00964355
-179
-0.0218506
-31
-0.00378418
-40
-0.00488281
-17
-0.0020752
18
0.00219727
76
0.00927734
220
0.0268555
97
0.0118408
-34
-0.00415039
-34
-0.00415039
-2
-0.000244141
61
0.00744629
170
0.020752
-51
-0.00622559
-64
-0.0078125
95
0.0115967
-200
-0.0244141
54
0.0065918
-48
-0.00585938
-22
-0.00268555
93
0.0113525
78
0.00952148
7
0.000854492
50
0.00610352
32
0.00390625
-46
-0.00561523
-33
-0.00402832
70
0.00854492
26
0.00317383
29
0.00354004
-193
-0.0235596
-82
-0.0100098
126
0.0153809
35
0.00427246
117
0.0142822
-63
-0.00769043
15
0.00183105
25
0.00305176
-63
-0.00769043
106
0.0129395
-107
-0.0130615
-39
-0.00476074
-160
-0.0195312
-55
-0.00671387
223
0.0272217
6
0.000732422
281
0.0343018
46
0.00561523
-85
-0.010376
-84
-0.0102539
-153
-0.0186768
-33
-0.00402832
173
0.0211182
-37
-0.0045166
182
0.0222168
40
0.00488281
-289
-0.0352783
135
0.0164795
-138
-0.0168457
-102
-0.0124512
-169
-0.0206299
154
0.0187988
-154
-0.0187988
-45
-0.00549316
133
0.0162354
107
0.0130615
16
0.00195312
-2
-0.000244141
394
0.0480957
135
0.0164795
-10
-0.0012207
-8
-0.000976562
87
0.0106201
-102
-0.0124512
49
0.00598145
-85
-0.010376
21
0.00256348
-180
-0.0219727
86
0.010498
-15
-0.00183105
17
0.0020752
-91
-0.0111084
108
0.0131836
64
0.0078125
-64
-0.0078125
-119
-0.0145264
-158
-0.0192871
47
0.0057373
-109
-0.0133057
196
0.0239258
-14
-0.00170898
-38
-0.00463867
-143
-0.0174561
-26
-0.00317383
-145
-0.0177002
-34
-0.00415039
-247
-0.0301514
66
0.00805664
-13
-0.00158691
19
0.00231934
56
0.00683594
-54
-0.0065918
134
0.0163574
-22
-0.00268555
-53
-0.00646973
-55
-0.00671387
55
0.00671387
85
0.010376
207
0.0252686
107
0.0130615
127
0.0155029
-38
-0.00463867
57
0.00695801
-44
-0.00537109
30
0.00366211
43
0.00524902
-26
-0.00317383
-35
-0.00427246
-68
-0.00830078
-117
-0.0142822
45
0.00549316
-59
-0.00720215
185
0.022583
145
0.0177002
196
0.0239258
68
0.00830078
-221
-0.0269775
46
0.00561523
-201
-0.0245361
14
0.00170898
301
0.0367432
-150
-0.0183105
-209
-0.0255127
-36
-0.00439453
-85
-0.010376
164
0.0200195
12
0.00146484
117
0.0142822
9
0.00109863
-27
-0.0032959
171
0.020874
-150
-0.0183105
-98
-0.0119629
66
0.00805664
-95
-0.0115967
-19
-0.00231934
-122
-0.0148926
97
0.0118408
-121
-0.0147705
-41
-0.00500488
-113
-0.0137939
-109
-0.0133057
173
0.0211182
32
0.00390625
-175
-0.0213623
-113
-0.0137939
-272
-0.0332031
-26
-0.00317383
18
0.00219727
-13
-0.00158691
-20
-0.00244141
48
0.00585938
86
0.010498
-66
-0.00805664
-156
-0.019043
35
0.00427246
-88
-0.0107422
-133
-0.0162354
-39
-0.00476074
25
0.00305176
12
0.00146484
58
0.00708008
47
0.0057373
-24
-0.00292969
-46
-0.00561523
82
0.0100098
21
0.00256348
163
0.0198975
-104
-0.0126953
-34
-0.00415039
-4
-0.000488281
-44
-0.00537109
-226
-0.0275879
58
0.00708008
-125
-0.0152588
15
0.00183105
155
0.0189209
76
0.00927734
39
0.00476074
56
0.00683594
-117
-0.0142822
-40
-0.00488281
100
0.012207
-39
-0.00476074
50
0.00610352
121
0.0147705
248
0.0302734
74
0.0090332
98
0.0119629
-101
-0.0123291
-10
-0.0012207
-90
-0.0109863
80
0.00976562
82
0.0100098
-2
-0.000244141
-2
-0.000244141
10
0.0012207
57
0.00695801
38
0.00463867
-106
-0.0129395
111
0.0135498
103
0.0125732
-179
-0.0218506
-96
-0.0117188
6
0.000732422
230
0.0280762
89
0.0108643
20
0.00244141
-70
-0.00854492
-77
-0.00939941
-143
-0.0174561
77
0.00939941
-93
-0.0113525
-83
-0.0101318
75
0.00915527
-62
-0.00756836
-90
-0.0109863
-25
-0.00305176
-137
-0.0167236
-147
-0.0179443
-191
-0.0233154
6
0.000732422
-147
-0.0179443
-56
-0.00683594
157
0.019165
-126
-0.0153809
150
0.0183105
31
0.00378418
-61
-0.00744629
26
0.00317383
53
0.00646973
92
0.0112305
-25
-0.00305176
25
0.00305176
-125
-0.0152588
-63
-0.00769043
-131
-0.0159912
13
0.00158691
-43
-0.00524902
58
0.00708008
44
0.00537109
-58
-0.00708008
197
0.0240479
-19
-0.00231934
95
0.0115967
-22
-0.00268555
64
0.0078125
-72
-0.00878906
-99
-0.012085
125
0.0152588
-86
-0.010498
-95
-0.0115967
51
0.00622559
21
0.00256348
95
0.0115967
52
0.00634766
20
0.00244141
-85
-0.010376
17
0.0020752
-55
-0.00671387
-104
-0.0126953
93
0.0113525
9
0.00109863
-34
-0.00415039
132
0.0161133
-29
-0.00354004
-36
-0.00439453
-87
-0.0106201
-7
-0.000854492
72
0.00878906
107
0.0130615
-52
-0.00634766
401
0.0489502
-76
-0.00927734
-101
-0.0123291
-81
-0.0098877
-63
-0.00769043
-102
-0.0124512
210
0.0256348
-82
-0.0100098
-79
-0.00964355
20
0.00244141
-51
-0.00622559
18
0.00219727
101
0.0123291
-27
-0.0032959
-80
-0.00976562
-24
-0.00292969
-53
-0.00646973
-35
-0.00427246
-98
-0.0119629
-58
-0.00708008
-105
-0.0128174
36
0.00439453
-70
-0.00854492
-33
-0.00402832
-85
-0.010376
-117
-0.0142822
-188
-0.0229492
9
0.00109863
-13
-0.00158691
-35
-0.00427246
190
0.0231934
-18
-0.00219727
92
0.0112305
-51
-0.00622559
-41
-0.00500488
-80
-0.00976562
165
0.0201416
-87
-0.0106201
-22
-0.00268555
0
0
94
0.0114746
-24
-0.00292969
-32
-0.00390625
121
0.0147705
-30
-0.00366211
111
0.0135498
216
0.0263672
-37
-0.0045166
-103
-0.0125732
73
0.00891113
-73
-0.00891113
17
0.0020752
97
0.0118408
173
0.0211182
-61
-0.00744629
93
0.0113525
85
0.010376
-14
-0.00170898
151
0.0184326
-144
-0.0175781
-129
-0.0157471
-45
-0.00549316
82
0.0100098
109
0.0133057
36
0.00439453
-87
-0.0106201
-214
-0.026123
-23
-0.00280762
-231
-0.0281982
178
0.0217285
-41
-0.00500488
-102
-0.0124512
-222
-0.0270996
-119
-0.0145264
-50
-0.00610352
-70
-0.00854492
-76
-0.00927734
79
0.00964355
20
0.00244141
132
0.0161133
-262
-0.0319824
-104
-0.0126953
111
0.0135498
4
0.000488281
206
0.0251465
-16
-0.00195312
-157
-0.019165
-10
-0.0012207
-163
-0.0198975
-60
-0.00732422
-123
-0.0150146
11
0.00134277
71
0.00866699
-118
-0.0144043
13
0.00158691
-54
-0.0065918
127
0.0155029
71
0.00866699
79
0.00964355
6
0.000732422
114
0.013916
-111
-0.0135498
-169
-0.0206299
-11
-0.00134277
15
0.00183105
-36
-0.00439453
-122
-0.0148926
57
0.00695801
71
0.00866699
18
0.00219727
-102
-0.0124512
30
0.00366211
-44
-0.00537109
78
0.00952148
-20
-0.00244141
-36
-0.00439453
-160
-0.0195312
-13
-0.00158691
174
0.0212402
-11
-0.00134277
60
0.00732422
63
0.00769043
-67
-0.00817871
100
0.012207
27
0.0032959
-76
-0.00927734
257
0.0313721
32
0.00390625
-177
-0.0216064
-67
-0.00817871
-142
-0.017334
-81
-0.0098877
76
0.00927734
-150
-0.0183105
32
0.00390625
-13
-0.00158691
-3
-0.000366211
-91
-0.0111084
76
0.00927734
-6
-0.000732422
58
0.00708008
34
0.00415039
-19
-0.00231934
42
0.00512695
152
0.0185547
-71
-0.00866699
-8
-0.000976562
-18
-0.00219727
-36
-0.00439453
24
0.00292969
1
0.00012207
28
0.00341797
-131
-0.0159912
31
0.00378418
110
0.0134277
-57
-0.00695801
-80
-0.00976562
119
0.0145264
241
0.0294189
-27
-0.0032959
0
0
-103
-0.0125732
-15
-0.00183105
-8
-0.000976562
-57
-0.00695801
-137
-0.0167236
-25
-0.00305176
-19
-0.00231934
-66
-0.00805664
10
0.0012207
37
0.0045166
-33
-0.00402832
49
0.00598145
-59
-0.00720215
-143
-0.0174561
52
0.00634766
-81
-0.0098877
-29
-0.00354004
-13
-0.00158691
12
0.00146484
30
0.00366211
-65
-0.00793457
-63
-0.00769043
39
0.00476074
137
0.0167236
-155
-0.0189209
107
0.0130615
53
0.00646973
2
0.000244141
36
0.00439453
-97
-0.0118408
110
0.0134277
-143
-0.0174561
-26
-0.00317383
187
0.0228271
47
0.0057373
-65
-0.00793457
-56
-0.00683594
-127
-0.0155029
-74
-0.0090332
-89
-0.0108643
-106
-0.0129395
152
0.0185547
-68
-0.00830078
-2
-0.000244141
6
0.000732422
-4
-0.000488281
-48
-0.00585938
42
0.00512695
-9
-0.00109863
148
0.0180664
-12
-0.00146484
157
0.019165
100
0.012207
17
0.0020752
22
0.00268555
73
0.00891113
10
0.0012207
-34
-0.00415039
-92
-0.0112305
50
0.00610352
-4
-0.000488281
-26
-0.00317383
74
0.0090332
10
0.0012207
-14
-0.00170898
35
0.00427246
125
0.0152588
137
0.0167236
1
0.00012207
12
0.00146484
-97
-0.0118408
87
0.0106201
-27
-0.0032959
33
0.00402832
83
0.0101318
-133
-0.0162354
133
0.0162354
-209
-0.0255127
7
0.000854492
210
0.0256348
-46
-0.00561523
27
0.0032959
-55
-0.00671387
-88
-0.0107422
-86
-0.010498
121
0.0147705
110
0.0134277
53
0.00646973
-104
-0.0126953
74
0.0090332
-39
-0.00476074
157
0.019165
60
0.00732422
31
0.00378418
-28
-0.00341797
127
0.0155029
30
0.00366211
14
0.00170898
67
0.00817871
17
0.0020752
-4
-0.000488281
-79
-0.00964355
9
0.00109863
-244
-0.0297852
20
0.00244141
130
0.0158691
-77
-0.00939941
131
0.0159912
-59
-0.00720215
195
0.0238037
6
0.000732422
-300
-0.0366211
-39
-0.00476074
-221
-0.0269775
-36
-0.00439453
2
0.000244141
117
0.0142822
-210
-0.0256348
-101
-0.0123291
-33
-0.00402832
-28
-0.00341797
76
0.00927734
25
0.00305176
-42
-0.00512695
-43
-0.00524902
-44
-0.00537109
-52
-0.00634766
-105
-0.0128174
74
0.0090332
-139
-0.0169678
66
0.00805664
239
0.0291748
-52
-0.00634766
-33
-0.00402832
-30
-0.00366211
78
0.00952148
-107
-0.0130615
-15
-0.00183105
154
0.0187988
-108
-0.0131836
157
0.019165
-117
-0.0142822
-38
-0.00463867
-207
-0.0252686
22
0.00268555
84
0.0102539
-28
-0.00341797
155
0.0189209
-7
-0.000854492
81
0.0098877
-80
-0.00976562
200
0.0244141
-70
-0.00854492
-5
-0.000610352
-85
-0.010376
127
0.0155029
-138
-0.0168457
-162
-0.0197754
58
0.00708008
-136
-0.0166016
-123
-0.0150146
264
0.0322266
14
0.00170898
-6
-0.000732422
111
0.0135498
180
0.0219727
94
0.0114746
30
0.00366211
-8
-0.000976562
157
0.019165
-18
-0.00219727
-68
-0.00830078
-7
-0.000854492
28
0.00341797
36
0.00439453
-125
-0.0152588
-34
-0.00415039
9
0.00109863
33
0.00402832
15
0.00183105
108
0.0131836
-89
-0.0108643
201
0.0245361
-57
-0.00695801
-29
-0.00354004
165
0.0201416
86
0.010498
-20
-0.00244141
138
0.0168457
92
0.0112305
-47
-0.0057373
165
0.0201416
2
0.000244141
22
0.00268555
-153
-0.0186768
-98
-0.0119629
130
0.0158691
240
0.0292969
-106
-0.0129395
117
0.0142822
27
0.0032959
67
0.00817871
-67
-0.00817871
-11
-0.00134277
-130
-0.0158691
-52
-0.00634766
-133
-0.0162354
150
0.0183105
54
0.0065918
149
0.0181885
23
0.00280762
-7
-0.000854492
-187
-0.0228271
-45
-0.00549316
-22
-0.00268555
-47
-0.0057373
-72
-0.00878906
-43
-0.00524902
-17
-0.0020752
3
0.000366211
-56
-0.00683594
126
0.0153809
-114
-0.013916
-51
-0.00622559
-90
-0.0109863
131
0.0159912
69
0.00842285
-44
-0.00537109
70
0.00854492
107
0.0130615
7
0.000854492
-267
-0.0325928
-157
-0.019165
132
0.0161133
-102
-0.0124512
-164
-0.0200195
50
0.00610352
2
0.000244141
-72
-0.00878906
62
0.00756836
8
0.000976562
-24
-0.00292969
-174
-0.0212402
-34
-0.00415039
-13
-0.00158691
14
0.00170898
-17
-0.0020752
48
0.00585938
86
0.010498
107
0.0130615
-21
-0.00256348
129
0.0157471
19
0.00231934
-43
-0.00524902
-49
-0.00598145
-2
-0.000244141
31
0.00378418
7
0.000854492
-50
-0.00610352
89
0.0108643
155
0.0189209
-32
-0.00390625
26
0.00317383
-6
-0.000732422
96
0.0117188
-57
-0.00695801
-36
-0.00439453
62
0.00756836
118
0.0144043
-8
-0.000976562
39
0.00476074
-88
-0.0107422
-39
-0.00476074
-52
-0.00634766
58
0.00708008
-45
-0.00549316
1
0.00012207
-14
-0.00170898
81
0.0098877
52
0.00634766
-84
-0.0102539
40
0.00488281
-5
-0.000610352
237
0.0289307
41
0.00500488
-59
-0.00720215
-43
-0.00524902
364
0.0444336
-25
-0.00305176
191
0.0233154
48
0.00585938
-40
-0.00488281
56
0.00683594
-64
-0.0078125
-66
-0.00805664
189
0.0230713
170
0.020752
34
0.00415039
99
0.012085
-78
-0.00952148
-93
-0.0113525
-52
-0.00634766
50
0.00610352
95
0.0115967
53
0.00646973
105
0.0128174
-30
-0.00366211
-312
-0.0380859
133
0.0162354
237
0.0289307
-4
-0.000488281
14
0.00170898
-67
-0.00817871
15
0.00183105
-67
-0.00817871
-200
-0.0244141
-54
-0.0065918
42
0.00512695
-46
-0.00561523
-68
-0.00830078
-81
-0.0098877
-118
-0.0144043
-5
-0.000610352
-82
-0.0100098
-53
-0.00646973
79
0.00964355
29
0.00354004
77
0.00939941
23
0.00280762
-18
-0.00219727
77
0.00939941
300
0.0366211
99
0.012085
-82
-0.0100098
141
0.0172119
-91
-0.0111084
-23
-0.00280762
49
0.00598145
67
0.00817871
57
0.00695801
-89
-0.0108643
-244
-0.0297852
-35
-0.00427246
132
0.0161133
18
0.00219727
39
0.00476074
18
0.00219727
8
0.000976562
102
0.0124512
82
0.0100098
38
0.00463867
-278
-0.0339355
-83
-0.0101318
-139
-0.0169678
16
0.00195312
-198
-0.0241699
64
0.0078125
13
0.00158691
8
0.000976562
-73
-0.00891113
35
0.00427246
135
0.0164795
-27
-0.0032959
23
0.00280762
118
0.0144043
7
0.000854492
46
0.00561523
-46
-0.00561523
76
0.00927734
-209
-0.0255127
56
0.00683594
188
0.0229492
-60
-0.00732422
-54
-0.0065918
-47
-0.0057373
239
0.0291748
-58
-0.00708008
114
0.013916
-15
-0.00183105
-115
-0.0140381
25
0.00305176
-35
-0.00427246
9
0.00109863
46
0.00561523
-113
-0.0137939
-2
-0.000244141
-36
-0.00439453
-282
-0.0344238
-5
-0.000610352
-131
-0.0159912
-56
-0.00683594
33
0.00402832
29
0.00354004
58
0.00708008
141
0.0172119
98
0.0119629
-141
-0.0172119
-240
-0.0292969
33
0.00402832
135
0.0164795
40
0.00488281
-32
-0.00390625
-139
-0.0169678
71
0.00866699
46
0.00561523
140
0.0170898
-59
-0.00720215
108
0.0131836
-63
-0.00769043
-43
-0.00524902
-101
-0.0123291
-192
-0.0234375
11
0.00134277
95
0.0115967
-4
-0.000488281
118
0.0144043
34
0.00415039
39
0.00476074
17
0.0020752
220
0.0268555
-119
-0.0145264
122
0.0148926
-105
-0.0128174
-211
-0.0257568
6
0.000732422
45
0.00549316
-20
-0.00244141
116
0.0141602
0
0
61
0.00744629
48
0.00585938
76
0.00927734
33
0.00402832
-227
-0.02771
-21
-0.00256348
-76
-0.00927734
-43
-0.00524902
181
0.0220947
47
0.0057373
-208
-0.0253906
-74
-0.0090332
-112
-0.0136719
-13
-0.00158691
101
0.0123291
-35
-0.00427246
-100
-0.012207
-36
-0.00439453
159
0.0194092
232
0.0283203
-90
-0.0109863
-29
-0.00354004
-12
-0.00146484
-104
-0.0126953
-131
-0.0159912
-73
-0.00891113
-122
-0.0148926
17
0.0020752
24
0.00292969
-65
-0.00793457
-89
-0.0108643
31
0.00378418
-260
-0.0317383
-117
-0.0142822
84
0.0102539
-36
-0.00439453
67
0.00817871
-155
-0.0189209
10
0.0012207
18
0.00219727
-147
-0.0179443
70
0.00854492
-209
-0.0255127
128
0.015625
-110
-0.0134277
-77
-0.00939941
-117
-0.0142822
-5
-0.000610352
41
0.00500488
180
0.0219727
-44
-0.00537109
-83
-0.0101318
-38
-0.00463867
-125
-0.0152588
11
0.00134277
-66
-0.00805664
-136
-0.0166016
-80
-0.00976562
71
0.00866699
-103
-0.0125732
12
0.00146484
18
0.00219727
163
0.0198975
-8
-0.000976562
-10
-0.0012207
-165
-0.0201416
53
0.00646973
-51
-0.00622559
-91
-0.0111084
59
0.00720215
149
0.0181885
-51
-0.00622559
18
0.00219727
83
0.0101318
-121
-0.0147705
24
0.00292969
-26
-0.00317383
-161
-0.0196533
-191
-0.0233154
27
0.0032959
154
0.0187988
-63
-0.00769043
-205
-0.0250244
74
0.0090332
122
0.0148926
-129
-0.0157471
110
0.0134277
69
0.00842285
7
0.000854492
108
0.0131836
-111
-0.0135498
-8
-0.000976562
-57
-0.00695801
-57
-0.00695801
-43
-0.00524902
6
0.000732422
-111
-0.0135498
11
0.00134277
-58
-0.00708008
55
0.00671387
6
0.000732422
22
0.00268555
27
0.0032959
-37
-0.0045166
-80
-0.00976562
-87
-0.0106201
-203
-0.0247803
137
0.0167236
17
0.0020752
128
0.015625
273
0.0333252
5
0.000610352
104
0.0126953
-27
-0.0032959
-136
-0.0166016
23
0.00280762
-250
-0.0305176
24
0.00292969
177
0.0216064
20
0.00244141
-155
-0.0189209
51
0.00622559
159
0.0194092
-8
-0.000976562
-12
-0.00146484
62
0.00756836
-26
-0.00317383
124
0.0151367
-145
-0.0177002
-106
-0.0129395
28
0.00341797
106
0.0129395
68
0.00830078
-46
-0.00561523
-176
-0.0214844
-16
-0.00195312
-130
-0.0158691
-6
-0.000732422
128
0.015625
32
0.00390625
36
0.00439453
-117
-0.0142822
-45
-0.00549316
-74
-0.0090332
2
0.000244141
-112
-0.0136719
96
0.0117188
67
0.00817871
-42
-0.00512695
8
0.000976562
-112
-0.0136719
-51
-0.00622559
-106
-0.0129395
-20
-0.00244141
40
0.00488281
4
0.000488281
-123
-0.0150146
125
0.0152588
-78
-0.00952148
-19
-0.00231934
131
0.0159912
-12
-0.00146484
185
0.022583
-56
-0.00683594
183
0.0223389
-104
-0.0126953
-206
-0.0251465
62
0.00756836
72
0.00878906
-2
-0.000244141
-106
-0.0129395
-29
-0.00354004
-11
-0.00134277
-24
-0.00292969
39
0.00476074
1
0.00012207
-75
-0.00915527
48
0.00585938
-173
-0.0211182
196
0.0239258
-18
-0.00219727
-75
-0.00915527
224
0.0273438
-117
-0.0142822
16
0.00195312
22
0.00268555
-111
-0.0135498
-32
-0.00390625
-58
-0.00708008
62
0.00756836
-186
-0.0227051
-62
-0.00756836
-2
-0.000244141
-15
-0.00183105
-86
-0.010498
11
0.00134277
-157
-0.019165
-23
-0.00280762
128
0.015625
-71
-0.00866699
-203
-0.0247803
-12
-0.00146484
-77
-0.00939941
25
0.00305176
56
0.00683594
-32
-0.00390625
-280
-0.0341797
-22
-0.00268555
-170
-0.020752
5
0.000610352
96
0.0117188
96
0.0117188
33
0.00402832
39
0.00476074
-55
-0.00671387
-5
-0.000610352
70
0.00854492
1
0.00012207
-94
-0.0114746
-12
-0.00146484
-32
-0.00390625
-7
-0.000854492
-36
-0.00439453
75
0.00915527
83
0.0101318
-9
-0.00109863
19
0.00231934
-51
-0.00622559
-213
-0.026001
99
0.012085
140
0.0170898
-22
-0.00268555
34
0.00415039
45
0.00549316
-39
-0.00476074
-46
-0.00561523
-112
-0.0136719
45
0.00549316
-81
-0.0098877
44
0.00537109
107
0.0130615
23
0.00280762
67
0.00817871
88
0.0107422
-131
-0.0159912
15
0.00183105
85
0.010376
-122
-0.0148926
57
0.00695801
-17
-0.0020752
21
0.00256348
-128
-0.015625
-6
-0.000732422
-116
-0.0141602
158
0.0192871
-101
-0.0123291
-66
-0.00805664
19
0.00231934
237
0.0289307
-61
-0.00744629
9
0.00109863
-103
-0.0125732
-8
-0.000976562
-123
-0.0150146
93
0.0113525
-46
-0.00561523
-46
-0.00561523
23
0.00280762
78
0.00952148
88
0.0107422
65
0.00793457
38
0.00463867
50
0.00610352
63
0.00769043
-145
-0.0177002
62
0.00756836
81
0.0098877
-36
-0.00439453
182
0.0222168
17
0.0020752
-41
-0.00500488
2
0.000244141
-348
-0.0424805
21
0.00256348
-93
-0.0113525
-54
-0.0065918
306
0.0373535
-180
-0.0219727
45
0.00549316
5
0.000610352
155
0.0189209
14
0.00170898
-141
-0.0172119
56
0.00683594
46
0.00561523
64
0.0078125
-7
-0.000854492
57
0.00695801
168
0.0205078
19
0.00231934
-125
-0.0152588
6
0.000732422
104
0.0126953
-68
-0.00830078
-65
-0.00793457
76
0.00927734
-284
-0.034668
104
0.0126953
-143
-0.0174561
31
0.00378418
-191
-0.0233154
-95
-0.0115967
-21
-0.00256348
38
0.00463867
30
0.00366211
-95
-0.0115967
-7
-0.000854492
-122
-0.0148926
-151
-0.0184326
-46
-0.00561523
-237
-0.0289307
180
0.0219727
-36
-0.00439453
68
0.00830078
143
0.0174561
144
0.0175781
14
0.00170898
88
0.0107422
192
0.0234375
86
0.010498
180
0.0219727
89
0.0108643
38
0.00463867
23
0.00280762
354
0.0432129
17
0.0020752
-50
-0.00610352
-109
-0.0133057
-143
-0.0174561
-3
-0.000366211
-91
-0.0111084
60
0.00732422
-110
-0.0134277
75
0.00915527
315
0.0384521
-76
-0.00927734
50
0.00610352
160
0.0195312
-101
-0.0123291
-54
-0.0065918
-45
-0.00549316
-48
-0.00585938
74
0.0090332
74
0.0090332
255
0.0311279
-22
-0.00268555
70
0.00854492
-46
-0.00561523
63
0.00769043
-5
-0.000610352
185
0.022583
15
0.00183105
0
0
96
0.0117188
-21
-0.00256348
-59
-0.00720215
44
0.00537109
-9
-0.00109863
-221
-0.0269775
-66
-0.00805664
61
0.00744629
-65
-0.00793457
102
0.0124512
120
0.0146484
122
0.0148926
-82
-0.0100098
-52
-0.00634766
-80
-0.00976562
0
0
-66
-0.00805664
110
0.0134277
56
0.00683594
-97
-0.0118408
6
0.000732422
-202
-0.0246582
13
0.00158691
-56
-0.00683594
-44
-0.00537109
-43
-0.00524902
-105
-0.0128174
36
0.00439453
19
0.00231934
328
0.0400391
128
0.015625
21
0.00256348
6
0.000732422
235
0.0286865
-85
-0.010376
31
0.00378418
-26
-0.00317383
61
0.00744629
22
0.00268555
-36
-0.00439453
-5
-0.000610352
-135
-0.0164795
-151
-0.0184326
-78
-0.00952148
43
0.00524902
232
0.0283203
-15
-0.00183105
14
0.00170898
-99
-0.012085
69
0.00842285
132
0.0161133
183
0.0223389
-101
-0.0123291
32
0.00390625
13
0.00158691
60
0.00732422
94
0.0114746
16
0.00195312
-130
-0.0158691
-30
-0.00366211
4
0.000488281
-5
-0.000610352
91
0.0111084
-8
-0.000976562
-104
-0.0126953
-45
-0.00549316
13
0.00158691
17
0.0020752
-170
-0.020752
172
0.0209961
15
0.00183105
104
0.0126953
-64
-0.0078125
-6
-0.000732422
11
0.00134277
-62
-0.00756836
-11
-0.00134277
-163
-0.0198975
55
0.00671387
223
0.0272217
-78
-0.00952148
28
0.00341797
22
0.00268555
137
0.0167236
27
0.0032959
-58
-0.00708008
29
0.00354004
-93
-0.0113525
60
0.00732422
130
0.0158691
35
0.00427246
6
0.000732422
-75
-0.00915527
-122
-0.0148926
40
0.00488281
75
0.00915527
-9
-0.00109863
284
0.034668
-28
-0.00341797
-292
-0.0356445
-2
-0.000244141
-155
-0.0189209
97
0.0118408
-108
-0.0131836
158
0.0192871
-80
-0.00976562
26
0.00317383
118
0.0144043
220
0.0268555
-119
-0.0145264
-23
-0.00280762
47
0.0057373
60
0.00732422
15
0.00183105
127
0.0155029
-13
-0.00158691
-21
-0.00256348
-87
-0.0106201
66
0.00805664
-20
-0.00244141
9
0.00109863
-202
-0.0246582
-104
-0.0126953
-62
-0.00756836
-14
-0.00170898
244
0.0297852
-7
-0.000854492
235
0.0286865
-125
-0.0152588
115
0.0140381
-27
-0.0032959
-72
-0.00878906
-31
-0.00378418
44
0.00537109
-80
-0.00976562
61
0.00744629
74
0.0090332
92
0.0112305
111
0.0135498
-179
-0.0218506
28
0.00341797
-25
-0.00305176
101
0.0123291
85
0.010376
-57
-0.00695801
50
0.00610352
1
0.00012207
68
0.00830078
-1
-0.00012207
-79
-0.00964355
-83
-0.0101318
194
0.0236816
-100
-0.012207
101
0.0123291
-65
-0.00793457
-56
-0.00683594
-4
-0.000488281
-4
-0.000488281
99
0.012085
98
0.0119629
-23
-0.00280762
-30
-0.00366211
109
0.0133057
30
0.00366211
-38
-0.00463867
233
0.0284424
-37
-0.0045166
168
0.0205078
-68
-0.00830078
-143
-0.0174561
-197
-0.0240479
246
0.0300293
-74
-0.0090332
-25
-0.00305176
72
0.00878906
130
0.0158691
66
0.00805664
-138
-0.0168457
120
0.0146484
-161
-0.0196533
-69
-0.00842285
88
0.0107422
26
0.00317383
-138
-0.0168457
135
0.0164795
-158
-0.0192871
-82
-0.0100098
-46
-0.00561523
12
0.00146484
-77
-0.00939941
-78
-0.00952148
-108
-0.0131836
-92
-0.0112305
-279
-0.0340576
110
0.0134277
-108
-0.0131836
176
0.0214844
-13
-0.00158691
-61
-0.00744629
32
0.00390625
29
0.00354004
42
0.00512695
42
0.00512695
-158
-0.0192871
78
0.00952148
-31
-0.00378418
-76
-0.00927734
-145
-0.0177002
52
0.00634766
-32
-0.00390625
55
0.00671387
-229
-0.0279541
-17
-0.0020752
40
0.00488281
-32
-0.00390625
17
0.0020752
-99
-0.012085
89
0.0108643
-66
-0.00805664
-156
-0.019043
79
0.00964355
48
0.00585938
-104
-0.0126953
98
0.0119629
-92
-0.0112305
174
0.0212402
-10
-0.0012207
-21
-0.00256348
-47
-0.0057373
-283
-0.0345459
61
0.00744629
-316
-0.0385742
-15
-0.00183105
295
0.0360107
-15
-0.00183105
70
0.00854492
0
0
74
0.0090332
76
0.00927734
243
0.0296631
-9
-0.00109863
83
0.0101318
-60
-0.00732422
-11
-0.00134277
-25
-0.00305176
163
0.0198975
-2
-0.000244141
36
0.00439453
20
0.00244141
147
0.0179443
9
0.00109863
34
0.00415039
-229
-0.0279541
-18
-0.00219727
12
0.00146484
-154
-0.0187988
-215
-0.0262451
30
0.00366211
-19
-0.00231934
17
0.0020752
-46
-0.00561523
-108
-0.0131836
130
0.0158691
-25
-0.00305176
-152
-0.0185547
145
0.0177002
39
0.00476074
2
0.000244141
-71
-0.00866699
248
0.0302734
-158
-0.0192871
-14
-0.00170898
-50
-0.00610352
-210
-0.0256348
-132
-0.0161133
35
0.00427246
32
0.00390625
127
0.0155029
-11
-0.00134277
0
0
19
0.00231934
54
0.0065918
16
0.00195312
148
0.0180664
80
0.00976562
209
0.0255127
-119
-0.0145264
89
0.0108643
-85
-0.010376
-14
-0.00170898
33
0.00402832
9
0.00109863
54
0.0065918
55
0.00671387
-71
-0.00866699
100
0.012207
-53
-0.00646973
506
0.0617676
-24
-0.00292969
49
0.00598145
50
0.00610352
27
0.0032959
-108
-0.0131836
114
0.013916
-24
-0.00292969
-36
-0.00439453
102
0.0124512
146
0.0178223
37
0.0045166
-265
-0.0323486
112
0.0136719
127
0.0155029
-130
-0.0158691
60
0.00732422
12
0.00146484
82
0.0100098
14
0.00170898
-59
-0.00720215
51
0.00622559
-90
-0.0109863
43
0.00524902
271
0.0330811
138
0.0168457
24
0.00292969
49
0.00598145
64
0.0078125
-41
-0.00500488
-66
-0.00805664
2
0.000244141
-196
-0.0239258
53
0.00646973
3
0.000366211
74
0.0090332
18
0.00219727
-162
-0.0197754
25
0.00305176
84
0.0102539
51
0.00622559
-198
-0.0241699
-152
-0.0185547
-15
-0.00183105
41
0.00500488
-20
-0.00244141
-3
-0.000366211
-80
-0.00976562
39
0.00476074
166
0.0202637
66
0.00805664
-77
-0.00939941
163
0.0198975
14
0.00170898
71
0.00866699
45
0.00549316
-104
-0.0126953
-66
-0.00805664
98
0.0119629
27
0.0032959
206
0.0251465
26
0.00317383
-129
-0.0157471
-48
-0.00585938
18
0.00219727
65
0.00793457
-118
-0.0144043
45
0.00549316
152
0.0185547
-11
-0.00134277
-14
-0.00170898
-145
-0.0177002
-67
-0.00817871
-58
-0.00708008
28
0.00341797
-27
-0.0032959
-8
-0.000976562
4
0.000488281
-220
-0.0268555
69
0.00842285
-206
-0.0251465
58
0.00708008
90
0.0109863
37
0.0045166
-35
-0.00427246
-104
-0.0126953
103
0.0125732
90
0.0109863
39
0.00476074
9
0.00109863
-29
-0.00354004
26
0.00317383
-62
-0.00756836
-96
-0.0117188
-199
-0.024292
-97
-0.0118408
-117
-0.0142822
21
0.00256348
-48
-0.00585938
-66
-0.00805664
127
0.0155029
-15
-0.00183105
23
0.00280762
58
0.00708008
-60
-0.00732422
43
0.00524902
64
0.0078125
147
0.0179443
-3
-0.000366211
73
0.00891113
43
0.00524902
172
0.0209961
-118
-0.0144043
31
0.00378418
-50
-0.00610352
28
0.00341797
-190
-0.0231934
142
0.017334
40
0.00488281
83
0.0101318
71
0.00866699
14
0.00170898
-277
-0.0338135
24
0.00292969
-209
-0.0255127
87
0.0106201
-159
-0.0194092
-99
-0.012085
19
0.00231934
45
0.00549316
219
0.0267334
38
0.00463867
-31
-0.00378418
-188
-0.0229492
-40
-0.00488281
69
0.00842285
37
0.0045166
50
0.00610352
-117
-0.0142822
-9
-0.00109863
31
0.00378418
-68
-0.00830078
39
0.00476074
-73
-0.00891113
-137
-0.0167236
-35
-0.00427246
54
0.0065918
-29
-0.00354004
-225
-0.0274658
-34
-0.00415039
98
0.0119629
-22
-0.00268555
91
0.0111084
-9
-0.00109863
102
0.0124512
-3
-0.000366211
69
0.00842285
-15
-0.00183105
131
0.0159912
-37
-0.0045166
30
0.00366211
-18
-0.00219727
88
0.0107422
0
0
98
0.0119629
97
0.0118408
-31
-0.00378418
108
0.0131836
-174
-0.0212402
-137
-0.0167236
-40
-0.00488281
-113
-0.0137939
-106
-0.0129395
-74
-0.0090332
-18
-0.00219727
-132
-0.0161133
-22
-0.00268555
132
0.0161133
59
0.00720215
-20
-0.00244141
101
0.0123291
45
0.00549316
-128
-0.015625
79
0.00964355
-67
-0.00817871
30
0.00366211
-91
-0.0111084
-15
-0.00183105
-81
-0.0098877
48
0.00585938
-12
-0.00146484
-26
-0.00317383
-85
-0.010376
-178
-0.0217285
-195
-0.0238037
3
0.000366211
-91
-0.0111084
-153
-0.0186768
-31
-0.00378418
42
0.00512695
-353
-0.0430908
-99
-0.012085
-16
-0.00195312
45
0.00549316
-152
-0.0185547
-100
-0.012207
209
0.0255127
29
0.00354004
17
0.0020752
-218
-0.0266113
210
0.0256348
-51
-0.00622559
159
0.0194092
131
0.0159912
120
0.0146484
13
0.00158691
130
0.0158691
-3
-0.000366211
243
0.0296631
4
0.000488281
64
0.0078125
-2
-0.000244141
76
0.00927734
132
0.0161133
8
0.000976562
-93
-0.0113525
106
0.0129395
-82
-0.0100098
-63
-0.00769043
-52
-0.00634766
-46
-0.00561523
-93
-0.0113525
191
0.0233154
73
0.00891113
47
0.0057373
-32
-0.00390625
42
0.00512695
-32
-0.00390625
9
0.00109863
39
0.00476074
-196
-0.0239258
20
0.00244141
103
0.0125732
-145
-0.0177002
-25
-0.00305176
59
0.00720215
3
0.000366211
-64
-0.0078125
162
0.0197754
55
0.00671387
17
0.0020752
34
0.00415039
77
0.00939941
-8
-0.000976562
-138
-0.0168457
113
0.0137939
-89
-0.0108643
6
0.000732422
12
0.00146484
-2
-0.000244141
-9
-0.00109863
122
0.0148926
-80
-0.00976562
13
0.00158691
-95
-0.0115967
111
0.0135498
-127
-0.0155029
49
0.00598145
73
0.00891113
157
0.019165
-110
-0.0134277
-122
-0.0148926
287
0.0350342
21
0.00256348
-3
-0.000366211
30
0.00366211
-119
-0.0145264
-15
-0.00183105
-59
-0.00720215
-58
-0.00708008
-116
-0.0141602
-75
-0.00915527
227
0.02771
32
0.00390625
-205
-0.0250244
47
0.0057373
1
0.00012207
120
0.0146484
-218
-0.0266113
-5
-0.000610352
59
0.00720215
93
0.0113525
-42
-0.00512695
35
0.00427246
-157
-0.019165
-74
-0.0090332
59
0.00720215
5
0.000610352
49
0.00598145
-53
-0.00646973
142
0.017334
-63
-0.00769043
121
0.0147705
110
0.0134277
58
0.00708008
3
0.000366211
157
0.019165
103
0.0125732
160
0.0195312
-75
-0.00915527
39
0.00476074
-7
-0.000854492
129
0.0157471
171
0.020874
112
0.0136719
-75
-0.00915527
-131
-0.0159912
47
0.0057373
-51
-0.00622559
-137
-0.0167236
158
0.0192871
87
0.0106201
-113
-0.0137939
-159
-0.0194092
70
0.00854492
-97
-0.0118408
-200
-0.0244141
-41
-0.00500488
169
0.0206299
-49
-0.00598145
-114
-0.013916
39
0.00476074
-50
-0.00610352
-106
-0.0129395
-179
-0.0218506
74
0.0090332
195
0.0238037
16
0.00195312
103
0.0125732
-45
-0.00549316
-115
-0.0140381
-40
-0.00488281
5
0.000610352
-54
-0.0065918
-47
-0.0057373
-31
-0.00378418
-27
-0.0032959
-53
-0.00646973
211
0.0257568
-56
-0.00683594
-146
-0.0178223
216
0.0263672
42
0.00512695
-131
-0.0159912
-215
-0.0262451
101
0.0123291
-132
-0.0161133
-22
-0.00268555
88
0.0107422
-41
-0.00500488
26
0.00317383
25
0.00305176
-61
-0.00744629
-7
-0.000854492
118
0.0144043
-66
-0.00805664
-158
-0.0192871
-114
-0.013916
-53
-0.00646973
-52
-0.00634766
-152
-0.0185547
-4
-0.000488281
-43
-0.00524902
-101
-0.0123291
-15
-0.00183105
-47
-0.0057373
159
0.0194092
-73
-0.00891113
-371
-0.0452881
54
0.0065918
-309
-0.0377197
22
0.00268555
-91
-0.0111084
-56
-0.00683594
92
0.0112305
-2
-0.000244141
-88
-0.0107422
19
0.00231934
-137
-0.0167236
-50
-0.00610352
-128
-0.015625
64
0.0078125
-2
-0.000244141
-37
-0.0045166
-205
-0.0250244
4
0.000488281
-70
-0.00854492
-41
-0.00500488
-3
-0.000366211
59
0.00720215
-49
-0.00598145
71
0.00866699
-7
-0.000854492
14
0.00170898
-45
-0.00549316
-125
-0.0152588
80
0.00976562
69
0.00842285
-85
-0.010376
-124
-0.0151367
-78
-0.00952148
-32
-0.00390625
-41
-0.00500488
35
0.00427246
-168
-0.0205078
-40
-0.00488281
-113
-0.0137939
117
0.0142822
103
0.0125732
-64
-0.0078125
145
0.0177002
-97
-0.0118408
-30
-0.00366211
-10
-0.0012207
108
0.0131836
-2
-0.000244141
1
0.00012207
-29
-0.00354004
216
0.0263672
191
0.0233154
-249
-0.0303955
35
0.00427246
-184
-0.0224609
-5
-0.000610352
146
0.0178223
-172
-0.0209961
59
0.00720215
51
0.00622559
-100
-0.012207
-9
-0.00109863
-32
-0.00390625
3
0.000366211
-4
-0.000488281
88
0.0107422
-253
-0.0308838
-35
-0.00427246
194
0.0236816
-19
-0.00231934
32
0.00390625
-5
-0.000610352
135
0.0164795
-89
-0.0108643
-68
-0.00830078
145
0.0177002
137
0.0167236
94
0.0114746
-31
-0.00378418
-3
-0.000366211
370
0.045166
-23
-0.00280762
-49
-0.00598145
89
0.0108643
-38
-0.00463867
45
0.00549316
-128
-0.015625
-122
-0.0148926
-132
-0.0161133
-49
-0.00598145
197
0.0240479
63
0.00769043
-197
-0.0240479
15
0.00183105
126
0.0153809
-144
-0.0175781
76
0.00927734
-22
-0.00268555
149
0.0181885
102
0.0124512
-17
-0.0020752
20
0.00244141
35
0.00427246
-152
-0.0185547
-41
-0.00500488
-134
-0.0163574
66
0.00805664
97
0.0118408
90
0.0109863
-71
-0.00866699
-102
-0.0124512
12
0.00146484
-20
-0.00244141
14
0.00170898
-1
-0.00012207
30
0.00366211
-219
-0.0267334
-57
-0.00695801
-188
-0.0229492
38
0.00463867
-20
-0.00244141
11
0.00134277
14
0.00170898
71
0.00866699
132
0.0161133
78
0.00952148
-41
-0.00500488
120
0.0146484
34
0.00415039
-14
-0.00170898
165
0.0201416
-41
-0.00500488
-210
-0.0256348
-38
-0.00463867
-220
-0.0268555
-41
-0.00500488
-160
-0.0195312
-60
-0.00732422
114
0.013916
115
0.0140381
0
0
123
0.0150146
-147
-0.0179443
68
0.00830078
-281
-0.0343018
230
0.0280762
46
0.00561523
-54
-0.0065918
-108
-0.0131836
-58
-0.00708008
28
0.00341797
-11
-0.00134277
73
0.00891113
20
0.00244141
-120
-0.0146484
-70
-0.00854492
132
0.0161133
111
0.0135498
102
0.0124512
47
0.0057373
-17
-0.0020752
46
0.00561523
172
0.0209961
-107
-0.0130615
89
0.0108643
-86
-0.010498
93
0.0113525
75
0.00915527
-51
-0.00622559
14
0.00170898
-26
-0.00317383
41
0.00500488
-28
-0.00341797
180
0.0219727
347
0.0423584
58
0.00708008
3
0.000366211
23
0.00280762
35
0.00427246
125
0.0152588
-46
-0.00561523
89
0.0108643
-97
-0.0118408
63
0.00769043
40
0.00488281
2
0.000244141
-68
-0.00830078
70
0.00854492
-208
-0.0253906
34
0.00415039
-280
-0.0341797
-9
-0.00109863
116
0.0141602
-159
-0.0194092
23
0.00280762
152
0.0185547
161
0.0196533
107
0.0130615
35
0.00427246
-48
-0.00585938
62
0.00756836
101
0.0123291
-106
-0.0129395
-165
-0.0201416
7
0.000854492
29
0.00354004
108
0.0131836
-50
-0.00610352
-99
-0.012085
26
0.00317383
-79
-0.00964355
-7
-0.000854492
57
0.00695801
-37
-0.0045166
-9
-0.00109863
-100
-0.012207
-7
-0.000854492
14
0.00170898
-86
-0.010498
90
0.0109863
3
0.000366211
29
0.00354004
77
0.00939941
103
0.0125732
134
0.0163574
43
0.00524902
-61
-0.00744629
-67
-0.00817871
7
0.000854492
156
0.019043
-283
-0.0345459
34
0.00415039
-190
-0.0231934
135
0.0164795
11
0.00134277
48
0.00585938
-127
-0.0155029
-102
-0.0124512
125
0.0152588
30
0.00366211
47
0.0057373
94
0.0114746
256
0.03125
-96
-0.0117188
122
0.0148926
48
0.00585938
-18
-0.00219727
-56
-0.00683594
90
0.0109863
-13
-0.00158691
22
0.00268555
81
0.0098877
-82
-0.0100098
-16
-0.00195312
-2
-0.000244141
43
0.00524902
-68
-0.00830078
-91
-0.0111084
-30
-0.00366211
17
0.0020752
-80
-0.00976562
151
0.0184326
61
0.00744629
-81
-0.0098877
-136
-0.0166016
71
0.00866699
270
0.032959
17
0.0020752
-232
-0.0283203
-81
-0.0098877
-44
-0.00537109
179
0.0218506
83
0.0101318
151
0.0184326
-45
-0.00549316
75
0.00915527
-97
-0.0118408
-16
-0.00195312
-21
-0.00256348
-59
-0.00720215
62
0.00756836
-35
-0.00427246
154
0.0187988
-27
-0.0032959
-52
-0.00634766
-58
-0.00708008
151
0.0184326
-63
-0.00769043
131
0.0159912
137
0.0167236
147
0.0179443
-50
-0.00610352
-6
-0.000732422
17
0.0020752
-245
-0.0299072
-28
-0.00341797
187
0.0228271
-144
-0.0175781
260
0.0317383
-60
-0.00732422
96
0.0117188
-40
-0.00488281
138
0.0168457
12
0.00146484
84
0.0102539
20
0.00244141
-110
-0.0134277
67
0.00817871
-3
-0.000366211
119
0.0145264
22
0.00268555
-28
-0.00341797
41
0.00500488
-38
-0.00463867
6
0.000732422
-81
-0.0098877
-177
-0.0216064
86
0.010498
-61
-0.00744629
75
0.00915527
-83
-0.0101318
92
0.0112305
-163
-0.0198975
4
0.000488281
39
0.00476074
-133
-0.0162354
115
0.0140381
-82
-0.0100098
79
0.00964355
-95
-0.0115967
-69
-0.00842285
72
0.00878906
35
0.00427246
-68
-0.00830078
-173
-0.0211182
35
0.00427246
120
0.0146484
-105
-0.0128174
-59
-0.00720215
-137
-0.0167236
26
0.00317383
70
0.00854492
34
0.00415039
-71
-0.00866699
18
0.00219727
-7
-0.000854492
114
0.013916
-28
-0.00341797
-160
-0.0195312
-63
-0.00769043
63
0.00769043
-35
-0.00427246
-221
-0.0269775
95
0.0115967
262
0.0319824
142
0.017334
44
0.00537109
-90
-0.0109863
-39
-0.00476074
24
0.00292969
-17
-0.0020752
-45
-0.00549316
-132
-0.0161133
-95
-0.0115967
-18
-0.00219727
144
0.0175781
55
0.00671387
-102
-0.0124512
-134
-0.0163574
74
0.0090332
-33
-0.00402832
-105
-0.0128174
-79
-0.00964355
-38
-0.00463867
47
0.0057373
-18
-0.00219727
-122
-0.0148926
65
0.00793457
8
0.000976562
-23
-0.00280762
-219
-0.0267334
19
0.00231934
278
0.0339355
-93
-0.0113525
-29
-0.00354004
-92
-0.0112305
-30
-0.00366211
-105
-0.0128174
-24
-0.00292969
172
0.0209961
74
0.0090332
-67
-0.00817871
-123
-0.0150146
-63
-0.00769043
50
0.00610352
-13
-0.00158691
210
0.0256348
58
0.00708008
-93
-0.0113525
-80
-0.00976562
82
0.0100098
156
0.019043
-182
-0.0222168
7
0.000854492
-42
-0.00512695
66
0.00805664
58
0.00708008
-76
-0.00927734
5
0.000610352
90
0.0109863
-105
-0.0128174
61
0.00744629
316
0.0385742
38
0.00463867
-71
-0.00866699
45
0.00549316
-47
-0.0057373
-75
-0.00915527
-95
-0.0115967
-88
-0.0107422
-129
-0.0157471
-68
-0.00830078
-59
-0.00720215
73
0.00891113
14
0.00170898
52
0.00634766
-37
-0.0045166
22
0.00268555
-220
-0.0268555
64
0.0078125
156
0.019043
68
0.00830078
137
0.0167236
90
0.0109863
142
0.017334
57
0.00695801
-26
-0.00317383
-128
-0.015625
115
0.0140381
138
0.0168457
-4
-0.000488281
32
0.00390625
230
0.0280762
82
0.0100098
23
0.00280762
-108
-0.0131836
178
0.0217285
-52
-0.00634766
-218
-0.0266113
57
0.00695801
7
0.000854492
-62
-0.00756836
-68
-0.00830078
-68
-0.00830078
-194
-0.0236816
42
0.00512695
-124
-0.0151367
-26
-0.00317383
158
0.0192871
-78
-0.00952148
129
0.0157471
62
0.00756836
-89
-0.0108643
107
0.0130615
55
0.00671387
-9
-0.00109863
15
0.00183105
10
0.0012207
-157
-0.019165
-51
-0.00622559
-63
-0.00769043
-55
-0.00671387
106
0.0129395
16
0.00195312
-189
-0.0230713
-119
-0.0145264
-41
-0.00500488
80
0.00976562
256
0.03125
25
0.00305176
-108
-0.0131836
19
0.00231934
132
0.0161133
73
0.00891113
-45
-0.00549316
27
0.0032959
-190
-0.0231934
-18
-0.00219727
14
0.00170898
-70
-0.00854492
-118
-0.0144043
137
0.0167236
7
0.000854492
-13
-0.00158691
256
0.03125
90
0.0109863
-31
-0.00378418
52
0.00634766
-91
-0.0111084
-85
-0.010376
85
0.010376
92
0.0112305
98
0.0119629
19
0.00231934
-249
-0.0303955
-106
-0.0129395
-113
-0.0137939
16
0.00195312
-130
-0.0158691
21
0.00256348
-108
-0.0131836
-118
-0.0144043
69
0.00842285
-38
-0.00463867
-77
-0.00939941
33
0.00402832
-8
-0.000976562
-31
-0.00378418
163
0.0198975
-53
-0.00646973
24
0.00292969
127
0.0155029
101
0.0123291
-66
-0.00805664
-1
-0.00012207
-81
-0.0098877
57
0.00695801
46
0.00561523
72
0.00878906
5
0.000610352
-190
-0.0231934
66
0.00805664
-77
-0.00939941
-182
-0.0222168
-53
-0.00646973
96
0.0117188
-104
-0.0126953
-53
-0.00646973
91
0.0111084
-119
-0.0145264
-126
-0.0153809
-121
-0.0147705
-13
-0.00158691
18
0.00219727
108
0.0131836
-18
-0.00219727
-106
-0.0129395
-8
-0.000976562
-101
-0.0123291
100
0.012207
41
0.00500488
109
0.0133057
-44
-0.00537109
145
0.0177002
-162
-0.0197754
102
0.0124512
-85
-0.010376
9
0.00109863
69
0.00842285
-76
-0.00927734
229
0.0279541
-48
-0.00585938
-29
-0.00354004
40
0.00488281
-14
-0.00170898
-47
-0.0057373
125
0.0152588
-99
-0.012085
-144
-0.0175781
53
0.00646973
-242
-0.029541
-82
-0.0100098
-16
-0.00195312
-68
-0.00830078
-47
-0.0057373
-42
-0.00512695
11
0.00134277
42
0.00512695
11
0.00134277
-56
-0.00683594
-121
-0.0147705
226
0.0275879
-178
-0.0217285
-60
-0.00732422
-32
-0.00390625
11
0.00134277
-68
-0.00830078
45
0.00549316
110
0.0134277
47
0.0057373
-47
-0.0057373
99
0.012085
-96
-0.0117188
240
0.0292969
165
0.0201416
81
0.0098877
-25
-0.00305176
34
0.00415039
54
0.0065918
118
0.0144043
161
0.0196533
9
0.00109863
-151
-0.0184326
123
0.0150146
-86
-0.010498
-59
-0.00720215
-35
-0.00427246
107
0.0130615
286
0.0349121
113
0.0137939
8
0.000976562
55
0.00671387
47
0.0057373
-58
-0.00708008
66
0.00805664
126
0.0153809
-24
-0.00292969
-245
-0.0299072
-46
-0.00561523
-47
-0.0057373
303
0.0369873
93
0.0113525
39
0.00476074
-151
-0.0184326
-173
-0.0211182
-52
-0.00634766
-208
-0.0253906
5
0.000610352
-194
-0.0236816
-62
-0.00756836
198
0.0241699
-96
-0.0117188
312
0.0380859
78
0.00952148
35
0.00427246
6
0.000732422
-398
-0.048584
12
0.00146484
-28
-0.00341797
-52
-0.00634766
100
0.012207
0
0
-149
-0.0181885
-94
-0.0114746
-25
-0.00305176
-65
-0.00793457
-138
-0.0168457
-182
-0.0222168
39
0.00476074
-139
-0.0169678
-82
-0.0100098
11
0.00134277
44
0.00537109
26
0.00317383
-79
-0.00964355
-53
-0.00646973
131
0.0159912
30
0.00366211
-8
-0.000976562
88
0.0107422
-137
-0.0167236
60
0.00732422
-56
-0.00683594
-79
-0.00964355
-49
-0.00598145
113
0.0137939
45
0.00549316
12
0.00146484
60
0.00732422
-167
-0.0203857
244
0.0297852
167
0.0203857
-197
-0.0240479
-32
-0.00390625
71
0.00866699
-238
-0.0290527
172
0.0209961
-5
-0.000610352
282
0.0344238
-52
-0.00634766
53
0.00646973
23
0.00280762
-32
-0.00390625
106
0.0129395
123
0.0150146
69
0.00842285
-11
-0.00134277
-24
-0.00292969
149
0.0181885
-171
-0.020874
-128
-0.015625
-8
-0.000976562
-51
-0.00622559
69
0.00842285
34
0.00415039
102
0.0124512
-145
-0.0177002
-94
-0.0114746
-76
-0.00927734
-39
-0.00476074
-29
-0.00354004
-98
-0.0119629
-69
-0.00842285
-19
-0.00231934
-295
-0.0360107
55
0.00671387
-82
-0.0100098
47
0.0057373
52
0.00634766
-71
-0.00866699
-15
-0.00183105
-58
-0.00708008
-96
-0.0117188
132
0.0161133
-4
-0.000488281
2
0.000244141
5
0.000610352
-57
-0.00695801
-1
-0.00012207
-63
-0.00769043
95
0.0115967
59
0.00720215
85
0.010376
-6
-0.000732422
-230
-0.0280762
10
0.0012207
162
0.0197754
31
0.00378418
-68
-0.00830078
55
0.00671387
2
0.000244141
48
0.00585938
-10
-0.0012207
168
0.0205078
-110
-0.0134277
-66
-0.00805664
-61
-0.00744629
54
0.0065918
-19
-0.00231934
-49
-0.00598145
277
0.0338135
80
0.00976562
64
0.0078125
-53
-0.00646973
132
0.0161133
60
0.00732422
-11
-0.00134277
-34
-0.00415039
221
0.0269775
75
0.00915527
68
0.00830078
11
0.00134277
22
0.00268555
14
0.00170898
-64
-0.0078125
-2
-0.000244141
-153
-0.0186768
108
0.0131836
-62
-0.00756836
-29
-0.00354004
47
0.0057373
-119
-0.0145264
-1
-0.00012207
-90
-0.0109863
-95
-0.0115967
135
0.0164795
-64
-0.0078125
22
0.00268555
59
0.00720215
-3
-0.000366211
-241
-0.0294189
21
0.00256348
50
0.00610352
56
0.00683594
-276
-0.0336914
-43
-0.00524902
-35
-0.00427246
-7
-0.000854492
23
0.00280762
-38
-0.00463867
-251
-0.0306396
136
0.0166016
-261
-0.0318604
-13
-0.00158691
-25
-0.00305176
-201
-0.0245361
-98
-0.0119629
-84
-0.0102539
165
0.0201416
-88
-0.0107422
39
0.00476074
29
0.00354004
135
0.0164795
-51
-0.00622559
-43
-0.00524902
24
0.00292969
-175
-0.0213623
-152
-0.0185547
-134
-0.0163574
158
0.0192871
-139
-0.0169678
-141
-0.0172119
-71
-0.00866699
67
0.00817871
59
0.00720215
15
0.00183105
250
0.0305176
113
0.0137939
-127
-0.0155029
-47
-0.0057373
-51
-0.00622559
126
0.0153809
-49
-0.00598145
142
0.017334
-175
-0.0213623
-63
-0.00769043
70
0.00854492
-79
-0.00964355
271
0.0330811
79
0.00964355
-49
-0.00598145
178
0.0217285
26
0.00317383
19
0.00231934
-55
-0.00671387
56
0.00683594
171
0.020874
-3
-0.000366211
272
0.0332031
64
0.0078125
-44
-0.00537109
-40
-0.00488281
-50
-0.00610352
137
0.0167236
-29
-0.00354004
-97
-0.0118408
78
0.00952148
2
0.000244141
-8
-0.000976562
-42
-0.00512695
191
0.0233154
55
0.00671387
231
0.0281982
-222
-0.0270996
57
0.00695801
81
0.0098877
-16
-0.00195312
-68
-0.00830078
-70
-0.00854492
44
0.00537109
-166
-0.0202637
69
0.00842285
206
0.0251465
-32
-0.00390625
17
0.0020752
56
0.00683594
101
0.0123291
48
0.00585938
29
0.00354004
-100
-0.012207
-166
-0.0202637
89
0.0108643
-6
-0.000732422
-6
-0.000732422
180
0.0219727
-61
-0.00744629
105
0.0128174
-40
-0.00488281
-102
-0.0124512
18
0.00219727
40
0.00488281
-24
-0.00292969
14
0.00170898
-58
-0.00708008
144
0.0175781
-5
-0.000610352
114
0.013916
0
0
156
0.019043
25
0.00305176
-128
-0.015625
13
0.00158691
87
0.0106201
37
0.0045166
-83
-0.0101318
39
0.00476074
-13
-0.00158691
-24
-0.00292969
104
0.0126953
-11
-0.00134277
42
0.00512695
64
0.0078125
-55
-0.00671387
-40
-0.00488281
-84
-0.0102539
-148
-0.0180664
-56
-0.00683594
-130
-0.0158691
-5
-0.000610352
73
0.00891113
-70
-0.00854492
-9
-0.00109863
38
0.00463867
-10
-0.0012207
-120
-0.0146484
15
0.00183105
-171
-0.020874
30
0.00366211
-66
-0.00805664
-98
-0.0119629
-162
-0.0197754
-43
-0.00524902
188
0.0229492
-8
-0.000976562
116
0.0141602
77
0.00939941
-32
-0.00390625
62
0.00756836
-82
-0.0100098
70
0.00854492
175
0.0213623
144
0.0175781
150
0.0183105
-133
-0.0162354
244
0.0297852
40
0.00488281
-7
-0.000854492
90
0.0109863
156
0.019043
38
0.00463867
96
0.0117188
-44
-0.00537109
-215
-0.0262451
-105
-0.0128174
91
0.0111084
-41
-0.00500488
-13
-0.00158691
67
0.00817871
-5
-0.000610352
123
0.0150146
-144
-0.0175781
-66
-0.00805664
-276
-0.0336914
-8
-0.000976562
118
0.0144043
-52
-0.00634766
-15
-0.00183105
-39
-0.00476074
-81
-0.0098877
-16
-0.00195312
-109
-0.0133057
62
0.00756836
-93
-0.0113525
-58
-0.00708008
102
0.0124512
117
0.0142822
-307
-0.0374756
131
0.0159912
35
0.00427246
-205
-0.0250244
72
0.00878906
-47
-0.0057373
-178
-0.0217285
54
0.0065918
106
0.0129395
-46
-0.00561523
-55
-0.00671387
-28
-0.00341797
-52
-0.00634766
15
0.00183105
-213
-0.026001
-23
-0.00280762
59
0.00720215
-87
-0.0106201
76
0.00927734
6
0.000732422
198
0.0241699
70
0.00854492
188
0.0229492
-15
-0.00183105
178
0.0217285
-83
-0.0101318
223
0.0272217
54
0.0065918
-80
-0.00976562
-26
-0.00317383
-69
-0.00842285
24
0.00292969
39
0.00476074
14
0.00170898
-77
-0.00939941
86
0.010498
-17
-0.0020752
17
0.0020752
69
0.00842285
-78
-0.00952148
161
0.0196533
-14
-0.00170898
19
0.00231934
99
0.012085
-68
-0.00830078
88
0.0107422
199
0.024292
14
0.00170898
248
0.0302734
-103
-0.0125732
-48
-0.00585938
-15
-0.00183105
71
0.00866699
-26
-0.00317383
271
0.0330811
-133
-0.0162354
35
0.00427246
-42
-0.00512695
147
0.0179443
4
0.000488281
-48
-0.00585938
-67
-0.00817871
-1
-0.00012207
55
0.00671387
106
0.0129395
-98
-0.0119629
-76
-0.00927734
-26
-0.00317383
-34
-0.00415039
-21
-0.00256348
0
0
-63
-0.00769043
114
0.013916
-85
-0.010376
33
0.00402832
-14
-0.00170898
-48
-0.00585938
54
0.0065918
-94
-0.0114746
14
0.00170898
-203
-0.0247803
-11
-0.00134277
-40
-0.00488281
160
0.0195312
-22
-0.00268555
-58
-0.00708008
27
0.0032959
7
0.000854492
-35
-0.00427246
-123
-0.0150146
86
0.010498
54
0.0065918
-90
-0.0109863
87
0.0106201
-184
-0.0224609
229
0.0279541
-31
-0.00378418
2
0.000244141
114
0.013916
39
0.00476074
30
0.00366211
105
0.0128174
-175
-0.0213623
-111
-0.0135498
-96
-0.0117188
45
0.00549316
-120
-0.0146484
-105
-0.0128174
-31
-0.00378418
-48
-0.00585938
-89
-0.0108643
39
0.00476074
-155
-0.0189209
117
0.0142822
-176
-0.0214844
-25
-0.00305176
64
0.0078125
-16
-0.00195312
119
0.0145264
134
0.0163574
18
0.00219727
-122
-0.0148926
92
0.0112305
26
0.00317383
245
0.0299072
-68
-0.00830078
-32
-0.00390625
-40
-0.00488281
-1
-0.00012207
-2
-0.000244141
279
0.0340576
-124
-0.0151367
75
0.00915527
133
0.0162354
-114
-0.013916
-14
-0.00170898
46
0.00561523
-22
-0.00268555
5
0.000610352
-5
-0.000610352
-162
-0.0197754
-84
-0.0102539
-48
-0.00585938
107
0.0130615
57
0.00695801
77
0.00939941
-198
-0.0241699
53
0.00646973
6
0.000732422
-31
-0.00378418
153
0.0186768
-60
-0.00732422
106
0.0129395
21
0.00256348
272
0.0332031
-73
-0.00891113
-182
-0.0222168
23
0.00280762
108
0.0131836
104
0.0126953
33
0.00402832
117
0.0142822
55
0.00671387
-77
-0.00939941
-17
-0.0020752
-9
-0.00109863
331
0.0404053
181
0.0220947
301
0.0367432
75
0.00915527
-155
-0.0189209
-18
-0.00219727
83
0.0101318
-61
-0.00744629
199
0.024292
-16
-0.00195312
-85
-0.010376
-98
-0.0119629
-35
-0.00427246
-79
-0.00964355
71
0.00866699
-29
-0.00354004
-155
-0.0189209
62
0.00756836
244
0.0297852
44
0.00537109
-3
-0.000366211
45
0.00549316
-49
-0.00598145
-38
-0.00463867
