-5
-0.00976562
3
0.00585938
25
0.0488281
37
0.0722656
-5
-0.00976562
12
0.0234375
22
0.0429688
-30
-0.0585938
-7
-0.0136719
18
0.0351562
-15
-0.0292969
4
0.0078125
36
0.0703125
20
0.0390625
-4
-0.0078125
13
0.0253906
19
0.0371094
0
0
-35
-0.0683594
13
0.0253906
-7
-0.0136719
30
0.0585938
-16
-0.03125
0
0
-9
-0.0175781
6
0.0117188
-9
-0.0175781
33
0.0644531
3
0.00585938
51
0.0996094
15
0.0292969
-25
-0.0488281
3
0.00585938
26
0.0507812
8
0.015625
6
0.0117188
-2
-0.00390625
-9
-0.0175781
-16
-0.03125
-29
-0.0566406
-18
-0.0351562
36
0.0703125
37
0.0722656
-22
-0.0429688
-16
-0.03125
-3
-0.00585938
-37
-0.0722656
-10
-0.0195312
2
0.00390625
21
0.0410156
-2
-0.00390625
-10
-0.0195312
29
0.0566406
4
0.0078125
-50
-0.0976562
20
0.0390625
21
0.0410156
10
0.0195312
-7
-0.0136719
0
0
30
0.0585938
2
0.00390625
2
0.00390625
-7
-0.0136719
4
0.0078125
36
0.0703125
-40
-0.078125
-8
-0.015625
-29
-0.0566406
-20
-0.0390625
34
0.0664062
-21
-0.0410156
7
0.0136719
42
0.0820312
2
0.00390625
16
0.03125
-15
-0.0292969
17
0.0332031
5
0.00976562
-7
-0.0136719
-4
-0.0078125
4
0.0078125
-9
-0.0175781
43
0.0839844
35
0.0683594
-29
-0.0566406
32
0.0625
-4
-0.0078125
-23
-0.0449219
-35
-0.0683594
34
0.0664062
-13
-0.0253906
27
0.0527344
-6
-0.0117188
3
0.00585938
26
0.0507812
-3
-0.00585938
-34
-0.0664062
-12
-0.0234375
-20
-0.0390625
0
0
6
0.0117188
4
0.0078125
-44
-0.0859375
35
0.0683594
30
0.0585938
28
0.0546875
13
0.0253906
1
0.00195312
-19
-0.0371094
20
0.0390625
-1
-0.00195312
-25
-0.0488281
-14
-0.0273438
20
0.0390625
-6
-0.0117188
-21
-0.0410156
23
0.0449219
-16
-0.03125
-16
-0.03125
28
0.0546875
-18
-0.0351562
-32
-0.0625
16
0.03125
15
0.0292969
11
0.0214844
2
0.00390625
-42
-0.0820312
11
0.0214844
-27
-0.0527344
3
0.00585938
4
0.0078125
7
0.0136719
10
0.0195312
5
0.00976562
-5
-0.00976562
-6
-0.0117188
15
0.0292969
-21
-0.0410156
-13
-0.0253906
42
0.0820312
-35
-0.0683594
11
0.0214844
40
0.078125
-5
-0.00976562
5
0.00976562
8
0.015625
-19
-0.0371094
5
0.00976562
-35
-0.0683594
-10
-0.0195312
38
0.0742188
28
0.0546875
3
0.00585938
3
0.00585938
-12
-0.0234375
-3
-0.00585938
4
0.0078125
-43
-0.0839844
-15
-0.0292969
5
0.00976562
-8
-0.015625
23
0.0449219
18
0.0351562
37
0.0722656
-10
-0.0195312
-30
-0.0585938
0
0
23
0.0449219
-20
-0.0390625
-33
-0.0644531
4
0.0078125
3
0.00585938
4
0.0078125
-29
-0.0566406
-9
-0.0175781
-25
-0.0488281
-5
-0.00976562
-7
-0.0136719
-28
-0.0546875
-14
-0.0273438
31
0.0605469
31
0.0605469
2
0.00390625
-6
-0.0117188
-16
-0.03125
8
0.015625
0
0
5
0.00976562
9
0.0175781
29
0.0566406
32
0.0625
34
0.0664062
-4
-0.0078125
34
0.0664062
-6
-0.0117188
-9
-0.0175781
-23
-0.0449219
14
0.0273438
6
0.0117188
7
0.0136719
-14
-0.0273438
19
0.0371094
25
0.0488281
21
0.0410156
6
0.0117188
-15
-0.0292969
17
0.0332031
-13
-0.0253906
18
0.0351562
-15
-0.0292969
-9
-0.0175781
18
0.0351562
-28
-0.0546875
-11
-0.0214844
9
0.0175781
-6
-0.0117188
25
0.0488281
-31
-0.0605469
2
0.00390625
-12
-0.0234375
27
0.0527344
-12
-0.0234375
-16
-0.03125
-12
-0.0234375
11
0.0214844
2
0.00390625
-2
-0.00390625
-32
-0.0625
21
0.0410156
25
0.0488281
7
0.0136719
-4
-0.0078125
5
0.00976562
22
0.0429688
10
0.0195312
4
0.0078125
3
0.00585938
-38
-0.0742188
-15
-0.0292969
17
0.0332031
26
0.0507812
-12
-0.0234375
-15
-0.0292969
-16
-0.03125
9
0.0175781
21
0.0410156
28
0.0546875
5
0.00976562
5
0.00976562
14
0.0273438
9
0.0175781
-36
-0.0703125
11
0.0214844
-12
-0.0234375
7
0.0136719
5
0.00976562
-2
-0.00390625
19
0.0371094
-2
-0.00390625
-30
-0.0585938
-11
-0.0214844
-11
-0.0214844
-11
-0.0214844
14
0.0273438
-6
-0.0117188
-3
-0.00585938
-10
-0.0195312
3
0.00585938
8
0.015625
17
0.0332031
33
0.0644531
15
0.0292969
-1
-0.00195312
3
0.00585938
26
0.0507812
-45
-0.0878906
10
0.0195312
22
0.0429688
-6
-0.0117188
-40
-0.078125
4
0.0078125
-23
-0.0449219
26
0.0507812
27
0.0527344
66
0.128906
19
0.0371094
12
0.0234375
-3
-0.00585938
-12
-0.0234375
45
0.0878906
-6
-0.0117188
3
0.00585938
-22
-0.0429688
7
0.0136719
-13
-0.0253906
-10
-0.0195312
-26
-0.0507812
11
0.0214844
15
0.0292969
2
0.00390625
-41
-0.0800781
-16
-0.03125
47
0.0917969
-10
-0.0195312
1
0.00195312
-7
-0.0136719
-32
-0.0625
0
0
-6
-0.0117188
3
0.00585938
-51
-0.0996094
-7
-0.0136719
0
0
17
0.0332031
25
0.0488281
11
0.0214844
7
0.0136719
19
0.0371094
45
0.0878906
20
0.0390625
10
0.0195312
13
0.0253906
22
0.0429688
9
0.0175781
14
0.0273438
-8
-0.015625
16
0.03125
36
0.0703125
-22
-0.0429688
-26
-0.0507812
-22
-0.0429688
-25
-0.0488281
41
0.0800781
-28
-0.0546875
-17
-0.0332031
-27
-0.0527344
16
0.03125
33
0.0644531
-9
-0.0175781
5
0.00976562
-2
-0.00390625
-38
-0.0742188
36
0.0703125
25
0.0488281
-25
-0.0488281
-25
-0.0488281
-46
-0.0898438
-6
-0.0117188
5
0.00976562
-17
-0.0332031
14
0.0273438
4
0.0078125
14
0.0273438
16
0.03125
-9
-0.0175781
10
0.0195312
-14
-0.0273438
-14
-0.0273438
-3
-0.00585938
21
0.0410156
6
0.0117188
-10
-0.0195312
4
0.0078125
-25
-0.0488281
0
0
-14
-0.0273438
-29
-0.0566406
-2
-0.00390625
-17
-0.0332031
-18
-0.0351562
3
0.00585938
21
0.0410156
28
0.0546875
-27
-0.0527344
21
0.0410156
29
0.0566406
12
0.0234375
-43
-0.0839844
47
0.0917969
-5
-0.00976562
-13
-0.0253906
8
0.015625
0
0
-49
-0.0957031
-1
-0.00195312
18
0.0351562
-7
-0.0136719
6
0.0117188
-18
-0.0351562
-2
-0.00390625
-13
-0.0253906
29
0.0566406
-8
-0.015625
-4
-0.0078125
-16
-0.03125
-3
-0.00585938
-9
-0.0175781
51
0.0996094
-7
-0.0136719
-16
-0.03125
15
0.0292969
4
0.0078125
-17
-0.0332031
10
0.0195312
-5
-0.00976562
6
0.0117188
7
0.0136719
41
0.0800781
-11
-0.0214844
-2
-0.00390625
4
0.0078125
-53
-0.103516
7
0.0136719
-6
-0.0117188
-18
-0.0351562
-39
-0.0761719
6
0.0117188
2
0.00390625
8
0.015625
16
0.03125
-17
-0.0332031
31
0.0605469
2
0.00390625
-5
-0.00976562
8
0.015625
24
0.046875
0
0
48
0.09375
-10
-0.0195312
36
0.0703125
-30
-0.0585938
0
0
-16
-0.03125
24
0.046875
-24
-0.046875
-13
-0.0253906
-1
-0.00195312
44
0.0859375
-6
-0.0117188
-3
-0.00585938
8
0.015625
15
0.0292969
23
0.0449219
-3
-0.00585938
9
0.0175781
11
0.0214844
-11
-0.0214844
14
0.0273438
13
0.0253906
-4
-0.0078125
30
0.0585938
26
0.0507812
2
0.00390625
11
0.0214844
11
0.0214844
-16
-0.03125
3
0.00585938
-6
-0.0117188
-34
-0.0664062
1
0.00195312
-6
-0.0117188
51
0.0996094
1
0.00195312
17
0.0332031
-8
-0.015625
26
0.0507812
-24
-0.046875
-26
-0.0507812
-20
-0.0390625
9
0.0175781
6
0.0117188
15
0.0292969
5
0.00976562
13
0.0253906
17
0.0332031
12
0.0234375
-21
-0.0410156
-12
-0.0234375
-19
-0.0371094
32
0.0625
-2
-0.00390625
-1
-0.00195312
-8
-0.015625
3
0.00585938
42
0.0820312
-16
-0.03125
-3
-0.00585938
8
0.015625
6
0.0117188
35
0.0683594
9
0.0175781
13
0.0253906
-2
-0.00390625
19
0.0371094
-10
-0.0195312
5
0.00976562
31
0.0605469
-23
-0.0449219
15
0.0292969
44
0.0859375
18
0.0351562
7
0.0136719
10
0.0195312
-8
-0.015625
29
0.0566406
-9
-0.0175781
-17
-0.0332031
-11
-0.0214844
-19
-0.0371094
-37
-0.0722656
-23
-0.0449219
10
0.0195312
-1
-0.00195312
14
0.0273438
12
0.0234375
-14
-0.0273438
14
0.0273438
15
0.0292969
3
0.00585938
39
0.0761719
1
0.00195312
-59
-0.115234
22
0.0429688
4
0.0078125
-4
-0.0078125
-21
-0.0410156
-9
-0.0175781
-45
-0.0878906
-14
-0.0273438
7
0.0136719
-14
-0.0273438
-13
-0.0253906
1
0.00195312
1
0.00195312
-16
-0.03125
-11
-0.0214844
36
0.0703125
3
0.00585938
23
0.0449219
2
0.00390625
21
0.0410156
-1
-0.00195312
10
0.0195312
-1
-0.00195312
52
0.101562
-29
-0.0566406
-7
-0.0136719
25
0.0488281
39
0.0761719
46
0.0898438
16
0.03125
-2
-0.00390625
-31
-0.0605469
3
0.00585938
46
0.0898438
8
0.015625
20
0.0390625
5
0.00976562
20
0.0390625
-39
-0.0761719
-6
-0.0117188
-30
-0.0585938
45
0.0878906
-9
-0.0175781
-21
-0.0410156
-24
-0.046875
21
0.0410156
-2
-0.00390625
-48
-0.09375
10
0.0195312
23
0.0449219
19
0.0371094
-2
-0.00390625
-1
-0.00195312
-26
-0.0507812
0
0
26
0.0507812
-12
-0.0234375
-14
-0.0273438
-12
-0.0234375
-44
-0.0859375
41
0.0800781
-7
-0.0136719
-24
-0.046875
-22
-0.0429688
17
0.0332031
3
0.00585938
7
0.0136719
27
0.0527344
3
0.00585938
-19
-0.0371094
12
0.0234375
2
0.00390625
-4
-0.0078125
31
0.0605469
-16
-0.03125
42
0.0820312
-20
-0.0390625
-25
-0.0488281
24
0.046875
42
0.0820312
-21
-0.0410156
-13
-0.0253906
4
0.0078125
26
0.0507812
-44
-0.0859375
0
0
12
0.0234375
-34
-0.0664062
-13
-0.0253906
19
0.0371094
-10
-0.0195312
-22
-0.0429688
55
0.107422
19
0.0371094
0
0
37
0.0722656
31
0.0605469
-37
-0.0722656
-8
-0.015625
-3
-0.00585938
-12
-0.0234375
-21
-0.0410156
16
0.03125
7
0.0136719
8
0.015625
11
0.0214844
-4
-0.0078125
1
0.00195312
2
0.00390625
9
0.0175781
-10
-0.0195312
-20
-0.0390625
-16
-0.03125
-32
-0.0625
30
0.0585938
-6
-0.0117188
20
0.0390625
20
0.0390625
28
0.0546875
-7
-0.0136719
-22
-0.0429688
0
0
49
0.0957031
35
0.0683594
-14
-0.0273438
29
0.0566406
-47
-0.0917969
6
0.0117188
-32
-0.0625
-13
-0.0253906
-15
-0.0292969
12
0.0234375
-22
-0.0429688
-27
-0.0527344
-43
-0.0839844
-29
-0.0566406
14
0.0273438
-9
-0.0175781
9
0.0175781
2
0.00390625
-27
-0.0527344
2
0.00390625
-20
-0.0390625
3
0.00585938
-31
-0.0605469
2
0.00390625
-17
-0.0332031
4
0.0078125
-10
-0.0195312
6
0.0117188
24
0.046875
-41
-0.0800781
-12
-0.0234375
-15
-0.0292969
29
0.0566406
-19
-0.0371094
13
0.0253906
-16
-0.03125
16
0.03125
-16
-0.03125
14
0.0273438
24
0.046875
30
0.0585938
43
0.0839844
2
0.00390625
-15
-0.0292969
-36
-0.0703125
-42
-0.0820312
-38
-0.0742188
-2
-0.00390625
1
0.00195312
-22
-0.0429688
18
0.0351562
2
0.00390625
-20
-0.0390625
7
0.0136719
1
0.00195312
-26
-0.0507812
17
0.0332031
-1
-0.00195312
40
0.078125
-3
-0.00585938
3
0.00585938
11
0.0214844
-15
-0.0292969
-1
-0.00195312
-11
-0.0214844
-18
-0.0351562
22
0.0429688
-7
-0.0136719
1
0.00195312
-31
-0.0605469
-16
-0.03125
14
0.0273438
2
0.00390625
-1
-0.00195312
-16
-0.03125
-7
-0.0136719
0
0
-23
-0.0449219
-32
-0.0625
8
0.015625
17
0.0332031
30
0.0585938
7
0.0136719
-4
-0.0078125
-34
-0.0664062
-42
-0.0820312
3
0.00585938
-16
-0.03125
-41
-0.0800781
-2
-0.00390625
9
0.0175781
-4
-0.0078125
-15
-0.0292969
11
0.0214844
-3
-0.00585938
11
0.0214844
17
0.0332031
-9
-0.0175781
-14
-0.0273438
34
0.0664062
-14
-0.0273438
11
0.0214844
-15
-0.0292969
5
0.00976562
35
0.0683594
14
0.0273438
-36
-0.0703125
9
0.0175781
-41
-0.0800781
2
0.00390625
21
0.0410156
11
0.0214844
5
0.00976562
12
0.0234375
5
0.00976562
-2
-0.00390625
-24
-0.046875
4
0.0078125
22
0.0429688
15
0.0292969
-10
-0.0195312
28
0.0546875
43
0.0839844
16
0.03125
7
0.0136719
-3
-0.00585938
-31
-0.0605469
-26
-0.0507812
-24
-0.046875
12
0.0234375
-10
-0.0195312
0
0
-1
-0.00195312
-1
-0.00195312
-11
-0.0214844
3
0.00585938
37
0.0722656
-26
-0.0507812
-37
-0.0722656
23
0.0449219
1
0.00195312
-15
-0.0292969
-31
-0.0605469
19
0.0371094
11
0.0214844
5
0.00976562
20
0.0390625
-22
-0.0429688
-2
-0.00390625
1
0.00195312
12
0.0234375
-19
-0.0371094
1
0.00195312
30
0.0585938
-15
-0.0292969
-22
-0.0429688
-22
-0.0429688
-5
-0.00976562
-23
-0.0449219
3
0.00585938
32
0.0625
-28
-0.0546875
9
0.0175781
-4
-0.0078125
-27
-0.0527344
0
0
-34
-0.0664062
4
0.0078125
-12
-0.0234375
1
0.00195312
28
0.0546875
34
0.0664062
-5
-0.00976562
9
0.0175781
2
0.00390625
13
0.0253906
7
0.0136719
-6
-0.0117188
-13
-0.0253906
-26
-0.0507812
3
0.00585938
-9
-0.0175781
-19
-0.0371094
-14
-0.0273438
-1
-0.00195312
-10
-0.0195312
16
0.03125
7
0.0136719
17
0.0332031
-24
-0.046875
8
0.015625
-14
-0.0273438
10
0.0195312
17
0.0332031
12
0.0234375
20
0.0390625
-2
-0.00390625
0
0
43
0.0839844
-12
-0.0234375
-12
-0.0234375
-29
-0.0566406
-4
-0.0078125
7
0.0136719
1
0.00195312
7
0.0136719
-52
-0.101562
16
0.03125
-5
-0.00976562
35
0.0683594
12
0.0234375
-16
-0.03125
8
0.015625
-12
-0.0234375
-5
-0.00976562
-15
-0.0292969
5
0.00976562
3
0.00585938
-15
-0.0292969
-12
-0.0234375
-20
-0.0390625
-41
-0.0800781
27
0.0527344
12
0.0234375
12
0.0234375
-3
-0.00585938
-22
-0.0429688
-1
-0.00195312
-19
-0.0371094
13
0.0253906
-4
-0.0078125
10
0.0195312
12
0.0234375
1
0.00195312
-29
-0.0566406
-1
-0.00195312
-6
-0.0117188
-23
-0.0449219
-6
-0.0117188
-24
-0.046875
22
0.0429688
-9
-0.0175781
-3
-0.00585938
22
0.0429688
7
0.0136719
-15
-0.0292969
26
0.0507812
11
0.0214844
22
0.0429688
-19
-0.0371094
3
0.00585938
-18
-0.0351562
-16
-0.03125
15
0.0292969
-36
-0.0703125
9
0.0175781
1
0.00195312
32
0.0625
19
0.0371094
15
0.0292969
3
0.00585938
-10
-0.0195312
-17
-0.0332031
-11
-0.0214844
5
0.00976562
-28
-0.0546875
22
0.0429688
-7
-0.0136719
34
0.0664062
-4
-0.0078125
-31
-0.0605469
16
0.03125
19
0.0371094
-7
-0.0136719
-10
-0.0195312
0
0
7
0.0136719
-3
-0.00585938
29
0.0566406
-15
-0.0292969
-8
-0.015625
2
0.00390625
19
0.0371094
5
0.00976562
-1
-0.00195312
-7
-0.0136719
4
0.0078125
-2
-0.00390625
-17
-0.0332031
-5
-0.00976562
-6
-0.0117188
-8
-0.015625
17
0.0332031
-3
-0.00585938
15
0.0292969
-9
-0.0175781
-8
-0.015625
30
0.0585938
1
0.00195312
5
0.00976562
-28
-0.0546875
8
0.015625
-31
-0.0605469
-26
-0.0507812
-12
-0.0234375
-7
-0.0136719
1
0.00195312
9
0.0175781
23
0.0449219
5
0.00976562
-26
-0.0507812
23
0.0449219
-18
-0.0351562
21
0.0410156
-18
-0.0351562
11
0.0214844
-23
-0.0449219
-6
-0.0117188
26
0.0507812
-14
-0.0273438
29
0.0566406
-12
-0.0234375
-1
-0.00195312
-6
-0.0117188
-5
-0.00976562
-12
-0.0234375
-41
-0.0800781
26
0.0507812
38
0.0742188
-24
-0.046875
-38
-0.0742188
11
0.0214844
3
0.00585938
28
0.0546875
16
0.03125
-8
-0.015625
23
0.0449219
-10
-0.0195312
-8
-0.015625
3
0.00585938
-8
-0.015625
16
0.03125
13
0.0253906
20
0.0390625
-6
-0.0117188
30
0.0585938
-17
-0.0332031
-9
-0.0175781
-11
-0.0214844
-3
-0.00585938
28
0.0546875
4
0.0078125
27
0.0527344
25
0.0488281
-7
-0.0136719
27
0.0527344
37
0.0722656
25
0.0488281
6
0.0117188
13
0.0253906
9
0.0175781
22
0.0429688
-3
-0.00585938
-10
-0.0195312
-37
-0.0722656
-19
-0.0371094
14
0.0273438
7
0.0136719
6
0.0117188
20
0.0390625
-4
-0.0078125
29
0.0566406
-31
-0.0605469
6
0.0117188
-13
-0.0253906
-15
-0.0292969
-41
-0.0800781
4
0.0078125
6
0.0117188
15
0.0292969
-29
-0.0566406
15
0.0292969
-47
-0.0917969
13
0.0253906
-6
-0.0117188
-1
-0.00195312
21
0.0410156
-14
-0.0273438
21
0.0410156
33
0.0644531
27
0.0527344
-1
-0.00195312
-2
-0.00390625
-7
-0.0136719
15
0.0292969
4
0.0078125
-48
-0.09375
23
0.0449219
-23
-0.0449219
0
0
-10
-0.0195312
7
0.0136719
4
0.0078125
-11
-0.0214844
-3
-0.00585938
-13
-0.0253906
20
0.0390625
18
0.0351562
17
0.0332031
-18
-0.0351562
18
0.0351562
41
0.0800781
13
0.0253906
-33
-0.0644531
-20
-0.0390625
11
0.0214844
22
0.0429688
10
0.0195312
-21
-0.0410156
-23
-0.0449219
-19
-0.0371094
2
0.00390625
36
0.0703125
-1
-0.00195312
-33
-0.0644531
-13
-0.0253906
-65
-0.126953
-21
-0.0410156
1
0.00195312
-8
-0.015625
65
0.126953
53
0.103516
10
0.0195312
-10
-0.0195312
18
0.0351562
-21
-0.0410156
15
0.0292969
-3
-0.00585938
8
0.015625
-10
-0.0195312
-31
-0.0605469
-7
-0.0136719
7
0.0136719
10
0.0195312
39
0.0761719
-13
-0.0253906
34
0.0664062
-18
-0.0351562
-20
-0.0390625
0
0
6
0.0117188
10
0.0195312
-24
-0.046875
-14
-0.0273438
1
0.00195312
21
0.0410156
15
0.0292969
-3
-0.00585938
32
0.0625
8
0.015625
-5
-0.00976562
11
0.0214844
-12
-0.0234375
-36
-0.0703125
26
0.0507812
30
0.0585938
-46
-0.0898438
32
0.0625
-36
-0.0703125
18
0.0351562
-9
-0.0175781
15
0.0292969
-10
-0.0195312
-9
-0.0175781
29
0.0566406
-4
-0.0078125
-46
-0.0898438
-25
-0.0488281
5
0.00976562
-35
-0.0683594
-12
-0.0234375
-18
-0.0351562
-9
-0.0175781
7
0.0136719
-2
-0.00390625
-13
-0.0253906
-15
-0.0292969
10
0.0195312
-25
-0.0488281
30
0.0585938
-30
-0.0585938
-13
-0.0253906
-9
-0.0175781
-19
-0.0371094
24
0.046875
12
0.0234375
9
0.0175781
-6
-0.0117188
18
0.0351562
0
0
12
0.0234375
-31
-0.0605469
-32
-0.0625
10
0.0195312
23
0.0449219
4
0.0078125
5
0.00976562
-8
-0.015625
-52
-0.101562
8
0.015625
8
0.015625
-7
-0.0136719
-19
-0.0371094
-6
-0.0117188
-10
-0.0195312
-5
-0.00976562
6
0.0117188
1
0.00195312
10
0.0195312
-53
-0.103516
-48
-0.09375
1
0.00195312
-5
-0.00976562
-7
-0.0136719
16
0.03125
13
0.0253906
-13
-0.0253906
7
0.0136719
13
0.0253906
-32
-0.0625
-8
-0.015625
-1
-0.00195312
-20
-0.0390625
-44
-0.0859375
-9
-0.0175781
1
0.00195312
-12
-0.0234375
5
0.00976562
-18
-0.0351562
-4
-0.0078125
34
0.0664062
17
0.0332031
3
0.00585938
3
0.00585938
-18
-0.0351562
4
0.0078125
8
0.015625
11
0.0214844
8
0.015625
2
0.00390625
-3
-0.00585938
-19
-0.0371094
4
0.0078125
-33
-0.0644531
7
0.0136719
5
0.00976562
-7
-0.0136719
1
0.00195312
-1
-0.00195312
-2
-0.00390625
-7
-0.0136719
10
0.0195312
1
0.00195312
-2
-0.00390625
-53
-0.103516
-33
-0.0644531
10
0.0195312
-17
-0.0332031
28
0.0546875
-6
-0.0117188
-2
-0.00390625
-6
-0.0117188
5
0.00976562
-14
-0.0273438
12
0.0234375
33
0.0644531
-28
-0.0546875
10
0.0195312
13
0.0253906
6
0.0117188
6
0.0117188
9
0.0175781
-22
-0.0429688
25
0.0488281
-28
-0.0546875
-9
-0.0175781
42
0.0820312
-13
-0.0253906
-6
-0.0117188
-7
-0.0136719
-22
-0.0429688
2
0.00390625
9
0.0175781
-31
-0.0605469
36
0.0703125
-55
-0.107422
13
0.0253906
4
0.0078125
-14
-0.0273438
7
0.0136719
-1
-0.00195312
7
0.0136719
-23
-0.0449219
6
0.0117188
50
0.0976562
29
0.0566406
-9
-0.0175781
-34
-0.0664062
-12
-0.0234375
16
0.03125
39
0.0761719
19
0.0371094
-26
-0.0507812
30
0.0585938
4
0.0078125
-2
-0.00390625
-13
-0.0253906
7
0.0136719
-35
-0.0683594
3
0.00585938
15
0.0292969
8
0.015625
9
0.0175781
-29
-0.0566406
11
0.0214844
15
0.0292969
20
0.0390625
-27
-0.0527344
-29
-0.0566406
29
0.0566406
26
0.0507812
9
0.0175781
-29
-0.0566406
-13
-0.0253906
14
0.0273438
12
0.0234375
12
0.0234375
41
0.0800781
26
0.0507812
-6
-0.0117188
-34
-0.0664062
25
0.0488281
-8
-0.015625
-10
-0.0195312
-16
-0.03125
15
0.0292969
-56
-0.109375
-29
-0.0566406
28
0.0546875
16
0.03125
2
0.00390625
-10
-0.0195312
-29
-0.0566406
31
0.0605469
-4
-0.0078125
18
0.0351562
-14
-0.0273438
37
0.0722656
7
0.0136719
-15
-0.0292969
35
0.0683594
-12
-0.0234375
-29
-0.0566406
-11
-0.0214844
-25
-0.0488281
1
0.00195312
-3
-0.00585938
-11
-0.0214844
-12
-0.0234375
31
0.0605469
8
0.015625
7
0.0136719
-51
-0.0996094
-18
-0.0351562
-23
-0.0449219
16
0.03125
29
0.0566406
30
0.0585938
1
0.00195312
20
0.0390625
45
0.0878906
1
0.00195312
-5
-0.00976562
9
0.0175781
-14
-0.0273438
-12
-0.0234375
-5
-0.00976562
-29
-0.0566406
-25
-0.0488281
-10
-0.0195312
-58
-0.113281
-33
-0.0644531
-14
-0.0273438
-34
-0.0664062
1
0.00195312
-6
-0.0117188
-4
-0.0078125
38
0.0742188
28
0.0546875
-29
-0.0566406
15
0.0292969
5
0.00976562
-2
-0.00390625
3
0.00585938
-2
-0.00390625
-11
-0.0214844
1
0.00195312
0
0
-42
-0.0820312
-4
-0.0078125
-36
-0.0703125
15
0.0292969
15
0.0292969
-15
-0.0292969
-13
-0.0253906
-16
-0.03125
10
0.0195312
24
0.046875
1
0.00195312
10
0.0195312
0
0
-11
-0.0214844
27
0.0527344
20
0.0390625
4
0.0078125
-12
-0.0234375
-34
-0.0664062
16
0.03125
-30
-0.0585938
-5
-0.00976562
-10
-0.0195312
19
0.0371094
25
0.0488281
-14
-0.0273438
11
0.0214844
-40
-0.078125
-10
-0.0195312
-2
-0.00390625
-22
-0.0429688
23
0.0449219
-40
-0.078125
13
0.0253906
-36
-0.0703125
-16
-0.03125
11
0.0214844
-21
-0.0410156
-12
-0.0234375
-5
-0.00976562
29
0.0566406
-9
-0.0175781
2
0.00390625
8
0.015625
-18
-0.0351562
9
0.0175781
1
0.00195312
25
0.0488281
0
0
5
0.00976562
10
0.0195312
-8
-0.015625
17
0.0332031
-22
-0.0429688
16
0.03125
-37
-0.0722656
-7
-0.0136719
9
0.0175781
0
0
4
0.0078125
-28
-0.0546875
6
0.0117188
0
0
-22
-0.0429688
7
0.0136719
18
0.0351562
23
0.0449219
-11
-0.0214844
8
0.015625
-12
-0.0234375
-46
-0.0898438
17
0.0332031
-18
-0.0351562
-45
-0.0878906
-15
-0.0292969
-2
-0.00390625
-7
-0.0136719
8
0.015625
8
0.015625
-5
-0.00976562
20
0.0390625
-15
-0.0292969
16
0.03125
13
0.0253906
0
0
34
0.0664062
-9
-0.0175781
-12
-0.0234375
21
0.0410156
34
0.0664062
-32
-0.0625
6
0.0117188
14
0.0273438
-23
-0.0449219
-33
-0.0644531
-13
-0.0253906
18
0.0351562
-17
-0.0332031
2
0.00390625
15
0.0292969
-12
-0.0234375
-45
-0.0878906
-3
-0.00585938
-23
-0.0449219
-2
-0.00390625
7
0.0136719
-11
-0.0214844
32
0.0625
9
0.0175781
-14
-0.0273438
-9
-0.0175781
-8
-0.015625
-18
-0.0351562
18
0.0351562
-6
-0.0117188
6
0.0117188
-4
-0.0078125
43
0.0839844
3
0.00585938
0
0
-19
-0.0371094
19
0.0371094
-15
-0.0292969
-11
-0.0214844
-30
-0.0585938
13
0.0253906
30
0.0585938
20
0.0390625
28
0.0546875
9
0.0175781
-22
-0.0429688
-8
-0.015625
-24
-0.046875
-38
-0.0742188
-21
-0.0410156
-24
-0.046875
-9
-0.0175781
40
0.078125
-11
-0.0214844
-2
-0.00390625
23
0.0449219
0
0
-26
-0.0507812
23
0.0449219
4
0.0078125
-46
-0.0898438
3
0.00585938
9
0.0175781
-31
-0.0605469
-2
-0.00390625
-21
-0.0410156
-9
-0.0175781
-23
-0.0449219
5
0.00976562
14
0.0273438
-8
-0.015625
12
0.0234375
-45
-0.0878906
-50
-0.0976562
-28
-0.0546875
-23
-0.0449219
8
0.015625
-39
-0.0761719
-7
-0.0136719
-18
-0.0351562
19
0.0371094
-16
-0.03125
13
0.0253906
-3
-0.00585938
25
0.0488281
-1
-0.00195312
16
0.03125
-12
-0.0234375
-8
-0.015625
24
0.046875
21
0.0410156
15
0.0292969
-48
-0.09375
-5
-0.00976562
12
0.0234375
-17
-0.0332031
12
0.0234375
-14
-0.0273438
4
0.0078125
3
0.00585938
20
0.0390625
4
0.0078125
-3
-0.00585938
29
0.0566406
-1
-0.00195312
-8
-0.015625
14
0.0273438
8
0.015625
-8
-0.015625
29
0.0566406
0
0
32
0.0625
-13
-0.0253906
-10
-0.0195312
6
0.0117188
-1
-0.00195312
23
0.0449219
6
0.0117188
-20
-0.0390625
-24
-0.046875
-7
-0.0136719
22
0.0429688
16
0.03125
-31
-0.0605469
-17
-0.0332031
-10
-0.0195312
10
0.0195312
-20
-0.0390625
0
0
16
0.03125
20
0.0390625
-10
-0.0195312
-13
-0.0253906
-2
-0.00390625
13
0.0253906
-31
-0.0605469
4
0.0078125
2
0.00390625
11
0.0214844
8
0.015625
48
0.09375
-13
-0.0253906
4
0.0078125
1
0.00195312
50
0.0976562
-15
-0.0292969
-7
-0.0136719
9
0.0175781
-1
-0.00195312
-22
-0.0429688
36
0.0703125
-26
-0.0507812
-24
-0.046875
-1
-0.00195312
18
0.0351562
11
0.0214844
-5
-0.00976562
17
0.0332031
-7
-0.0136719
14
0.0273438
-6
-0.0117188
-33
-0.0644531
-16
-0.03125
3
0.00585938
-7
-0.0136719
11
0.0214844
15
0.0292969
3
0.00585938
7
0.0136719
-25
-0.0488281
11
0.0214844
2
0.00390625
19
0.0371094
-15
-0.0292969
-13
-0.0253906
-14
-0.0273438
12
0.0234375
10
0.0195312
6
0.0117188
-5
-0.00976562
12
0.0234375
-16
-0.03125
-7
-0.0136719
-17
-0.0332031
14
0.0273438
-2
-0.00390625
-3
-0.00585938
-7
-0.0136719
-8
-0.015625
1
0.00195312
-16
-0.03125
-17
-0.0332031
5
0.00976562
-13
-0.0253906
-7
-0.0136719
-23
-0.0449219
4
0.0078125
1
0.00195312
13
0.0253906
-23
-0.0449219
-3
-0.00585938
7
0.0136719
15
0.0292969
11
0.0214844
10
0.0195312
26
0.0507812
-4
-0.0078125
-34
-0.0664062
7
0.0136719
30
0.0585938
-9
-0.0175781
-15
-0.0292969
-22
-0.0429688
-32
-0.0625
3
0.00585938
-14
-0.0273438
-3
-0.00585938
59
0.115234
19
0.0371094
-6
-0.0117188
17
0.0332031
-19
-0.0371094
-1
-0.00195312
13
0.0253906
5
0.00976562
34
0.0664062
-14
-0.0273438
-2
-0.00390625
-36
-0.0703125
2
0.00390625
-13
-0.0253906
-3
-0.00585938
5
0.00976562
-12
-0.0234375
20
0.0390625
39
0.0761719
9
0.0175781
12
0.0234375
11
0.0214844
19
0.0371094
-26
-0.0507812
-5
-0.00976562
14
0.0273438
40
0.078125
-41
-0.0800781
-21
-0.0410156
-1
-0.00195312
-13
-0.0253906
18
0.0351562
-23
-0.0449219
-9
-0.0175781
-9
-0.0175781
2
0.00390625
-6
-0.0117188
-11
-0.0214844
-7
-0.0136719
5
0.00976562
3
0.00585938
25
0.0488281
14
0.0273438
-7
-0.0136719
-36
-0.0703125
-59
-0.115234
-28
-0.0546875
-39
-0.0761719
33
0.0644531
-20
-0.0390625
24
0.046875
15
0.0292969
10
0.0195312
-11
-0.0214844
-17
-0.0332031
20
0.0390625
0
0
9
0.0175781
-2
-0.00390625
30
0.0585938
20
0.0390625
-46
-0.0898438
7
0.0136719
0
0
3
0.00585938
22
0.0429688
-2
-0.00390625
-21
-0.0410156
-1
-0.00195312
-4
-0.0078125
0
0
10
0.0195312
41
0.0800781
39
0.0761719
-7
-0.0136719
-5
-0.00976562
20
0.0390625
32
0.0625
6
0.0117188
-5
-0.00976562
17
0.0332031
-6
-0.0117188
-12
-0.0234375
-29
-0.0566406
3
0.00585938
34
0.0664062
-10
-0.0195312
1
0.00195312
-4
-0.0078125
-25
-0.0488281
26
0.0507812
27
0.0527344
14
0.0273438
25
0.0488281
8
0.015625
26
0.0507812
18
0.0351562
-8
-0.015625
14
0.0273438
-32
-0.0625
42
0.0820312
-9
-0.0175781
22
0.0429688
-4
-0.0078125
0
0
-43
-0.0839844
17
0.0332031
19
0.0371094
3
0.00585938
24
0.046875
-10
-0.0195312
39
0.0761719
-8
-0.015625
30
0.0585938
21
0.0410156
-24
-0.046875
44
0.0859375
-11
-0.0214844
14
0.0273438
30
0.0585938
-17
-0.0332031
11
0.0214844
-27
-0.0527344
4
0.0078125
23
0.0449219
-10
-0.0195312
22
0.0429688
-21
-0.0410156
8
0.015625
-32
-0.0625
24
0.046875
10
0.0195312
-6
-0.0117188
-41
-0.0800781
1
0.00195312
-21
-0.0410156
-31
-0.0605469
-28
-0.0546875
24
0.046875
-19
-0.0371094
32
0.0625
-3
-0.00585938
11
0.0214844
-5
-0.00976562
17
0.0332031
31
0.0605469
-24
-0.046875
3
0.00585938
25
0.0488281
24
0.046875
15
0.0292969
-14
-0.0273438
5
0.00976562
9
0.0175781
-29
-0.0566406
24
0.046875
-25
-0.0488281
13
0.0253906
-4
-0.0078125
-36
-0.0703125
9
0.0175781
4
0.0078125
15
0.0292969
20
0.0390625
-16
-0.03125
-5
-0.00976562
-15
-0.0292969
6
0.0117188
21
0.0410156
47
0.0917969
1
0.00195312
25
0.0488281
-5
-0.00976562
16
0.03125
-2
-0.00390625
14
0.0273438
-16
-0.03125
25
0.0488281
1
0.00195312
38
0.0742188
10
0.0195312
17
0.0332031
-8
-0.015625
17
0.0332031
-33
-0.0644531
23
0.0449219
3
0.00585938
-27
-0.0527344
33
0.0644531
7
0.0136719
-19
-0.0371094
-25
-0.0488281
6
0.0117188
1
0.00195312
7
0.0136719
8
0.015625
-2
-0.00390625
-11
-0.0214844
-1
-0.00195312
39
0.0761719
6
0.0117188
1
0.00195312
-12
-0.0234375
2
0.00390625
17
0.0332031
1
0.00195312
-5
-0.00976562
-3
-0.00585938
9
0.0175781
-10
-0.0195312
-10
-0.0195312
-32
-0.0625
-5
-0.00976562
-11
-0.0214844
-11
-0.0214844
-2
-0.00390625
20
0.0390625
30
0.0585938
-17
-0.0332031
1
0.00195312
12
0.0234375
-5
-0.00976562
-12
-0.0234375
12
0.0234375
-6
-0.0117188
-14
-0.0273438
-5
-0.00976562
8
0.015625
43
0.0839844
25
0.0488281
42
0.0820312
0
0
-25
-0.0488281
-12
-0.0234375
-48
-0.09375
-1
-0.00195312
17
0.0332031
19
0.0371094
18
0.0351562
-18
-0.0351562
-19
-0.0371094
4
0.0078125
-26
-0.0507812
12
0.0234375
-5
-0.00976562
8
0.015625
35
0.0683594
-4
-0.0078125
30
0.0585938
3
0.00585938
37
0.0722656
-39
-0.0761719
-22
-0.0429688
42
0.0820312
8
0.015625
-20
-0.0390625
44
0.0859375
-1
-0.00195312
13
0.0253906
-17
-0.0332031
-14
-0.0273438
30
0.0585938
-17
-0.0332031
20
0.0390625
-15
-0.0292969
8
0.015625
6
0.0117188
-16
-0.03125
-6
-0.0117188
20
0.0390625
36
0.0703125
15
0.0292969
7
0.0136719
5
0.00976562
-33
-0.0644531
-26
-0.0507812
-37
-0.0722656
8
0.015625
16
0.03125
-5
-0.00976562
-7
-0.0136719
-23
-0.0449219
-5
-0.00976562
-38
-0.0742188
-18
-0.0351562
17
0.0332031
1
0.00195312
-14
-0.0273438
16
0.03125
-44
-0.0859375
14
0.0273438
-6
-0.0117188
11
0.0214844
-10
-0.0195312
22
0.0429688
-12
-0.0234375
22
0.0429688
19
0.0371094
6
0.0117188
3
0.00585938
-8
-0.015625
32
0.0625
-13
-0.0253906
-7
-0.0136719
-10
-0.0195312
-22
-0.0429688
-10
-0.0195312
-17
-0.0332031
-22
-0.0429688
-43
-0.0839844
3
0.00585938
-8
-0.015625
-1
-0.00195312
16
0.03125
6
0.0117188
-2
-0.00390625
17
0.0332031
16
0.03125
-33
-0.0644531
17
0.0332031
-2
-0.00390625
-15
-0.0292969
40
0.078125
19
0.0371094
-6
-0.0117188
15
0.0292969
-8
-0.015625
-13
-0.0253906
31
0.0605469
-34
-0.0664062
29
0.0566406
-12
-0.0234375
9
0.0175781
-13
-0.0253906
0
0
-10
-0.0195312
-16
-0.03125
-23
-0.0449219
-18
-0.0351562
5
0.00976562
5
0.00976562
2
0.00390625
30
0.0585938
4
0.0078125
-43
-0.0839844
16
0.03125
0
0
-16
-0.03125
-16
-0.03125
14
0.0273438
-42
-0.0820312
11
0.0214844
15
0.0292969
24
0.046875
-33
-0.0644531
-13
-0.0253906
-34
-0.0664062
19
0.0371094
-20
-0.0390625
-15
-0.0292969
-13
-0.0253906
-14
-0.0273438
13
0.0253906
-17
-0.0332031
3
0.00585938
17
0.0332031
-16
-0.03125
-8
-0.015625
18
0.0351562
28
0.0546875
7
0.0136719
22
0.0429688
3
0.00585938
-15
-0.0292969
8
0.015625
13
0.0253906
-16
-0.03125
56
0.109375
7
0.0136719
2
0.00390625
2
0.00390625
7
0.0136719
4
0.0078125
-6
-0.0117188
-3
-0.00585938
38
0.0742188
14
0.0273438
-24
-0.046875
-8
-0.015625
-9
-0.0175781
-7
-0.0136719
10
0.0195312
-1
-0.00195312
-25
-0.0488281
-9
-0.0175781
2
0.00390625
-30
-0.0585938
5
0.00976562
4
0.0078125
-5
-0.00976562
13
0.0253906
11
0.0214844
3
0.00585938
14
0.0273438
18
0.0351562
-9
-0.0175781
-11
-0.0214844
-9
-0.0175781
31
0.0605469
-16
-0.03125
13
0.0253906
25
0.0488281
-19
-0.0371094
21
0.0410156
-5
-0.00976562
15
0.0292969
-34
-0.0664062
21
0.0410156
-25
-0.0488281
-17
-0.0332031
-20
-0.0390625
17
0.0332031
8
0.015625
-26
-0.0507812
26
0.0507812
15
0.0292969
44
0.0859375
15
0.0292969
-28
-0.0546875
14
0.0273438
3
0.00585938
16
0.03125
-16
-0.03125
5
0.00976562
15
0.0292969
32
0.0625
16
0.03125
22
0.0429688
9
0.0175781
8
0.015625
-3
-0.00585938
-8
-0.015625
2
0.00390625
7
0.0136719
-1
-0.00195312
-3
-0.00585938
-26
-0.0507812
-19
-0.0371094
38
0.0742188
8
0.015625
-22
-0.0429688
-32
-0.0625
-12
-0.0234375
-12
-0.0234375
37
0.0722656
15
0.0292969
32
0.0625
32
0.0625
-37
-0.0722656
13
0.0253906
18
0.0351562
-12
-0.0234375
3
0.00585938
-12
-0.0234375
13
0.0253906
14
0.0273438
20
0.0390625
-30
-0.0585938
-14
-0.0273438
-43
-0.0839844
-49
-0.0957031
59
0.115234
23
0.0449219
-7
-0.0136719
16
0.03125
1
0.00195312
13
0.0253906
10
0.0195312
-7
-0.0136719
-9
-0.0175781
-6
-0.0117188
-30
-0.0585938
-12
-0.0234375
36
0.0703125
-2
-0.00390625
16
0.03125
-12
-0.0234375
-9
-0.0175781
12
0.0234375
-28
-0.0546875
4
0.0078125
32
0.0625
4
0.0078125
19
0.0371094
18
0.0351562
0
0
-20
-0.0390625
-12
-0.0234375
-7
-0.0136719
-36
-0.0703125
-2
-0.00390625
4
0.0078125
-18
-0.0351562
43
0.0839844
4
0.0078125
-13
-0.0253906
-43
-0.0839844
-16
-0.03125
-5
-0.00976562
-9
-0.0175781
-32
-0.0625
17
0.0332031
-22
-0.0429688
-8
-0.015625
-7
-0.0136719
-10
-0.0195312
-25
-0.0488281
30
0.0585938
-4
-0.0078125
-8
-0.015625
-39
-0.0761719
23
0.0449219
30
0.0585938
9
0.0175781
-6
-0.0117188
-22
-0.0429688
-40
-0.078125
18
0.0351562
-3
-0.00585938
-2
-0.00390625
-9
-0.0175781
17
0.0332031
41
0.0800781
-14
-0.0273438
-19
-0.0371094
11
0.0214844
-14
-0.0273438
-29
-0.0566406
15
0.0292969
-27
-0.0527344
-13
-0.0253906
4
0.0078125
8
0.015625
7
0.0136719
-31
-0.0605469
-25
-0.0488281
0
0
10
0.0195312
9
0.0175781
-13
-0.0253906
-36
-0.0703125
31
0.0605469
-14
-0.0273438
-18
-0.0351562
13
0.0253906
13
0.0253906
2
0.00390625
-24
-0.046875
-11
-0.0214844
-20
-0.0390625
0
0
10
0.0195312
11
0.0214844
-26
-0.0507812
3
0.00585938
13
0.0253906
15
0.0292969
11
0.0214844
5
0.00976562
-6
-0.0117188
21
0.0410156
23
0.0449219
-1
-0.00195312
-4
-0.0078125
0
0
0
0
-20
-0.0390625
12
0.0234375
-12
-0.0234375
29
0.0566406
37
0.0722656
10
0.0195312
-12
-0.0234375
15
0.0292969
9
0.0175781
45
0.0878906
31
0.0605469
-28
-0.0546875
1
0.00195312
39
0.0761719
-17
-0.0332031
9
0.0175781
4
0.0078125
23
0.0449219
-17
-0.0332031
1
0.00195312
12
0.0234375
-37
-0.0722656
14
0.0273438
-6
-0.0117188
37
0.0722656
20
0.0390625
-2
-0.00390625
-16
-0.03125
18
0.0351562
-23
-0.0449219
1
0.00195312
42
0.0820312
-13
-0.0253906
-30
-0.0585938
-10
-0.0195312
-32
-0.0625
-8
-0.015625
-27
-0.0527344
-20
-0.0390625
35
0.0683594
-4
-0.0078125
36
0.0703125
9
0.0175781
27
0.0527344
-14
-0.0273438
19
0.0371094
17
0.0332031
6
0.0117188
-43
-0.0839844
-7
-0.0136719
-21
-0.0410156
17
0.0332031
2
0.00390625
-12
-0.0234375
-3
-0.00585938
-19
-0.0371094
23
0.0449219
-10
-0.0195312
31
0.0605469
37
0.0722656
5
0.00976562
10
0.0195312
23
0.0449219
11
0.0214844
1
0.00195312
1
0.00195312
22
0.0429688
15
0.0292969
-28
-0.0546875
-32
-0.0625
29
0.0566406
-10
-0.0195312
1
0.00195312
-5
-0.00976562
-20
-0.0390625
15
0.0292969
-3
-0.00585938
-13
-0.0253906
16
0.03125
-11
-0.0214844
38
0.0742188
-37
-0.0722656
-3
-0.00585938
-33
-0.0644531
-13
-0.0253906
15
0.0292969
-40
-0.078125
-9
-0.0175781
-29
-0.0566406
-21
-0.0410156
-34
-0.0664062
3
0.00585938
13
0.0253906
25
0.0488281
33
0.0644531
25
0.0488281
-11
-0.0214844
9
0.0175781
14
0.0273438
-6
-0.0117188
-62
-0.121094
-2
-0.00390625
-36
-0.0703125
-35
-0.0683594
-38
-0.0742188
15
0.0292969
3
0.00585938
56
0.109375
-20
-0.0390625
-49
-0.0957031
-21
-0.0410156
16
0.03125
-16
-0.03125
2
0.00390625
3
0.00585938
24
0.046875
8
0.015625
-18
-0.0351562
-31
-0.0605469
-45
-0.0878906
12
0.0234375
19
0.0371094
19
0.0371094
-21
-0.0410156
-28
-0.0546875
8
0.015625
9
0.0175781
0
0
22
0.0429688
1
0.00195312
13
0.0253906
41
0.0800781
-6
-0.0117188
-7
-0.0136719
11
0.0214844
17
0.0332031
23
0.0449219
-7
-0.0136719
-24
-0.046875
16
0.03125
-15
-0.0292969
-28
-0.0546875
-34
-0.0664062
20
0.0390625
-23
-0.0449219
-3
-0.00585938
55
0.107422
15
0.0292969
-5
-0.00976562
-9
-0.0175781
16
0.03125
43
0.0839844
4
0.0078125
-11
-0.0214844
13
0.0253906
-5
-0.00976562
-22
-0.0429688
3
0.00585938
11
0.0214844
18
0.0351562
16
0.03125
32
0.0625
-5
-0.00976562
7
0.0136719
39
0.0761719
-6
-0.0117188
-17
-0.0332031
31
0.0605469
-9
-0.0175781
-8
-0.015625
15
0.0292969
11
0.0214844
16
0.03125
46
0.0898438
-7
-0.0136719
-1
-0.00195312
12
0.0234375
-5
-0.00976562
-20
-0.0390625
-6
-0.0117188
17
0.0332031
-3
-0.00585938
17
0.0332031
13
0.0253906
23
0.0449219
-11
-0.0214844
18
0.0351562
22
0.0429688
23
0.0449219
-23
-0.0449219
-35
-0.0683594
-7
-0.0136719
39
0.0761719
-11
-0.0214844
-11
-0.0214844
-15
-0.0292969
15
0.0292969
-1
-0.00195312
-11
-0.0214844
-25
-0.0488281
-38
-0.0742188
-9
-0.0175781
-24
-0.046875
-9
-0.0175781
-30
-0.0585938
6
0.0117188
-16
-0.03125
10
0.0195312
39
0.0761719
-11
-0.0214844
5
0.00976562
-25
-0.0488281
22
0.0429688
-7
-0.0136719
-9
-0.0175781
-15
-0.0292969
-11
-0.0214844
-10
-0.0195312
11
0.0214844
22
0.0429688
-25
-0.0488281
-1
-0.00195312
-38
-0.0742188
2
0.00390625
-5
-0.00976562
5
0.00976562
-11
-0.0214844
-18
-0.0351562
-13
-0.0253906
3
0.00585938
-30
-0.0585938
2
0.00390625
7
0.0136719
-10
-0.0195312
0
0
-17
-0.0332031
26
0.0507812
-47
-0.0917969
-22
-0.0429688
-17
-0.0332031
10
0.0195312
1
0.00195312
14
0.0273438
18
0.0351562
-19
-0.0371094
10
0.0195312
21
0.0410156
30
0.0585938
2
0.00390625
-9
-0.0175781
-8
-0.015625
-8
-0.015625
-37
-0.0722656
24
0.046875
-18
-0.0351562
-30
-0.0585938
-3
-0.00585938
21
0.0410156
-19
-0.0371094
9
0.0175781
-16
-0.03125
-24
-0.046875
-25
-0.0488281
-8
-0.015625
22
0.0429688
-14
-0.0273438
19
0.0371094
-22
-0.0429688
48
0.09375
-5
-0.00976562
-1
-0.00195312
1
0.00195312
49
0.0957031
-20
-0.0390625
-21
-0.0410156
-10
-0.0195312
5
0.00976562
41
0.0800781
37
0.0722656
16
0.03125
15
0.0292969
7
0.0136719
30
0.0585938
-10
-0.0195312
23
0.0449219
-35
-0.0683594
-29
-0.0566406
4
0.0078125
-20
-0.0390625
-30
-0.0585938
5
0.00976562
-25
-0.0488281
48
0.09375
13
0.0253906
-35
-0.0683594
-27
-0.0527344
4
0.0078125
-7
-0.0136719
12
0.0234375
0
0
6
0.0117188
-47
-0.0917969
-4
-0.0078125
15
0.0292969
-28
-0.0546875
-10
-0.0195312
-9
-0.0175781
40
0.078125
6
0.0117188
33
0.0644531
-2
-0.00390625
20
0.0390625
-2
-0.00390625
-4
-0.0078125
-27
-0.0527344
17
0.0332031
-28
-0.0546875
22
0.0429688
-43
-0.0839844
23
0.0449219
2
0.00390625
-1
-0.00195312
-27
-0.0527344
-2
-0.00390625
-25
-0.0488281
10
0.0195312
-24
-0.046875
6
0.0117188
-4
-0.0078125
-20
-0.0390625
10
0.0195312
-6
-0.0117188
16
0.03125
-33
-0.0644531
13
0.0253906
-8
-0.015625
-16
-0.03125
-10
-0.0195312
-29
-0.0566406
-38
-0.0742188
-18
-0.0351562
-9
-0.0175781
10
0.0195312
36
0.0703125
35
0.0683594
17
0.0332031
2
0.00390625
-7
-0.0136719
-5
-0.00976562
15
0.0292969
-5
-0.00976562
-32
-0.0625
1
0.00195312
5
0.00976562
25
0.0488281
-36
-0.0703125
18
0.0351562
-10
-0.0195312
-4
-0.0078125
-2
-0.00390625
-19
-0.0371094
-15
-0.0292969
-5
-0.00976562
-21
-0.0410156
-31
-0.0605469
11
0.0214844
1
0.00195312
-30
-0.0585938
31
0.0605469
28
0.0546875
-5
-0.00976562
13
0.0253906
30
0.0585938
-12
-0.0234375
34
0.0664062
-1
-0.00195312
-27
-0.0527344
-2
-0.00390625
-10
-0.0195312
7
0.0136719
15
0.0292969
31
0.0605469
14
0.0273438
4
0.0078125
-14
-0.0273438
0
0
12
0.0234375
13
0.0253906
-12
-0.0234375
49
0.0957031
-20
-0.0390625
44
0.0859375
-8
-0.015625
-33
-0.0644531
12
0.0234375
19
0.0371094
-4
-0.0078125
-33
-0.0644531
20
0.0390625
-18
-0.0351562
-22
-0.0429688
-38
-0.0742188
-8
-0.015625
37
0.0722656
-32
-0.0625
23
0.0449219
-29
-0.0566406
19
0.0371094
25
0.0488281
19
0.0371094
9
0.0175781
27
0.0527344
8
0.015625
13
0.0253906
31
0.0605469
-4
-0.0078125
6
0.0117188
-1
-0.00195312
-2
-0.00390625
-15
-0.0292969
-8
-0.015625
-15
-0.0292969
3
0.00585938
19
0.0371094
-17
-0.0332031
-2
-0.00390625
9
0.0175781
11
0.0214844
34
0.0664062
-6
-0.0117188
24
0.046875
6
0.0117188
27
0.0527344
20
0.0390625
8
0.015625
-45
-0.0878906
3
0.00585938
-16
-0.03125
-36
-0.0703125
26
0.0507812
-3
-0.00585938
26
0.0507812
-17
-0.0332031
11
0.0214844
-19
-0.0371094
-16
-0.03125
-7
-0.0136719
32
0.0625
-10
-0.0195312
-27
-0.0527344
-6
-0.0117188
-2
-0.00390625
-6
-0.0117188
-17
-0.0332031
-24
-0.046875
10
0.0195312
-6
-0.0117188
-21
-0.0410156
2
0.00390625
17
0.0332031
32
0.0625
-4
-0.0078125
-4
-0.0078125
11
0.0214844
26
0.0507812
-11
-0.0214844
27
0.0527344
-5
-0.00976562
-28
-0.0546875
6
0.0117188
18
0.0351562
-6
-0.0117188
-21
-0.0410156
0
0
-9
-0.0175781
-10
-0.0195312
12
0.0234375
14
0.0273438
-16
-0.03125
-11
-0.0214844
-9
-0.0175781
-23
-0.0449219
4
0.0078125
-8
-0.015625
47
0.0917969
-43
-0.0839844
-36
-0.0703125
-13
-0.0253906
-19
-0.0371094
-8
-0.015625
-46
-0.0898438
-12
-0.0234375
-6
-0.0117188
-1
-0.00195312
-6
-0.0117188
1
0.00195312
-6
-0.0117188
-9
-0.0175781
6
0.0117188
16
0.03125
-11
-0.0214844
29
0.0566406
16
0.03125
5
0.00976562
0
0
-18
-0.0351562
-29
-0.0566406
-4
-0.0078125
20
0.0390625
-26
-0.0507812
41
0.0800781
11
0.0214844
23
0.0449219
-11
-0.0214844
-18
-0.0351562
14
0.0273438
16
0.03125
15
0.0292969
-18
-0.0351562
-1
-0.00195312
9
0.0175781
3
0.00585938
18
0.0351562
-4
-0.0078125
26
0.0507812
-11
-0.0214844
-14
-0.0273438
-39
-0.0761719
7
0.0136719
29
0.0566406
4
0.0078125
-27
-0.0527344
24
0.046875
14
0.0273438
-2
-0.00390625
-10
-0.0195312
-4
-0.0078125
20
0.0390625
-16
-0.03125
-10
-0.0195312
-42
-0.0820312
7
0.0136719
-8
-0.015625
-2
-0.00390625
20
0.0390625
-13
-0.0253906
-23
-0.0449219
11
0.0214844
27
0.0527344
-25
-0.0488281
21
0.0410156
-18
-0.0351562
36
0.0703125
-30
-0.0585938
-15
-0.0292969
-1
-0.00195312
-2
-0.00390625
-10
-0.0195312
-37
-0.0722656
-22
-0.0429688
-41
-0.0800781
-8
-0.015625
31
0.0605469
-2
-0.00390625
9
0.0175781
-1
-0.00195312
9
0.0175781
26
0.0507812
-13
-0.0253906
20
0.0390625
14
0.0273438
5
0.00976562
20
0.0390625
-17
-0.0332031
15
0.0292969
-6
-0.0117188
-19
-0.0371094
5
0.00976562
-35
-0.0683594
-3
-0.00585938
-26
-0.0507812
-1
-0.00195312
14
0.0273438
1
0.00195312
-15
-0.0292969
-3
-0.00585938
11
0.0214844
4
0.0078125
-4
-0.0078125
-3
-0.00585938
7
0.0136719
-22
-0.0429688
10
0.0195312
13
0.0253906
-15
-0.0292969
4
0.0078125
0
0
-35
-0.0683594
3
0.00585938
-13
-0.0253906
8
0.015625
-33
-0.0644531
7
0.0136719
33
0.0644531
-9
-0.0175781
-7
-0.0136719
-3
-0.00585938
-34
-0.0664062
5
0.00976562
-17
-0.0332031
21
0.0410156
21
0.0410156
20
0.0390625
8
0.015625
-32
-0.0625
-6
-0.0117188
15
0.0292969
3
0.00585938
10
0.0195312
-28
-0.0546875
6
0.0117188
4
0.0078125
-42
-0.0820312
14
0.0273438
22
0.0429688
20
0.0390625
3
0.00585938
7
0.0136719
36
0.0703125
7
0.0136719
4
0.0078125
-17
-0.0332031
0
0
6
0.0117188
-11
-0.0214844
-30
-0.0585938
1
0.00195312
-25
-0.0488281
1
0.00195312
-12
-0.0234375
1
0.00195312
-26
-0.0507812
-20
-0.0390625
-24
-0.046875
4
0.0078125
-3
-0.00585938
-17
-0.0332031
-25
-0.0488281
-1
-0.00195312
-3
-0.00585938
-2
-0.00390625
-23
-0.0449219
-4
-0.0078125
21
0.0410156
-8
-0.015625
-5
-0.00976562
12
0.0234375
29
0.0566406
22
0.0429688
7
0.0136719
-2
-0.00390625
25
0.0488281
30
0.0585938
-13
-0.0253906
22
0.0429688
17
0.0332031
-25
-0.0488281
18
0.0351562
-31
-0.0605469
-32
-0.0625
24
0.046875
-7
-0.0136719
13
0.0253906
5
0.00976562
49
0.0957031
7
0.0136719
24
0.046875
33
0.0644531
13
0.0253906
-9
-0.0175781
7
0.0136719
-18
-0.0351562
42
0.0820312
-3
-0.00585938
3
0.00585938
5
0.00976562
25
0.0488281
8
0.015625
10
0.0195312
-37
-0.0722656
5
0.00976562
26
0.0507812
15
0.0292969
-2
-0.00390625
0
0
-6
-0.0117188
-1
-0.00195312
2
0.00390625
15
0.0292969
8
0.015625
-17
-0.0332031
-3
-0.00585938
-3
-0.00585938
0
0
-12
-0.0234375
10
0.0195312
-3
-0.00585938
-18
-0.0351562
11
0.0214844
13
0.0253906
28
0.0546875
-14
-0.0273438
5
0.00976562
8
0.015625
16
0.03125
8
0.015625
-5
-0.00976562
-4
-0.0078125
6
0.0117188
47
0.0917969
-18
-0.0351562
-9
-0.0175781
-16
-0.03125
18
0.0351562
23
0.0449219
18
0.0351562
-21
-0.0410156
28
0.0546875
-22
-0.0429688
4
0.0078125
-1
-0.00195312
-28
-0.0546875
-17
-0.0332031
3
0.00585938
-10
-0.0195312
-10
-0.0195312
15
0.0292969
-10
-0.0195312
2
0.00390625
9
0.0175781
-15
-0.0292969
21
0.0410156
11
0.0214844
-5
-0.00976562
5
0.00976562
22
0.0429688
2
0.00390625
-20
-0.0390625
-2
-0.00390625
2
0.00390625
-15
-0.0292969
-14
-0.0273438
-20
-0.0390625
14
0.0273438
19
0.0371094
-22
-0.0429688
4
0.0078125
-19
-0.0371094
17
0.0332031
-5
-0.00976562
-9
-0.0175781
-11
-0.0214844
-21
-0.0410156
-3
-0.00585938
-12
-0.0234375
-7
-0.0136719
23
0.0449219
17
0.0332031
6
0.0117188
5
0.00976562
1
0.00195312
-21
-0.0410156
12
0.0234375
14
0.0273438
11
0.0214844
-51
-0.0996094
-5
-0.00976562
-22
-0.0429688
-18
-0.0351562
37
0.0722656
-5
-0.00976562
-5
-0.00976562
-11
-0.0214844
-3
-0.00585938
-14
-0.0273438
11
0.0214844
10
0.0195312
0
0
26
0.0507812
-7
-0.0136719
2
0.00390625
11
0.0214844
20
0.0390625
-28
-0.0546875
-18
-0.0351562
-18
-0.0351562
30
0.0585938
28
0.0546875
-5
-0.00976562
29
0.0566406
-29
-0.0566406
40
0.078125
34
0.0664062
-27
-0.0527344
-29
-0.0566406
7
0.0136719
9
0.0175781
13
0.0253906
-4
-0.0078125
-18
-0.0351562
30
0.0585938
-16
-0.03125
14
0.0273438
23
0.0449219
-24
-0.046875
-50
-0.0976562
24
0.046875
-23
-0.0449219
35
0.0683594
10
0.0195312
14
0.0273438
7
0.0136719
-2
-0.00390625
3
0.00585938
19
0.0371094
-25
-0.0488281
-14
-0.0273438
7
0.0136719
-27
-0.0527344
14
0.0273438
26
0.0507812
-7
-0.0136719
25
0.0488281
-3
-0.00585938
30
0.0585938
15
0.0292969
-36
-0.0703125
32
0.0625
10
0.0195312
-24
-0.046875
45
0.0878906
8
0.015625
-19
-0.0371094
-5
-0.00976562
-10
-0.0195312
-16
-0.03125
-10
-0.0195312
-5
-0.00976562
23
0.0449219
-36
-0.0703125
3
0.00585938
26
0.0507812
-2
-0.00390625
-47
-0.0917969
-8
-0.015625
-2
-0.00390625
24
0.046875
-9
-0.0175781
22
0.0429688
16
0.03125
-35
-0.0683594
10
0.0195312
2
0.00390625
7
0.0136719
-28
-0.0546875
15
0.0292969
-46
-0.0898438
6
0.0117188
21
0.0410156
2
0.00390625
-3
-0.00585938
-25
-0.0488281
-22
-0.0429688
-26
-0.0507812
3
0.00585938
-35
-0.0683594
20
0.0390625
9
0.0175781
8
0.015625
28
0.0546875
-44
-0.0859375
22
0.0429688
50
0.0976562
25
0.0488281
31
0.0605469
22
0.0429688
15
0.0292969
-6
-0.0117188
6
0.0117188
16
0.03125
25
0.0488281
-12
-0.0234375
39
0.0761719
15
0.0292969
6
0.0117188
21
0.0410156
9
0.0175781
17
0.0332031
47
0.0917969
-16
-0.03125
16
0.03125
-24
-0.046875
-1
-0.00195312
-24
-0.046875
-3
-0.00585938
-2
-0.00390625
2
0.00390625
-6
-0.0117188
17
0.0332031
-2
-0.00390625
-24
-0.046875
-12
-0.0234375
13
0.0253906
11
0.0214844
5
0.00976562
-19
-0.0371094
-18
-0.0351562
-5
-0.00976562
-37
-0.0722656
-11
-0.0214844
-27
-0.0527344
-26
-0.0507812
4
0.0078125
-35
-0.0683594
-26
-0.0507812
-4
-0.0078125
-20
-0.0390625
-29
-0.0566406
-2
-0.00390625
24
0.046875
10
0.0195312
22
0.0429688
-17
-0.0332031
-14
-0.0273438
2
0.00390625
88
0.171875
-20
-0.0390625
-2
-0.00390625
17
0.0332031
26
0.0507812
-29
-0.0566406
17
0.0332031
4
0.0078125
20
0.0390625
-8
-0.015625
-1
-0.00195312
15
0.0292969
6
0.0117188
-18
-0.0351562
25
0.0488281
-6
-0.0117188
-6
-0.0117188
34
0.0664062
-33
-0.0644531
1
0.00195312
-23
-0.0449219
7
0.0136719
-15
-0.0292969
12
0.0234375
-12
-0.0234375
12
0.0234375
4
0.0078125
4
0.0078125
3
0.00585938
17
0.0332031
3
0.00585938
36
0.0703125
-6
-0.0117188
-29
-0.0566406
2
0.00390625
23
0.0449219
-10
-0.0195312
-37
-0.0722656
-2
-0.00390625
-42
-0.0820312
-4
-0.0078125
22
0.0429688
-28
-0.0546875
-14
-0.0273438
-27
-0.0527344
-3
-0.00585938
26
0.0507812
-10
-0.0195312
-30
-0.0585938
-24
-0.046875
-24
-0.046875
-7
-0.0136719
-12
-0.0234375
8
0.015625
-12
-0.0234375
3
0.00585938
28
0.0546875
1
0.00195312
19
0.0371094
-15
-0.0292969
4
0.0078125
-17
-0.0332031
-4
-0.0078125
-47
-0.0917969
15
0.0292969
-28
-0.0546875
28
0.0546875
3
0.00585938
11
0.0214844
-56
-0.109375
-6
-0.0117188
20
0.0390625
2
0.00390625
-4
-0.0078125
-1
-0.00195312
10
0.0195312
-18
-0.0351562
1
0.00195312
30
0.0585938
7
0.0136719
4
0.0078125
42
0.0820312
-17
-0.0332031
11
0.0214844
3
0.00585938
13
0.0253906
26
0.0507812
5
0.00976562
-9
-0.0175781
0
0
9
0.0175781
13
0.0253906
-2
-0.00390625
0
0
-14
-0.0273438
16
0.03125
-20
-0.0390625
-32
-0.0625
25
0.0488281
-12
-0.0234375
-22
-0.0429688
-1
-0.00195312
-1
-0.00195312
22
0.0429688
29
0.0566406
-32
-0.0625
21
0.0410156
-22
-0.0429688
13
0.0253906
-5
-0.00976562
2
0.00390625
1
0.00195312
27
0.0527344
15
0.0292969
-16
-0.03125
-1
-0.00195312
-2
-0.00390625
-27
-0.0527344
-6
-0.0117188
-48
-0.09375
-8
-0.015625
-8
-0.015625
25
0.0488281
-8
-0.015625
-15
-0.0292969
-18
-0.0351562
15
0.0292969
17
0.0332031
3
0.00585938
-12
-0.0234375
17
0.0332031
23
0.0449219
-21
-0.0410156
38
0.0742188
1
0.00195312
23
0.0449219
12
0.0234375
13
0.0253906
-17
-0.0332031
20
0.0390625
-7
-0.0136719
14
0.0273438
-6
-0.0117188
-2
-0.00390625
-21
-0.0410156
25
0.0488281
4
0.0078125
-2
-0.00390625
-16
-0.03125
9
0.0175781
-15
-0.0292969
2
0.00390625
-35
-0.0683594
31
0.0605469
-27
-0.0527344
-10
-0.0195312
39
0.0761719
13
0.0253906
-13
-0.0253906
30
0.0585938
-9
-0.0175781
-1
-0.00195312
-16
-0.03125
48
0.09375
25
0.0488281
2
0.00390625
29
0.0566406
-23
-0.0449219
-2
-0.00390625
-5
-0.00976562
4
0.0078125
-1
-0.00195312
-32
-0.0625
5
0.00976562
-11
-0.0214844
5
0.00976562
-14
-0.0273438
-11
-0.0214844
-20
-0.0390625
14
0.0273438
7
0.0136719
17
0.0332031
-9
-0.0175781
30
0.0585938
-38
-0.0742188
22
0.0429688
2
0.00390625
-3
-0.00585938
-12
-0.0234375
6
0.0117188
-12
-0.0234375
-9
-0.0175781
-9
-0.0175781
-1
-0.00195312
-32
-0.0625
48
0.09375
-9
-0.0175781
-11
-0.0214844
-24
-0.046875
-26
-0.0507812
20
0.0390625
-18
-0.0351562
-11
-0.0214844
5
0.00976562
19
0.0371094
22
0.0429688
28
0.0546875
1
0.00195312
-1
-0.00195312
-10
-0.0195312
6
0.0117188
2
0.00390625
-26
-0.0507812
14
0.0273438
2
0.00390625
30
0.0585938
-4
-0.0078125
1
0.00195312
1
0.00195312
-38
-0.0742188
-17
-0.0332031
38
0.0742188
-12
-0.0234375
9
0.0175781
8
0.015625
-13
-0.0253906
9
0.0175781
-5
-0.00976562
12
0.0234375
-37
-0.0722656
38
0.0742188
0
0
-29
-0.0566406
9
0.0175781
-6
-0.0117188
-23
-0.0449219
-10
-0.0195312
-14
-0.0273438
27
0.0527344
24
0.046875
-14
-0.0273438
-24
-0.046875
46
0.0898438
-25
-0.0488281
11
0.0214844
7
0.0136719
2
0.00390625
41
0.0800781
-15
-0.0292969
19
0.0371094
-25
-0.0488281
2
0.00390625
7
0.0136719
3
0.00585938
4
0.0078125
20
0.0390625
29
0.0566406
-7
-0.0136719
-16
-0.03125
23
0.0449219
30
0.0585938
12
0.0234375
-19
-0.0371094
24
0.046875
-3
-0.00585938
46
0.0898438
-6
-0.0117188
3
0.00585938
-4
-0.0078125
-18
-0.0351562
-16
-0.03125
17
0.0332031
4
0.0078125
-3
-0.00585938
7
0.0136719
-8
-0.015625
-13
-0.0253906
1
0.00195312
14
0.0273438
-7
-0.0136719
4
0.0078125
-4
-0.0078125
4
0.0078125
-5
-0.00976562
16
0.03125
-12
-0.0234375
22
0.0429688
-18
-0.0351562
-18
-0.0351562
11
0.0214844
-11
-0.0214844
-6
-0.0117188
-5
-0.00976562
-34
-0.0664062
39
0.0761719
3
0.00585938
62
0.121094
-4
-0.0078125
4
0.0078125
-2
-0.00390625
13
0.0253906
0
0
3
0.00585938
-3
-0.00585938
-5
-0.00976562
-28
-0.0546875
-9
-0.0175781
31
0.0605469
16
0.03125
42
0.0820312
-13
-0.0253906
1
0.00195312
-17
-0.0332031
18
0.0351562
58
0.113281
-2
-0.00390625
31
0.0605469
-48
-0.09375
10
0.0195312
16
0.03125
-22
-0.0429688
3
0.00585938
22
0.0429688
43
0.0839844
-11
-0.0214844
-7
-0.0136719
4
0.0078125
-11
-0.0214844
9
0.0175781
-2
-0.00390625
-10
-0.0195312
-5
-0.00976562
-1
-0.00195312
-18
-0.0351562
-3
-0.00585938
-22
-0.0429688
9
0.0175781
0
0
19
0.0371094
-20
-0.0390625
7
0.0136719
11
0.0214844
6
0.0117188
-22
-0.0429688
-5
-0.00976562
-7
-0.0136719
31
0.0605469
-23
-0.0449219
1
0.00195312
10
0.0195312
9
0.0175781
13
0.0253906
5
0.00976562
17
0.0332031
2
0.00390625
4
0.0078125
3
0.00585938
-9
-0.0175781
-4
-0.0078125
-3
-0.00585938
0
0
-1
-0.00195312
-20
-0.0390625
-29
-0.0566406
5
0.00976562
-38
-0.0742188
-19
-0.0371094
-4
-0.0078125
-20
-0.0390625
2
0.00390625
22
0.0429688
-13
-0.0253906
20
0.0390625
-3
-0.00585938
-1
-0.00195312
-33
-0.0644531
24
0.046875
-23
-0.0449219
-3
-0.00585938
-9
-0.0175781
45
0.0878906
21
0.0410156
4
0.0078125
11
0.0214844
-3
-0.00585938
-10
-0.0195312
3
0.00585938
-20
-0.0390625
24
0.046875
27
0.0527344
-8
-0.015625
19
0.0371094
-8
-0.015625
8
0.015625
-4
-0.0078125
-14
-0.0273438
30
0.0585938
2
0.00390625
-12
-0.0234375
-19
-0.0371094
-26
-0.0507812
-8
-0.015625
-14
-0.0273438
-43
-0.0839844
1
0.00195312
9
0.0175781
-20
-0.0390625
-6
-0.0117188
33
0.0644531
-31
-0.0605469
27
0.0527344
-42
-0.0820312
6
0.0117188
11
0.0214844
0
0
14
0.0273438
18
0.0351562
21
0.0410156
-38
-0.0742188
-7
-0.0136719
30
0.0585938
-32
-0.0625
13
0.0253906
2
0.00390625
-22
-0.0429688
15
0.0292969
2
0.00390625
-6
-0.0117188
-37
-0.0722656
15
0.0292969
2
0.00390625
-25
-0.0488281
-14
-0.0273438
-8
-0.015625
-40
-0.078125
20
0.0390625
-3
-0.00585938
8
0.015625
-26
-0.0507812
3
0.00585938
-26
-0.0507812
-13
-0.0253906
-8
-0.015625
0
0
18
0.0351562
8
0.015625
-25
-0.0488281
-15
-0.0292969
-22
-0.0429688
-13
-0.0253906
-2
-0.00390625
28
0.0546875
-5
-0.00976562
21
0.0410156
12
0.0234375
5
0.00976562
31
0.0605469
-27
-0.0527344
-48
-0.09375
-11
-0.0214844
13
0.0253906
6
0.0117188
-10
-0.0195312
-3
-0.00585938
-4
-0.0078125
-3
-0.00585938
-7
-0.0136719
4
0.0078125
34
0.0664062
8
0.015625
-29
-0.0566406
-9
-0.0175781
0
0
-21
-0.0410156
-2
-0.00390625
-24
-0.046875
-27
-0.0527344
-4
-0.0078125
-6
-0.0117188
28
0.0546875
-17
-0.0332031
-13
-0.0253906
-11
-0.0214844
1
0.00195312
-41
-0.0800781
-11
-0.0214844
6
0.0117188
24
0.046875
-39
-0.0761719
19
0.0371094
22
0.0429688
-2
-0.00390625
-29
-0.0566406
-21
-0.0410156
-5
-0.00976562
16
0.03125
-7
-0.0136719
-6
-0.0117188
23
0.0449219
17
0.0332031
22
0.0429688
6
0.0117188
11
0.0214844
-24
-0.046875
-26
-0.0507812
5
0.00976562
-10
-0.0195312
15
0.0292969
-3
-0.00585938
-13
-0.0253906
-17
-0.0332031
10
0.0195312
-12
-0.0234375
-8
-0.015625
5
0.00976562
-45
-0.0878906
9
0.0175781
35
0.0683594
28
0.0546875
-39
-0.0761719
24
0.046875
0
0
-38
-0.0742188
-11
-0.0214844
26
0.0507812
-6
-0.0117188
0
0
-17
-0.0332031
-17
-0.0332031
-16
-0.03125
-3
-0.00585938
5
0.00976562
16
0.03125
7
0.0136719
31
0.0605469
-5
-0.00976562
-41
-0.0800781
12
0.0234375
23
0.0449219
-7
-0.0136719
-25
-0.0488281
11
0.0214844
-5
-0.00976562
21
0.0410156
25
0.0488281
8
0.015625
-3
-0.00585938
-11
-0.0214844
-20
-0.0390625
4
0.0078125
16
0.03125
-11
-0.0214844
19
0.0371094
-38
-0.0742188
13
0.0253906
-52
-0.101562
5
0.00976562
4
0.0078125
18
0.0351562
2
0.00390625
-6
-0.0117188
-14
-0.0273438
16
0.03125
-38
-0.0742188
19
0.0371094
11
0.0214844
12
0.0234375
-37
-0.0722656
-3
-0.00585938
36
0.0703125
-13
-0.0253906
28
0.0546875
-2
-0.00390625
55
0.107422
6
0.0117188
-5
-0.00976562
-3
-0.00585938
11
0.0214844
-23
-0.0449219
-8
-0.015625
-8
-0.015625
8
0.015625
13
0.0253906
-23
-0.0449219
-39
-0.0761719
24
0.046875
6
0.0117188
-23
-0.0449219
-6
-0.0117188
2
0.00390625
-6
-0.0117188
31
0.0605469
-8
-0.015625
-13
-0.0253906
-17
-0.0332031
-29
-0.0566406
-1
-0.00195312
39
0.0761719
-12
-0.0234375
13
0.0253906
-8
-0.015625
-20
-0.0390625
-20
-0.0390625
-14
-0.0273438
-9
-0.0175781
10
0.0195312
1
0.00195312
10
0.0195312
-20
-0.0390625
-14
-0.0273438
8
0.015625
-4
-0.0078125
-1
-0.00195312
21
0.0410156
28
0.0546875
-19
-0.0371094
2
0.00390625
39
0.0761719
18
0.0351562
3
0.00585938
10
0.0195312
26
0.0507812
17
0.0332031
-28
-0.0546875
4
0.0078125
33
0.0644531
3
0.00585938
14
0.0273438
-33
-0.0644531
11
0.0214844
-25
-0.0488281
-7
-0.0136719
14
0.0273438
-21
-0.0410156
21
0.0410156
8
0.015625
30
0.0585938
-12
-0.0234375
-9
-0.0175781
-5
-0.00976562
1
0.00195312
18
0.0351562
-37
-0.0722656
1
0.00195312
24
0.046875
6
0.0117188
11
0.0214844
10
0.0195312
-15
-0.0292969
33
0.0644531
-5
-0.00976562
-9
-0.0175781
4
0.0078125
34
0.0664062
27
0.0527344
2
0.00390625
6
0.0117188
-9
-0.0175781
-21
-0.0410156
17
0.0332031
-4
-0.0078125
-14
-0.0273438
26
0.0507812
19
0.0371094
10
0.0195312
43
0.0839844
-27
-0.0527344
0
0
-23
-0.0449219
-7
-0.0136719
-35
-0.0683594
15
0.0292969
6
0.0117188
-19
-0.0371094
-8
-0.015625
1
0.00195312
3
0.00585938
31
0.0605469
0
0
12
0.0234375
11
0.0214844
22
0.0429688
29
0.0566406
-1
-0.00195312
20
0.0390625
-22
-0.0429688
-11
-0.0214844
14
0.0273438
-13
-0.0253906
25
0.0488281
-2
-0.00390625
29
0.0566406
12
0.0234375
11
0.0214844
10
0.0195312
20
0.0390625
7
0.0136719
-17
-0.0332031
15
0.0292969
-5
-0.00976562
13
0.0253906
-15
-0.0292969
6
0.0117188
-27
-0.0527344
-24
-0.046875
42
0.0820312
7
0.0136719
-2
-0.00390625
11
0.0214844
27
0.0527344
10
0.0195312
9
0.0175781
-24
-0.046875
12
0.0234375
-11
-0.0214844
4
0.0078125
9
0.0175781
14
0.0273438
-3
-0.00585938
14
0.0273438
-25
-0.0488281
-11
-0.0214844
-13
-0.0253906
-2
-0.00390625
21
0.0410156
24
0.046875
15
0.0292969
-2
-0.00390625
5
0.00976562
15
0.0292969
8
0.015625
-3
-0.00585938
28
0.0546875
34
0.0664062
6
0.0117188
-6
-0.0117188
24
0.046875
-1
-0.00195312
-4
-0.0078125
19
0.0371094
10
0.0195312
-18
-0.0351562
14
0.0273438
-44
-0.0859375
-19
-0.0371094
-15
-0.0292969
33
0.0644531
-3
-0.00585938
32
0.0625
-23
-0.0449219
14
0.0273438
15
0.0292969
20
0.0390625
13
0.0253906
8
0.015625
-13
-0.0253906
-8
-0.015625
-1
-0.00195312
25
0.0488281
-3
-0.00585938
-3
-0.00585938
-8
-0.015625
-7
-0.0136719
-20
-0.0390625
-15
-0.0292969
-25
-0.0488281
22
0.0429688
25
0.0488281
11
0.0214844
6
0.0117188
-4
-0.0078125
18
0.0351562
-1
-0.00195312
15
0.0292969
-28
-0.0546875
-11
-0.0214844
28
0.0546875
-1
-0.00195312
-14
-0.0273438
-6
-0.0117188
16
0.03125
-16
-0.03125
22
0.0429688
10
0.0195312
-8
-0.015625
14
0.0273438
3
0.00585938
9
0.0175781
0
0
-13
-0.0253906
-30
-0.0585938
4
0.0078125
1
0.00195312
5
0.00976562
18
0.0351562
26
0.0507812
-6
-0.0117188
36
0.0703125
-40
-0.078125
-9
-0.0175781
10
0.0195312
8
0.015625
18
0.0351562
-25
-0.0488281
-19
-0.0371094
-13
-0.0253906
-38
-0.0742188
34
0.0664062
-40
-0.078125
21
0.0410156
-4
-0.0078125
3
0.00585938
-49
-0.0957031
24
0.046875
13
0.0253906
17
0.0332031
34
0.0664062
4
0.0078125
11
0.0214844
-6
-0.0117188
27
0.0527344
41
0.0800781
-38
-0.0742188
3
0.00585938
-14
-0.0273438
-18
-0.0351562
-11
-0.0214844
-2
-0.00390625
38
0.0742188
16
0.03125
7
0.0136719
-2
-0.00390625
9
0.0175781
30
0.0585938
-21
-0.0410156
