-34
-0.0234807
12
0.00828729
7
0.00483425
5
0.00345304
18
0.0124309
-46
-0.031768
-23
-0.015884
-6
-0.00414365
13
0.0089779
-17
-0.0117403
33
0.0227901
72
0.0497238
-30
-0.0207182
-7
-0.00483425
-33
-0.0227901
80
0.0552486
13
0.0089779
7
0.00483425
58
0.0400552
-33
-0.0227901
36
0.0248619
-2
-0.00138122
10
0.00690608
-7
-0.00483425
-31
-0.0214088
25
0.0172652
-80
-0.0552486
2
0.00138122
-3
-0.00207182
-16
-0.0110497
5
0.00345304
11
0.00759669
48
0.0331492
-11
-0.00759669
0
0
-9
-0.00621547
-54
-0.0372928
24
0.0165746
52
0.0359116
0
0
-33
-0.0227901
-47
-0.0324586
-32
-0.0220994
26
0.0179558
-15
-0.0103591
-22
-0.0151934
-9
-0.00621547
-2
-0.00138122
30
0.0207182
41
0.0283149
-40
-0.0276243
-23
-0.015884
38
0.0262431
42
0.0290055
36
0.0248619
-84
-0.058011
-39
-0.0269337
2
0.00138122
11
0.00759669
-3
-0.00207182
66
0.0455801
49
0.0338398
25
0.0172652
8
0.00552486
-49
-0.0338398
15
0.0103591
-90
-0.0621547
5
0.00345304
-7
-0.00483425
-2
-0.00138122
-27
-0.0186464
98
0.0676796
-56
-0.038674
17
0.0117403
20
0.0138122
13
0.0089779
-42
-0.0290055
39
0.0269337
-69
-0.0476519
-28
-0.019337
-25
-0.0172652
3
0.00207182
14
0.00966851
18
0.0124309
8
0.00552486
36
0.0248619
48
0.0331492
-32
-0.0220994
-35
-0.0241713
-35
-0.0241713
-41
-0.0283149
31
0.0214088
100
0.0690608
43
0.0296961
-22
-0.0151934
16
0.0110497
-9
-0.00621547
12
0.00828729
-5
-0.00345304
46
0.031768
-95
-0.0656077
-6
-0.00414365
0
0
-6
-0.00414365
35
0.0241713
58
0.0400552
12
0.00828729
23
0.015884
44
0.0303867
38
0.0262431
4
0.00276243
74
0.051105
-3
-0.00207182
-32
-0.0220994
-20
-0.0138122
24
0.0165746
-27
-0.0186464
-22
-0.0151934
36
0.0248619
31
0.0214088
1
0.000690608
-73
-0.0504144
-65
-0.0448895
-35
-0.0241713
-15
-0.0103591
12
0.00828729
-84
-0.058011
-66
-0.0455801
7
0.00483425
-48
-0.0331492
51
0.035221
101
0.0697514
-15
-0.0103591
10
0.00690608
19
0.0131215
53
0.0366022
27
0.0186464
5
0.00345304
32
0.0220994
-13
-0.0089779
-20
-0.0138122
-9
-0.00621547
8
0.00552486
-33
-0.0227901
-12
-0.00828729
24
0.0165746
21
0.0145028
25
0.0172652
-25
-0.0172652
45
0.0310773
-14
-0.00966851
-17
-0.0117403
2
0.00138122
-57
-0.0393646
-42
-0.0290055
-38
-0.0262431
1
0.000690608
10
0.00690608
-3
-0.00207182
-22
-0.0151934
54
0.0372928
-39
-0.0269337
43
0.0296961
40
0.0276243
-44
-0.0303867
-3
-0.00207182
13
0.0089779
9
0.00621547
-21
-0.0145028
70
0.0483425
-5
-0.00345304
-25
-0.0172652
42
0.0290055
-5
-0.00345304
58
0.0400552
25
0.0172652
-51
-0.035221
7
0.00483425
-3
-0.00207182
-3
-0.00207182
38
0.0262431
10
0.00690608
-1
-0.000690608
-55
-0.0379834
36
0.0248619
-59
-0.0407459
22
0.0151934
-3
-0.00207182
10
0.00690608
-27
-0.0186464
-52
-0.0359116
-21
-0.0145028
40
0.0276243
-17
-0.0117403
-1
-0.000690608
-46
-0.031768
54
0.0372928
-9
-0.00621547
11
0.00759669
-3
-0.00207182
9
0.00621547
15
0.0103591
2
0.00138122
27
0.0186464
89
0.0614641
-39
-0.0269337
-31
-0.0214088
13
0.0089779
-19
-0.0131215
-22
-0.0151934
77
0.0531768
1
0.000690608
-36
-0.0248619
-1
-0.000690608
-83
-0.0573204
-10
-0.00690608
2
0.00138122
-2
-0.00138122
61
0.0421271
24
0.0165746
34
0.0234807
-3
-0.00207182
7
0.00483425
-20
-0.0138122
62
0.0428177
16
0.0110497
-27
-0.0186464
3
0.00207182
22
0.0151934
-29
-0.0200276
-13
-0.0089779
43
0.0296961
-14
-0.00966851
-6
-0.00414365
-31
-0.0214088
-33
-0.0227901
13
0.0089779
13
0.0089779
24
0.0165746
-27
-0.0186464
33
0.0227901
26
0.0179558
-105
-0.0725138
0
0
-20
-0.0138122
-27
-0.0186464
31
0.0214088
-18
-0.0124309
-14
-0.00966851
2
0.00138122
20
0.0138122
29
0.0200276
4
0.00276243
16
0.0110497
-23
-0.015884
16
0.0110497
41
0.0283149
-1
-0.000690608
-25
-0.0172652
-24
-0.0165746
26
0.0179558
16
0.0110497
41
0.0283149
-16
-0.0110497
61
0.0421271
-52
-0.0359116
54
0.0372928
-62
-0.0428177
21
0.0145028
-34
-0.0234807
23
0.015884
-3
-0.00207182
-73
-0.0504144
-32
-0.0220994
47
0.0324586
-1
-0.000690608
-49
-0.0338398
-10
-0.00690608
-52
-0.0359116
33
0.0227901
1
0.000690608
26
0.0179558
37
0.0255525
40
0.0276243
26
0.0179558
33
0.0227901
-4
-0.00276243
15
0.0103591
10
0.00690608
-41
-0.0283149
7
0.00483425
-9
-0.00621547
-9
-0.00621547
-34
-0.0234807
5
0.00345304
18
0.0124309
33
0.0227901
25
0.0172652
-1
-0.000690608
-41
-0.0283149
43
0.0296961
39
0.0269337
37
0.0255525
-14
-0.00966851
28
0.019337
45
0.0310773
-16
-0.0110497
-12
-0.00828729
83
0.0573204
55
0.0379834
-8
-0.00552486
46
0.031768
37
0.0255525
-39
-0.0269337
-67
-0.0462707
20
0.0138122
-32
-0.0220994
-21
-0.0145028
33
0.0227901
-60
-0.0414365
-19
-0.0131215
20
0.0138122
-55
-0.0379834
50
0.0345304
34
0.0234807
14
0.00966851
67
0.0462707
22
0.0151934
-50
-0.0345304
8
0.00552486
-35
-0.0241713
2
0.00138122
-2
-0.00138122
-5
-0.00345304
-30
-0.0207182
5
0.00345304
15
0.0103591
14
0.00966851
-15
-0.0103591
-58
-0.0400552
32
0.0220994
-96
-0.0662983
-76
-0.0524862
-3
-0.00207182
0
0
28
0.019337
16
0.0110497
59
0.0407459
26
0.0179558
0
0
49
0.0338398
-30
-0.0207182
-57
-0.0393646
-55
-0.0379834
29
0.0200276
37
0.0255525
-24
-0.0165746
20
0.0138122
45
0.0310773
-1
-0.000690608
33
0.0227901
-47
-0.0324586
59
0.0407459
-33
-0.0227901
-12
-0.00828729
-2
-0.00138122
19
0.0131215
-14
-0.00966851
-61
-0.0421271
3
0.00207182
-25
-0.0172652
-49
-0.0338398
-41
-0.0283149
-32
-0.0220994
8
0.00552486
-54
-0.0372928
-8
-0.00552486
44
0.0303867
-13
-0.0089779
10
0.00690608
10
0.00690608
2
0.00138122
79
0.054558
17
0.0117403
-48
-0.0331492
-25
-0.0172652
-23
-0.015884
19
0.0131215
-24
-0.0165746
29
0.0200276
48
0.0331492
-32
-0.0220994
30
0.0207182
5
0.00345304
-19
-0.0131215
-47
-0.0324586
35
0.0241713
14
0.00966851
-18
-0.0124309
-33
-0.0227901
20
0.0138122
0
0
-19
-0.0131215
7
0.00483425
17
0.0117403
27
0.0186464
-63
-0.0435083
-5
-0.00345304
3
0.00207182
-10
-0.00690608
21
0.0145028
45
0.0310773
33
0.0227901
41
0.0283149
9
0.00621547
0
0
-10
-0.00690608
35
0.0241713
-7
-0.00483425
-12
-0.00828729
11
0.00759669
-16
-0.0110497
-8
-0.00552486
10
0.00690608
71
0.0490331
-11
-0.00759669
13
0.0089779
-36
-0.0248619
-2
-0.00138122
2
0.00138122
38
0.0262431
-13
-0.0089779
60
0.0414365
5
0.00345304
46
0.031768
-17
-0.0117403
47
0.0324586
1
0.000690608
-7
-0.00483425
-43
-0.0296961
6
0.00414365
20
0.0138122
-23
-0.015884
3
0.00207182
13
0.0089779
-3
-0.00207182
-15
-0.0103591
67
0.0462707
-64
-0.0441989
31
0.0214088
63
0.0435083
1
0.000690608
11
0.00759669
46
0.031768
-29
-0.0200276
35
0.0241713
-19
-0.0131215
10
0.00690608
17
0.0117403
57
0.0393646
9
0.00621547
71
0.0490331
18
0.0124309
15
0.0103591
10
0.00690608
26
0.0179558
18
0.0124309
39
0.0269337
-48
-0.0331492
4
0.00276243
-3
-0.00207182
-35
-0.0241713
22
0.0151934
34
0.0234807
-33
-0.0227901
6
0.00414365
79
0.054558
19
0.0131215
-67
-0.0462707
77
0.0531768
-21
-0.0145028
32
0.0220994
-2
-0.00138122
38
0.0262431
-32
-0.0220994
19
0.0131215
-6
-0.00414365
19
0.0131215
34
0.0234807
17
0.0117403
-76
-0.0524862
54
0.0372928
45
0.0310773
36
0.0248619
25
0.0172652
32
0.0220994
18
0.0124309
-26
-0.0179558
24
0.0165746
19
0.0131215
-34
-0.0234807
23
0.015884
44
0.0303867
-14
-0.00966851
2
0.00138122
42
0.0290055
-69
-0.0476519
-16
-0.0110497
-9
-0.00621547
-2
-0.00138122
4
0.00276243
63
0.0435083
4
0.00276243
-1
-0.000690608
12
0.00828729
0
0
40
0.0276243
55
0.0379834
-79
-0.054558
1
0.000690608
-74
-0.051105
55
0.0379834
28
0.019337
-68
-0.0469613
-10
-0.00690608
30
0.0207182
-64
-0.0441989
-18
-0.0124309
-49
-0.0338398
34
0.0234807
63
0.0435083
1
0.000690608
-65
-0.0448895
-31
-0.0214088
23
0.015884
-14
-0.00966851
49
0.0338398
2
0.00138122
-39
-0.0269337
-1
-0.000690608
-91
-0.0628453
-8
-0.00552486
48
0.0331492
28
0.019337
-14
-0.00966851
10
0.00690608
7
0.00483425
29
0.0200276
-15
-0.0103591
-67
-0.0462707
47
0.0324586
-13
-0.0089779
-25
-0.0172652
70
0.0483425
42
0.0290055
-44
-0.0303867
26
0.0179558
61
0.0421271
-14
-0.00966851
48
0.0331492
-14
-0.00966851
-29
-0.0200276
-8
-0.00552486
20
0.0138122
64
0.0441989
-23
-0.015884
-9
-0.00621547
23
0.015884
12
0.00828729
-18
-0.0124309
28
0.019337
-2
-0.00138122
-21
-0.0145028
49
0.0338398
-40
-0.0276243
-2
-0.00138122
-15
-0.0103591
20
0.0138122
-17
-0.0117403
-71
-0.0490331
27
0.0186464
33
0.0227901
-41
-0.0283149
-25
-0.0172652
-1
-0.000690608
1
0.000690608
-7
-0.00483425
-32
-0.0220994
38
0.0262431
33
0.0227901
-5
-0.00345304
-35
-0.0241713
-73
-0.0504144
2
0.00138122
-4
-0.00276243
-22
-0.0151934
-80
-0.0552486
10
0.00690608
52
0.0359116
-3
-0.00207182
20
0.0138122
-34
-0.0234807
-13
-0.0089779
-38
-0.0262431
13
0.0089779
19
0.0131215
-33
-0.0227901
-69
-0.0476519
29
0.0200276
4
0.00276243
-78
-0.0538674
82
0.0566298
-13
-0.0089779
-9
-0.00621547
73
0.0504144
-3
-0.00207182
-6
-0.00414365
-2
-0.00138122
23
0.015884
16
0.0110497
-6
-0.00414365
-43
-0.0296961
-23
-0.015884
17
0.0117403
9
0.00621547
12
0.00828729
3
0.00207182
-27
-0.0186464
-32
-0.0220994
48
0.0331492
54
0.0372928
-27
-0.0186464
-24
-0.0165746
26
0.0179558
-9
-0.00621547
47
0.0324586
-70
-0.0483425
-14
-0.00966851
-11
-0.00759669
-64
-0.0441989
23
0.015884
-7
-0.00483425
19
0.0131215
0
0
51
0.035221
54
0.0372928
27
0.0186464
-11
-0.00759669
34
0.0234807
10
0.00690608
-30
-0.0207182
-3
-0.00207182
-55
-0.0379834
2
0.00138122
17
0.0117403
-21
-0.0145028
-20
-0.0138122
-26
-0.0179558
31
0.0214088
-33
-0.0227901
-49
-0.0338398
-61
-0.0421271
-62
-0.0428177
35
0.0241713
14
0.00966851
51
0.035221
56
0.038674
-57
-0.0393646
28
0.019337
-29
-0.0200276
22
0.0151934
-22
-0.0151934
46
0.031768
22
0.0151934
18
0.0124309
-20
-0.0138122
1
0.000690608
-62
-0.0428177
-7
-0.00483425
-39
-0.0269337
-25
-0.0172652
74
0.051105
-25
-0.0172652
-69
-0.0476519
16
0.0110497
-27
-0.0186464
-16
-0.0110497
-43
-0.0296961
-51
-0.035221
-17
-0.0117403
7
0.00483425
-1
-0.000690608
33
0.0227901
-14
-0.00966851
-1
-0.000690608
-3
-0.00207182
54
0.0372928
21
0.0145028
-27
-0.0186464
8
0.00552486
7
0.00483425
-47
-0.0324586
-24
-0.0165746
11
0.00759669
16
0.0110497
62
0.0428177
-4
-0.00276243
56
0.038674
54
0.0372928
12
0.00828729
28
0.019337
-16
-0.0110497
-16
-0.0110497
19
0.0131215
-28
-0.019337
23
0.015884
-21
-0.0145028
-10
-0.00690608
31
0.0214088
-20
-0.0138122
-32
-0.0220994
19
0.0131215
-65
-0.0448895
17
0.0117403
19
0.0131215
-24
-0.0165746
48
0.0331492
27
0.0186464
-51
-0.035221
-41
-0.0283149
5
0.00345304
10
0.00690608
-67
-0.0462707
22
0.0151934
23
0.015884
85
0.0587017
-32
-0.0220994
-59
-0.0407459
31
0.0214088
16
0.0110497
49
0.0338398
4
0.00276243
6
0.00414365
-30
-0.0207182
-1
-0.000690608
73
0.0504144
-91
-0.0628453
-7
-0.00483425
34
0.0234807
-40
-0.0276243
-3
-0.00207182
5
0.00345304
78
0.0538674
-62
-0.0428177
0
0
-2
-0.00138122
23
0.015884
0
0
4
0.00276243
-25
-0.0172652
-29
-0.0200276
11
0.00759669
30
0.0207182
-68
-0.0469613
-13
-0.0089779
5
0.00345304
9
0.00621547
-20
-0.0138122
16
0.0110497
-11
-0.00759669
-64
-0.0441989
29
0.0200276
-66
-0.0455801
-14
-0.00966851
-35
-0.0241713
1
0.000690608
-12
-0.00828729
12
0.00828729
-18
-0.0124309
-9
-0.00621547
41
0.0283149
39
0.0269337
-24
-0.0165746
0
0
88
0.0607735
45
0.0310773
-38
-0.0262431
46
0.031768
19
0.0131215
1
0.000690608
61
0.0421271
16
0.0110497
3
0.00207182
33
0.0227901
11
0.00759669
17
0.0117403
-14
-0.00966851
-7
-0.00483425
3
0.00207182
26
0.0179558
-48
-0.0331492
43
0.0296961
8
0.00552486
-6
-0.00414365
-8
-0.00552486
23
0.015884
37
0.0255525
10
0.00690608
11
0.00759669
29
0.0200276
29
0.0200276
48
0.0331492
-33
-0.0227901
-6
-0.00414365
-49
-0.0338398
-42
-0.0290055
25
0.0172652
3
0.00207182
-44
-0.0303867
1
0.000690608
-21
-0.0145028
31
0.0214088
44
0.0303867
6
0.00414365
-27
-0.0186464
79
0.054558
-13
-0.0089779
62
0.0428177
56
0.038674
64
0.0441989
28
0.019337
47
0.0324586
-19
-0.0131215
-69
-0.0476519
1
0.000690608
59
0.0407459
15
0.0103591
40
0.0276243
-29
-0.0200276
13
0.0089779
-83
-0.0573204
-6
-0.00414365
-38
-0.0262431
40
0.0276243
-10
-0.00690608
-17
-0.0117403
67
0.0462707
20
0.0138122
9
0.00621547
20
0.0138122
3
0.00207182
-4
-0.00276243
40
0.0276243
-47
-0.0324586
25
0.0172652
-24
-0.0165746
26
0.0179558
4
0.00276243
42
0.0290055
-4
-0.00276243
-23
-0.015884
-13
-0.0089779
-76
-0.0524862
-21
-0.0145028
-23
-0.015884
1
0.000690608
9
0.00621547
-53
-0.0366022
44
0.0303867
-8
-0.00552486
-4
-0.00276243
43
0.0296961
-28
-0.019337
24
0.0165746
15
0.0103591
-41
-0.0283149
73
0.0504144
-7
-0.00483425
-55
-0.0379834
46
0.031768
-43
-0.0296961
84
0.058011
-14
-0.00966851
-7
-0.00483425
-23
-0.015884
22
0.0151934
-66
-0.0455801
17
0.0117403
57
0.0393646
-50
-0.0345304
-33
-0.0227901
-31
-0.0214088
25
0.0172652
-39
-0.0269337
60
0.0414365
15
0.0103591
-36
-0.0248619
-76
-0.0524862
-76
-0.0524862
-9
-0.00621547
-2
-0.00138122
-6
-0.00414365
9
0.00621547
22
0.0151934
17
0.0117403
42
0.0290055
-2
-0.00138122
26
0.0179558
26
0.0179558
-50
-0.0345304
-6
-0.00414365
-41
-0.0283149
48
0.0331492
4
0.00276243
-19
-0.0131215
-21
-0.0145028
9
0.00621547
-33
-0.0227901
29
0.0200276
44
0.0303867
-11
-0.00759669
-53
-0.0366022
-56
-0.038674
9
0.00621547
-44
-0.0303867
-5
-0.00345304
38
0.0262431
-7
-0.00483425
86
0.0593923
-21
-0.0145028
-39
-0.0269337
23
0.015884
5
0.00345304
2
0.00138122
-1
-0.000690608
-6
-0.00414365
-33
-0.0227901
-12
-0.00828729
32
0.0220994
3
0.00207182
-64
-0.0441989
10
0.00690608
56
0.038674
37
0.0255525
18
0.0124309
-31
-0.0214088
28
0.019337
26
0.0179558
-19
-0.0131215
61
0.0421271
-57
-0.0393646
14
0.00966851
-6
-0.00414365
46
0.031768
45
0.0310773
-28
-0.019337
50
0.0345304
-9
-0.00621547
2
0.00138122
-27
-0.0186464
-39
-0.0269337
15
0.0103591
66
0.0455801
-20
-0.0138122
-15
-0.0103591
21
0.0145028
-10
-0.00690608
21
0.0145028
-22
-0.0151934
13
0.0089779
-80
-0.0552486
-37
-0.0255525
8
0.00552486
-2
-0.00138122
-7
-0.00483425
16
0.0110497
-78
-0.0538674
77
0.0531768
-12
-0.00828729
7
0.00483425
15
0.0103591
-23
-0.015884
-19
-0.0131215
8
0.00552486
71
0.0490331
69
0.0476519
31
0.0214088
91
0.0628453
10
0.00690608
2
0.00138122
7
0.00483425
19
0.0131215
-10
-0.00690608
-18
-0.0124309
-62
-0.0428177
9
0.00621547
-3
-0.00207182
7
0.00483425
-52
-0.0359116
-44
-0.0303867
-77
-0.0531768
-31
-0.0214088
29
0.0200276
-80
-0.0552486
-14
-0.00966851
15
0.0103591
36
0.0248619
-77
-0.0531768
14
0.00966851
36
0.0248619
67
0.0462707
-57
-0.0393646
15
0.0103591
-35
-0.0241713
-58
-0.0400552
-27
-0.0186464
59
0.0407459
-41
-0.0283149
96
0.0662983
28
0.019337
68
0.0469613
-2
-0.00138122
5
0.00345304
16
0.0110497
-3
-0.00207182
-15
-0.0103591
-13
-0.0089779
-28
-0.019337
24
0.0165746
-51
-0.035221
34
0.0234807
85
0.0587017
21
0.0145028
-16
-0.0110497
20
0.0138122
20
0.0138122
-36
-0.0248619
-8
-0.00552486
1
0.000690608
-31
-0.0214088
-11
-0.00759669
-26
-0.0179558
-94
-0.0649171
10
0.00690608
4
0.00276243
-39
-0.0269337
10
0.00690608
-37
-0.0255525
-18
-0.0124309
-21
-0.0145028
56
0.038674
-38
-0.0262431
39
0.0269337
-12
-0.00828729
-21
-0.0145028
-10
-0.00690608
-35
-0.0241713
-19
-0.0131215
0
0
-38
-0.0262431
-30
-0.0207182
-45
-0.0310773
-3
-0.00207182
41
0.0283149
9
0.00621547
-46
-0.031768
-48
-0.0331492
44
0.0303867
-33
-0.0227901
6
0.00414365
19
0.0131215
-3
-0.00207182
-34
-0.0234807
-13
-0.0089779
-6
-0.00414365
-39
-0.0269337
-16
-0.0110497
-33
-0.0227901
20
0.0138122
-29
-0.0200276
42
0.0290055
-44
-0.0303867
-29
-0.0200276
-18
-0.0124309
-13
-0.0089779
-10
-0.00690608
-1
-0.000690608
-36
-0.0248619
21
0.0145028
8
0.00552486
-8
-0.00552486
-19
-0.0131215
16
0.0110497
-57
-0.0393646
-32
-0.0220994
13
0.0089779
61
0.0421271
-16
-0.0110497
21
0.0145028
-4
-0.00276243
14
0.00966851
-44
-0.0303867
-29
-0.0200276
13
0.0089779
-48
-0.0331492
6
0.00414365
-47
-0.0324586
41
0.0283149
30
0.0207182
-34
-0.0234807
12
0.00828729
31
0.0214088
19
0.0131215
62
0.0428177
-46
-0.031768
65
0.0448895
-34
-0.0234807
-6
-0.00414365
25
0.0172652
33
0.0227901
6
0.00414365
44
0.0303867
57
0.0393646
26
0.0179558
-3
-0.00207182
45
0.0310773
16
0.0110497
20
0.0138122
8
0.00552486
-11
-0.00759669
-3
-0.00207182
-19
-0.0131215
79
0.054558
-49
-0.0338398
-11
-0.00759669
29
0.0200276
8
0.00552486
-5
-0.00345304
22
0.0151934
-11
-0.00759669
1
0.000690608
56
0.038674
59
0.0407459
-57
-0.0393646
78
0.0538674
10
0.00690608
21
0.0145028
-21
-0.0145028
84
0.058011
9
0.00621547
-2
-0.00138122
-29
-0.0200276
-34
-0.0234807
1
0.000690608
37
0.0255525
25
0.0172652
6
0.00414365
-7
-0.00483425
42
0.0290055
21
0.0145028
59
0.0407459
-32
-0.0220994
73
0.0504144
26
0.0179558
37
0.0255525
-4
-0.00276243
12
0.00828729
30
0.0207182
65
0.0448895
21
0.0145028
31
0.0214088
18
0.0124309
-4
-0.00276243
17
0.0117403
-18
-0.0124309
-52
-0.0359116
-43
-0.0296961
-5
-0.00345304
-56
-0.038674
27
0.0186464
-31
-0.0214088
63
0.0435083
-43
-0.0296961
45
0.0310773
48
0.0331492
-2
-0.00138122
43
0.0296961
-19
-0.0131215
-32
-0.0220994
-46
-0.031768
30
0.0207182
-5
-0.00345304
18
0.0124309
-7
-0.00483425
41
0.0283149
16
0.0110497
0
0
-17
-0.0117403
-17
-0.0117403
25
0.0172652
-34
-0.0234807
-45
-0.0310773
35
0.0241713
3
0.00207182
26
0.0179558
13
0.0089779
-2
-0.00138122
-25
-0.0172652
25
0.0172652
-10
-0.00690608
23
0.015884
56
0.038674
-12
-0.00828729
-2
-0.00138122
18
0.0124309
-70
-0.0483425
-14
-0.00966851
-27
-0.0186464
16
0.0110497
61
0.0421271
-14
-0.00966851
-8
-0.00552486
-16
-0.0110497
17
0.0117403
10
0.00690608
-11
-0.00759669
14
0.00966851
23
0.015884
32
0.0220994
-2
-0.00138122
-24
-0.0165746
34
0.0234807
-30
-0.0207182
3
0.00207182
55
0.0379834
37
0.0255525
-56
-0.038674
2
0.00138122
34
0.0234807
3
0.00207182
-21
-0.0145028
56
0.038674
54
0.0372928
30
0.0207182
-52
-0.0359116
9
0.00621547
27
0.0186464
-5
-0.00345304
-33
-0.0227901
27
0.0186464
-29
-0.0200276
11
0.00759669
-7
-0.00483425
-15
-0.0103591
-77
-0.0531768
-27
-0.0186464
-4
-0.00276243
-18
-0.0124309
-28
-0.019337
-57
-0.0393646
-44
-0.0303867
-45
-0.0310773
-66
-0.0455801
-31
-0.0214088
-29
-0.0200276
-22
-0.0151934
7
0.00483425
-48
-0.0331492
-47
-0.0324586
4
0.00276243
54
0.0372928
38
0.0262431
-13
-0.0089779
21
0.0145028
-3
-0.00207182
24
0.0165746
15
0.0103591
-17
-0.0117403
14
0.00966851
-62
-0.0428177
-20
-0.0138122
10
0.00690608
-11
-0.00759669
59
0.0407459
-22
-0.0151934
-13
-0.0089779
58
0.0400552
-21
-0.0145028
-6
-0.00414365
30
0.0207182
4
0.00276243
-25
-0.0172652
-14
-0.00966851
-7
-0.00483425
-45
-0.0310773
46
0.031768
6
0.00414365
14
0.00966851
41
0.0283149
-22
-0.0151934
2
0.00138122
-1
-0.000690608
-50
-0.0345304
-22
-0.0151934
13
0.0089779
-11
-0.00759669
40
0.0276243
-75
-0.0517956
1
0.000690608
-22
-0.0151934
27
0.0186464
50
0.0345304
-49
-0.0338398
-28
-0.019337
30
0.0207182
-6
-0.00414365
-51
-0.035221
41
0.0283149
-38
-0.0262431
-58
-0.0400552
-22
-0.0151934
29
0.0200276
19
0.0131215
44
0.0303867
-53
-0.0366022
-13
-0.0089779
23
0.015884
68
0.0469613
-24
-0.0165746
-17
-0.0117403
37
0.0255525
-25
-0.0172652
-71
-0.0490331
-7
-0.00483425
-23
-0.015884
49
0.0338398
-65
-0.0448895
19
0.0131215
6
0.00414365
10
0.00690608
47
0.0324586
18
0.0124309
-58
-0.0400552
27
0.0186464
-17
-0.0117403
7
0.00483425
-20
-0.0138122
-10
-0.00690608
-54
-0.0372928
54
0.0372928
45
0.0310773
31
0.0214088
34
0.0234807
9
0.00621547
-11
-0.00759669
-26
-0.0179558
42
0.0290055
-38
-0.0262431
18
0.0124309
-8
-0.00552486
16
0.0110497
10
0.00690608
-19
-0.0131215
1
0.000690608
-2
-0.00138122
38
0.0262431
33
0.0227901
-29
-0.0200276
11
0.00759669
14
0.00966851
18
0.0124309
-24
-0.0165746
44
0.0303867
-4
-0.00276243
80
0.0552486
20
0.0138122
-24
-0.0165746
-20
-0.0138122
47
0.0324586
30
0.0207182
28
0.019337
-9
-0.00621547
-9
-0.00621547
-7
-0.00483425
-14
-0.00966851
18
0.0124309
11
0.00759669
8
0.00552486
-19
-0.0131215
67
0.0462707
-7
-0.00483425
-20
-0.0138122
-8
-0.00552486
-98
-0.0676796
29
0.0200276
29
0.0200276
-20
-0.0138122
64
0.0441989
-42
-0.0290055
25
0.0172652
27
0.0186464
-10
-0.00690608
-12
-0.00828729
-61
-0.0421271
-77
-0.0531768
31
0.0214088
-19
-0.0131215
9
0.00621547
-56
-0.038674
27
0.0186464
11
0.00759669
-11
-0.00759669
-8
-0.00552486
12
0.00828729
-9
-0.00621547
-81
-0.0559392
34
0.0234807
-14
-0.00966851
58
0.0400552
33
0.0227901
-54
-0.0372928
-43
-0.0296961
51
0.035221
-21
-0.0145028
-34
-0.0234807
-79
-0.054558
22
0.0151934
8
0.00552486
15
0.0103591
44
0.0303867
-3
-0.00207182
42
0.0290055
15
0.0103591
-35
-0.0241713
-43
-0.0296961
-48
-0.0331492
-16
-0.0110497
-12
-0.00828729
46
0.031768
-59
-0.0407459
-44
-0.0303867
4
0.00276243
14
0.00966851
38
0.0262431
-3
-0.00207182
42
0.0290055
30
0.0207182
-71
-0.0490331
-29
-0.0200276
-62
-0.0428177
-10
-0.00690608
-2
-0.00138122
3
0.00207182
40
0.0276243
22
0.0151934
15
0.0103591
-33
-0.0227901
4
0.00276243
-12
-0.00828729
-10
-0.00690608
-46
-0.031768
-65
-0.0448895
-31
-0.0214088
26
0.0179558
70
0.0483425
27
0.0186464
10
0.00690608
21
0.0145028
-66
-0.0455801
13
0.0089779
-45
-0.0310773
55
0.0379834
30
0.0207182
30
0.0207182
31
0.0214088
60
0.0414365
-11
-0.00759669
-54
-0.0372928
-8
-0.00552486
30
0.0207182
-65
-0.0448895
12
0.00828729
-15
-0.0103591
-46
-0.031768
-48
-0.0331492
30
0.0207182
78
0.0538674
39
0.0269337
-6
-0.00414365
0
0
-56
-0.038674
42
0.0290055
12
0.00828729
-50
-0.0345304
-45
-0.0310773
45
0.0310773
-20
-0.0138122
41
0.0283149
25
0.0172652
34
0.0234807
10
0.00690608
14
0.00966851
-24
-0.0165746
45
0.0310773
-14
-0.00966851
47
0.0324586
-47
-0.0324586
-66
-0.0455801
-18
-0.0124309
49
0.0338398
26
0.0179558
33
0.0227901
-28
-0.019337
-6
-0.00414365
14
0.00966851
-18
-0.0124309
0
0
47
0.0324586
-84
-0.058011
43
0.0296961
43
0.0296961
-26
-0.0179558
1
0.000690608
-18
-0.0124309
5
0.00345304
-60
-0.0414365
26
0.0179558
2
0.00138122
66
0.0455801
1
0.000690608
-7
-0.00483425
-61
-0.0421271
10
0.00690608
-16
-0.0110497
-38
-0.0262431
20
0.0138122
-21
-0.0145028
50
0.0345304
-11
-0.00759669
-18
-0.0124309
11
0.00759669
10
0.00690608
19
0.0131215
-4
-0.00276243
13
0.0089779
-54
-0.0372928
-18
-0.0124309
-89
-0.0614641
57
0.0393646
27
0.0186464
19
0.0131215
4
0.00276243
-10
-0.00690608
-17
-0.0117403
39
0.0269337
-22
-0.0151934
26
0.0179558
12
0.00828729
51
0.035221
27
0.0186464
26
0.0179558
-4
-0.00276243
-11
-0.00759669
-15
-0.0103591
-98
-0.0676796
50
0.0345304
-41
-0.0283149
-13
-0.0089779
28
0.019337
12
0.00828729
79
0.054558
20
0.0138122
86
0.0593923
-7
-0.00483425
31
0.0214088
65
0.0448895
-17
-0.0117403
42
0.0290055
6
0.00414365
56
0.038674
-3
-0.00207182
12
0.00828729
-18
-0.0124309
-12
-0.00828729
-17
-0.0117403
-24
-0.0165746
-15
-0.0103591
47
0.0324586
-18
-0.0124309
-24
-0.0165746
-19
-0.0131215
25
0.0172652
-42
-0.0290055
-1
-0.000690608
-62
-0.0428177
-30
-0.0207182
-33
-0.0227901
-33
-0.0227901
10
0.00690608
10
0.00690608
-12
-0.00828729
-11
-0.00759669
30
0.0207182
-64
-0.0441989
-47
-0.0324586
43
0.0296961
56
0.038674
-21
-0.0145028
56
0.038674
56
0.038674
28
0.019337
60
0.0414365
-29
-0.0200276
31
0.0214088
45
0.0310773
-62
-0.0428177
-11
-0.00759669
-22
-0.0151934
7
0.00483425
39
0.0269337
-35
-0.0241713
-7
-0.00483425
34
0.0234807
-89
-0.0614641
15
0.0103591
-12
-0.00828729
5
0.00345304
32
0.0220994
-19
-0.0131215
-14
-0.00966851
10
0.00690608
27
0.0186464
0
0
-10
-0.00690608
37
0.0255525
-7
-0.00483425
-26
-0.0179558
-17
-0.0117403
32
0.0220994
-1
-0.000690608
-42
-0.0290055
-39
-0.0269337
-10
-0.00690608
5
0.00345304
16
0.0110497
-11
-0.00759669
13
0.0089779
10
0.00690608
-8
-0.00552486
8
0.00552486
-25
-0.0172652
49
0.0338398
20
0.0138122
-53
-0.0366022
-13
-0.0089779
-28
-0.019337
-8
-0.00552486
-14
-0.00966851
-65
-0.0448895
9
0.00621547
2
0.00138122
-26
-0.0179558
-27
-0.0186464
10
0.00690608
-29
-0.0200276
-6
-0.00414365
2
0.00138122
46
0.031768
-36
-0.0248619
-3
-0.00207182
16
0.0110497
-9
-0.00621547
-70
-0.0483425
26
0.0179558
45
0.0310773
35
0.0241713
-25
-0.0172652
-1
-0.000690608
7
0.00483425
21
0.0145028
-54
-0.0372928
45
0.0310773
-3
-0.00207182
5
0.00345304
-22
-0.0151934
-5
-0.00345304
85
0.0587017
19
0.0131215
-72
-0.0497238
10
0.00690608
50
0.0345304
-37
-0.0255525
42
0.0290055
6
0.00414365
27
0.0186464
-29
-0.0200276
-101
-0.0697514
-20
-0.0138122
-19
-0.0131215
40
0.0276243
-7
-0.00483425
13
0.0089779
0
0
40
0.0276243
-26
-0.0179558
-13
-0.0089779
43
0.0296961
-40
-0.0276243
-66
-0.0455801
-3
-0.00207182
-11
-0.00759669
19
0.0131215
-2
-0.00138122
-44
-0.0303867
19
0.0131215
-11
-0.00759669
13
0.0089779
21
0.0145028
41
0.0283149
-5
-0.00345304
-57
-0.0393646
2
0.00138122
-25
-0.0172652
-1
-0.000690608
26
0.0179558
5
0.00345304
2
0.00138122
22
0.0151934
-43
-0.0296961
9
0.00621547
11
0.00759669
-33
-0.0227901
-123
-0.0849448
-24
-0.0165746
77
0.0531768
33
0.0227901
48
0.0331492
47
0.0324586
7
0.00483425
2
0.00138122
11
0.00759669
-51
-0.035221
12
0.00828729
17
0.0117403
-24
-0.0165746
-48
-0.0331492
77
0.0531768
60
0.0414365
11
0.00759669
10
0.00690608
-4
-0.00276243
-39
-0.0269337
-8
-0.00552486
-28
-0.019337
-4
-0.00276243
-7
-0.00483425
25
0.0172652
40
0.0276243
6
0.00414365
-19
-0.0131215
33
0.0227901
30
0.0207182
-8
-0.00552486
-5
-0.00345304
22
0.0151934
-12
-0.00828729
22
0.0151934
-63
-0.0435083
-42
-0.0290055
3
0.00207182
-22
-0.0151934
-44
-0.0303867
19
0.0131215
-2
-0.00138122
-8
-0.00552486
-61
-0.0421271
2
0.00138122
-23
-0.015884
72
0.0497238
44
0.0303867
14
0.00966851
60
0.0414365
4
0.00276243
-16
-0.0110497
67
0.0462707
-28
-0.019337
-22
-0.0151934
1
0.000690608
-13
-0.0089779
14
0.00966851
-77
-0.0531768
54
0.0372928
49
0.0338398
-78
-0.0538674
-25
-0.0172652
-21
-0.0145028
-24
-0.0165746
-46
-0.031768
-12
-0.00828729
0
0
-1
-0.000690608
-91
-0.0628453
-42
-0.0290055
16
0.0110497
84
0.058011
54
0.0372928
-58
-0.0400552
68
0.0469613
58
0.0400552
19
0.0131215
-12
-0.00828729
-39
-0.0269337
-30
-0.0207182
6
0.00414365
-28
-0.019337
-19
-0.0131215
-13
-0.0089779
-65
-0.0448895
25
0.0172652
-44
-0.0303867
-48
-0.0331492
51
0.035221
-16
-0.0110497
4
0.00276243
9
0.00621547
-25
-0.0172652
-60
-0.0414365
8
0.00552486
95
0.0656077
-8
-0.00552486
27
0.0186464
9
0.00621547
22
0.0151934
-27
-0.0186464
-55
-0.0379834
-22
-0.0151934
62
0.0428177
32
0.0220994
-38
-0.0262431
-7
-0.00483425
-24
-0.0165746
-27
-0.0186464
20
0.0138122
-39
-0.0269337
19
0.0131215
2
0.00138122
-118
-0.0814917
-14
-0.00966851
2
0.00138122
-21
-0.0145028
-4
-0.00276243
-21
-0.0145028
-19
-0.0131215
75
0.0517956
16
0.0110497
-41
-0.0283149
-5
-0.00345304
-55
-0.0379834
31
0.0214088
77
0.0531768
-22
-0.0151934
-28
-0.019337
9
0.00621547
-20
-0.0138122
16
0.0110497
49
0.0338398
25
0.0172652
-44
-0.0303867
6
0.00414365
-55
-0.0379834
-34
-0.0234807
26
0.0179558
-23
-0.015884
55
0.0379834
7
0.00483425
16
0.0110497
-5
-0.00345304
42
0.0290055
5
0.00345304
1
0.000690608
27
0.0186464
21
0.0145028
-6
-0.00414365
-28
-0.019337
-30
-0.0207182
11
0.00759669
-79
-0.054558
-36
-0.0248619
31
0.0214088
40
0.0276243
54
0.0372928
-3
-0.00207182
11
0.00759669
9
0.00621547
4
0.00276243
-40
-0.0276243
25
0.0172652
-10
-0.00690608
-11
-0.00759669
-26
-0.0179558
-1
-0.000690608
-83
-0.0573204
33
0.0227901
-9
-0.00621547
61
0.0421271
-47
-0.0324586
28
0.019337
-26
-0.0179558
-79
-0.054558
-39
-0.0269337
-26
-0.0179558
-33
-0.0227901
-4
-0.00276243
-3
-0.00207182
-14
-0.00966851
-51
-0.035221
27
0.0186464
0
0
36
0.0248619
-21
-0.0145028
12
0.00828729
20
0.0138122
40
0.0276243
-55
-0.0379834
-19
-0.0131215
26
0.0179558
30
0.0207182
-36
-0.0248619
-5
-0.00345304
40
0.0276243
-70
-0.0483425
4
0.00276243
32
0.0220994
29
0.0200276
15
0.0103591
7
0.00483425
31
0.0214088
-16
-0.0110497
-26
-0.0179558
1
0.000690608
-58
-0.0400552
46
0.031768
-7
-0.00483425
-11
-0.00759669
-27
-0.0186464
-12
-0.00828729
4
0.00276243
21
0.0145028
36
0.0248619
-30
-0.0207182
-22
-0.0151934
22
0.0151934
56
0.038674
-21
-0.0145028
43
0.0296961
12
0.00828729
-12
-0.00828729
-41
-0.0283149
60
0.0414365
16
0.0110497
38
0.0262431
1
0.000690608
-32
-0.0220994
11
0.00759669
19
0.0131215
39
0.0269337
13
0.0089779
-3
-0.00207182
19
0.0131215
12
0.00828729
-9
-0.00621547
-17
-0.0117403
-18
-0.0124309
-14
-0.00966851
-102
-0.070442
25
0.0172652
65
0.0448895
-81
-0.0559392
73
0.0504144
20
0.0138122
9
0.00621547
16
0.0110497
-130
-0.089779
-2
-0.00138122
-50
-0.0345304
5
0.00345304
95
0.0656077
54
0.0372928
25
0.0172652
-29
-0.0200276
25
0.0172652
-1
-0.000690608
62
0.0428177
-23
-0.015884
-5
-0.00345304
81
0.0559392
-4
-0.00276243
3
0.00207182
-30
-0.0207182
-13
-0.0089779
-41
-0.0283149
-13
-0.0089779
51
0.035221
15
0.0103591
14
0.00966851
-9
-0.00621547
-40
-0.0276243
-10
-0.00690608
-3
-0.00207182
-28
-0.019337
16
0.0110497
-23
-0.015884
-46
-0.031768
40
0.0276243
26
0.0179558
-20
-0.0138122
-22
-0.0151934
-37
-0.0255525
9
0.00621547
2
0.00138122
5
0.00345304
-49
-0.0338398
-8
-0.00552486
18
0.0124309
10
0.00690608
1
0.000690608
-9
-0.00621547
-36
-0.0248619
50
0.0345304
25
0.0172652
-5
-0.00345304
41
0.0283149
-28
-0.019337
31
0.0214088
-66
-0.0455801
33
0.0227901
-5
-0.00345304
-28
-0.019337
0
0
-5
-0.00345304
-36
-0.0248619
-66
-0.0455801
-28
-0.019337
-21
-0.0145028
19
0.0131215
-71
-0.0490331
-20
-0.0138122
-16
-0.0110497
17
0.0117403
36
0.0248619
5
0.00345304
-20
-0.0138122
-33
-0.0227901
-23
-0.015884
-26
-0.0179558
58
0.0400552
9
0.00621547
18
0.0124309
14
0.00966851
-15
-0.0103591
-40
-0.0276243
-23
-0.015884
-38
-0.0262431
16
0.0110497
56
0.038674
-76
-0.0524862
8
0.00552486
17
0.0117403
35
0.0241713
34
0.0234807
43
0.0296961
17
0.0117403
17
0.0117403
4
0.00276243
-40
-0.0276243
62
0.0428177
-14
-0.00966851
38
0.0262431
-38
-0.0262431
-38
-0.0262431
-13
-0.0089779
-13
-0.0089779
0
0
-63
-0.0435083
1
0.000690608
-47
-0.0324586
50
0.0345304
-13
-0.0089779
21
0.0145028
-32
-0.0220994
-34
-0.0234807
40
0.0276243
-9
-0.00621547
18
0.0124309
18
0.0124309
55
0.0379834
-15
-0.0103591
-5
-0.00345304
-5
-0.00345304
9
0.00621547
28
0.019337
12
0.00828729
104
0.0718232
12
0.00828729
50
0.0345304
-9
-0.00621547
45
0.0310773
23
0.015884
31
0.0214088
-15
-0.0103591
-12
-0.00828729
19
0.0131215
-20
-0.0138122
25
0.0172652
-17
-0.0117403
59
0.0407459
59
0.0407459
-4
-0.00276243
-10
-0.00690608
23
0.015884
11
0.00759669
12
0.00828729
15
0.0103591
53
0.0366022
34
0.0234807
-34
-0.0234807
-44
-0.0303867
-61
-0.0421271
-14
-0.00966851
-4
-0.00276243
-11
-0.00759669
11
0.00759669
-35
-0.0241713
30
0.0207182
27
0.0186464
4
0.00276243
-5
-0.00345304
8
0.00552486
-23
-0.015884
25
0.0172652
30
0.0207182
-49
-0.0338398
17
0.0117403
4
0.00276243
30
0.0207182
38
0.0262431
-12
-0.00828729
-30
-0.0207182
-20
-0.0138122
-9
-0.00621547
2
0.00138122
-5
-0.00345304
-24
-0.0165746
85
0.0587017
-36
-0.0248619
-51
-0.035221
25
0.0172652
-28
-0.019337
-29
-0.0200276
-21
-0.0145028
9
0.00621547
14
0.00966851
10
0.00690608
9
0.00621547
8
0.00552486
-51
-0.035221
94
0.0649171
30
0.0207182
5
0.00345304
38
0.0262431
-27
-0.0186464
22
0.0151934
10
0.00690608
17
0.0117403
-8
-0.00552486
-20
-0.0138122
26
0.0179558
-50
-0.0345304
-31
-0.0214088
-82
-0.0566298
-27
-0.0186464
-3
-0.00207182
18
0.0124309
21
0.0145028
73
0.0504144
20
0.0138122
47
0.0324586
23
0.015884
11
0.00759669
14
0.00966851
-7
-0.00483425
-15
-0.0103591
19
0.0131215
19
0.0131215
-20
-0.0138122
5
0.00345304
42
0.0290055
-17
-0.0117403
43
0.0296961
-11
-0.00759669
-38
-0.0262431
41
0.0283149
46
0.031768
-76
-0.0524862
9
0.00621547
-7
-0.00483425
0
0
48
0.0331492
25
0.0172652
-36
-0.0248619
-23
-0.015884
14
0.00966851
53
0.0366022
5
0.00345304
60
0.0414365
24
0.0165746
38
0.0262431
26
0.0179558
-11
-0.00759669
31
0.0214088
25
0.0172652
33
0.0227901
-11
-0.00759669
-7
-0.00483425
3
0.00207182
-8
-0.00552486
-39
-0.0269337
-1
-0.000690608
45
0.0310773
-9
-0.00621547
-50
-0.0345304
-41
-0.0283149
29
0.0200276
59
0.0407459
44
0.0303867
-40
-0.0276243
13
0.0089779
-4
-0.00276243
-10
-0.00690608
-110
-0.0759669
34
0.0234807
-13
-0.0089779
52
0.0359116
33
0.0227901
-2
-0.00138122
51
0.035221
-56
-0.038674
-13
-0.0089779
-36
-0.0248619
24
0.0165746
-30
-0.0207182
-28
-0.019337
-20
-0.0138122
-14
-0.00966851
-49
-0.0338398
18
0.0124309
-39
-0.0269337
-53
-0.0366022
38
0.0262431
-1
-0.000690608
14
0.00966851
-19
-0.0131215
-57
-0.0393646
-38
-0.0262431
-30
-0.0207182
25
0.0172652
-22
-0.0151934
11
0.00759669
47
0.0324586
-55
-0.0379834
-25
-0.0172652
35
0.0241713
-5
-0.00345304
-11
-0.00759669
42
0.0290055
3
0.00207182
32
0.0220994
-49
-0.0338398
15
0.0103591
-11
-0.00759669
25
0.0172652
-40
-0.0276243
-42
-0.0290055
5
0.00345304
0
0
-65
-0.0448895
14
0.00966851
-18
-0.0124309
31
0.0214088
-43
-0.0296961
38
0.0262431
-19
-0.0131215
58
0.0400552
-31
-0.0214088
-66
-0.0455801
-14
-0.00966851
-33
-0.0227901
13
0.0089779
84
0.058011
-15
-0.0103591
99
0.0683702
14
0.00966851
26
0.0179558
-4
-0.00276243
-47
-0.0324586
45
0.0310773
0
0
14
0.00966851
40
0.0276243
-6
-0.00414365
-11
-0.00759669
-44
-0.0303867
39
0.0269337
23
0.015884
-8
-0.00552486
-12
-0.00828729
-10
-0.00690608
58
0.0400552
16
0.0110497
8
0.00552486
-18
-0.0124309
36
0.0248619
17
0.0117403
-27
-0.0186464
-47
-0.0324586
-18
-0.0124309
-11
-0.00759669
-15
-0.0103591
18
0.0124309
-29
-0.0200276
-12
-0.00828729
25
0.0172652
24
0.0165746
-4
-0.00276243
-33
-0.0227901
-4
-0.00276243
-39
-0.0269337
-12
-0.00828729
-20
-0.0138122
25
0.0172652
1
0.000690608
-32
-0.0220994
-16
-0.0110497
19
0.0131215
-8
-0.00552486
-31
-0.0214088
26
0.0179558
20
0.0138122
-45
-0.0310773
42
0.0290055
-27
-0.0186464
-25
-0.0172652
16
0.0110497
-22
-0.0151934
-8
-0.00552486
-34
-0.0234807
8
0.00552486
-38
-0.0262431
-25
-0.0172652
-15
-0.0103591
6
0.00414365
13
0.0089779
-16
-0.0110497
30
0.0207182
25
0.0172652
-3
-0.00207182
30
0.0207182
49
0.0338398
44
0.0303867
-72
-0.0497238
-8
-0.00552486
-18
-0.0124309
40
0.0276243
5
0.00345304
66
0.0455801
-25
-0.0172652
6
0.00414365
-28
-0.019337
8
0.00552486
-14
-0.00966851
50
0.0345304
27
0.0186464
40
0.0276243
10
0.00690608
14
0.00966851
22
0.0151934
13
0.0089779
28
0.019337
52
0.0359116
3
0.00207182
11
0.00759669
-10
-0.00690608
3
0.00207182
45
0.0310773
64
0.0441989
14
0.00966851
-1
-0.000690608
-19
-0.0131215
11
0.00759669
-17
-0.0117403
71
0.0490331
48
0.0331492
-9
-0.00621547
20
0.0138122
29
0.0200276
11
0.00759669
-31
-0.0214088
-2
-0.00138122
34
0.0234807
-27
-0.0186464
-54
-0.0372928
-35
-0.0241713
22
0.0151934
52
0.0359116
7
0.00483425
9
0.00621547
-34
-0.0234807
13
0.0089779
-19
-0.0131215
-2
-0.00138122
-14
-0.00966851
2
0.00138122
24
0.0165746
41
0.0283149
43
0.0296961
-19
-0.0131215
15
0.0103591
-59
-0.0407459
-20
-0.0138122
47
0.0324586
11
0.00759669
-25
-0.0172652
79
0.054558
16
0.0110497
20
0.0138122
19
0.0131215
13
0.0089779
14
0.00966851
1
0.000690608
-10
-0.00690608
43
0.0296961
-24
-0.0165746
32
0.0220994
-12
-0.00828729
4
0.00276243
-34
-0.0234807
55
0.0379834
-19
-0.0131215
48
0.0331492
56
0.038674
-66
-0.0455801
-10
-0.00690608
37
0.0255525
2
0.00138122
7
0.00483425
-19
-0.0131215
-43
-0.0296961
41
0.0283149
-38
-0.0262431
28
0.019337
32
0.0220994
-37
-0.0255525
16
0.0110497
42
0.0290055
-12
-0.00828729
-48
-0.0331492
-22
-0.0151934
82
0.0566298
43
0.0296961
31
0.0214088
30
0.0207182
1
0.000690608
-12
-0.00828729
-2
-0.00138122
7
0.00483425
-57
-0.0393646
24
0.0165746
7
0.00483425
-2
-0.00138122
40
0.0276243
6
0.00414365
-30
-0.0207182
-14
-0.00966851
40
0.0276243
19
0.0131215
-8
-0.00552486
-42
-0.0290055
-16
-0.0110497
14
0.00966851
22
0.0151934
56
0.038674
41
0.0283149
-63
-0.0435083
-27
-0.0186464
88
0.0607735
-49
-0.0338398
-41
-0.0283149
67
0.0462707
-27
-0.0186464
46
0.031768
4
0.00276243
-22
-0.0151934
-30
-0.0207182
-59
-0.0407459
-8
-0.00552486
29
0.0200276
-1
-0.000690608
9
0.00621547
37
0.0255525
12
0.00828729
-42
-0.0290055
84
0.058011
69
0.0476519
3
0.00207182
105
0.0725138
-19
-0.0131215
94
0.0649171
7
0.00483425
22
0.0151934
-14
-0.00966851
-28
-0.019337
-51
-0.035221
-31
-0.0214088
51
0.035221
-44
-0.0303867
23
0.015884
74
0.051105
-31
-0.0214088
-45
-0.0310773
-24
-0.0165746
1
0.000690608
-27
-0.0186464
-79
-0.054558
-38
-0.0262431
12
0.00828729
35
0.0241713
2
0.00138122
23
0.015884
8
0.00552486
-6
-0.00414365
15
0.0103591
16
0.0110497
-13
-0.0089779
17
0.0117403
-9
-0.00621547
-64
-0.0441989
54
0.0372928
-21
-0.0145028
-12
-0.00828729
-26
-0.0179558
31
0.0214088
30
0.0207182
0
0
11
0.00759669
-56
-0.038674
-17
-0.0117403
55
0.0379834
19
0.0131215
-52
-0.0359116
-33
-0.0227901
-23
-0.015884
-15
-0.0103591
33
0.0227901
-34
-0.0234807
10
0.00690608
22
0.0151934
10
0.00690608
-46
-0.031768
-37
-0.0255525
7
0.00483425
28
0.019337
-50
-0.0345304
-71
-0.0490331
0
0
-19
-0.0131215
38
0.0262431
24
0.0165746
-12
-0.00828729
13
0.0089779
-28
-0.019337
-15
-0.0103591
12
0.00828729
-6
-0.00414365
19
0.0131215
-9
-0.00621547
7
0.00483425
10
0.00690608
9
0.00621547
5
0.00345304
-21
-0.0145028
-51
-0.035221
65
0.0448895
-39
-0.0269337
20
0.0138122
-7
-0.00483425
8
0.00552486
-12
-0.00828729
36
0.0248619
41
0.0283149
59
0.0407459
4
0.00276243
-30
-0.0207182
-53
-0.0366022
-49
-0.0338398
54
0.0372928
32
0.0220994
54
0.0372928
18
0.0124309
-29
-0.0200276
-17
-0.0117403
-27
-0.0186464
-33
-0.0227901
67
0.0462707
0
0
64
0.0441989
17
0.0117403
-36
-0.0248619
16
0.0110497
-38
-0.0262431
-2
-0.00138122
-36
-0.0248619
-22
-0.0151934
-48
-0.0331492
-10
-0.00690608
-27
-0.0186464
-9
-0.00621547
-70
-0.0483425
-32
-0.0220994
-26
-0.0179558
15
0.0103591
58
0.0400552
40
0.0276243
-9
-0.00621547
-13
-0.0089779
39
0.0269337
-32
-0.0220994
6
0.00414365
-101
-0.0697514
-4
-0.00276243
-4
-0.00276243
47
0.0324586
37
0.0255525
-29
-0.0200276
15
0.0103591
21
0.0145028
47
0.0324586
66
0.0455801
18
0.0124309
10
0.00690608
12
0.00828729
7
0.00483425
49
0.0338398
119
0.0821823
5
0.00345304
11
0.00759669
-22
-0.0151934
60
0.0414365
-57
-0.0393646
25
0.0172652
-57
-0.0393646
27
0.0186464
42
0.0290055
30
0.0207182
-8
-0.00552486
-14
-0.00966851
-6
-0.00414365
-57
-0.0393646
-35
-0.0241713
20
0.0138122
16
0.0110497
-2
-0.00138122
23
0.015884
-17
-0.0117403
-2
-0.00138122
-31
-0.0214088
-40
-0.0276243
-4
-0.00276243
37
0.0255525
-13
-0.0089779
-14
-0.00966851
5
0.00345304
-32
-0.0220994
12
0.00828729
3
0.00207182
-6
-0.00414365
36
0.0248619
-4
-0.00276243
-17
-0.0117403
-25
-0.0172652
-52
-0.0359116
-35
-0.0241713
1
0.000690608
17
0.0117403
-7
-0.00483425
-47
-0.0324586
-12
-0.00828729
33
0.0227901
3
0.00207182
56
0.038674
23
0.015884
33
0.0227901
-26
-0.0179558
39
0.0269337
-28
-0.019337
21
0.0145028
-49
-0.0338398
-5
-0.00345304
-16
-0.0110497
-75
-0.0517956
17
0.0117403
-15
-0.0103591
-19
-0.0131215
54
0.0372928
-45
-0.0310773
44
0.0303867
13
0.0089779
9
0.00621547
-53
-0.0366022
52
0.0359116
-9
-0.00621547
36
0.0248619
25
0.0172652
13
0.0089779
-32
-0.0220994
47
0.0324586
63
0.0435083
-11
-0.00759669
17
0.0117403
64
0.0441989
-30
-0.0207182
-41
-0.0283149
2
0.00138122
-58
-0.0400552
11
0.00759669
81
0.0559392
-5
-0.00345304
11
0.00759669
-4
-0.00276243
-28
-0.019337
-23
-0.015884
-4
-0.00276243
22
0.0151934
-77
-0.0531768
-43
-0.0296961
30
0.0207182
-27
-0.0186464
37
0.0255525
7
0.00483425
-37
-0.0255525
4
0.00276243
7
0.00483425
69
0.0476519
12
0.00828729
-27
-0.0186464
-2
-0.00138122
42
0.0290055
4
0.00276243
-5
-0.00345304
18
0.0124309
30
0.0207182
19
0.0131215
-4
-0.00276243
-14
-0.00966851
-28
-0.019337
-14
-0.00966851
16
0.0110497
38
0.0262431
16
0.0110497
46
0.031768
-7
-0.00483425
0
0
-45
-0.0310773
35
0.0241713
-10
-0.00690608
-69
-0.0476519
8
0.00552486
57
0.0393646
-4
-0.00276243
58
0.0400552
-36
-0.0248619
-35
-0.0241713
30
0.0207182
37
0.0255525
12
0.00828729
36
0.0248619
2
0.00138122
32
0.0220994
6
0.00414365
12
0.00828729
-41
-0.0283149
25
0.0172652
-14
-0.00966851
42
0.0290055
-6
-0.00414365
18
0.0124309
-13
-0.0089779
-21
-0.0145028
20
0.0138122
57
0.0393646
-13
-0.0089779
-68
-0.0469613
38
0.0262431
-11
-0.00759669
-73
-0.0504144
-20
-0.0138122
-15
-0.0103591
0
0
23
0.015884
-18
-0.0124309
38
0.0262431
-8
-0.00552486
10
0.00690608
-41
-0.0283149
-2
-0.00138122
-1
-0.000690608
-45
-0.0310773
-69
-0.0476519
-33
-0.0227901
-13
-0.0089779
46
0.031768
7
0.00483425
15
0.0103591
36
0.0248619
-10
-0.00690608
29
0.0200276
38
0.0262431
-57
-0.0393646
94
0.0649171
-8
-0.00552486
-5
-0.00345304
-78
-0.0538674
39
0.0269337
23
0.015884
14
0.00966851
19
0.0131215
-52
-0.0359116
1
0.000690608
-52
-0.0359116
-10
-0.00690608
-5
-0.00345304
-13
-0.0089779
30
0.0207182
19
0.0131215
40
0.0276243
-46
-0.031768
21
0.0145028
29
0.0200276
-28
-0.019337
-32
-0.0220994
18
0.0124309
7
0.00483425
-10
-0.00690608
25
0.0172652
-13
-0.0089779
39
0.0269337
-6
-0.00414365
-23
-0.015884
-8
-0.00552486
-10
-0.00690608
39
0.0269337
-28
-0.019337
14
0.00966851
70
0.0483425
-35
-0.0241713
1
0.000690608
10
0.00690608
-8
-0.00552486
-48
-0.0331492
-22
-0.0151934
-16
-0.0110497
8
0.00552486
15
0.0103591
4
0.00276243
18
0.0124309
-48
-0.0331492
-21
-0.0145028
11
0.00759669
60
0.0414365
-25
-0.0172652
30
0.0207182
56
0.038674
53
0.0366022
65
0.0448895
20
0.0138122
-13
-0.0089779
-17
-0.0117403
10
0.00690608
-1
-0.000690608
-80
-0.0552486
47
0.0324586
58
0.0400552
-28
-0.019337
-26
-0.0179558
70
0.0483425
-5
-0.00345304
5
0.00345304
-12
-0.00828729
51
0.035221
68
0.0469613
-56
-0.038674
-44
-0.0303867
-25
-0.0172652
31
0.0214088
-46
-0.031768
13
0.0089779
13
0.0089779
15
0.0103591
47
0.0324586
30
0.0207182
1
0.000690608
-73
-0.0504144
3
0.00207182
14
0.00966851
-49
-0.0338398
-64
-0.0441989
-12
-0.00828729
20
0.0138122
-16
-0.0110497
-40
-0.0276243
16
0.0110497
-47
-0.0324586
-3
-0.00207182
-11
-0.00759669
9
0.00621547
-38
-0.0262431
-23
-0.015884
35
0.0241713
24
0.0165746
-34
-0.0234807
35
0.0241713
37
0.0255525
10
0.00690608
-73
-0.0504144
76
0.0524862
24
0.0165746
-24
-0.0165746
-3
-0.00207182
-50
-0.0345304
28
0.019337
49
0.0338398
-22
-0.0151934
8
0.00552486
44
0.0303867
101
0.0697514
-17
-0.0117403
9
0.00621547
-51
-0.035221
-83
-0.0573204
44
0.0303867
-6
-0.00414365
36
0.0248619
-15
-0.0103591
-49
-0.0338398
-61
-0.0421271
-29
-0.0200276
76
0.0524862
-42
-0.0290055
-20
-0.0138122
-24
-0.0165746
-13
-0.0089779
-26
-0.0179558
14
0.00966851
-4
-0.00276243
-51
-0.035221
-60
-0.0414365
-104
-0.0718232
-8
-0.00552486
30
0.0207182
32
0.0220994
-32
-0.0220994
-4
-0.00276243
9
0.00621547
2
0.00138122
8
0.00552486
-38
-0.0262431
9
0.00621547
39
0.0269337
76
0.0524862
-28
-0.019337
50
0.0345304
70
0.0483425
2
0.00138122
-83
-0.0573204
-11
-0.00759669
37
0.0255525
9
0.00621547
23
0.015884
-16
-0.0110497
37
0.0255525
27
0.0186464
49
0.0338398
44
0.0303867
17
0.0117403
-13
-0.0089779
18
0.0124309
22
0.0151934
-1
-0.000690608
24
0.0165746
5
0.00345304
-13
-0.0089779
-39
-0.0269337
37
0.0255525
22
0.0151934
35
0.0241713
5
0.00345304
24
0.0165746
37
0.0255525
10
0.00690608
-44
-0.0303867
21
0.0145028
14
0.00966851
-33
-0.0227901
-33
-0.0227901
-11
-0.00759669
-40
-0.0276243
-7
-0.00483425
49
0.0338398
-33
-0.0227901
-10
-0.00690608
21
0.0145028
8
0.00552486
-23
-0.015884
-13
-0.0089779
-7
-0.00483425
56
0.038674
10
0.00690608
59
0.0407459
0
0
34
0.0234807
-43
-0.0296961
-24
-0.0165746
31
0.0214088
59
0.0407459
-31
-0.0214088
33
0.0227901
71
0.0490331
1
0.000690608
-5
-0.00345304
85
0.0587017
32
0.0220994
-5
-0.00345304
-14
-0.00966851
-37
-0.0255525
-52
-0.0359116
-9
-0.00621547
-14
-0.00966851
41
0.0283149
-32
-0.0220994
-20
-0.0138122
43
0.0296961
24
0.0165746
50
0.0345304
-12
-0.00828729
-45
-0.0310773
19
0.0131215
1
0.000690608
39
0.0269337
32
0.0220994
0
0
-13
-0.0089779
99
0.0683702
-14
-0.00966851
77
0.0531768
31
0.0214088
-50
-0.0345304
55
0.0379834
11
0.00759669
11
0.00759669
2
0.00138122
-18
-0.0124309
-74
-0.051105
-5
-0.00345304
0
0
26
0.0179558
20
0.0138122
-66
-0.0455801
40
0.0276243
23
0.015884
44
0.0303867
-70
-0.0483425
32
0.0220994
-58
-0.0400552
-9
-0.00621547
49
0.0338398
23
0.015884
-18
-0.0124309
17
0.0117403
-19
-0.0131215
88
0.0607735
-11
-0.00759669
3
0.00207182
-24
-0.0165746
-12
-0.00828729
27
0.0186464
29
0.0200276
-40
-0.0276243
-36
-0.0248619
-17
-0.0117403
9
0.00621547
-53
-0.0366022
49
0.0338398
31
0.0214088
-28
-0.019337
-48
-0.0331492
40
0.0276243
-15
-0.0103591
2
0.00138122
-82
-0.0566298
23
0.015884
-29
-0.0200276
-15
-0.0103591
13
0.0089779
23
0.015884
-55
-0.0379834
-17
-0.0117403
-17
-0.0117403
-69
-0.0476519
-22
-0.0151934
-4
-0.00276243
28
0.019337
11
0.00759669
92
0.0635359
-4
-0.00276243
4
0.00276243
28
0.019337
24
0.0165746
11
0.00759669
39
0.0269337
15
0.0103591
-54
-0.0372928
-45
-0.0310773
11
0.00759669
44
0.0303867
14
0.00966851
15
0.0103591
16
0.0110497
32
0.0220994
23
0.015884
-12
-0.00828729
6
0.00414365
-18
-0.0124309
-59
-0.0407459
10
0.00690608
-10
-0.00690608
6
0.00414365
8
0.00552486
12
0.00828729
-91
-0.0628453
15
0.0103591
-19
-0.0131215
-61
-0.0421271
-49
-0.0338398
9
0.00621547
-24
-0.0165746
-39
-0.0269337
31
0.0214088
17
0.0117403
-4
-0.00276243
-1
-0.000690608
-12
-0.00828729
9
0.00621547
37
0.0255525
32
0.0220994
10
0.00690608
-6
-0.00414365
7
0.00483425
-24
-0.0165746
-32
-0.0220994
-19
-0.0131215
17
0.0117403
44
0.0303867
-12
-0.00828729
60
0.0414365
1
0.000690608
17
0.0117403
54
0.0372928
22
0.0151934
25
0.0172652
-23
-0.015884
-8
-0.00552486
-15
-0.0103591
13
0.0089779
-112
-0.0773481
-14
-0.00966851
-27
-0.0186464
-27
-0.0186464
22
0.0151934
-8
-0.00552486
-17
-0.0117403
-61
-0.0421271
-6
-0.00414365
35
0.0241713
36
0.0248619
50
0.0345304
29
0.0200276
-43
-0.0296961
33
0.0227901
49
0.0338398
-7
-0.00483425
40
0.0276243
-76
-0.0524862
35
0.0241713
-27
-0.0186464
-32
-0.0220994
-3
-0.00207182
14
0.00966851
-56
-0.038674
-32
-0.0220994
10
0.00690608
6
0.00414365
-95
-0.0656077
59
0.0407459
12
0.00828729
9
0.00621547
43
0.0296961
-10
-0.00690608
-1
-0.000690608
33
0.0227901
22
0.0151934
34
0.0234807
-16
-0.0110497
-31
-0.0214088
-12
-0.00828729
-4
-0.00276243
28
0.019337
74
0.051105
6
0.00414365
-17
-0.0117403
-40
-0.0276243
-4
-0.00276243
-40
-0.0276243
11
0.00759669
11
0.00759669
-16
-0.0110497
13
0.0089779
-8
-0.00552486
32
0.0220994
9
0.00621547
-15
-0.0103591
48
0.0331492
77
0.0531768
-2
-0.00138122
-46
-0.031768
-14
-0.00966851
-35
-0.0241713
10
0.00690608
4
0.00276243
5
0.00345304
-79
-0.054558
48
0.0331492
-12
-0.00828729
9
0.00621547
10
0.00690608
3
0.00207182
28
0.019337
-56
-0.038674
-3
-0.00207182
14
0.00966851
64
0.0441989
5
0.00345304
20
0.0138122
19
0.0131215
-61
-0.0421271
54
0.0372928
-7
-0.00483425
-34
-0.0234807
1
0.000690608
15
0.0103591
-12
-0.00828729
36
0.0248619
-34
-0.0234807
42
0.0290055
-85
-0.0587017
-1
-0.000690608
-21
-0.0145028
15
0.0103591
-58
-0.0400552
-13
-0.0089779
28
0.019337
15
0.0103591
18
0.0124309
-7
-0.00483425
-9
-0.00621547
-38
-0.0262431
-7
-0.00483425
-44
-0.0303867
-9
-0.00621547
-28
-0.019337
-14
-0.00966851
-29
-0.0200276
46
0.031768
-40
-0.0276243
15
0.0103591
-34
-0.0234807
0
0
-10
-0.00690608
-9
-0.00621547
-30
-0.0207182
7
0.00483425
-20
-0.0138122
63
0.0435083
25
0.0172652
-8
-0.00552486
41
0.0283149
31
0.0214088
5
0.00345304
46
0.031768
3
0.00207182
-121
-0.0835635
39
0.0269337
-2
-0.00138122
-25
-0.0172652
-26
-0.0179558
26
0.0179558
1
0.000690608
8
0.00552486
-13
-0.0089779
-24
-0.0165746
-6
-0.00414365
39
0.0269337
-28
-0.019337
17
0.0117403
5
0.00345304
9
0.00621547
-35
-0.0241713
30
0.0207182
30
0.0207182
16
0.0110497
-12
-0.00828729
-57
-0.0393646
-11
-0.00759669
-11
-0.00759669
14
0.00966851
-34
-0.0234807
-12
-0.00828729
-64
-0.0441989
-29
-0.0200276
-44
-0.0303867
22
0.0151934
12
0.00828729
-93
-0.0642265
-25
-0.0172652
33
0.0227901
-45
-0.0310773
26
0.0179558
24
0.0165746
2
0.00138122
-14
-0.00966851
11
0.00759669
33
0.0227901
-10
-0.00690608
6
0.00414365
61
0.0421271
-18
-0.0124309
-42
-0.0290055
-20
-0.0138122
-28
-0.019337
-78
-0.0538674
-12
-0.00828729
63
0.0435083
5
0.00345304
-25
-0.0172652
86
0.0593923
48
0.0331492
-41
-0.0283149
5
0.00345304
28
0.019337
-40
-0.0276243
-12
-0.00828729
78
0.0538674
-31
-0.0214088
36
0.0248619
18
0.0124309
47
0.0324586
-35
-0.0241713
-6
-0.00414365
-25
-0.0172652
-38
-0.0262431
-46
-0.031768
8
0.00552486
30
0.0207182
2
0.00138122
-32
-0.0220994
-13
-0.0089779
-14
-0.00966851
-17
-0.0117403
-26
-0.0179558
-23
-0.015884
70
0.0483425
-10
-0.00690608
2
0.00138122
129
0.0890884
43
0.0296961
-50
-0.0345304
2
0.00138122
25
0.0172652
-54
-0.0372928
-44
-0.0303867
58
0.0400552
-49
-0.0338398
-32
-0.0220994
44
0.0303867
-52
-0.0359116
45
0.0310773
61
0.0421271
-40
-0.0276243
-10
-0.00690608
35
0.0241713
-17
-0.0117403
-20
-0.0138122
4
0.00276243
-9
-0.00621547
-38
-0.0262431
-27
-0.0186464
-34
-0.0234807
-1
-0.000690608
36
0.0248619
-24
-0.0165746
-1
-0.000690608
-19
-0.0131215
4
0.00276243
-20
-0.0138122
14
0.00966851
5
0.00345304
-20
-0.0138122
18
0.0124309
28
0.019337
-12
-0.00828729
-55
-0.0379834
26
0.0179558
-55
-0.0379834
6
0.00414365
-21
-0.0145028
14
0.00966851
-2
-0.00138122
-23
-0.015884
37
0.0255525
-16
-0.0110497
-35
-0.0241713
-27
-0.0186464
59
0.0407459
-27
-0.0186464
-36
-0.0248619
-37
-0.0255525
8
0.00552486
65
0.0448895
7
0.00483425
-20
-0.0138122
64
0.0441989
-33
-0.0227901
15
0.0103591
-23
-0.015884
29
0.0200276
7
0.00483425
31
0.0214088
10
0.00690608
-54
-0.0372928
23
0.015884
49
0.0338398
25
0.0172652
-8
-0.00552486
-35
-0.0241713
-12
-0.00828729
10
0.00690608
-19
-0.0131215
15
0.0103591
-31
-0.0214088
-8
-0.00552486
-2
-0.00138122
1
0.000690608
-52
-0.0359116
1
0.000690608
5
0.00345304
5
0.00345304
9
0.00621547
12
0.00828729
0
0
-10
-0.00690608
16
0.0110497
-15
-0.0103591
-22
-0.0151934
-15
-0.0103591
17
0.0117403
-39
-0.0269337
56
0.038674
28
0.019337
-6
-0.00414365
45
0.0310773
39
0.0269337
30
0.0207182
-76
-0.0524862
-33
-0.0227901
-17
-0.0117403
4
0.00276243
-86
-0.0593923
9
0.00621547
50
0.0345304
-23
-0.015884
-6
-0.00414365
-35
-0.0241713
-60
-0.0414365
26
0.0179558
22
0.0151934
21
0.0145028
6
0.00414365
16
0.0110497
32
0.0220994
-3
-0.00207182
-19
-0.0131215
40
0.0276243
9
0.00621547
6
0.00414365
-11
-0.00759669
-5
-0.00345304
12
0.00828729
3
0.00207182
32
0.0220994
14
0.00966851
7
0.00483425
-3
-0.00207182
-10
-0.00690608
14
0.00966851
-22
-0.0151934
-57
-0.0393646
-32
-0.0220994
-11
-0.00759669
36
0.0248619
49
0.0338398
-29
-0.0200276
-32
-0.0220994
23
0.015884
-17
-0.0117403
39
0.0269337
-22
-0.0151934
14
0.00966851
-43
-0.0296961
3
0.00207182
-38
-0.0262431
-14
-0.00966851
-42
-0.0290055
18
0.0124309
-28
-0.019337
58
0.0400552
1
0.000690608
11
0.00759669
-2
-0.00138122
56
0.038674
-56
-0.038674
38
0.0262431
34
0.0234807
8
0.00552486
44
0.0303867
-37
-0.0255525
-1
-0.000690608
11
0.00759669
-7
-0.00483425
-17
-0.0117403
-2
-0.00138122
11
0.00759669
6
0.00414365
-66
-0.0455801
47
0.0324586
2
0.00138122
-52
-0.0359116
9
0.00621547
10
0.00690608
20
0.0138122
50
0.0345304
57
0.0393646
-60
-0.0414365
19
0.0131215
-14
-0.00966851
45
0.0310773
28
0.019337
5
0.00345304
3
0.00207182
-12
-0.00828729
-9
-0.00621547
-19
-0.0131215
-39
-0.0269337
-45
-0.0310773
-9
-0.00621547
-27
-0.0186464
24
0.0165746
-33
-0.0227901
17
0.0117403
-13
-0.0089779
60
0.0414365
-2
-0.00138122
31
0.0214088
-9
-0.00621547
-14
-0.00966851
-21
-0.0145028
26
0.0179558
24
0.0165746
36
0.0248619
-31
-0.0214088
-32
-0.0220994
-68
-0.0469613
1
0.000690608
-46
-0.031768
45
0.0310773
-12
-0.00828729
16
0.0110497
-1
-0.000690608
36
0.0248619
69
0.0476519
-6
-0.00414365
22
0.0151934
-8
-0.00552486
9
0.00621547
-11
-0.00759669
-38
-0.0262431
36
0.0248619
-13
-0.0089779
68
0.0469613
36
0.0248619
4
0.00276243
-8
-0.00552486
30
0.0207182
21
0.0145028
-30
-0.0207182
-41
-0.0283149
-7
-0.00483425
-8
-0.00552486
20
0.0138122
-13
-0.0089779
-36
-0.0248619
34
0.0234807
47
0.0324586
14
0.00966851
-110
-0.0759669
0
0
-28
-0.019337
11
0.00759669
12
0.00828729
32
0.0220994
65
0.0448895
53
0.0366022
-1
-0.000690608
61
0.0421271
-23
-0.015884
70
0.0483425
13
0.0089779
-50
-0.0345304
40
0.0276243
32
0.0220994
-25
-0.0172652
-12
-0.00828729
-19
-0.0131215
-55
-0.0379834
13
0.0089779
-25
-0.0172652
-29
-0.0200276
67
0.0462707
8
0.00552486
-34
-0.0234807
-13
-0.0089779
23
0.015884
-80
-0.0552486
-41
-0.0283149
-43
-0.0296961
49
0.0338398
-2
-0.00138122
-3
-0.00207182
-2
-0.00138122
-52
-0.0359116
-14
-0.00966851
-92
-0.0635359
-12
-0.00828729
12
0.00828729
-31
-0.0214088
-33
-0.0227901
64
0.0441989
-105
-0.0725138
20
0.0138122
-32
-0.0220994
-20
-0.0138122
-84
-0.058011
13
0.0089779
38
0.0262431
41
0.0283149
-62
-0.0428177
18
0.0124309
24
0.0165746
41
0.0283149
-56
-0.038674
2
0.00138122
-42
-0.0290055
-21
-0.0145028
18
0.0124309
-40
-0.0276243
-7
-0.00483425
-46
-0.031768
62
0.0428177
0
0
102
0.070442
45
0.0310773
45
0.0310773
-15
-0.0103591
35
0.0241713
-15
-0.0103591
-52
-0.0359116
-33
-0.0227901
-68
-0.0469613
-98
-0.0676796
-17
-0.0117403
-44
-0.0303867
34
0.0234807
24
0.0165746
53
0.0366022
10
0.00690608
11
0.00759669
-30
-0.0207182
12
0.00828729
-26
-0.0179558
-6
-0.00414365
6
0.00414365
22
0.0151934
24
0.0165746
-10
-0.00690608
7
0.00483425
-25
-0.0172652
-18
-0.0124309
-6
-0.00414365
-41
-0.0283149
104
0.0718232
-22
-0.0151934
24
0.0165746
-39
-0.0269337
-37
-0.0255525
40
0.0276243
-56
-0.038674
-32
-0.0220994
6
0.00414365
-25
-0.0172652
-32
-0.0220994
0
0
52
0.0359116
-15
-0.0103591
-17
-0.0117403
-21
-0.0145028
41
0.0283149
47
0.0324586
-41
-0.0283149
9
0.00621547
25
0.0172652
-5
-0.00345304
39
0.0269337
36
0.0248619
30
0.0207182
6
0.00414365
17
0.0117403
11
0.00759669
7
0.00483425
-66
-0.0455801
-52
-0.0359116
14
0.00966851
29
0.0200276
40
0.0276243
48
0.0331492
-17
-0.0117403
-11
-0.00759669
31
0.0214088
14
0.00966851
-60
-0.0414365
-18
-0.0124309
-109
-0.0752762
30
0.0207182
-21
-0.0145028
-16
-0.0110497
46
0.031768
-49
-0.0338398
75
0.0517956
0
0
46
0.031768
36
0.0248619
18
0.0124309
-6
-0.00414365
13
0.0089779
37
0.0255525
19
0.0131215
59
0.0407459
-7
-0.00483425
39
0.0269337
47
0.0324586
29
0.0200276
28
0.019337
46
0.031768
-73
-0.0504144
-9
-0.00621547
11
0.00759669
12
0.00828729
-27
-0.0186464
-14
-0.00966851
43
0.0296961
-34
-0.0234807
34
0.0234807
-22
-0.0151934
59
0.0407459
31
0.0214088
-32
-0.0220994
-53
-0.0366022
19
0.0131215
-9
-0.00621547
8
0.00552486
82
0.0566298
-18
-0.0124309
40
0.0276243
20
0.0138122
-5
-0.00345304
2
0.00138122
-60
-0.0414365
8
0.00552486
-4
-0.00276243
1
0.000690608
26
0.0179558
-6
-0.00414365
-12
-0.00828729
0
0
4
0.00276243
-16
-0.0110497
13
0.0089779
-68
-0.0469613
34
0.0234807
-56
-0.038674
28
0.019337
14
0.00966851
-80
-0.0552486
57
0.0393646
-4
-0.00276243
37
0.0255525
56
0.038674
31
0.0214088
51
0.035221
21
0.0145028
-7
-0.00483425
29
0.0200276
79
0.054558
-30
-0.0207182
57
0.0393646
-9
-0.00621547
-58
-0.0400552
27
0.0186464
-17
-0.0117403
24
0.0165746
17
0.0117403
-10
-0.00690608
-30
-0.0207182
-61
-0.0421271
77
0.0531768
4
0.00276243
-15
-0.0103591
53
0.0366022
-48
-0.0331492
-38
-0.0262431
5
0.00345304
-11
-0.00759669
38
0.0262431
-13
-0.0089779
-42
-0.0290055
9
0.00621547
-110
-0.0759669
7
0.00483425
-17
-0.0117403
-10
-0.00690608
-33
-0.0227901
37
0.0255525
65
0.0448895
49
0.0338398
50
0.0345304
22
0.0151934
51
0.035221
24
0.0165746
-30
-0.0207182
61
0.0421271
14
0.00966851
-39
-0.0269337
4
0.00276243
-26
-0.0179558
-25
-0.0172652
-12
-0.00828729
1
0.000690608
20
0.0138122
-101
-0.0697514
-65
-0.0448895
4
0.00276243
45
0.0310773
21
0.0145028
44
0.0303867
43
0.0296961
-22
-0.0151934
-54
-0.0372928
-32
-0.0220994
-9
-0.00621547
22
0.0151934
-73
-0.0504144
-12
-0.00828729
-2
-0.00138122
51
0.035221
-18
-0.0124309
-11
-0.00759669
25
0.0172652
-30
-0.0207182
-47
-0.0324586
-30
-0.0207182
30
0.0207182
-11
-0.00759669
8
0.00552486
7
0.00483425
76
0.0524862
-16
-0.0110497
6
0.00414365
8
0.00552486
16
0.0110497
46
0.031768
67
0.0462707
-44
-0.0303867
29
0.0200276
-4
-0.00276243
103
0.0711326
33
0.0227901
-28
-0.019337
-16
-0.0110497
-7
-0.00483425
23
0.015884
-21
-0.0145028
-43
-0.0296961
30
0.0207182
-45
-0.0310773
25
0.0172652
10
0.00690608
16
0.0110497
-55
-0.0379834
-38
-0.0262431
-11
-0.00759669
56
0.038674
84
0.058011
15
0.0103591
5
0.00345304
-17
-0.0117403
6
0.00414365
42
0.0290055
15
0.0103591
-7
-0.00483425
55
0.0379834
-5
-0.00345304
76
0.0524862
-43
-0.0296961
-5
-0.00345304
37
0.0255525
45
0.0310773
-11
-0.00759669
-11
-0.00759669
-75
-0.0517956
16
0.0110497
55
0.0379834
8
0.00552486
39
0.0269337
9
0.00621547
62
0.0428177
-44
-0.0303867
54
0.0372928
-45
-0.0310773
-31
-0.0214088
3
0.00207182
-44
-0.0303867
6
0.00414365
-20
-0.0138122
25
0.0172652
-104
-0.0718232
-13
-0.0089779
42
0.0290055
-18
-0.0124309
-21
-0.0145028
44
0.0303867
0
0
17
0.0117403
7
0.00483425
6
0.00414365
-43
-0.0296961
-102
-0.070442
62
0.0428177
10
0.00690608
38
0.0262431
-80
-0.0552486
-21
-0.0145028
-6
-0.00414365
63
0.0435083
-35
-0.0241713
12
0.00828729
52
0.0359116
-15
-0.0103591
-9
-0.00621547
-40
-0.0276243
-19
-0.0131215
106
0.0732044
-14
-0.00966851
-31
-0.0214088
54
0.0372928
