-311
-0.0189819
118
0.00720215
-25
-0.00152588
-105
-0.00640869
396
0.0241699
-119
-0.00726318
-255
-0.015564
-288
-0.0175781
-45
-0.00274658
-45
-0.00274658
199
0.012146
18
0.00109863
-516
-0.0314941
-211
-0.0128784
-94
-0.0057373
41
0.00250244
-88
-0.00537109
87
0.00531006
241
0.0147095
-50
-0.00305176
-157
-0.00958252
13
0.000793457
-182
-0.0111084
56
0.00341797
22
0.00134277
116
0.00708008
29
0.00177002
25
0.00152588
64
0.00390625
-45
-0.00274658
231
0.0140991
-146
-0.00891113
134
0.00817871
43
0.00262451
383
0.0233765
2
0.00012207
-388
-0.0236816
-203
-0.0123901
98
0.00598145
-6
-0.000366211
-77
-0.00469971
-62
-0.00378418
-36
-0.00219727
-173
-0.0105591
0
0
94
0.0057373
-332
-0.0202637
87
0.00531006
69
0.00421143
-102
-0.00622559
64
0.00390625
-66
-0.00402832
63
0.00384521
-9
-0.000549316
355
0.0216675
-24
-0.00146484
212
0.0129395
-20
-0.0012207
-551
-0.0336304
-19
-0.00115967
233
0.0142212
59
0.00360107
121
0.00738525
-74
-0.0045166
70
0.00427246
-93
-0.00567627
-499
-0.0304565
100
0.00610352
316
0.0192871
-31
-0.00189209
-42
-0.00256348
-103
-0.00628662
128
0.0078125
136
0.00830078
24
0.00146484
48
0.00292969
-50
-0.00305176
-114
-0.00695801
115
0.00701904
-117
-0.00714111
-21
-0.00128174
-153
-0.00933838
-283
-0.0172729
100
0.00610352
-118
-0.00720215
247
0.0150757
265
0.0161743
86
0.00524902
239
0.0145874
215
0.0131226
-459
-0.0280151
-321
-0.0195923
-96
-0.00585938
89
0.00543213
-57
-0.003479
-72
-0.00439453
-262
-0.0159912
133
0.00811768
-242
-0.0147705
-60
-0.00366211
-64
-0.00390625
4
0.000244141
-333
-0.0203247
100
0.00610352
-115
-0.00701904
0
0
446
0.0272217
114
0.00695801
40
0.00244141
-69
-0.00421143
65
0.00396729
-213
-0.0130005
-132
-0.00805664
17
0.0010376
61
0.00372314
151
0.00921631
-356
-0.0217285
-16
-0.000976562
283
0.0172729
13
0.000793457
-315
-0.0192261
-111
-0.0067749
-282
-0.0172119
74
0.0045166
-132
-0.00805664
124
0.00756836
74
0.0045166
-128
-0.0078125
289
0.0176392
104
0.00634766
-102
-0.00622559
47
0.00286865
-264
-0.0161133
-25
-0.00152588
-168
-0.0102539
-142
-0.00866699
-63
-0.00384521
-1
-6.10352e-05
91
0.0055542
79
0.00482178
78
0.00476074
-115
-0.00701904
424
0.0258789
-251
-0.0153198
241
0.0147095
-34
-0.0020752
248
0.0151367
216
0.0131836
318
0.0194092
88
0.00537109
112
0.00683594
-74
-0.0045166
-110
-0.00671387
-74
-0.0045166
-181
-0.0110474
31
0.00189209
-250
-0.0152588
-73
-0.00445557
-65
-0.00396729
-46
-0.00280762
-294
-0.0179443
8
0.000488281
283
0.0172729
-21
-0.00128174
-148
-0.0090332
-76
-0.00463867
-236
-0.0144043
24
0.00146484
-309
-0.0188599
283
0.0172729
163
0.00994873
90
0.00549316
-15
-0.000915527
-239
-0.0145874
-114
-0.00695801
87
0.00531006
-561
-0.0342407
78
0.00476074
485
0.0296021
-35
-0.00213623
84
0.00512695
104
0.00634766
-259
-0.0158081
-288
-0.0175781
-3
-0.000183105
-122
-0.00744629
-123
-0.00750732
-42
-0.00256348
-36
-0.00219727
119
0.00726318
549
0.0335083
94
0.0057373
59
0.00360107
103
0.00628662
68
0.00415039
-109
-0.00665283
370
0.022583
448
0.0273438
321
0.0195923
-146
-0.00891113
-83
-0.00506592
25
0.00152588
-234
-0.0142822
83
0.00506592
-144
-0.00878906
-52
-0.00317383
509
0.0310669
73
0.00445557
331
0.0202026
114
0.00695801
273
0.0166626
82
0.00500488
-138
-0.00842285
45
0.00274658
-238
-0.0145264
-58
-0.00354004
81
0.00494385
33
0.00201416
-342
-0.020874
-41
-0.00250244
-62
-0.00378418
-19
-0.00115967
-146
-0.00891113
19
0.00115967
-37
-0.0022583
-170
-0.010376
-57
-0.003479
-79
-0.00482178
-361
-0.0220337
124
0.00756836
-210
-0.0128174
71
0.0043335
130
0.00793457
-1
-6.10352e-05
101
0.00616455
-55
-0.00335693
-229
-0.0139771
178
0.0108643
330
0.0201416
151
0.00921631
167
0.0101929
207
0.0126343
-64
-0.00390625
171
0.010437
-133
-0.00811768
8
0.000488281
-96
-0.00585938
87
0.00531006
-439
-0.0267944
39
0.00238037
206
0.0125732
-74
-0.0045166
-234
-0.0142822
-108
-0.0065918
3
0.000183105
66
0.00402832
-381
-0.0232544
-32
-0.00195312
-357
-0.0217896
168
0.0102539
152
0.00927734
-48
-0.00292969
51
0.00311279
80
0.00488281
-163
-0.00994873
-77
-0.00469971
288
0.0175781
82
0.00500488
-206
-0.0125732
-81
-0.00494385
192
0.0117188
-125
-0.00762939
-45
-0.00274658
-102
-0.00622559
-280
-0.0170898
-19
-0.00115967
-170
-0.010376
22
0.00134277
39
0.00238037
86
0.00524902
-250
-0.0152588
-27
-0.00164795
-132
-0.00805664
-101
-0.00616455
175
0.0106812
5
0.000305176
118
0.00720215
20
0.0012207
315
0.0192261
-44
-0.00268555
92
0.00561523
-140
-0.00854492
42
0.00256348
47
0.00286865
-227
-0.013855
-59
-0.00360107
-370
-0.022583
33
0.00201416
127
0.00775146
-14
-0.000854492
-221
-0.0134888
-147
-0.00897217
-258
-0.0157471
-27
-0.00164795
-160
-0.00976562
-79
-0.00482178
-179
-0.0109253
-223
-0.0136108
184
0.0112305
-44
-0.00268555
418
0.0255127
-37
-0.0022583
270
0.0164795
16
0.000976562
-446
-0.0272217
-40
-0.00244141
159
0.00970459
1
6.10352e-05
-322
-0.0196533
11
0.000671387
-82
-0.00500488
-125
-0.00762939
344
0.0209961
-162
-0.0098877
-281
-0.0171509
-87
-0.00531006
-400
-0.0244141
33
0.00201416
303
0.0184937
113
0.00689697
-206
-0.0125732
103
0.00628662
-16
-0.000976562
-133
-0.00811768
-202
-0.0123291
25
0.00152588
-100
-0.00610352
-40
-0.00244141
-104
-0.00634766
-8
-0.000488281
185
0.0112915
-13
-0.000793457
-274
-0.0167236
-104
-0.00634766
-57
-0.003479
-113
-0.00689697
-204
-0.0124512
-131
-0.00799561
-62
-0.00378418
-344
-0.0209961
171
0.010437
-28
-0.00170898
47
0.00286865
357
0.0217896
238
0.0145264
-41
-0.00250244
-29
-0.00177002
-62
-0.00378418
137
0.00836182
-20
-0.0012207
-378
-0.0230713
-33
-0.00201416
5
0.000305176
-105
-0.00640869
-329
-0.0200806
39
0.00238037
268
0.0163574
-64
-0.00390625
-74
-0.0045166
-63
-0.00384521
-4
-0.000244141
43
0.00262451
-347
-0.0211792
-311
-0.0189819
193
0.0117798
63
0.00384521
-35
-0.00213623
-72
-0.00439453
-262
-0.0159912
-86
-0.00524902
-422
-0.0257568
2
0.00012207
-1
-6.10352e-05
-118
-0.00720215
-89
-0.00543213
113
0.00689697
-102
-0.00622559
83
0.00506592
256
0.015625
87
0.00531006
223
0.0136108
-102
-0.00622559
130
0.00793457
-111
-0.0067749
-93
-0.00567627
-136
-0.00830078
58
0.00354004
250
0.0152588
-130
-0.00793457
2
0.00012207
347
0.0211792
163
0.00994873
257
0.015686
-118
-0.00720215
-205
-0.0125122
24
0.00146484
260
0.0158691
-116
-0.00708008
-299
-0.0182495
154
0.00939941
163
0.00994873
53
0.00323486
-82
-0.00500488
-49
-0.00299072
-142
-0.00866699
-105
-0.00640869
120
0.00732422
27
0.00164795
-145
-0.0088501
62
0.00378418
14
0.000854492
106
0.00646973
-302
-0.0184326
-235
-0.0143433
46
0.00280762
58
0.00354004
289
0.0176392
-2
-0.00012207
-233
-0.0142212
22
0.00134277
-272
-0.0166016
-162
-0.0098877
459
0.0280151
-150
-0.00915527
-537
-0.0327759
151
0.00921631
20
0.0012207
147
0.00897217
-298
-0.0181885
-87
-0.00531006
-150
-0.00915527
8
0.000488281
-280
-0.0170898
125
0.00762939
318
0.0194092
39
0.00238037
391
0.0238647
34
0.0020752
-175
-0.0106812
-52
-0.00317383
-4
-0.000244141
2
0.00012207
-549
-0.0335083
-18
-0.00109863
-44
-0.00268555
-30
-0.00183105
-48
-0.00292969
8
0.000488281
-310
-0.0189209
86
0.00524902
-86
-0.00524902
71
0.0043335
-62
-0.00378418
-64
-0.00390625
-326
-0.0198975
173
0.0105591
-205
-0.0125122
126
0.00769043
-149
-0.00909424
36
0.00219727
154
0.00939941
86
0.00524902
-46
-0.00280762
-95
-0.00579834
186
0.0113525
-26
-0.00158691
343
0.0209351
-69
-0.00421143
-229
-0.0139771
-195
-0.0119019
384
0.0234375
-64
-0.00390625
143
0.00872803
-68
-0.00415039
-82
-0.00500488
-41
-0.00250244
213
0.0130005
-67
-0.00408936
-31
-0.00189209
29
0.00177002
-8
-0.000488281
48
0.00292969
-43
-0.00262451
10
0.000610352
312
0.019043
-78
-0.00476074
-342
-0.020874
116
0.00708008
-97
-0.00592041
-145
-0.0088501
-36
-0.00219727
92
0.00561523
9
0.000549316
112
0.00683594
73
0.00445557
51
0.00311279
-211
-0.0128784
-6
-0.000366211
-34
-0.0020752
-131
-0.00799561
558
0.0340576
-157
-0.00958252
166
0.0101318
-122
-0.00744629
54
0.0032959
-164
-0.0100098
14
0.000854492
-29
-0.00177002
-319
-0.0194702
-3
-0.000183105
128
0.0078125
33
0.00201416
88
0.00537109
71
0.0043335
-68
-0.00415039
-98
-0.00598145
312
0.019043
-135
-0.00823975
316
0.0192871
-21
-0.00128174
94
0.0057373
-200
-0.012207
-109
-0.00665283
-18
-0.00109863
-136
-0.00830078
-71
-0.0043335
453
0.0276489
-262
-0.0159912
33
0.00201416
-69
-0.00421143
51
0.00311279
-56
-0.00341797
85
0.00518799
91
0.0055542
292
0.0178223
-172
-0.010498
-103
-0.00628662
44
0.00268555
80
0.00488281
128
0.0078125
162
0.0098877
-98
-0.00598145
-378
-0.0230713
-25
-0.00152588
487
0.0297241
24
0.00146484
-193
-0.0117798
-25
-0.00152588
26
0.00158691
47
0.00286865
183
0.0111694
119
0.00726318
-60
-0.00366211
41
0.00250244
51
0.00311279
-226
-0.0137939
89
0.00543213
99
0.00604248
362
0.0220947
-222
-0.0135498
-153
-0.00933838
141
0.00860596
169
0.0103149
6
0.000366211
-275
-0.0167847
-37
-0.0022583
-6
-0.000366211
-101
-0.00616455
38
0.00231934
-260
-0.0158691
-448
-0.0273438
-53
-0.00323486
136
0.00830078
-108
-0.0065918
-197
-0.0120239
6
0.000366211
164
0.0100098
111
0.0067749
295
0.0180054
-41
-0.00250244
217
0.0132446
73
0.00445557
-74
-0.0045166
-103
-0.00628662
-8
-0.000488281
42
0.00256348
-150
-0.00915527
-82
-0.00500488
-192
-0.0117188
139
0.00848389
-58
-0.00354004
-78
-0.00476074
-162
-0.0098877
81
0.00494385
-498
-0.0303955
10
0.000610352
123
0.00750732
167
0.0101929
254
0.0155029
84
0.00512695
-105
-0.00640869
-26
-0.00158691
350
0.0213623
-52
-0.00317383
-471
-0.0287476
71
0.0043335
112
0.00683594
78
0.00476074
267
0.0162964
-89
-0.00543213
-644
-0.0393066
61
0.00372314
-412
-0.0251465
-56
-0.00341797
186
0.0113525
-126
-0.00769043
214
0.0130615
58
0.00354004
-564
-0.0344238
-67
-0.00408936
169
0.0103149
-26
-0.00158691
-192
-0.0117188
-36
-0.00219727
133
0.00811768
-173
-0.0105591
-22
-0.00134277
33
0.00201416
47
0.00286865
64
0.00390625
-139
-0.00848389
25
0.00152588
142
0.00866699
-19
-0.00115967
95
0.00579834
-73
-0.00445557
41
0.00250244
-115
-0.00701904
55
0.00335693
98
0.00598145
296
0.0180664
18
0.00109863
-152
-0.00927734
-2
-0.00012207
16
0.000976562
-42
-0.00256348
-33
-0.00201416
16
0.000976562
137
0.00836182
90
0.00549316
-309
-0.0188599
-87
-0.00531006
-450
-0.0274658
145
0.0088501
-32
-0.00195312
64
0.00390625
58
0.00354004
-87
-0.00531006
195
0.0119019
86
0.00524902
191
0.0116577
68
0.00415039
187
0.0114136
-58
-0.00354004
-136
-0.00830078
-236
-0.0144043
-261
-0.0159302
120
0.00732422
-39
-0.00238037
15
0.000915527
78
0.00476074
-27
-0.00164795
-197
-0.0120239
53
0.00323486
-341
-0.020813
117
0.00714111
-18
-0.00109863
39
0.00238037
22
0.00134277
-246
-0.0150146
238
0.0145264
-86
-0.00524902
203
0.0123901
-20
-0.0012207
188
0.0114746
-135
-0.00823975
-91
-0.0055542
14
0.000854492
-319
-0.0194702
212
0.0129395
-629
-0.0383911
-118
-0.00720215
-396
-0.0241699
-261
-0.0159302
53
0.00323486
-71
-0.0043335
316
0.0192871
-32
-0.00195312
-412
-0.0251465
76
0.00463867
-243
-0.0148315
102
0.00622559
330
0.0201416
-224
-0.0136719
40
0.00244141
169
0.0103149
151
0.00921631
128
0.0078125
101
0.00616455
-249
-0.0151978
-422
-0.0257568
-46
-0.00280762
-247
-0.0150757
335
0.0204468
143
0.00872803
85
0.00518799
-199
-0.012146
61
0.00372314
-441
-0.0269165
48
0.00292969
90
0.00549316
-146
-0.00891113
-121
-0.00738525
-116
-0.00708008
160
0.00976562
-56
-0.00341797
515
0.0314331
-99
-0.00604248
-213
-0.0130005
27
0.00164795
235
0.0143433
212
0.0129395
-334
-0.0203857
-22
-0.00134277
-309
-0.0188599
-88
-0.00537109
-167
-0.0101929
24
0.00146484
249
0.0151978
21
0.00128174
-10
-0.000610352
21
0.00128174
53
0.00323486
-112
-0.00683594
418
0.0255127
18
0.00109863
157
0.00958252
10
0.000610352
390
0.0238037
249
0.0151978
158
0.00964355
122
0.00744629
-319
-0.0194702
-51
-0.00311279
287
0.0175171
76
0.00463867
-237
-0.0144653
-53
-0.00323486
20
0.0012207
88
0.00537109
-451
-0.0275269
-80
-0.00488281
-152
-0.00927734
201
0.0122681
-98
-0.00598145
234
0.0142822
-293
-0.0178833
-209
-0.0127563
-8
-0.000488281
32
0.00195312
-289
-0.0176392
-38
-0.00231934
-87
-0.00531006
-187
-0.0114136
-157
-0.00958252
-41
-0.00250244
285
0.017395
-28
-0.00170898
15
0.000915527
53
0.00323486
110
0.00671387
-4
-0.000244141
-29
-0.00177002
-19
-0.00115967
23
0.00140381
91
0.0055542
-224
-0.0136719
-77
-0.00469971
20
0.0012207
-137
-0.00836182
-54
-0.0032959
-85
-0.00518799
-96
-0.00585938
50
0.00305176
150
0.00915527
77
0.00469971
307
0.0187378
-88
-0.00537109
57
0.003479
-216
-0.0131836
-228
-0.013916
-126
-0.00769043
90
0.00549316
-106
-0.00646973
-162
-0.0098877
26
0.00158691
-245
-0.0149536
172
0.010498
77
0.00469971
-99
-0.00604248
390
0.0238037
-307
-0.0187378
-287
-0.0175171
155
0.00946045
-128
-0.0078125
-154
-0.00939941
-114
-0.00695801
-63
-0.00384521
-415
-0.0253296
-144
-0.00878906
20
0.0012207
178
0.0108643
-324
-0.0197754
-13
-0.000793457
-368
-0.0224609
204
0.0124512
-168
-0.0102539
90
0.00549316
323
0.0197144
19
0.00115967
86
0.00524902
-26
-0.00158691
-258
-0.0157471
62
0.00378418
-103
-0.00628662
-78
-0.00476074
190
0.0115967
-3
-0.000183105
43
0.00262451
84
0.00512695
197
0.0120239
-12
-0.000732422
140
0.00854492
113
0.00689697
-27
-0.00164795
24
0.00146484
212
0.0129395
-78
-0.00476074
210
0.0128174
133
0.00811768
-35
-0.00213623
1
6.10352e-05
-183
-0.0111694
103
0.00628662
-93
-0.00567627
185
0.0112915
227
0.013855
17
0.0010376
470
0.0286865
-145
-0.0088501
98
0.00598145
160
0.00976562
-181
-0.0110474
-33
-0.00201416
-114
-0.00695801
-155
-0.00946045
189
0.0115356
-1
-6.10352e-05
-273
-0.0166626
-7
-0.000427246
-352
-0.0214844
20
0.0012207
297
0.0181274
-112
-0.00683594
282
0.0172119
61
0.00372314
-153
-0.00933838
76
0.00463867
-10
-0.000610352
263
0.0160522
213
0.0130005
-308
-0.0187988
306
0.0186768
62
0.00378418
193
0.0117798
113
0.00689697
-132
-0.00805664
48
0.00292969
-45
-0.00274658
-165
-0.0100708
-365
-0.0222778
-206
-0.0125732
-50
-0.00305176
-17
-0.0010376
238
0.0145264
-152
-0.00927734
361
0.0220337
-101
-0.00616455
241
0.0147095
-152
-0.00927734
49
0.00299072
-124
-0.00756836
43
0.00262451
-16
-0.000976562
182
0.0111084
27
0.00164795
301
0.0183716
-41
-0.00250244
208
0.0126953
-47
-0.00286865
123
0.00750732
27
0.00164795
53
0.00323486
48
0.00292969
87
0.00531006
112
0.00683594
-62
-0.00378418
-59
-0.00360107
202
0.0123291
187
0.0114136
-26
-0.00158691
56
0.00341797
-74
-0.0045166
67
0.00408936
-155
-0.00946045
70
0.00427246
-500
-0.0305176
168
0.0102539
-575
-0.0350952
-55
-0.00335693
372
0.0227051
-48
-0.00292969
155
0.00946045
97
0.00592041
54
0.0032959
4
0.000244141
-234
-0.0142822
36
0.00219727
477
0.0291138
-157
-0.00958252
112
0.00683594
-108
-0.0065918
-207
-0.0126343
-28
-0.00170898
-279
-0.0170288
137
0.00836182
42
0.00256348
-88
-0.00537109
-37
-0.0022583
4
0.000244141
55
0.00335693
-30
-0.00183105
-68
-0.00415039
-229
-0.0139771
-106
-0.00646973
-57
-0.003479
108
0.0065918
-241
-0.0147095
58
0.00354004
-60
-0.00366211
207
0.0126343
-150
-0.00915527
-54
-0.0032959
-266
-0.0162354
-407
-0.0248413
-34
-0.0020752
362
0.0220947
-175
-0.0106812
-195
-0.0119019
2
0.00012207
330
0.0201416
-142
-0.00866699
-184
-0.0112305
177
0.0108032
-95
-0.00579834
-118
-0.00720215
141
0.00860596
-70
-0.00427246
577
0.0352173
-121
-0.00738525
46
0.00280762
-26
-0.00158691
426
0.026001
174
0.0106201
-305
-0.0186157
42
0.00256348
294
0.0179443
119
0.00726318
-17
-0.0010376
36
0.00219727
314
0.019165
-20
-0.0012207
264
0.0161133
-101
-0.00616455
-131
-0.00799561
9
0.000549316
56
0.00341797
-109
-0.00665283
-6
-0.000366211
-112
-0.00683594
143
0.00872803
-200
-0.012207
76
0.00463867
21
0.00128174
26
0.00158691
-80
-0.00488281
-78
-0.00476074
-76
-0.00463867
-13
-0.000793457
-106
-0.00646973
46
0.00280762
60
0.00366211
33
0.00201416
-91
-0.0055542
-14
-0.000854492
54
0.0032959
-124
-0.00756836
-76
-0.00463867
1
6.10352e-05
-228
-0.013916
-446
-0.0272217
43
0.00262451
321
0.0195923
16
0.000976562
178
0.0108643
3
0.000183105
-345
-0.0210571
-115
-0.00701904
151
0.00921631
54
0.0032959
48
0.00292969
40
0.00244141
256
0.015625
13
0.000793457
-200
-0.012207
101
0.00616455
-315
-0.0192261
77
0.00469971
477
0.0291138
-76
-0.00463867
-111
-0.0067749
-92
-0.00561523
39
0.00238037
29
0.00177002
-219
-0.0133667
147
0.00897217
-64
-0.00390625
-17
-0.0010376
347
0.0211792
4
0.000244141
-498
-0.0303955
27
0.00164795
401
0.0244751
230
0.0140381
-136
-0.00830078
6
0.000366211
-103
-0.00628662
-144
-0.00878906
-510
-0.0311279
-35
-0.00213623
154
0.00939941
69
0.00421143
472
0.0288086
244
0.0148926
465
0.0283813
-296
-0.0180664
-302
-0.0184326
26
0.00158691
202
0.0123291
-56
-0.00341797
-280
-0.0170898
84
0.00512695
-117
-0.00714111
-96
-0.00585938
-481
-0.0293579
125
0.00762939
8
0.000488281
-55
-0.00335693
-335
-0.0204468
-39
-0.00238037
-27
-0.00164795
-95
-0.00579834
93
0.00567627
-159
-0.00970459
-245
-0.0149536
193
0.0117798
-211
-0.0128784
231
0.0140991
-74
-0.0045166
37
0.0022583
35
0.00213623
-103
-0.00628662
-616
-0.0375977
-53
-0.00323486
248
0.0151367
-63
-0.00384521
-66
-0.00402832
64
0.00390625
-63
-0.00384521
-130
-0.00793457
146
0.00891113
120
0.00732422
-505
-0.0308228
134
0.00817871
-269
-0.0164185
15
0.000915527
194
0.0118408
0
0
-80
-0.00488281
-33
-0.00201416
106
0.00646973
86
0.00524902
-284
-0.017334
-150
-0.00915527
-122
-0.00744629
43
0.00262451
177
0.0108032
242
0.0147705
47
0.00286865
87
0.00531006
-47
-0.00286865
45
0.00274658
191
0.0116577
-103
-0.00628662
-186
-0.0113525
-64
-0.00390625
3
0.000183105
95
0.00579834
-28
-0.00170898
92
0.00561523
283
0.0172729
24
0.00146484
240
0.0146484
-184
-0.0112305
-314
-0.019165
96
0.00585938
250
0.0152588
-48
-0.00292969
168
0.0102539
21
0.00128174
675
0.0411987
13
0.000793457
-72
-0.00439453
56
0.00341797
-254
-0.0155029
66
0.00402832
-144
-0.00878906
7
0.000427246
50
0.00305176
201
0.0122681
-207
-0.0126343
171
0.010437
-115
-0.00701904
-49
-0.00299072
109
0.00665283
33
0.00201416
-11
-0.000671387
-21
-0.00128174
-114
-0.00695801
-74
-0.0045166
138
0.00842285
16
0.000976562
311
0.0189819
11
0.000671387
-97
-0.00592041
32
0.00195312
-221
-0.0134888
-126
-0.00769043
98
0.00598145
174
0.0106201
-389
-0.0237427
180
0.0109863
45
0.00274658
-101
-0.00616455
135
0.00823975
-79
-0.00482178
63
0.00384521
51
0.00311279
-380
-0.0231934
-124
-0.00756836
222
0.0135498
145
0.0088501
50
0.00305176
82
0.00500488
403
0.0245972
-39
-0.00238037
-72
-0.00439453
35
0.00213623
73
0.00445557
-279
-0.0170288
-165
-0.0100708
16
0.000976562
-142
-0.00866699
87
0.00531006
-95
-0.00579834
215
0.0131226
-168
-0.0102539
24
0.00146484
-146
-0.00891113
-70
-0.00427246
340
0.020752
50
0.00305176
74
0.0045166
-1
-6.10352e-05
-264
-0.0161133
35
0.00213623
257
0.015686
42
0.00256348
42
0.00256348
-104
-0.00634766
-164
-0.0100098
-46
-0.00280762
-437
-0.0266724
-145
-0.0088501
111
0.0067749
-63
-0.00384521
8
0.000488281
77
0.00469971
373
0.0227661
29
0.00177002
15
0.000915527
-123
-0.00750732
399
0.024353
6
0.000366211
-188
-0.0114746
125
0.00762939
198
0.012085
-18
-0.00109863
286
0.0174561
-82
-0.00500488
129
0.00787354
-42
-0.00256348
-69
-0.00421143
-114
-0.00695801
-124
-0.00756836
126
0.00769043
228
0.013916
6
0.000366211
377
0.0230103
-10
-0.000610352
-410
-0.0250244
-88
-0.00537109
-86
-0.00524902
-111
-0.0067749
354
0.0216064
124
0.00756836
-163
-0.00994873
211
0.0128784
322
0.0196533
80
0.00488281
-38
-0.00231934
-50
-0.00305176
-277
-0.0169067
132
0.00805664
-120
-0.00732422
-112
-0.00683594
96
0.00585938
-17
-0.0010376
-173
-0.0105591
-41
-0.00250244
235
0.0143433
-131
-0.00799561
461
0.0281372
-51
-0.00311279
97
0.00592041
-65
-0.00396729
-212
-0.0129395
-120
-0.00732422
-115
-0.00701904
-59
-0.00360107
42
0.00256348
-8
-0.000488281
-620
-0.0378418
-16
-0.000976562
-107
-0.00653076
98
0.00598145
144
0.00878906
-68
-0.00415039
335
0.0204468
-33
-0.00201416
-271
-0.0165405
-259
-0.0158081
211
0.0128784
137
0.00836182
-279
-0.0170288
-176
-0.0107422
702
0.0428467
193
0.0117798
-198
-0.012085
-13
-0.000793457
83
0.00506592
45
0.00274658
-162
-0.0098877
-188
-0.0114746
72
0.00439453
-245
-0.0149536
38
0.00231934
-124
-0.00756836
58
0.00354004
-75
-0.00457764
-574
-0.0350342
62
0.00378418
-407
-0.0248413
95
0.00579834
115
0.00701904
-73
-0.00445557
36
0.00219727
5
0.000305176
-419
-0.0255737
36
0.00219727
160
0.00976562
-168
-0.0102539
-79
-0.00482178
-273
-0.0166626
-170
-0.010376
150
0.00915527
-79
-0.00482178
-101
-0.00616455
485
0.0296021
-58
-0.00354004
-228
-0.013916
28
0.00170898
-241
-0.0147095
58
0.00354004
174
0.0106201
-145
-0.0088501
-148
-0.0090332
-131
-0.00799561
-211
-0.0128784
-126
-0.00769043
-345
-0.0210571
-63
-0.00384521
279
0.0170288
-45
-0.00274658
-289
-0.0176392
-115
-0.00701904
-52
-0.00317383
-17
-0.0010376
265
0.0161743
113
0.00689697
-125
-0.00762939
8
0.000488281
-2
-0.00012207
-56
-0.00341797
-215
-0.0131226
-71
-0.0043335
-128
-0.0078125
-69
-0.00421143
-69
-0.00421143
97
0.00592041
150
0.00915527
115
0.00701904
-120
-0.00732422
-51
-0.00311279
176
0.0107422
-90
-0.00549316
-169
-0.0103149
-114
-0.00695801
-103
-0.00628662
-79
-0.00482178
545
0.0332642
-51
-0.00311279
-47
-0.00286865
-87
-0.00531006
-15
-0.000915527
44
0.00268555
34
0.0020752
20
0.0012207
93
0.00567627
-92
-0.00561523
-17
-0.0010376
-111
-0.0067749
-394
-0.0240479
103
0.00628662
153
0.00933838
4
0.000244141
-198
-0.012085
8
0.000488281
-135
-0.00823975
-204
-0.0124512
-275
-0.0167847
-133
-0.00811768
-4
-0.000244141
-147
-0.00897217
-218
-0.0133057
32
0.00195312
-235
-0.0143433
-97
-0.00592041
197
0.0120239
147
0.00897217
26
0.00158691
-226
-0.0137939
-273
-0.0166626
38
0.00231934
-252
-0.0153809
-168
-0.0102539
-83
-0.00506592
-238
-0.0145264
-95
-0.00579834
76
0.00463867
180
0.0109863
9
0.000549316
-77
-0.00469971
-191
-0.0116577
169
0.0103149
-133
-0.00811768
366
0.0223389
2
0.00012207
108
0.0065918
86
0.00524902
-139
-0.00848389
42
0.00256348
16
0.000976562
-50
-0.00305176
90
0.00549316
-63
-0.00384521
147
0.00897217
30
0.00183105
5
0.000305176
125
0.00762939
240
0.0146484
-23
-0.00140381
322
0.0196533
-56
-0.00341797
195
0.0119019
76
0.00463867
273
0.0166626
168
0.0102539
-196
-0.0119629
-65
-0.00396729
-62
-0.00378418
-89
-0.00543213
130
0.00793457
157
0.00958252
-95
-0.00579834
45
0.00274658
77
0.00469971
75
0.00457764
-476
-0.0290527
-175
-0.0106812
-134
-0.00817871
72
0.00439453
113
0.00689697
-72
-0.00439453
-55
-0.00335693
258
0.0157471
318
0.0194092
93
0.00567627
264
0.0161133
-9
-0.000549316
-223
-0.0136108
-2
-0.00012207
-97
-0.00592041
-7
-0.000427246
-340
-0.020752
66
0.00402832
134
0.00817871
160
0.00976562
190
0.0115967
41
0.00250244
288
0.0175781
90
0.00549316
135
0.00823975
90
0.00549316
68
0.00415039
295
0.0180054
9
0.000549316
-99
-0.00604248
95
0.00579834
3
0.000183105
-134
-0.00817871
-111
-0.0067749
393
0.0239868
59
0.00360107
328
0.0200195
-35
-0.00213623
314
0.019165
20
0.0012207
-459
-0.0280151
-63
-0.00384521
-176
-0.0107422
29
0.00177002
371
0.022644
20
0.0012207
-109
-0.00665283
-179
-0.0109253
430
0.0262451
-90
-0.00549316
536
0.0327148
99
0.00604248
-441
-0.0269165
-129
-0.00787354
-56
-0.00341797
5
0.000305176
362
0.0220947
-146
-0.00891113
-275
-0.0167847
4
0.000244141
-37
-0.0022583
-98
-0.00598145
253
0.0154419
47
0.00286865
-309
-0.0188599
-128
-0.0078125
-229
-0.0139771
215
0.0131226
-92
-0.00561523
-14
-0.000854492
120
0.00732422
155
0.00946045
36
0.00219727
32
0.00195312
518
0.0316162
42
0.00256348
-155
-0.00946045
112
0.00683594
-255
-0.015564
142
0.00866699
-22
-0.00134277
100
0.00610352
82
0.00500488
-10
-0.000610352
-149
-0.00909424
76
0.00463867
116
0.00708008
85
0.00518799
377
0.0230103
-129
-0.00787354
13
0.000793457
-200
-0.012207
105
0.00640869
37
0.0022583
315
0.0192261
182
0.0111084
184
0.0112305
-126
-0.00769043
113
0.00689697
63
0.00384521
-295
-0.0180054
-96
-0.00585938
-52
-0.00317383
65
0.00396729
-335
-0.0204468
-46
-0.00280762
111
0.0067749
132
0.00805664
-17
-0.0010376
61
0.00372314
-290
-0.0177002
103
0.00628662
266
0.0162354
127
0.00775146
30
0.00183105
173
0.0105591
-348
-0.0212402
-63
-0.00384521
-233
-0.0142212
-21
-0.00128174
-53
-0.00323486
201
0.0122681
204
0.0124512
416
0.0253906
80
0.00488281
143
0.00872803
-60
-0.00366211
127
0.00775146
259
0.0158081
-6
-0.000366211
150
0.00915527
35
0.00213623
-572
-0.0349121
-53
-0.00323486
-98
-0.00598145
132
0.00805664
294
0.0179443
48
0.00292969
-151
-0.00921631
-173
-0.0105591
-143
-0.00872803
-49
-0.00299072
205
0.0125122
-32
-0.00195312
454
0.02771
121
0.00738525
247
0.0150757
-184
-0.0112305
-18
-0.00109863
138
0.00842285
58
0.00354004
138
0.00842285
0
0
-153
-0.00933838
-189
-0.0115356
-59
-0.00360107
197
0.0120239
-26
-0.00158691
-78
-0.00476074
-36
-0.00219727
-357
-0.0217896
-43
-0.00262451
119
0.00726318
-114
-0.00695801
111
0.0067749
141
0.00860596
162
0.0098877
122
0.00744629
144
0.00878906
-21
-0.00128174
261
0.0159302
-16
-0.000976562
187
0.0114136
134
0.00817871
3
0.000183105
-108
-0.0065918
-378
-0.0230713
-21
-0.00128174
-409
-0.0249634
-8
-0.000488281
94
0.0057373
141
0.00860596
-58
-0.00354004
7
0.000427246
18
0.00109863
-87
-0.00531006
-54
-0.0032959
-22
-0.00134277
-163
-0.00994873
-39
-0.00238037
175
0.0106812
102
0.00622559
25
0.00152588
93
0.00567627
-210
-0.0128174
-9
-0.000549316
60
0.00366211
67
0.00408936
410
0.0250244
96
0.00585938
198
0.012085
-60
-0.00366211
-353
-0.0215454
99
0.00604248
-461
-0.0281372
62
0.00378418
290
0.0177002
23
0.00140381
161
0.00982666
2
0.00012207
99
0.00604248
-124
-0.00756836
-98
-0.00598145
80
0.00488281
118
0.00720215
148
0.0090332
11
0.000671387
-236
-0.0144043
40
0.00244141
18
0.00109863
-142
-0.00866699
-34
-0.0020752
188
0.0114746
-113
-0.00689697
753
0.0459595
-29
-0.00177002
192
0.0117188
-126
-0.00769043
153
0.00933838
-4
-0.000244141
-338
-0.0206299
-183
-0.0111694
2
0.00012207
93
0.00567627
388
0.0236816
32
0.00195312
88
0.00537109
136
0.00830078
-112
-0.00683594
147
0.00897217
-34
-0.0020752
-75
-0.00457764
493
0.0300903
50
0.00305176
-381
-0.0232544
35
0.00213623
118
0.00720215
10
0.000610352
-17
-0.0010376
-28
-0.00170898
-189
-0.0115356
288
0.0175781
-275
-0.0167847
-81
-0.00494385
432
0.0263672
-24
-0.00146484
-342
-0.020874
160
0.00976562
362
0.0220947
78
0.00476074
-237
-0.0144653
87
0.00531006
293
0.0178833
-62
-0.00378418
-32
-0.00195312
159
0.00970459
-144
-0.00878906
-101
-0.00616455
-50
-0.00305176
-30
-0.00183105
85
0.00518799
-24
-0.00146484
455
0.027771
4
0.000244141
135
0.00823975
-142
-0.00866699
-36
-0.00219727
-112
-0.00683594
23
0.00140381
115
0.00701904
-60
-0.00366211
-252
-0.0153809
181
0.0110474
-36
-0.00219727
92
0.00561523
137
0.00836182
-250
-0.0152588
-114
-0.00695801
0
0
-60
-0.00366211
348
0.0212402
-34
-0.0020752
-82
-0.00500488
76
0.00463867
-208
-0.0126953
-106
-0.00646973
-372
-0.0227051
68
0.00415039
-27
-0.00164795
-93
-0.00567627
316
0.0192871
16
0.000976562
289
0.0176392
-71
-0.0043335
16
0.000976562
184
0.0112305
70
0.00427246
115
0.00701904
-77
-0.00469971
34
0.0020752
-87
-0.00531006
2
0.00012207
-523
-0.0319214
-83
-0.00506592
-317
-0.0193481
-14
-0.000854492
71
0.0043335
45
0.00274658
160
0.00976562
71
0.0043335
356
0.0217285
26
0.00158691
303
0.0184937
10
0.000610352
-85
-0.00518799
-100
-0.00610352
134
0.00817871
243
0.0148315
71
0.0043335
30
0.00183105
-211
-0.0128784
21
0.00128174
59
0.00360107
-194
-0.0118408
193
0.0117798
9
0.000549316
-57
-0.003479
-23
-0.00140381
-53
-0.00323486
132
0.00805664
-89
-0.00543213
-16
-0.000976562
7
0.000427246
8
0.000488281
-232
-0.0141602
158
0.00964355
151
0.00921631
101
0.00616455
232
0.0141602
25
0.00152588
88
0.00537109
83
0.00506592
275
0.0167847
156
0.00952148
-43
-0.00262451
-183
-0.0111694
133
0.00811768
15
0.000915527
159
0.00970459
70
0.00427246
235
0.0143433
51
0.00311279
-8
-0.000488281
-36
-0.00219727
-429
-0.0261841
-9
-0.000549316
-480
-0.0292969
77
0.00469971
-133
-0.00811768
115
0.00701904
552
0.0336914
72
0.00439453
596
0.036377
220
0.0134277
-32
-0.00195312
-4
-0.000244141
150
0.00915527
-93
-0.00567627
288
0.0175781
-11
-0.000671387
-58
-0.00354004
-33
-0.00201416
230
0.0140381
7
0.000427246
-153
-0.00933838
-57
-0.003479
-232
-0.0141602
2
0.00012207
-5
-0.000305176
-98
-0.00598145
-343
-0.0209351
-79
-0.00482178
544
0.0332031
-33
-0.00201416
-130
-0.00793457
-2
-0.00012207
281
0.0171509
41
0.00250244
-114
-0.00695801
-20
-0.0012207
201
0.0122681
33
0.00201416
-245
-0.0149536
-98
-0.00598145
-403
-0.0245972
95
0.00579834
134
0.00817871
-83
-0.00506592
23
0.00140381
-179
-0.0109253
-136
-0.00830078
-137
-0.00836182
-436
-0.0266113
-201
-0.0122681
99
0.00604248
-88
-0.00537109
-8
-0.000488281
124
0.00756836
-56
-0.00341797
-98
-0.00598145
120
0.00732422
-53
-0.00323486
-153
-0.00933838
169
0.0103149
-353
-0.0215454
28
0.00170898
-89
-0.00543213
-140
-0.00854492
120
0.00732422
133
0.00811768
64
0.00390625
-4
-0.000244141
-267
-0.0162964
-230
-0.0140381
537
0.0327759
-11
-0.000671387
-193
-0.0117798
186
0.0113525
-33
-0.00201416
-194
-0.0118408
-289
-0.0176392
-129
-0.00787354
342
0.020874
19
0.00115967
-180
-0.0109863
-61
-0.00372314
-410
-0.0250244
177
0.0108032
-211
-0.0128784
122
0.00744629
170
0.010376
5
0.000305176
78
0.00476074
-114
-0.00695801
-133
-0.00811768
60
0.00366211
58
0.00354004
49
0.00299072
-56
-0.00341797
-153
-0.00933838
-78
-0.00476074
-138
-0.00842285
-543
-0.0331421
-159
-0.00970459
101
0.00616455
-5
-0.000305176
9
0.000549316
-128
-0.0078125
72
0.00439453
-61
-0.00372314
-64
-0.00390625
50
0.00305176
72
0.00439453
129
0.00787354
-81
-0.00494385
-138
-0.00842285
80
0.00488281
147
0.00897217
-160
-0.00976562
86
0.00524902
59
0.00360107
-100
-0.00610352
202
0.0123291
182
0.0111084
222
0.0135498
-98
-0.00598145
414
0.0252686
-140
-0.00854492
12
0.000732422
-27
-0.00164795
247
0.0150757
40
0.00244141
180
0.0109863
-236
-0.0144043
-375
-0.0228882
-24
-0.00146484
-264
-0.0161133
45
0.00274658
71
0.0043335
-133
-0.00811768
-12
-0.000732422
21
0.00128174
-19
-0.00115967
-77
-0.00469971
172
0.010498
-13
-0.000793457
176
0.0107422
57
0.003479
125
0.00762939
91
0.0055542
31
0.00189209
-234
-0.0142822
-265
-0.0161743
183
0.0111694
60
0.00366211
37
0.0022583
-109
-0.00665283
-95
-0.00579834
312
0.019043
-162
-0.0098877
-86
-0.00524902
135
0.00823975
-113
-0.00689697
331
0.0202026
15
0.000915527
-20
-0.0012207
117
0.00714111
-40
-0.00244141
-58
-0.00354004
-55
-0.00335693
28
0.00170898
305
0.0186157
110
0.00671387
236
0.0144043
274
0.0167236
14
0.000854492
240
0.0146484
40
0.00244141
-239
-0.0145874
-156
-0.00952148
-34
-0.0020752
136
0.00830078
-550
-0.0335693
-11
-0.000671387
67
0.00408936
192
0.0117188
-604
-0.0368652
-95
-0.00579834
96
0.00585938
44
0.00268555
383
0.0233765
-27
-0.00164795
-212
-0.0129395
-15
-0.000915527
-171
-0.010437
17
0.0010376
-346
-0.0211182
-249
-0.0151978
-65
-0.00396729
-113
-0.00689697
333
0.0203247
-61
-0.00372314
-144
-0.00878906
90
0.00549316
-278
-0.0169678
-20
-0.0012207
25
0.00152588
121
0.00738525
312
0.019043
-65
-0.00396729
-275
-0.0167847
72
0.00439453
-12
-0.000732422
19
0.00115967
237
0.0144653
25
0.00152588
-353
-0.0215454
174
0.0106201
-189
-0.0115356
-188
-0.0114746
34
0.0020752
-132
-0.00805664
318
0.0194092
-147
-0.00897217
286
0.0174561
-106
-0.00646973
-278
-0.0169678
-74
-0.0045166
-108
-0.0065918
39
0.00238037
220
0.0134277
67
0.00408936
-137
-0.00836182
-128
-0.0078125
-371
-0.022644
149
0.00909424
-271
-0.0165405
83
0.00506592
-67
-0.00408936
-69
-0.00421143
288
0.0175781
-220
-0.0134277
295
0.0180054
-127
-0.00775146
-103
-0.00628662
23
0.00140381
33
0.00201416
17
0.0010376
198
0.012085
29
0.00177002
-146
-0.00891113
-122
-0.00744629
220
0.0134277
45
0.00274658
-293
-0.0178833
-76
-0.00463867
242
0.0147705
79
0.00482178
-268
-0.0163574
-73
-0.00445557
-58
-0.00354004
-46
-0.00280762
-132
-0.00805664
34
0.0020752
-117
-0.00714111
18
0.00109863
131
0.00799561
-89
-0.00543213
-319
-0.0194702
-26
-0.00158691
-404
-0.0246582
-79
-0.00482178
-115
-0.00701904
83
0.00506592
-418
-0.0255127
116
0.00708008
75
0.00457764
28
0.00170898
130
0.00793457
-100
-0.00610352
208
0.0126953
51
0.00311279
-55
-0.00335693
98
0.00598145
64
0.00390625
166
0.0101318
-217
-0.0132446
62
0.00378418
-36
-0.00219727
76
0.00463867
224
0.0136719
-130
-0.00793457
-37
-0.0022583
66
0.00402832
-128
-0.0078125
-5
-0.000305176
-201
-0.0122681
109
0.00665283
185
0.0112915
-23
-0.00140381
408
0.0249023
-27
-0.00164795
365
0.0222778
14
0.000854492
117
0.00714111
64
0.00390625
190
0.0115967
58
0.00354004
-283
-0.0172729
-12
-0.000732422
125
0.00762939
114
0.00695801
236
0.0144043
38
0.00231934
-16
-0.000976562
104
0.00634766
-140
-0.00854492
181
0.0110474
-4
-0.000244141
-11
-0.000671387
0
0
60
0.00366211
-83
-0.00506592
45
0.00274658
-253
-0.0154419
293
0.0178833
-92
-0.00561523
-57
-0.003479
-48
-0.00292969
147
0.00897217
-209
-0.0127563
-76
-0.00463867
51
0.00311279
-13
-0.000793457
-278
-0.0169678
22
0.00134277
-88
-0.00537109
87
0.00531006
-598
-0.036499
96
0.00585938
286
0.0174561
-1
-6.10352e-05
-265
-0.0161743
-5
-0.000305176
214
0.0130615
-49
-0.00299072
565
0.0344849
107
0.00653076
211
0.0128784
99
0.00604248
318
0.0194092
-60
-0.00366211
-260
-0.0158691
23
0.00140381
-87
-0.00531006
-151
-0.00921631
-253
-0.0154419
65
0.00396729
89
0.00543213
93
0.00567627
360
0.0219727
94
0.0057373
-218
-0.0133057
0
0
143
0.00872803
-174
-0.0106201
-13
-0.000793457
27
0.00164795
-20
-0.0012207
-36
-0.00219727
460
0.0280762
-72
-0.00439453
237
0.0144653
187
0.0114136
32
0.00195312
-108
-0.0065918
-359
-0.0219116
92
0.00561523
224
0.0136719
109
0.00665283
190
0.0115967
67
0.00408936
119
0.00726318
-70
-0.00427246
379
0.0231323
86
0.00524902
177
0.0108032
-67
-0.00408936
-400
-0.0244141
109
0.00665283
293
0.0178833
0
0
13
0.000793457
-50
-0.00305176
205
0.0125122
43
0.00262451
267
0.0162964
196
0.0119629
-196
-0.0119629
104
0.00634766
221
0.0134888
78
0.00476074
282
0.0172119
-9
-0.000549316
142
0.00866699
-178
-0.0108643
-270
-0.0164795
158
0.00964355
184
0.0112305
16
0.000976562
-10
-0.000610352
28
0.00170898
-6
-0.000366211
-25
-0.00152588
249
0.0151978
47
0.00286865
-438
-0.0267334
-155
-0.00946045
-301
-0.0183716
203
0.0123901
47
0.00286865
98
0.00598145
348
0.0212402
53
0.00323486
25
0.00152588
-192
-0.0117188
-49
-0.00299072
40
0.00244141
84
0.00512695
-85
-0.00518799
-230
-0.0140381
108
0.0065918
97
0.00592041
122
0.00744629
154
0.00939941
60
0.00366211
-33
-0.00201416
-15
-0.000915527
-261
-0.0159302
135
0.00823975
-650
-0.0396729
-5
-0.000305176
70
0.00427246
-69
-0.00421143
250
0.0152588
22
0.00134277
138
0.00842285
-17
-0.0010376
-215
-0.0131226
23
0.00140381
-49
-0.00299072
-89
-0.00543213
-271
-0.0165405
-64
-0.00390625
86
0.00524902
-88
-0.00537109
-44
-0.00268555
51
0.00311279
544
0.0332031
-116
-0.00708008
-59
-0.00360107
-73
-0.00445557
-139
-0.00848389
-85
-0.00518799
-44
-0.00268555
-18
-0.00109863
-97
-0.00592041
131
0.00799561
85
0.00518799
56
0.00341797
4
0.000244141
69
0.00421143
227
0.013855
149
0.00909424
105
0.00640869
49
0.00299072
-249
-0.0151978
-197
-0.0120239
255
0.015564
111
0.0067749
-51
-0.00311279
91
0.0055542
467
0.0285034
-143
-0.00872803
41
0.00250244
-17
-0.0010376
4
0.000244141
-56
-0.00341797
-95
-0.00579834
71
0.0043335
-708
-0.0432129
-38
-0.00231934
115
0.00701904
-147
-0.00897217
-139
-0.00848389
-127
-0.00775146
-187
-0.0114136
-170
-0.010376
92
0.00561523
105
0.00640869
329
0.0200806
-47
-0.00286865
-23
-0.00140381
-121
-0.00738525
87
0.00531006
-45
-0.00274658
-50
-0.00305176
8
0.000488281
124
0.00756836
-52
-0.00317383
-205
-0.0125122
-107
-0.00653076
-84
-0.00512695
-28
-0.00170898
16
0.000976562
182
0.0111084
-136
-0.00830078
-61
-0.00372314
-4
-0.000244141
-15
-0.000915527
-295
-0.0180054
-160
-0.00976562
-95
-0.00579834
-177
-0.0108032
-455
-0.027771
-194
-0.0118408
2
0.00012207
81
0.00494385
-77
-0.00469971
195
0.0119019
-43
-0.00262451
-102
-0.00622559
63
0.00384521
201
0.0122681
-306
-0.0186768
-98
-0.00598145
-232
-0.0141602
-66
-0.00402832
-87
-0.00531006
-48
-0.00292969
-380
-0.0231934
-32
-0.00195312
-11
-0.000671387
217
0.0132446
24
0.00146484
-59
-0.00360107
379
0.0231323
-75
-0.00457764
-269
-0.0164185
-103
-0.00628662
47
0.00286865
-149
-0.00909424
239
0.0145874
-58
-0.00354004
-12
-0.000732422
68
0.00415039
-73
-0.00445557
86
0.00524902
278
0.0169678
-163
-0.00994873
89
0.00543213
-54
-0.0032959
-143
-0.00872803
216
0.0131836
-120
-0.00732422
-10
-0.000610352
430
0.0262451
-311
-0.0189819
-65
-0.00396729
57
0.003479
-68
-0.00415039
51
0.00311279
-547
-0.0333862
46
0.00280762
-12
-0.000732422
78
0.00476074
86
0.00524902
65
0.00396729
229
0.0139771
142
0.00866699
377
0.0230103
-75
-0.00457764
130
0.00793457
62
0.00378418
264
0.0161133
-113
-0.00689697
-188
-0.0114746
2
0.00012207
61
0.00372314
-98
-0.00598145
143
0.00872803
-205
-0.0125122
545
0.0332642
162
0.0098877
-59
-0.00360107
78
0.00476074
-207
-0.0126343
-127
-0.00775146
-107
-0.00653076
15
0.000915527
36
0.00219727
-3
-0.000183105
-322
-0.0196533
29
0.00177002
44
0.00268555
-117
-0.00714111
83
0.00506592
-189
-0.0115356
34
0.0020752
22
0.00134277
-210
-0.0128174
255
0.015564
-296
-0.0180664
-196
-0.0119629
-146
-0.00891113
67
0.00408936
369
0.022522
-64
-0.00390625
100
0.00610352
-144
-0.00878906
16
0.000976562
54
0.0032959
19
0.00115967
-22
-0.00134277
-379
-0.0231323
136
0.00830078
57
0.003479
20
0.0012207
249
0.0151978
26
0.00158691
-590
-0.0360107
136
0.00830078
-187
-0.0114136
-224
-0.0136719
82
0.00500488
-26
-0.00158691
123
0.00750732
31
0.00189209
362
0.0220947
21
0.00128174
319
0.0194702
315
0.0192261
-20
-0.0012207
-127
-0.00775146
14
0.000854492
62
0.00378418
-114
-0.00695801
95
0.00579834
10
0.000610352
53
0.00323486
285
0.017395
32
0.00195312
-177
-0.0108032
-174
-0.0106201
149
0.00909424
51
0.00311279
33
0.00201416
-59
-0.00360107
-257
-0.015686
52
0.00317383
68
0.00415039
-120
-0.00732422
164
0.0100098
-129
-0.00787354
637
0.0388794
-74
-0.0045166
7
0.000427246
-118
-0.00720215
-351
-0.0214233
94
0.0057373
300
0.0183105
-207
-0.0126343
-341
-0.020813
33
0.00201416
281
0.0171509
173
0.0105591
191
0.0116577
-35
-0.00213623
381
0.0232544
125
0.00762939
63
0.00384521
-6
-0.000366211
-104
-0.00634766
-67
-0.00408936
-285
-0.017395
-186
-0.0113525
-64
-0.00390625
142
0.00866699
231
0.0140991
132
0.00805664
-178
-0.0108643
9
0.000549316
-122
-0.00744629
-123
-0.00750732
-129
-0.00787354
-18
-0.00109863
-43
-0.00262451
65
0.00396729
-88
-0.00537109
41
0.00250244
49
0.00299072
-26
-0.00158691
79
0.00482178
-125
-0.00762939
145
0.0088501
-101
-0.00616455
-38
-0.00231934
1
6.10352e-05
-119
-0.00726318
-149
-0.00909424
442
0.0269775
158
0.00964355
-62
-0.00378418
49
0.00299072
276
0.0168457
102
0.00622559
271
0.0165405
-193
-0.0117798
271
0.0165405
125
0.00762939
-107
-0.00653076
203
0.0123901
19
0.00115967
-57
-0.003479
43
0.00262451
-50
-0.00305176
40
0.00244141
-25
-0.00152588
257
0.015686
56
0.00341797
118
0.00720215
-121
-0.00738525
124
0.00756836
3
0.000183105
-238
-0.0145264
16
0.000976562
-147
-0.00897217
70
0.00427246
-213
-0.0130005
-144
-0.00878906
172
0.010498
117
0.00714111
-330
-0.0201416
-107
-0.00653076
-85
-0.00518799
149
0.00909424
106
0.00646973
-93
-0.00567627
-136
-0.00830078
-27
-0.00164795
-31
-0.00189209
79
0.00482178
392
0.0239258
-113
-0.00689697
136
0.00830078
20
0.0012207
137
0.00836182
79
0.00482178
-249
-0.0151978
113
0.00689697
-76
-0.00463867
32
0.00195312
412
0.0251465
-53
-0.00323486
356
0.0217285
97
0.00592041
-334
-0.0203857
-125
-0.00762939
-396
-0.0241699
211
0.0128784
209
0.0127563
47
0.00286865
446
0.0272217
-21
-0.00128174
-190
-0.0115967
-88
-0.00537109
-34
-0.0020752
-2
-0.00012207
-130
-0.00793457
-83
-0.00506592
80
0.00488281
-106
-0.00646973
-507
-0.0309448
-42
-0.00256348
-240
-0.0146484
28
0.00170898
-235
-0.0143433
-4
-0.000244141
-175
-0.0106812
-80
-0.00488281
-78
-0.00476074
-58
-0.00354004
21
0.00128174
93
0.00567627
96
0.00585938
107
0.00653076
-112
-0.00683594
119
0.00726318
249
0.0151978
121
0.00738525
408
0.0249023
-28
-0.00170898
-77
-0.00469971
-108
-0.0065918
-211
-0.0128784
0
0
200
0.012207
-318
-0.0194092
222
0.0135498
25
0.00152588
-151
-0.00921631
-24
-0.00146484
199
0.012146
62
0.00378418
243
0.0148315
51
0.00311279
212
0.0129395
-18
-0.00109863
276
0.0168457
-87
-0.00531006
-191
-0.0116577
5
0.000305176
-249
-0.0151978
-65
-0.00396729
174
0.0106201
85
0.00518799
-409
-0.0249634
-86
-0.00524902
37
0.0022583
-115
-0.00701904
66
0.00402832
40
0.00244141
-81
-0.00494385
87
0.00531006
297
0.0181274
136
0.00830078
146
0.00891113
-41
-0.00250244
-306
-0.0186768
-68
-0.00415039
104
0.00634766
-155
-0.00946045
-197
-0.0120239
-75
-0.00457764
-381
-0.0232544
199
0.012146
-38
-0.00231934
-148
-0.0090332
3
0.000183105
-187
-0.0114136
-348
-0.0212402
99
0.00604248
330
0.0201416
141
0.00860596
343
0.0209351
12
0.000732422
-296
-0.0180664
-65
-0.00396729
-437
-0.0266724
-79
-0.00482178
-52
-0.00317383
85
0.00518799
13
0.000793457
84
0.00512695
-189
-0.0115356
13
0.000793457
-151
-0.00921631
19
0.00115967
181
0.0110474
-87
-0.00531006
148
0.0090332
253
0.0154419
15
0.000915527
-239
-0.0145874
103
0.00628662
178
0.0108643
-167
-0.0101929
159
0.00970459
-26
-0.00158691
-134
-0.00817871
316
0.0192871
49
0.00299072
95
0.00579834
-324
-0.0197754
367
0.0223999
86
0.00524902
-17
-0.0010376
-21
-0.00128174
321
0.0195923
-115
-0.00701904
147
0.00897217
-162
-0.0098877
-35
-0.00213623
27
0.00164795
221
0.0134888
217
0.0132446
-343
-0.0209351
-35
-0.00213623
368
0.0224609
-100
-0.00610352
76
0.00463867
-165
-0.0100708
-235
-0.0143433
163
0.00994873
-385
-0.0234985
92
0.00561523
-248
-0.0151367
40
0.00244141
-365
-0.0222778
153
0.00933838
334
0.0203857
74
0.0045166
-448
-0.0273438
-83
-0.00506592
-265
-0.0161743
-145
-0.0088501
372
0.0227051
32
0.00195312
-296
-0.0180664
8
0.000488281
124
0.00756836
-102
-0.00622559
-120
-0.00732422
101
0.00616455
-355
-0.0216675
7
0.000427246
153
0.00933838
-44
-0.00268555
-33
-0.00201416
-164
-0.0100098
-474
-0.0289307
189
0.0115356
255
0.015564
-173
-0.0105591
271
0.0165405
-116
-0.00708008
40
0.00244141
188
0.0114746
-157
-0.00958252
104
0.00634766
491
0.0299683
188
0.0114746
-13
-0.000793457
116
0.00708008
-287
-0.0175171
141
0.00860596
-11
-0.000671387
-116
-0.00708008
203
0.0123901
-194
-0.0118408
101
0.00616455
40
0.00244141
61
0.00372314
-57
-0.003479
266
0.0162354
69
0.00421143
-67
-0.00408936
-97
-0.00592041
-193
-0.0117798
31
0.00189209
293
0.0178833
-65
-0.00396729
-138
-0.00842285
257
0.015686
104
0.00634766
174
0.0106201
-14
-0.000854492
186
0.0113525
288
0.0175781
152
0.00927734
-21
-0.00128174
-90
-0.00549316
363
0.0221558
114
0.00695801
-218
-0.0133057
-129
-0.00787354
445
0.0271606
-163
-0.00994873
187
0.0114136
-78
-0.00476074
147
0.00897217
-277
-0.0169067
-96
-0.00585938
-22
-0.00134277
-126
-0.00769043
221
0.0134888
-100
-0.00610352
-57
-0.003479
88
0.00537109
-70
-0.00427246
-539
-0.0328979
-6
-0.000366211
55
0.00335693
164
0.0100098
244
0.0148926
-58
-0.00354004
-56
-0.00341797
102
0.00622559
2
0.00012207
-107
-0.00653076
-324
-0.0197754
-228
-0.013916
303
0.0184937
-2
-0.00012207
-132
-0.00805664
-21
-0.00128174
-228
-0.013916
16
0.000976562
106
0.00646973
-78
-0.00476074
-298
-0.0181885
63
0.00384521
231
0.0140991
-180
-0.0109863
221
0.0134888
89
0.00543213
-436
-0.0266113
51
0.00311279
-201
-0.0122681
-139
-0.00848389
147
0.00897217
-151
-0.00921631
-170
-0.010376
311
0.0189819
-37
-0.0022583
12
0.000732422
-58
-0.00354004
99
0.00604248
-33
-0.00201416
56
0.00341797
-220
-0.0134277
-151
-0.00921631
-484
-0.029541
18
0.00109863
-55
-0.00335693
-62
-0.00378418
-384
-0.0234375
34
0.0020752
-121
-0.00738525
-60
-0.00366211
184
0.0112305
62
0.00378418
47
0.00286865
224
0.0136719
297
0.0181274
165
0.0100708
65
0.00396729
-95
-0.00579834
105
0.00640869
-22
-0.00134277
411
0.0250854
-250
-0.0152588
-5
-0.000305176
-52
-0.00317383
-65
-0.00396729
-166
-0.0101318
10
0.000610352
-136
-0.00830078
52
0.00317383
-164
-0.0100098
-493
-0.0300903
155
0.00946045
149
0.00909424
43
0.00262451
307
0.0187378
-151
-0.00921631
-191
-0.0116577
-20
-0.0012207
287
0.0175171
-148
-0.0090332
-61
-0.00372314
1
6.10352e-05
-45
-0.00274658
128
0.0078125
-107
-0.00653076
-174
-0.0106201
139
0.00848389
-85
-0.00518799
446
0.0272217
3
0.000183105
263
0.0160522
-115
-0.00701904
387
0.0236206
-143
-0.00872803
-159
-0.00970459
-101
-0.00616455
253
0.0154419
31
0.00189209
-95
-0.00579834
18
0.00109863
5
0.000305176
90
0.00549316
26
0.00158691
229
0.0139771
458
0.0279541
193
0.0117798
218
0.0133057
-60
-0.00366211
-145
-0.0088501
-142
-0.00866699
-104
-0.00634766
115
0.00701904
-399
-0.024353
-115
-0.00701904
379
0.0231323
-7
-0.000427246
108
0.0065918
136
0.00830078
-326
-0.0198975
-89
-0.00543213
95
0.00579834
244
0.0148926
773
0.0471802
-135
-0.00823975
-158
-0.00964355
-144
-0.00878906
-280
-0.0170898
-70
-0.00427246
-27
-0.00164795
41
0.00250244
-331
-0.0202026
-92
-0.00561523
-623
-0.0380249
102
0.00622559
-1
-6.10352e-05
-202
-0.0123291
229
0.0139771
62
0.00378418
-190
-0.0115967
197
0.0120239
-10
-0.000610352
-153
-0.00933838
341
0.020813
-43
-0.00262451
84
0.00512695
-77
-0.00469971
180
0.0109863
-33
-0.00201416
268
0.0163574
48
0.00292969
-163
-0.00994873
88
0.00537109
-209
-0.0127563
84
0.00512695
-209
-0.0127563
133
0.00811768
-116
-0.00708008
-3
-0.000183105
81
0.00494385
58
0.00354004
209
0.0127563
73
0.00445557
-54
-0.0032959
36
0.00219727
140
0.00854492
62
0.00378418
279
0.0170288
-98
-0.00598145
247
0.0150757
28
0.00170898
-113
-0.00689697
-18
-0.00109863
-79
-0.00482178
151
0.00921631
-41
-0.00250244
97
0.00592041
-313
-0.019104
18
0.00109863
23
0.00140381
21
0.00128174
-77
-0.00469971
64
0.00390625
-59
-0.00360107
-104
-0.00634766
410
0.0250244
114
0.00695801
-12
-0.000732422
-169
-0.0103149
439
0.0267944
-11
-0.000671387
327
0.0199585
-95
-0.00579834
-192
-0.0117188
61
0.00372314
134
0.00817871
-89
-0.00543213
197
0.0120239
-3
-0.000183105
-95
-0.00579834
-55
-0.00335693
-180
-0.0109863
-66
-0.00402832
39
0.00238037
69
0.00421143
-302
-0.0184326
-133
-0.00811768
-54
-0.0032959
-141
-0.00860596
240
0.0146484
197
0.0120239
182
0.0111084
57
0.003479
-391
-0.0238647
6
0.000366211
-177
-0.0108032
-210
-0.0128174
-5
-0.000305176
127
0.00775146
210
0.0128174
-151
-0.00921631
175
0.0106812
-25
-0.00152588
-68
-0.00415039
-119
-0.00726318
23
0.00140381
-31
-0.00189209
-174
-0.0106201
59
0.00360107
-55
-0.00335693
6
0.000366211
-184
-0.0112305
-248
-0.0151367
-247
-0.0150757
176
0.0107422
-313
-0.019104
30
0.00183105
-340
-0.020752
-33
-0.00201416
-37
-0.0022583
-93
-0.00567627
-253
-0.0154419
59
0.00360107
-129
-0.00787354
-160
-0.00976562
230
0.0140381
-44
-0.00268555
196
0.0119629
-65
-0.00396729
358
0.0218506
-24
-0.00146484
37
0.0022583
-73
-0.00445557
265
0.0161743
49
0.00299072
57
0.003479
-193
-0.0117798
-349
-0.0213013
-120
-0.00732422
170
0.010376
48
0.00292969
-14
-0.000854492
52
0.00317383
204
0.0124512
20
0.0012207
189
0.0115356
-115
-0.00701904
-143
-0.00872803
-25
-0.00152588
183
0.0111694
169
0.0103149
284
0.017334
105
0.00640869
-379
-0.0231323
89
0.00543213
228
0.013916
-50
-0.00305176
-77
-0.00469971
67
0.00408936
152
0.00927734
4
0.000244141
121
0.00738525
-27
-0.00164795
-192
-0.0117188
97
0.00592041
41
0.00250244
9
0.000549316
-270
-0.0164795
70
0.00427246
144
0.00878906
142
0.00866699
233
0.0142212
-136
-0.00830078
304
0.0185547
94
0.0057373
-269
-0.0164185
207
0.0126343
-347
-0.0211792
178
0.0108643
366
0.0223389
40
0.00244141
-271
-0.0165405
-143
-0.00872803
-105
-0.00640869
45
0.00274658
421
0.0256958
49
0.00299072
-50
-0.00305176
1
6.10352e-05
-224
-0.0136719
-82
-0.00500488
-188
-0.0114746
-81
-0.00494385
251
0.0153198
16
0.000976562
-101
-0.00616455
-20
-0.0012207
182
0.0111084
58
0.00354004
-81
-0.00494385
127
0.00775146
-225
-0.0137329
118
0.00720215
-28
-0.00170898
92
0.00561523
-27
-0.00164795
26
0.00158691
-196
-0.0119629
146
0.00891113
-284
-0.017334
18
0.00109863
785
0.0479126
321
0.0195923
-147
-0.00897217
42
0.00256348
38
0.00231934
-49
-0.00299072
-88
-0.00537109
-98
-0.00598145
247
0.0150757
-6
-0.000366211
-196
-0.0119629
46
0.00280762
60
0.00366211
-15
-0.000915527
98
0.00598145
75
0.00457764
-31
-0.00189209
-124
-0.00756836
-25
-0.00152588
37
0.0022583
-318
-0.0194092
88
0.00537109
-98
-0.00598145
-46
-0.00280762
-156
-0.00952148
85
0.00518799
83
0.00506592
65
0.00396729
6
0.000366211
9
0.000549316
32
0.00195312
74
0.0045166
-396
-0.0241699
-53
-0.00323486
-122
-0.00744629
42
0.00256348
-410
-0.0250244
-205
-0.0125122
327
0.0199585
145
0.0088501
340
0.020752
-43
-0.00262451
301
0.0183716
-95
-0.00579834
-45
-0.00274658
-26
-0.00158691
-231
-0.0140991
-99
-0.00604248
-114
-0.00695801
22
0.00134277
-89
-0.00543213
-50
-0.00305176
-13
-0.000793457
-15
-0.000915527
-168
-0.0102539
31
0.00189209
287
0.0175171
-56
-0.00341797
-236
-0.0144043
167
0.0101929
-76
-0.00463867
-96
-0.00585938
59
0.00360107
-184
-0.0112305
-271
-0.0165405
-86
-0.00524902
8
0.000488281
-187
-0.0114136
1
6.10352e-05
146
0.00891113
276
0.0168457
-159
-0.00970459
504
0.0307617
-68
-0.00415039
-190
-0.0115967
69
0.00421143
-140
-0.00854492
-152
-0.00927734
-547
-0.0333862
-223
-0.0136108
248
0.0151367
54
0.0032959
-64
-0.00390625
-39
-0.00238037
46
0.00280762
3
0.000183105
268
0.0163574
-67
-0.00408936
-108
-0.0065918
54
0.0032959
242
0.0147705
78
0.00476074
-6
-0.000366211
-28
-0.00170898
36
0.00219727
-181
-0.0110474
111
0.0067749
169
0.0103149
-136
-0.00830078
-170
-0.010376
122
0.00744629
-190
-0.0115967
-95
-0.00579834
94
0.0057373
-297
-0.0181274
236
0.0144043
64
0.00390625
-141
-0.00860596
-262
-0.0159912
75
0.00457764
-110
-0.00671387
2
0.00012207
39
0.00238037
-15
-0.000915527
118
0.00720215
-254
-0.0155029
392
0.0239258
83
0.00506592
141
0.00860596
-232
-0.0141602
-134
-0.00817871
-90
-0.00549316
-275
-0.0167847
-18
-0.00109863
405
0.0247192
115
0.00701904
-97
-0.00592041
-86
-0.00524902
238
0.0145264
-44
-0.00268555
103
0.00628662
-321
-0.0195923
-52
-0.00317383
43
0.00262451
63
0.00384521
96
0.00585938
-114
-0.00695801
-69
-0.00421143
-78
-0.00476074
66
0.00402832
317
0.0193481
-162
-0.0098877
-19
-0.00115967
-195
-0.0119019
100
0.00610352
-84
-0.00512695
-189
-0.0115356
-29
-0.00177002
-226
-0.0137939
-54
-0.0032959
-8
-0.000488281
-16
-0.000976562
84
0.00512695
-50
-0.00305176
-84
-0.00512695
-172
-0.010498
61
0.00372314
67
0.00408936
74
0.0045166
-100
-0.00610352
-305
-0.0186157
-117
-0.00714111
-241
-0.0147095
167
0.0101929
-185
-0.0112915
167
0.0101929
269
0.0164185
52
0.00317383
159
0.00970459
34
0.0020752
-171
-0.010437
21
0.00128174
-152
-0.00927734
40
0.00244141
-255
-0.015564
-145
-0.0088501
-151
-0.00921631
4
0.000244141
282
0.0172119
-30
-0.00183105
394
0.0240479
-5
-0.000305176
143
0.00872803
17
0.0010376
-23
-0.00140381
-109
-0.00665283
-193
-0.0117798
-168
-0.0102539
-290
-0.0177002
104
0.00634766
-383
-0.0233765
-40
-0.00244141
-214
-0.0130615
-117
-0.00714111
199
0.012146
96
0.00585938
-180
-0.0109863
1
6.10352e-05
174
0.0106201
-6
-0.000366211
40
0.00244141
-42
-0.00256348
231
0.0140991
155
0.00946045
-254
-0.0155029
-24
-0.00146484
-215
-0.0131226
98
0.00598145
69
0.00421143
160
0.00976562
-268
-0.0163574
86
0.00524902
253
0.0154419
11
0.000671387
171
0.010437
-6
-0.000366211
301
0.0183716
-74
-0.0045166
-38
-0.00231934
-11
-0.000671387
106
0.00646973
2
0.00012207
-102
-0.00622559
45
0.00274658
43
0.00262451
62
0.00378418
245
0.0149536
112
0.00683594
99
0.00604248
21
0.00128174
97
0.00592041
9
0.000549316
-296
-0.0180664
-67
-0.00408936
-147
-0.00897217
110
0.00671387
267
0.0162964
37
0.0022583
-210
-0.0128174
150
0.00915527
-223
-0.0136108
-136
-0.00830078
70
0.00427246
-122
-0.00744629
165
0.0100708
49
0.00299072
272
0.0166016
8
0.000488281
-673
-0.0410767
-123
-0.00750732
220
0.0134277
107
0.00653076
145
0.0088501
5
0.000305176
113
0.00689697
113
0.00689697
75
0.00457764
-205
-0.0125122
-570
-0.03479
145
0.0088501
-85
-0.00518799
-32
-0.00195312
-154
-0.00939941
99
0.00604248
-86
-0.00524902
-76
-0.00463867
199
0.012146
-114
-0.00695801
200
0.012207
5
0.000305176
126
0.00769043
111
0.0067749
299
0.0182495
-174
-0.0106201
-224
-0.0136719
39
0.00238037
286
0.0174561
-148
-0.0090332
162
0.0098877
46
0.00280762
-404
-0.0246582
116
0.00708008
-37
-0.0022583
0
0
475
0.0289917
114
0.00695801
-4
-0.000244141
-85
-0.00518799
-384
-0.0234375
120
0.00732422
105
0.00640869
-84
-0.00512695
-242
-0.0147705
0
0
-10
-0.000610352
-188
-0.0114746
232
0.0141602
63
0.00384521
-163
-0.00994873
-163
-0.00994873
-296
-0.0180664
-55
-0.00335693
173
0.0105591
86
0.00524902
277
0.0169067
24
0.00146484
203
0.0123901
-135
-0.00823975
122
0.00744629
8
0.000488281
185
0.0112915
27
0.00164795
134
0.00817871
42
0.00256348
-115
-0.00701904
-21
-0.00128174
-68
-0.00415039
113
0.00689697
-319
-0.0194702
-3
-0.000183105
212
0.0129395
-140
-0.00854492
256
0.015625
16
0.000976562
460
0.0280762
-42
-0.00256348
76
0.00463867
-64
-0.00390625
152
0.00927734
-124
-0.00756836
311
0.0189819
5
0.000305176
-146
-0.00891113
-182
-0.0111084
-181
-0.0110474
132
0.00805664
12
0.000732422
60
0.00366211
-157
-0.00958252
-26
-0.00158691
-306
-0.0186768
-171
-0.010437
295
0.0180054
56
0.00341797
-258
-0.0157471
54
0.0032959
-159
-0.00970459
-14
-0.000854492
-199
-0.012146
-112
-0.00683594
-351
-0.0214233
-85
-0.00518799
251
0.0153198
-45
-0.00274658
-94
-0.0057373
135
0.00823975
25
0.00152588
-181
-0.0110474
-202
-0.0123291
-31
-0.00189209
-167
-0.0101929
0
0
-177
-0.0108032
264
0.0161133
122
0.00744629
-276
-0.0168457
135
0.00823975
-111
-0.0067749
250
0.0152588
-25
-0.00152588
-106
-0.00646973
7
0.000427246
-108
-0.0065918
-32
-0.00195312
87
0.00531006
-158
-0.00964355
372
0.0227051
55
0.00335693
234
0.0142822
7
0.000427246
409
0.0249634
117
0.00714111
18
0.00109863
13
0.000793457
403
0.0245972
-33
-0.00201416
44
0.00268555
-53
-0.00323486
-71
-0.0043335
82
0.00500488
-155
-0.00946045
202
0.0123291
-38
-0.00231934
-257
-0.015686
4
0.000244141
-33
-0.00201416
185
0.0112915
63
0.00384521
76
0.00463867
128
0.0078125
-201
-0.0122681
-56
-0.00341797
352
0.0214844
129
0.00787354
139
0.00848389
19
0.00115967
370
0.022583
-78
-0.00476074
124
0.00756836
-219
-0.0133667
-111
-0.0067749
-23
-0.00140381
-164
-0.0100098
47
0.00286865
34
0.0020752
-109
-0.00665283
214
0.0130615
77
0.00469971
-75
-0.00457764
39
0.00238037
95
0.00579834
67
0.00408936
-62
-0.00378418
-58
-0.00354004
-141
-0.00860596
-76
-0.00463867
26
0.00158691
-95
-0.00579834
-179
-0.0109253
10
0.000610352
177
0.0108032
11
0.000671387
274
0.0167236
-202
-0.0123291
175
0.0106812
-1
-6.10352e-05
-262
-0.0159912
-72
-0.00439453
-292
-0.0178223
-23
-0.00140381
-29
-0.00177002
-10
-0.000610352
60
0.00366211
-116
-0.00708008
-42
-0.00256348
-67
-0.00408936
87
0.00531006
103
0.00628662
43
0.00262451
85
0.00518799
-392
-0.0239258
-39
-0.00238037
-248
-0.0151367
86
0.00524902
-253
-0.0154419
79
0.00482178
234
0.0142822
-96
-0.00585938
244
0.0148926
-38
-0.00231934
-57
-0.003479
-50
-0.00305176
-175
-0.0106812
127
0.00775146
290
0.0177002
77
0.00469971
243
0.0148315
-54
-0.0032959
-132
-0.00805664
-4
-0.000244141
-35
-0.00213623
-16
-0.000976562
78
0.00476074
99
0.00604248
122
0.00744629
-24
-0.00146484
-303
-0.0184937
-166
-0.0101318
-6
-0.000366211
-60
-0.00366211
276
0.0168457
5
0.000305176
-229
-0.0139771
396
0.0241699
58
0.00354004
-22
-0.00134277
-139
-0.00848389
-3
-0.000183105
171
0.010437
-7
-0.000427246
-182
-0.0111084
-110
-0.00671387
-61
-0.00372314
-52
-0.00317383
-11
-0.000671387
40
0.00244141
192
0.0117188
50
0.00305176
205
0.0125122
-16
-0.000976562
286
0.0174561
7
0.000427246
-162
-0.0098877
0
0
183
0.0111694
35
0.00213623
-223
-0.0136108
-121
-0.00738525
-297
-0.0181274
-162
-0.0098877
-97
-0.00592041
-72
-0.00439453
-33
-0.00201416
-28
-0.00170898
260
0.0158691
118
0.00720215
365
0.0222778
-156
-0.00952148
-255
-0.015564
55
0.00335693
255
0.015564
278
0.0169678
32
0.00195312
209
0.0127563
-131
-0.00799561
92
0.00561523
51
0.00311279
20
0.0012207
-370
-0.022583
5
0.000305176
-195
-0.0119019
57
0.003479
-250
-0.0152588
168
0.0102539
-122
-0.00744629
42
0.00256348
-78
-0.00476074
-4
-0.000244141
-353
-0.0215454
40
0.00244141
30
0.00183105
110
0.00671387
63
0.00384521
25
0.00152588
154
0.00939941
-1
-6.10352e-05
-453
-0.0276489
61
0.00372314
-44
-0.00268555
-151
-0.00921631
55
0.00335693
27
0.00164795
111
0.0067749
89
0.00543213
261
0.0159302
184
0.0112305
-391
-0.0238647
-40
-0.00244141
-119
-0.00726318
-28
-0.00170898
-36
-0.00219727
-72
-0.00439453
-129
-0.00787354
102
0.00622559
-71
-0.0043335
-274
-0.0167236
240
0.0146484
-28
-0.00170898
27
0.00164795
-27
-0.00164795
306
0.0186768
-104
-0.00634766
23
0.00140381
-147
-0.00897217
-91
-0.0055542
206
0.0125732
84
0.00512695
-168
-0.0102539
21
0.00128174
-25
-0.00152588
-298
-0.0181885
-154
-0.00939941
222
0.0135498
-43
-0.00262451
233
0.0142212
-17
-0.0010376
195
0.0119019
-187
-0.0114136
-181
-0.0110474
162
0.0098877
5
0.000305176
57
0.003479
-251
-0.0153198
-190
-0.0115967
303
0.0184937
148
0.0090332
-31
-0.00189209
-41
-0.00250244
92
0.00561523
-127
-0.00775146
-620
-0.0378418
37
0.0022583
-326
-0.0198975
5
0.000305176
-210
-0.0128174
-269
-0.0164185
-102
-0.00622559
-66
-0.00402832
8
0.000488281
65
0.00396729
174
0.0106201
189
0.0115356
-46
-0.00280762
-70
-0.00427246
17
0.0010376
0
0
334
0.0203857
-71
-0.0043335
227
0.013855
-72
-0.00439453
101
0.00616455
16
0.000976562
-219
-0.0133667
-54
-0.0032959
-231
-0.0140991
44
0.00268555
-408
-0.0249023
-57
-0.003479
5
0.000305176
24
0.00146484
183
0.0111694
-107
-0.00653076
-234
-0.0142822
112
0.00683594
-228
-0.013916
146
0.00891113
353
0.0215454
72
0.00439453
-83
-0.00506592
15
0.000915527
-36
-0.00219727
6
0.000366211
-255
-0.015564
-91
-0.0055542
-359
-0.0219116
114
0.00695801
140
0.00854492
-174
-0.0106201
-407
-0.0248413
21
0.00128174
-57
-0.003479
-163
-0.00994873
-117
-0.00714111
-12
-0.000732422
172
0.010498
17
0.0010376
-48
-0.00292969
-65
-0.00396729
-50
-0.00305176
-108
-0.0065918
232
0.0141602
29
0.00177002
6
0.000366211
-21
-0.00128174
109
0.00665283
146
0.00891113
-411
-0.0250854
91
0.0055542
186
0.0113525
70
0.00427246
307
0.0187378
-46
-0.00280762
-18
-0.00109863
12
0.000732422
375
0.0228882
58
0.00354004
-241
-0.0147095
101
0.00616455
-166
-0.0101318
92
0.00561523
87
0.00531006
-115
-0.00701904
106
0.00646973
-132
-0.00805664
-345
-0.0210571
89
0.00543213
115
0.00701904
-93
-0.00567627
175
0.0106812
127
0.00775146
77
0.00469971
184
0.0112305
-20
-0.0012207
-242
-0.0147705
-180
-0.0109863
46
0.00280762
59
0.00360107
25
0.00152588
-99
-0.00604248
-92
-0.00561523
-246
-0.0150146
-81
-0.00494385
-249
-0.0151978
-131
-0.00799561
362
0.0220947
169
0.0103149
38
0.00231934
100
0.00610352
-18
-0.00109863
19
0.00115967
-608
-0.0371094
263
0.0160522
196
0.0119629
75
0.00457764
161
0.00982666
38
0.00231934
-51
-0.00311279
-210
-0.0128174
272
0.0166016
-129
-0.00787354
37
0.0022583
-109
-0.00665283
-145
-0.0088501
123
0.00750732
-530
-0.0323486
98
0.00598145
113
0.00689697
-29
-0.00177002
-54
-0.0032959
0
0
-18
-0.00109863
36
0.00219727
-246
-0.0150146
90
0.00549316
-174
-0.0106201
88
0.00537109
-111
-0.0067749
-33
-0.00201416
-94
-0.0057373
88
0.00537109
-26
-0.00158691
220
0.0134277
213
0.0130005
-28
-0.00170898
-156
-0.00952148
54
0.0032959
-231
-0.0140991
127
0.00775146
115
0.00701904
129
0.00787354
-160
-0.00976562
58
0.00354004
-216
-0.0131836
-88
-0.00537109
74
0.0045166
11
0.000671387
-195
-0.0119019
5
0.000305176
415
0.0253296
43
0.00262451
-16
-0.000976562
-7
-0.000427246
-225
-0.0137329
115
0.00701904
195
0.0119019
-16
-0.000976562
12
0.000732422
90
0.00549316
-180
-0.0109863
91
0.0055542
-217
-0.0132446
-2
-0.00012207
57
0.003479
173
0.0105591
-94
-0.0057373
31
0.00189209
155
0.00946045
-35
-0.00213623
67
0.00408936
-28
-0.00170898
-200
-0.012207
80
0.00488281
343
0.0209351
-100
-0.00610352
-105
-0.00640869
29
0.00177002
226
0.0137939
-7
-0.000427246
138
0.00842285
-144
-0.00878906
-376
-0.0229492
-82
-0.00500488
-54
-0.0032959
-47
-0.00286865
-87
-0.00531006
-3
-0.000183105
-2
-0.00012207
32
0.00195312
-18
-0.00109863
84
0.00512695
-44
-0.00268555
-70
-0.00427246
294
0.0179443
204
0.0124512
53
0.00323486
-126
-0.00769043
119
0.00726318
-98
-0.00598145
-260
-0.0158691
-36
-0.00219727
-51
-0.00311279
93
0.00567627
110
0.00671387
-92
-0.00561523
236
0.0144043
-225
-0.0137329
17
0.0010376
38
0.00231934
502
0.0306396
17
0.0010376
-9
-0.000549316
101
0.00616455
115
0.00701904
40
0.00244141
-461
-0.0281372
43
0.00262451
-137
-0.00836182
-37
-0.0022583
166
0.0101318
-213
-0.0130005
122
0.00744629
342
0.020874
-161
-0.00982666
84
0.00512695
232
0.0141602
-82
-0.00500488
257
0.015686
-17
-0.0010376
-103
-0.00628662
60
0.00366211
136
0.00830078
13
0.000793457
-415
-0.0253296
182
0.0111084
-2
-0.00012207
-89
-0.00543213
255
0.015564
53
0.00323486
255
0.015564
-2
-0.00012207
96
0.00585938
119
0.00726318
-32
-0.00195312
30
0.00183105
110
0.00671387
-131
-0.00799561
187
0.0114136
52
0.00317383
202
0.0123291
-60
-0.00366211
-69
-0.00421143
108
0.0065918
436
0.0266113
110
0.00671387
405
0.0247192
82
0.00500488
276
0.0168457
-99
-0.00604248
-381
-0.0232544
-43
-0.00262451
62
0.00378418
-108
-0.0065918
