243
0.0209754
-71
-0.00612861
8
0.000690548
-143
-0.0123435
15
0.00129478
-119
-0.0102719
-203
-0.0175227
34
0.00293483
-108
-0.0093224
93
0.00802762
74
0.00638757
126
0.0108761
-120
-0.0103582
137
0.0118256
38
0.0032801
-17
-0.00146741
281
0.0242555
185
0.0159689
1
8.63185e-05
79
0.00681916
32
0.00276219
118
0.0101856
-27
-0.0023306
59
0.00509279
-16
-0.0013811
-164
-0.0141562
-229
-0.0197669
136
0.0117393
237
0.0204575
-143
-0.0123435
-273
-0.023565
-90
-0.00776867
315
0.0271903
94
0.00811394
-140
-0.0120846
-65
-0.0056107
-97
-0.0083729
55
0.00474752
-239
-0.0206301
-23
-0.00198533
-160
-0.013811
17
0.00146741
-142
-0.0122572
-31
-0.00267587
-332
-0.0286577
75
0.00647389
-24
-0.00207164
32
0.00276219
-21
-0.00181269
25
0.00215796
48
0.00414329
-31
-0.00267587
19
0.00164005
-31
-0.00267587
-150
-0.0129478
-142
-0.0122572
-192
-0.0165732
272
0.0234786
-77
-0.00664653
232
0.0200259
62
0.00535175
-22
-0.00189901
-4
-0.000345274
122
0.0105309
-115
-0.00992663
-13
-0.00112214
-89
-0.00768235
27
0.0023306
-92
-0.0079413
23
0.00198533
6
0.000517911
-124
-0.0107035
-155
-0.0133794
-238
-0.0205438
-51
-0.00440224
-20
-0.00172637
-108
-0.0093224
-91
-0.00785498
176
0.0151921
-54
-0.0046612
88
0.00759603
77
0.00664653
-46
-0.00397065
-46
-0.00397065
162
0.0139836
48
0.00414329
-5
-0.000431593
84
0.00725076
81
0.0069918
-203
-0.0175227
193
0.0166595
-82
-0.00707812
210
0.0181269
-92
-0.0079413
64
0.00552438
101
0.00871817
228
0.0196806
-115
-0.00992663
-188
-0.0162279
81
0.0069918
-289
-0.0249461
132
0.011394
-116
-0.0100129
-82
-0.00707812
-21
-0.00181269
232
0.0200259
-53
-0.00457488
-109
-0.00940872
85
0.00733707
84
0.00725076
-164
-0.0141562
-56
-0.00483384
-254
-0.0219249
130
0.0112214
-103
-0.00889081
-7
-0.00060423
-70
-0.0060423
32
0.00276219
-10
-0.000863185
9
0.000776867
10
0.000863185
96
0.00828658
209
0.0180406
-15
-0.00129478
245
0.021148
-76
-0.00656021
-77
-0.00664653
-68
-0.00586966
56
0.00483384
-37
-0.00319379
230
0.0198533
69
0.00595598
222
0.0191627
213
0.0183858
190
0.0164005
-113
-0.00975399
89
0.00768235
-121
-0.0104445
-322
-0.0277946
21
0.00181269
-21
-0.00181269
-85
-0.00733707
-116
-0.0100129
-44
-0.00379801
191
0.0164868
40
0.00345274
140
0.0120846
-29
-0.00250324
-212
-0.0182995
-69
-0.00595598
-380
-0.032801
49
0.00422961
-9
-0.000776867
28
0.00241692
6
0.000517911
86
0.00742339
61
0.00526543
-164
-0.0141562
295
0.025464
-78
-0.00673284
57
0.00492016
31
0.00267587
64
0.00552438
82
0.00707812
-39
-0.00336642
41
0.00353906
117
0.0100993
-27
-0.0023306
-226
-0.019508
29
0.00250324
-42
-0.00362538
-2
-0.000172637
-45
-0.00388433
2
0.000172637
-26
-0.00224428
80
0.00690548
-44
-0.00379801
0
0
124
0.0107035
-119
-0.0102719
262
0.0226155
-257
-0.0221839
252
0.0217523
-59
-0.00509279
104
0.00897713
118
0.0101856
158
0.0136383
37
0.00319379
-247
-0.0213207
-49
-0.00422961
-233
-0.0201122
-45
-0.00388433
-24
-0.00207164
146
0.0126025
61
0.00526543
-8
-0.000690548
32
0.00276219
-32
-0.00276219
-90
-0.00776867
35
0.00302115
88
0.00759603
183
0.0157963
-81
-0.0069918
113
0.00975399
162
0.0139836
-218
-0.0188174
-120
-0.0103582
19
0.00164005
87
0.00750971
-7
-0.00060423
215
0.0185585
66
0.00569702
-27
-0.0023306
5
0.000431593
55
0.00474752
-62
-0.00535175
234
0.0201985
-15
-0.00129478
315
0.0271903
-145
-0.0125162
-87
-0.00750971
95
0.00820026
23
0.00198533
-23
-0.00198533
-80
-0.00690548
-99
-0.00854553
-212
-0.0182995
-9
-0.000776867
-29
-0.00250324
0
0
-212
-0.0182995
154
0.0132931
265
0.0228744
84
0.00725076
-70
-0.0060423
-90
-0.00776867
100
0.00863185
85
0.00733707
163
0.0140699
-56
-0.00483384
287
0.0247734
119
0.0102719
-65
-0.0056107
-12
-0.00103582
102
0.00880449
138
0.011912
64
0.00552438
100
0.00863185
148
0.0127751
-65
-0.0056107
222
0.0191627
5
0.000431593
142
0.0122572
-64
-0.00552438
43
0.0037117
174
0.0150194
-194
-0.0167458
54
0.0046612
140
0.0120846
-67
-0.00578334
-71
-0.00612861
-17
-0.00146741
-49
-0.00422961
-59
-0.00509279
53
0.00457488
-27
-0.0023306
46
0.00397065
-70
-0.0060423
-264
-0.0227881
-35
-0.00302115
-199
-0.0171774
5
0.000431593
-291
-0.0251187
21
0.00181269
-58
-0.00500647
133
0.0114804
13
0.00112214
170
0.0146741
106
0.00914976
23
0.00198533
28
0.00241692
-86
-0.00742339
-195
-0.0168321
15
0.00129478
155
0.0133794
-172
-0.0148468
-177
-0.0152784
-78
-0.00673284
44
0.00379801
1
8.63185e-05
50
0.00431593
27
0.0023306
11
0.000949504
-29
-0.00250324
427
0.036858
264
0.0227881
-125
-0.0107898
-69
-0.00595598
-176
-0.0151921
123
0.0106172
-113
-0.00975399
121
0.0104445
-38
-0.0032801
68
0.00586966
132
0.011394
-65
-0.0056107
71
0.00612861
49
0.00422961
108
0.0093224
-164
-0.0141562
-183
-0.0157963
-144
-0.0124299
42
0.00362538
36
0.00310747
-15
-0.00129478
107
0.00923608
129
0.0111351
57
0.00492016
-5
-0.000431593
-81
-0.0069918
141
0.0121709
39
0.00336642
23
0.00198533
-27
-0.0023306
47
0.00405697
0
0
-45
-0.00388433
-169
-0.0145878
239
0.0206301
15
0.00129478
-430
-0.037117
89
0.00768235
-180
-0.0155373
-120
-0.0103582
226
0.019508
-103
-0.00889081
-226
-0.019508
98
0.00845921
110
0.00949504
-11
-0.000949504
264
0.0227881
60
0.00517911
223
0.019249
-47
-0.00405697
121
0.0104445
-1
-8.63185e-05
289
0.0249461
-68
-0.00586966
-49
-0.00422961
188
0.0162279
91
0.00785498
96
0.00828658
-74
-0.00638757
31
0.00267587
60
0.00517911
96
0.00828658
-72
-0.00621493
-102
-0.00880449
346
0.0298662
189
0.0163142
-302
-0.0260682
-48
-0.00414329
284
0.0245145
-40
-0.00345274
340
0.0293483
77
0.00664653
-176
-0.0151921
-41
-0.00353906
260
0.0224428
-11
-0.000949504
-284
-0.0245145
52
0.00448856
81
0.0069918
113
0.00975399
-8
-0.000690548
31
0.00267587
8
0.000690548
89
0.00768235
48
0.00414329
-50
-0.00431593
176
0.0151921
-82
-0.00707812
-150
-0.0129478
5
0.000431593
89
0.00768235
105
0.00906344
339
0.029262
-101
-0.00871817
-19
-0.00164005
-123
-0.0106172
7
0.00060423
-217
-0.0187311
142
0.0122572
-16
-0.0013811
134
0.0115667
-40
-0.00345274
-36
-0.00310747
49
0.00422961
37
0.00319379
36
0.00310747
92
0.0079413
-36
-0.00310747
-54
-0.0046612
-49
-0.00422961
191
0.0164868
-18
-0.00155373
-104
-0.00897713
62
0.00535175
-259
-0.0223565
53
0.00457488
12
0.00103582
85
0.00733707
-124
-0.0107035
119
0.0102719
0
0
44
0.00379801
-110
-0.00949504
-89
-0.00768235
-305
-0.0263271
-153
-0.0132067
251
0.0216659
-11
-0.000949504
12
0.00103582
195
0.0168321
1
8.63185e-05
-69
-0.00595598
75
0.00647389
-113
-0.00975399
-242
-0.0208891
112
0.00966767
165
0.0142426
67
0.00578334
12
0.00103582
122
0.0105309
-106
-0.00914976
-86
-0.00742339
124
0.0107035
204
0.017609
136
0.0117393
94
0.00811394
-34
-0.00293483
-94
-0.00811394
-46
-0.00397065
136
0.0117393
36
0.00310747
151
0.0130341
-4
-0.000345274
34
0.00293483
117
0.0100993
106
0.00914976
22
0.00189901
156
0.0134657
217
0.0187311
-44
-0.00379801
-12
-0.00103582
-63
-0.00543807
114
0.00984031
-49
-0.00422961
-146
-0.0126025
79
0.00681916
30
0.00258956
81
0.0069918
113
0.00975399
54
0.0046612
-70
-0.0060423
-9
-0.000776867
-332
-0.0286577
-96
-0.00828658
0
0
-40
-0.00345274
-94
-0.00811394
36
0.00310747
-50
-0.00431593
-10
-0.000863185
323
0.0278809
7
0.00060423
117
0.0100993
64
0.00552438
240
0.0207164
-56
-0.00483384
93
0.00802762
-102
-0.00880449
-127
-0.0109625
130
0.0112214
239
0.0206301
11
0.000949504
-48
-0.00414329
17
0.00146741
197
0.0170047
66
0.00569702
-69
-0.00595598
20
0.00172637
13
0.00112214
-161
-0.0138973
95
0.00820026
-45
-0.00388433
-183
-0.0157963
-32
-0.00276219
252
0.0217523
30
0.00258956
-245
-0.021148
49
0.00422961
24
0.00207164
-34
-0.00293483
-41
-0.00353906
-78
-0.00673284
61
0.00526543
103
0.00889081
91
0.00785498
-141
-0.0121709
371
0.0320242
43
0.0037117
134
0.0115667
-271
-0.0233923
77
0.00664653
-125
-0.0107898
160
0.013811
-9
-0.000776867
4
0.000345274
-122
-0.0105309
112
0.00966767
140
0.0120846
1
8.63185e-05
148
0.0127751
-2
-0.000172637
32
0.00276219
36
0.00310747
37
0.00319379
-49
-0.00422961
7
0.00060423
79
0.00681916
-24
-0.00207164
182
0.01571
-51
-0.00440224
217
0.0187311
-42
-0.00362538
448
0.0386707
35
0.00302115
135
0.011653
58
0.00500647
-70
-0.0060423
-48
-0.00414329
81
0.0069918
-61
-0.00526543
-125
-0.0107898
-196
-0.0169184
-109
-0.00940872
83
0.00716444
28
0.00241692
-99
-0.00854553
-72
-0.00621493
142
0.0122572
21
0.00181269
89
0.00768235
-337
-0.0290893
-23
-0.00198533
-60
-0.00517911
-30
-0.00258956
-28
-0.00241692
-46
-0.00397065
-268
-0.0231334
-156
-0.0134657
280
0.0241692
8
0.000690548
-59
-0.00509279
132
0.011394
3
0.000258956
-71
-0.00612861
-244
-0.0210617
144
0.0124299
174
0.0150194
18
0.00155373
17
0.00146741
0
0
-28
-0.00241692
149
0.0128615
-43
-0.0037117
151
0.0130341
147
0.0126888
39
0.00336642
147
0.0126888
6
0.000517911
308
0.0265861
-68
-0.00586966
267
0.023047
-102
-0.00880449
-4
-0.000345274
-121
-0.0104445
181
0.0156237
106
0.00914976
-87
-0.00750971
-121
-0.0104445
125
0.0107898
26
0.00224428
7
0.00060423
-16
-0.0013811
446
0.0384981
43
0.0037117
54
0.0046612
-207
-0.0178679
28
0.00241692
28
0.00241692
-235
-0.0202849
-89
-0.00768235
-124
-0.0107035
22
0.00189901
90
0.00776867
119
0.0102719
7
0.00060423
28
0.00241692
79
0.00681916
-52
-0.00448856
82
0.00707812
-56
-0.00483384
-219
-0.0189038
197
0.0170047
-221
-0.0190764
-42
-0.00362538
284
0.0245145
10
0.000863185
19
0.00164005
87
0.00750971
-165
-0.0142426
-25
-0.00215796
8
0.000690548
77
0.00664653
129
0.0111351
-189
-0.0163142
380
0.032801
-40
-0.00345274
-310
-0.0267587
-29
-0.00250324
-274
-0.0236513
9
0.000776867
222
0.0191627
-171
-0.0147605
104
0.00897713
76
0.00656021
-9
-0.000776867
-91
-0.00785498
-229
-0.0197669
78
0.00673284
57
0.00492016
-11
-0.000949504
92
0.0079413
-34
-0.00293483
223
0.019249
-183
-0.0157963
-192
-0.0165732
-81
-0.0069918
163
0.0140699
12
0.00103582
96
0.00828658
-129
-0.0111351
407
0.0351316
-55
-0.00474752
182
0.01571
21
0.00181269
174
0.0150194
96
0.00828658
143
0.0123435
-37
-0.00319379
464
0.0400518
-23
-0.00198533
-41
-0.00353906
-121
-0.0104445
213
0.0183858
11
0.000949504
-19
-0.00164005
38
0.0032801
-213
-0.0183858
195
0.0168321
12
0.00103582
-63
-0.00543807
358
0.030902
-30
-0.00258956
-134
-0.0115667
-26
-0.00224428
169
0.0145878
-118
-0.0101856
-176
-0.0151921
57
0.00492016
6
0.000517911
25
0.00215796
-1
-8.63185e-05
-12
-0.00103582
-135
-0.011653
14
0.00120846
16
0.0013811
82
0.00707812
178
0.0153647
35
0.00302115
134
0.0115667
6
0.000517911
-105
-0.00906344
-107
-0.00923608
144
0.0124299
-11
-0.000949504
-38
-0.0032801
-170
-0.0146741
-51
-0.00440224
46
0.00397065
-47
-0.00405697
-51
-0.00440224
-345
-0.0297799
53
0.00457488
63
0.00543807
-117
-0.0100993
61
0.00526543
-6
-0.000517911
47
0.00405697
279
0.0240829
-136
-0.0117393
31
0.00267587
-438
-0.0378075
-29
-0.00250324
-12
-0.00103582
-78
-0.00673284
-122
-0.0105309
78
0.00673284
-141
-0.0121709
-217
-0.0187311
373
0.0321968
141
0.0121709
94
0.00811394
-99
-0.00854553
231
0.0199396
114
0.00984031
-164
-0.0141562
111
0.00958136
-118
-0.0101856
-16
-0.0013811
-300
-0.0258956
53
0.00457488
190
0.0164005
66
0.00569702
351
0.0302978
-4
-0.000345274
113
0.00975399
-61
-0.00526543
87
0.00750971
-25
-0.00215796
271
0.0233923
188
0.0162279
82
0.00707812
-64
-0.00552438
218
0.0188174
-22
-0.00189901
-30
-0.00258956
127
0.0109625
-6
-0.000517911
-59
-0.00509279
133
0.0114804
133
0.0114804
27
0.0023306
-40
-0.00345274
-70
-0.0060423
-18
-0.00155373
-183
-0.0157963
-141
-0.0121709
310
0.0267587
15
0.00129478
119
0.0102719
-188
-0.0162279
63
0.00543807
66
0.00569702
-101
-0.00871817
15
0.00129478
-326
-0.0281398
-33
-0.00284851
-189
-0.0163142
67
0.00578334
124
0.0107035
265
0.0228744
-80
-0.00690548
184
0.0158826
2
0.000172637
-104
-0.00897713
-94
-0.00811394
111
0.00958136
-41
-0.00353906
22
0.00189901
228
0.0196806
83
0.00716444
-46
-0.00397065
56
0.00483384
31
0.00267587
-21
-0.00181269
-5
-0.000431593
123
0.0106172
140
0.0120846
-32
-0.00276219
334
0.0288304
-46
-0.00397065
-42
-0.00362538
133
0.0114804
-200
-0.0172637
4
0.000345274
-285
-0.0246008
75
0.00647389
204
0.017609
99
0.00854553
32
0.00276219
57
0.00492016
-123
-0.0106172
84
0.00725076
43
0.0037117
-41
-0.00353906
20
0.00172637
-78
-0.00673284
-83
-0.00716444
-67
-0.00578334
-105
-0.00906344
-5
-0.000431593
79
0.00681916
45
0.00388433
-128
-0.0110488
109
0.00940872
-187
-0.0161416
97
0.0083729
-28
-0.00241692
77
0.00664653
232
0.0200259
133
0.0114804
-21
-0.00181269
35
0.00302115
112
0.00966767
-44
-0.00379801
127
0.0109625
112
0.00966767
-148
-0.0127751
7
0.00060423
243
0.0209754
8
0.000690548
-64
-0.00552438
65
0.0056107
-79
-0.00681916
89
0.00768235
69
0.00595598
88
0.00759603
78
0.00673284
-138
-0.011912
223
0.019249
-120
-0.0103582
-91
-0.00785498
128
0.0110488
-159
-0.0137246
91
0.00785498
-214
-0.0184722
-130
-0.0112214
39
0.00336642
-16
-0.0013811
-263
-0.0227018
-93
-0.00802762
29
0.00250324
-7
-0.00060423
76
0.00656021
14
0.00120846
98
0.00845921
31
0.00267587
-40
-0.00345274
129
0.0111351
58
0.00500647
-79
-0.00681916
331
0.0285714
7
0.00060423
190
0.0164005
-102
-0.00880449
282
0.0243418
46
0.00397065
98
0.00845921
-80
-0.00690548
-118
-0.0101856
50
0.00431593
-29
-0.00250324
-61
-0.00526543
-147
-0.0126888
-16
-0.0013811
126
0.0108761
-58
-0.00500647
461
0.0397928
56
0.00483384
-101
-0.00871817
-175
-0.0151057
-130
-0.0112214
-36
-0.00310747
-2
-0.000172637
35
0.00302115
-100
-0.00863185
110
0.00949504
8
0.000690548
-1
-8.63185e-05
300
0.0258956
55
0.00474752
-54
-0.0046612
203
0.0175227
210
0.0181269
-47
-0.00405697
11
0.000949504
-108
-0.0093224
58
0.00500647
28
0.00241692
-295
-0.025464
-110
-0.00949504
41
0.00353906
87
0.00750971
63
0.00543807
-151
-0.0130341
-110
-0.00949504
21
0.00181269
-42
-0.00362538
106
0.00914976
-141
-0.0121709
124
0.0107035
-301
-0.0259819
-58
-0.00500647
24
0.00207164
-108
-0.0093224
-164
-0.0141562
139
0.0119983
45
0.00388433
73
0.00630125
29
0.00250324
6
0.000517911
-321
-0.0277082
-314
-0.027104
-160
-0.013811
161
0.0138973
112
0.00966767
26
0.00224428
46
0.00397065
151
0.0130341
128
0.0110488
-133
-0.0114804
311
0.0268451
41
0.00353906
-32
-0.00276219
-101
-0.00871817
3
0.000258956
-71
-0.00612861
-11
-0.000949504
42
0.00362538
-173
-0.0149331
56
0.00483384
-153
-0.0132067
126
0.0108761
149
0.0128615
-41
-0.00353906
-222
-0.0191627
78
0.00673284
-62
-0.00535175
-75
-0.00647389
63
0.00543807
-1
-8.63185e-05
248
0.021407
66
0.00569702
-56
-0.00483384
140
0.0120846
-170
-0.0146741
138
0.011912
-99
-0.00854553
-23
-0.00198533
29
0.00250324
-194
-0.0167458
105
0.00906344
54
0.0046612
-139
-0.0119983
-62
-0.00535175
43
0.0037117
-118
-0.0101856
-339
-0.029262
-9
-0.000776867
152
0.0131204
-76
-0.00656021
76
0.00656021
46
0.00397065
-10
-0.000863185
112
0.00966767
110
0.00949504
20
0.00172637
-197
-0.0170047
140
0.0120846
8
0.000690548
60
0.00517911
-312
-0.0269314
-210
-0.0181269
16
0.0013811
74
0.00638757
-13
-0.00112214
63
0.00543807
-2
-0.000172637
-52
-0.00448856
-235
-0.0202849
82
0.00707812
-155
-0.0133794
12
0.00103582
7
0.00060423
36
0.00310747
-58
-0.00500647
8
0.000690548
37
0.00319379
-127
-0.0109625
-44
-0.00379801
-84
-0.00725076
29
0.00250324
13
0.00112214
-69
-0.00595598
-124
-0.0107035
-59
-0.00509279
212
0.0182995
-249
-0.0214933
76
0.00656021
-52
-0.00448856
-181
-0.0156237
251
0.0216659
122
0.0105309
146
0.0126025
109
0.00940872
61
0.00526543
-16
-0.0013811
128
0.0110488
54
0.0046612
-34
-0.00293483
72
0.00621493
-149
-0.0128615
107
0.00923608
170
0.0146741
-17
-0.00146741
-72
-0.00621493
-12
-0.00103582
-87
-0.00750971
-219
-0.0189038
-194
-0.0167458
6
0.000517911
483
0.0416918
-5
-0.000431593
135
0.011653
-31
-0.00267587
149
0.0128615
73
0.00630125
-125
-0.0107898
-30
-0.00258956
37
0.00319379
64
0.00552438
-156
-0.0134657
-139
-0.0119983
-157
-0.013552
68
0.00586966
96
0.00828658
15
0.00129478
-55
-0.00474752
-27
-0.0023306
61
0.00526543
45
0.00388433
-125
-0.0107898
89
0.00768235
203
0.0175227
106
0.00914976
-83
-0.00716444
52
0.00448856
101
0.00871817
-104
-0.00897713
-339
-0.029262
-2
-0.000172637
-132
-0.011394
-29
-0.00250324
150
0.0129478
51
0.00440224
-23
-0.00198533
-70
-0.0060423
13
0.00112214
-47
-0.00405697
168
0.0145015
-220
-0.0189901
-107
-0.00923608
-307
-0.0264998
-76
-0.00656021
80
0.00690548
-33
-0.00284851
-16
-0.0013811
149
0.0128615
88
0.00759603
84
0.00725076
26
0.00224428
277
0.0239102
-172
-0.0148468
191
0.0164868
-4
-0.000345274
-282
-0.0243418
-80
-0.00690548
-73
-0.00630125
106
0.00914976
-7
-0.00060423
-118
-0.0101856
96
0.00828658
-17
-0.00146741
198
0.0170911
55
0.00474752
-15
-0.00129478
134
0.0115667
159
0.0137246
181
0.0156237
-105
-0.00906344
-31
-0.00267587
-80
-0.00690548
-33
-0.00284851
39
0.00336642
133
0.0114804
176
0.0151921
-20
-0.00172637
-83
-0.00716444
52
0.00448856
-26
-0.00224428
57
0.00492016
68
0.00586966
13
0.00112214
-180
-0.0155373
-19
-0.00164005
-177
-0.0152784
-152
-0.0131204
-113
-0.00975399
-115
-0.00992663
73
0.00630125
-30
-0.00258956
-317
-0.027363
71
0.00612861
114
0.00984031
73
0.00630125
-255
-0.0220112
-87
-0.00750971
-183
-0.0157963
40
0.00345274
-142
-0.0122572
-5
-0.000431593
195
0.0168321
-216
-0.0186448
-27
-0.0023306
96
0.00828658
200
0.0172637
-64
-0.00552438
-70
-0.0060423
-96
-0.00828658
284
0.0245145
-67
-0.00578334
-168
-0.0145015
-169
-0.0145878
-113
-0.00975399
116
0.0100129
-156
-0.0134657
-190
-0.0164005
55
0.00474752
-97
-0.0083729
49
0.00422961
-57
-0.00492016
70
0.0060423
-98
-0.00845921
-38
-0.0032801
-3
-0.000258956
175
0.0151057
-152
-0.0131204
-162
-0.0139836
-49
-0.00422961
-166
-0.0143289
186
0.0160552
-176
-0.0151921
143
0.0123435
22
0.00189901
151
0.0130341
316
0.0272767
-54
-0.0046612
6
0.000517911
-95
-0.00820026
-19
-0.00164005
-58
-0.00500647
-31
-0.00267587
30
0.00258956
126
0.0108761
-123
-0.0106172
4
0.000345274
-40
-0.00345274
-48
-0.00414329
-33
-0.00284851
93
0.00802762
70
0.0060423
352
0.0303841
-91
-0.00785498
-233
-0.0201122
222
0.0191627
-32
-0.00276219
11
0.000949504
-127
-0.0109625
100
0.00863185
-88
-0.00759603
-122
-0.0105309
23
0.00198533
51
0.00440224
45
0.00388433
-244
-0.0210617
-68
-0.00586966
83
0.00716444
-15
-0.00129478
-87
-0.00750971
-45
-0.00388433
-6
-0.000517911
321
0.0277082
-99
-0.00854553
50
0.00431593
108
0.0093224
135
0.011653
-174
-0.0150194
-113
-0.00975399
107
0.00923608
149
0.0128615
54
0.0046612
8
0.000690548
3
0.000258956
-76
-0.00656021
16
0.0013811
136
0.0117393
-5
-0.000431593
129
0.0111351
109
0.00940872
56
0.00483384
-76
-0.00656021
311
0.0268451
101
0.00871817
-80
-0.00690548
161
0.0138973
208
0.0179543
-213
-0.0183858
188
0.0162279
-145
-0.0125162
135
0.011653
-96
-0.00828658
241
0.0208028
-89
-0.00768235
-55
-0.00474752
15
0.00129478
-122
-0.0105309
-63
-0.00543807
445
0.0384117
-29
-0.00250324
-18
-0.00155373
29
0.00250324
-171
-0.0147605
191
0.0164868
15
0.00129478
-81
-0.0069918
258
0.0222702
2
0.000172637
52
0.00448856
-117
-0.0100993
237
0.0204575
81
0.0069918
13
0.00112214
63
0.00543807
-190
-0.0164005
48
0.00414329
54
0.0046612
-87
-0.00750971
281
0.0242555
-18
-0.00155373
-41
-0.00353906
-14
-0.00120846
275
0.0237376
13
0.00112214
-48
-0.00414329
-17
-0.00146741
-86
-0.00742339
-77
-0.00664653
-11
-0.000949504
137
0.0118256
-228
-0.0196806
9
0.000776867
-167
-0.0144152
11
0.000949504
23
0.00198533
-26
-0.00224428
-124
-0.0107035
74
0.00638757
6
0.000517911
40
0.00345274
-32
-0.00276219
-101
-0.00871817
-249
-0.0214933
-12
-0.00103582
-248
-0.021407
-34
-0.00293483
-184
-0.0158826
48
0.00414329
-93
-0.00802762
24
0.00207164
-26
-0.00224428
199
0.0171774
49
0.00422961
131
0.0113077
-167
-0.0144152
92
0.0079413
-139
-0.0119983
27
0.0023306
109
0.00940872
49
0.00422961
214
0.0184722
28
0.00241692
30
0.00258956
12
0.00103582
69
0.00595598
43
0.0037117
-122
-0.0105309
-12
-0.00103582
84
0.00725076
-50
-0.00431593
-369
-0.0318515
-98
-0.00845921
-390
-0.0336642
24
0.00207164
62
0.00535175
85
0.00733707
72
0.00621493
179
0.015451
-206
-0.0177816
26
0.00224428
185
0.0159689
-85
-0.00733707
-5
-0.000431593
-184
-0.0158826
98
0.00845921
5
0.000431593
-262
-0.0226155
76
0.00656021
83
0.00716444
40
0.00345274
104
0.00897713
49
0.00422961
102
0.00880449
-18
-0.00155373
310
0.0267587
11
0.000949504
-396
-0.0341821
77
0.00664653
-185
-0.0159689
-261
-0.0225291
224
0.0193353
-16
-0.0013811
-152
-0.0131204
-12
-0.00103582
141
0.0121709
199
0.0171774
-132
-0.011394
-118
-0.0101856
-63
-0.00543807
85
0.00733707
-395
-0.0340958
63
0.00543807
106
0.00914976
-34
-0.00293483
-99
-0.00854553
102
0.00880449
-213
-0.0183858
36
0.00310747
25
0.00215796
-144
-0.0124299
74
0.00638757
-12
-0.00103582
-413
-0.0356495
79
0.00681916
-161
-0.0138973
-124
-0.0107035
-167
-0.0144152
120
0.0103582
177
0.0152784
88
0.00759603
-100
-0.00863185
-83
-0.00716444
-293
-0.0252913
-47
-0.00405697
389
0.0335779
22
0.00189901
-43
-0.0037117
-37
-0.00319379
5
0.000431593
204
0.017609
53
0.00457488
19
0.00164005
-214
-0.0184722
22
0.00189901
20
0.00172637
-190
-0.0164005
58
0.00500647
-92
-0.0079413
47
0.00405697
-63
-0.00543807
-178
-0.0153647
69
0.00595598
339
0.029262
64
0.00552438
172
0.0148468
20
0.00172637
129
0.0111351
88
0.00759603
59
0.00509279
-1
-8.63185e-05
96
0.00828658
-106
-0.00914976
-47
-0.00405697
77
0.00664653
313
0.0270177
-146
-0.0126025
138
0.011912
185
0.0159689
81
0.0069918
90
0.00776867
77
0.00664653
-28
-0.00241692
-36
-0.00310747
-142
-0.0122572
-104
-0.00897713
-75
-0.00647389
234
0.0201985
45
0.00388433
20
0.00172637
0
0
-63
-0.00543807
-133
-0.0114804
-161
-0.0138973
-75
-0.00647389
-41
-0.00353906
-118
-0.0101856
-206
-0.0177816
66
0.00569702
-135
-0.011653
39
0.00336642
-122
-0.0105309
46
0.00397065
251
0.0216659
44
0.00379801
42
0.00362538
0
0
-59
-0.00509279
106
0.00914976
118
0.0101856
-29
-0.00250324
65
0.0056107
105
0.00906344
-150
-0.0129478
-213
-0.0183858
-166
-0.0143289
188
0.0162279
-450
-0.0388433
61
0.00526543
-130
-0.0112214
148
0.0127751
202
0.0174363
-40
-0.00345274
111
0.00958136
-3
-0.000258956
71
0.00612861
-7
-0.00060423
-138
-0.011912
97
0.0083729
-190
-0.0164005
56
0.00483384
-35
-0.00302115
80
0.00690548
50
0.00431593
220
0.0189901
-59
-0.00509279
-47
-0.00405697
-356
-0.0307294
11
0.000949504
-237
-0.0204575
98
0.00845921
-14
-0.00120846
-59
-0.00509279
61
0.00526543
57
0.00492016
125
0.0107898
-74
-0.00638757
288
0.0248597
-47
-0.00405697
95
0.00820026
127
0.0109625
151
0.0130341
-90
-0.00776867
223
0.019249
131
0.0113077
-174
-0.0150194
-85
-0.00733707
425
0.0366854
29
0.00250324
-95
-0.00820026
-63
-0.00543807
-91
-0.00785498
22
0.00189901
95
0.00820026
42
0.00362538
382
0.0329737
84
0.00725076
125
0.0107898
177
0.0152784
51
0.00440224
35
0.00302115
-242
-0.0208891
124
0.0107035
6
0.000517911
-31
-0.00267587
97
0.0083729
30
0.00258956
121
0.0104445
-18
-0.00155373
155
0.0133794
-96
-0.00828658
-56
-0.00483384
-40
-0.00345274
-253
-0.0218386
51
0.00440224
117
0.0100993
141
0.0121709
127
0.0109625
-83
-0.00716444
-72
-0.00621493
-32
-0.00276219
45
0.00388433
51
0.00440224
203
0.0175227
131
0.0113077
26
0.00224428
31
0.00267587
123
0.0106172
22
0.00189901
54
0.0046612
-129
-0.0111351
-205
-0.0176953
-10
-0.000863185
143
0.0123435
45
0.00388433
-95
-0.00820026
37
0.00319379
-183
-0.0157963
149
0.0128615
-88
-0.00759603
-126
-0.0108761
129
0.0111351
11
0.000949504
-218
-0.0188174
-57
-0.00492016
298
0.0257229
-218
-0.0188174
-79
-0.00681916
67
0.00578334
22
0.00189901
-67
-0.00578334
141
0.0121709
143
0.0123435
-156
-0.0134657
-13
-0.00112214
-158
-0.0136383
55
0.00474752
-63
-0.00543807
-17
-0.00146741
204
0.017609
-19
-0.00164005
-26
-0.00224428
-50
-0.00431593
79
0.00681916
9
0.000776867
281
0.0242555
-188
-0.0162279
95
0.00820026
157
0.013552
309
0.0266724
161
0.0138973
-241
-0.0208028
-32
-0.00276219
-374
-0.0322831
16
0.0013811
280
0.0241692
-124
-0.0107035
79
0.00681916
61
0.00526543
-238
-0.0205438
145
0.0125162
-185
-0.0159689
17
0.00146741
-170
-0.0146741
157
0.013552
-47
-0.00405697
-64
-0.00552438
69
0.00595598
14
0.00120846
52
0.00448856
22
0.00189901
-261
-0.0225291
241
0.0208028
45
0.00388433
-108
-0.0093224
183
0.0157963
31
0.00267587
-200
-0.0172637
36
0.00310747
34
0.00293483
-170
-0.0146741
278
0.0239965
-109
-0.00940872
40
0.00345274
-65
-0.0056107
28
0.00241692
22
0.00189901
-139
-0.0119983
83
0.00716444
-48
-0.00414329
50
0.00431593
73
0.00630125
144
0.0124299
47
0.00405697
-93
-0.00802762
17
0.00146741
-56
-0.00483384
-97
-0.0083729
66
0.00569702
-300
-0.0258956
-31
-0.00267587
136
0.0117393
-52
-0.00448856
28
0.00241692
-130
-0.0112214
203
0.0175227
94
0.00811394
-2
-0.000172637
122
0.0105309
-51
-0.00440224
-66
-0.00569702
36
0.00310747
111
0.00958136
-65
-0.0056107
46
0.00397065
59
0.00509279
-74
-0.00638757
3
0.000258956
181
0.0156237
196
0.0169184
176
0.0151921
37
0.00319379
129
0.0111351
-19
-0.00164005
-17
-0.00146741
107
0.00923608
-7
-0.00060423
-120
-0.0103582
225
0.0194217
-32
-0.00276219
-126
-0.0108761
193
0.0166595
-13
-0.00112214
-101
-0.00871817
18
0.00155373
45
0.00388433
-164
-0.0141562
-1
-8.63185e-05
-54
-0.0046612
22
0.00189901
67
0.00578334
75
0.00647389
-75
-0.00647389
169
0.0145878
144
0.0124299
-112
-0.00966767
4
0.000345274
119
0.0102719
-120
-0.0103582
-1
-8.63185e-05
-59
-0.00509279
59
0.00509279
124
0.0107035
-183
-0.0157963
-47
-0.00405697
221
0.0190764
-100
-0.00863185
23
0.00198533
-42
-0.00362538
22
0.00189901
40
0.00345274
106
0.00914976
-31
-0.00267587
-66
-0.00569702
67
0.00578334
164
0.0141562
-15
-0.00129478
-138
-0.011912
33
0.00284851
72
0.00621493
182
0.01571
282
0.0243418
-91
-0.00785498
-236
-0.0203712
136
0.0117393
-266
-0.0229607
173
0.0149331
-84
-0.00725076
65
0.0056107
-307
-0.0264998
-46
-0.00397065
-91
-0.00785498
87
0.00750971
-118
-0.0101856
-157
-0.013552
-25
-0.00215796
142
0.0122572
190
0.0164005
-69
-0.00595598
-137
-0.0118256
-127
-0.0109625
175
0.0151057
139
0.0119983
-214
-0.0184722
15
0.00129478
-71
-0.00612861
-62
-0.00535175
43
0.0037117
-85
-0.00733707
-133
-0.0114804
33
0.00284851
-242
-0.0208891
22
0.00189901
22
0.00189901
38
0.0032801
33
0.00284851
46
0.00397065
26
0.00224428
-24
-0.00207164
436
0.0376349
10
0.000863185
125
0.0107898
95
0.00820026
30
0.00258956
111
0.00958136
117
0.0100993
15
0.00129478
260
0.0224428
-29
-0.00250324
-89
-0.00768235
-92
-0.0079413
107
0.00923608
-46
-0.00397065
10
0.000863185
18
0.00155373
72
0.00621493
16
0.0013811
264
0.0227881
96
0.00828658
-6
-0.000517911
-5
-0.000431593
-43
-0.0037117
68
0.00586966
-101
-0.00871817
-159
-0.0137246
-44
-0.00379801
-77
-0.00664653
46
0.00397065
215
0.0185585
-206
-0.0177816
158
0.0136383
237
0.0204575
-61
-0.00526543
239
0.0206301
78
0.00673284
-71
-0.00612861
9
0.000776867
197
0.0170047
24
0.00207164
400
0.0345274
56
0.00483384
198
0.0170911
72
0.00621493
-196
-0.0169184
-44
-0.00379801
281
0.0242555
-7
-0.00060423
-137
-0.0118256
-149
-0.0128615
30
0.00258956
77
0.00664653
-74
-0.00638757
-59
-0.00509279
138
0.011912
-81
-0.0069918
-322
-0.0277946
61
0.00526543
-60
-0.00517911
64
0.00552438
206
0.0177816
-94
-0.00811394
-181
-0.0156237
44
0.00379801
270
0.023306
-6
-0.000517911
-36
-0.00310747
106
0.00914976
-190
-0.0164005
133
0.0114804
160
0.013811
-48
-0.00414329
-38
-0.0032801
112
0.00966767
-131
-0.0113077
48
0.00414329
32
0.00276219
155
0.0133794
-218
-0.0188174
248
0.021407
28
0.00241692
-20
-0.00172637
7
0.00060423
-103
-0.00889081
-17
-0.00146741
18
0.00155373
276
0.0238239
22
0.00189901
212
0.0182995
-17
-0.00146741
319
0.0275356
11
0.000949504
66
0.00569702
-18
-0.00155373
-32
-0.00276219
-202
-0.0174363
111
0.00958136
95
0.00820026
160
0.013811
-111
-0.00958136
16
0.0013811
-18
-0.00155373
68
0.00586966
-94
-0.00811394
303
0.0261545
-154
-0.0132931
-86
-0.00742339
34
0.00293483
289
0.0249461
158
0.0136383
53
0.00457488
85
0.00733707
-156
-0.0134657
-87
-0.00750971
530
0.0457488
-67
-0.00578334
165
0.0142426
81
0.0069918
-57
-0.00492016
2
0.000172637
-120
-0.0103582
43
0.0037117
-49
-0.00422961
22
0.00189901
91
0.00785498
-19
-0.00164005
-50
-0.00431593
-53
-0.00457488
-166
-0.0143289
-120
-0.0103582
-32
-0.00276219
-99
-0.00854553
-18
-0.00155373
-13
-0.00112214
-177
-0.0152784
-16
-0.0013811
56
0.00483384
-47
-0.00405697
-119
-0.0102719
-162
-0.0139836
143
0.0123435
61
0.00526543
-53
-0.00457488
77
0.00664653
31
0.00267587
-43
-0.0037117
-97
-0.0083729
19
0.00164005
-22
-0.00189901
-151
-0.0130341
-48
-0.00414329
124
0.0107035
178
0.0153647
-55
-0.00474752
-58
-0.00500647
2
0.000172637
-95
-0.00820026
-10
-0.000863185
58
0.00500647
-82
-0.00707812
-241
-0.0208028
114
0.00984031
-112
-0.00966767
22
0.00189901
33
0.00284851
-74
-0.00638757
24
0.00207164
225
0.0194217
104
0.00897713
120
0.0103582
-188
-0.0162279
57
0.00492016
-30
-0.00258956
-144
-0.0124299
131
0.0113077
221
0.0190764
-183
-0.0157963
89
0.00768235
99
0.00854553
-63
-0.00543807
37
0.00319379
-99
-0.00854553
248
0.021407
-40
-0.00345274
-335
-0.0289167
-29
-0.00250324
-91
-0.00785498
124
0.0107035
19
0.00164005
-115
-0.00992663
-266
-0.0229607
-136
-0.0117393
-411
-0.0354769
-147
-0.0126888
-360
-0.0310747
92
0.0079413
301
0.0259819
-108
-0.0093224
-220
-0.0189901
-142
-0.0122572
164
0.0141562
167
0.0144152
-35
-0.00302115
6
0.000517911
-173
-0.0149331
8
0.000690548
28
0.00241692
-98
-0.00845921
-169
-0.0145878
52
0.00448856
91
0.00785498
105
0.00906344
15
0.00129478
103
0.00889081
155
0.0133794
-73
-0.00630125
69
0.00595598
89
0.00768235
326
0.0281398
74
0.00638757
-94
-0.00811394
-61
-0.00526543
-14
-0.00120846
88
0.00759603
43
0.0037117
-161
-0.0138973
-70
-0.0060423
-99
-0.00854553
6
0.000517911
13
0.00112214
189
0.0163142
-51
-0.00440224
-29
-0.00250324
13
0.00112214
-128
-0.0110488
48
0.00414329
134
0.0115667
130
0.0112214
-86
-0.00742339
-140
-0.0120846
-118
-0.0101856
91
0.00785498
16
0.0013811
71
0.00612861
-380
-0.032801
-108
-0.0093224
3
0.000258956
91
0.00785498
182
0.01571
106
0.00914976
120
0.0103582
30
0.00258956
166
0.0143289
3
0.000258956
163
0.0140699
-39
-0.00336642
-33
-0.00284851
43
0.0037117
-118
-0.0101856
-54
-0.0046612
-79
-0.00681916
4
0.000345274
76
0.00656021
71
0.00612861
-74
-0.00638757
69
0.00595598
-44
-0.00379801
104
0.00897713
52
0.00448856
-31
-0.00267587
-32
-0.00276219
61
0.00526543
-1
-8.63185e-05
-31
-0.00267587
96
0.00828658
155
0.0133794
-54
-0.0046612
28
0.00241692
-116
-0.0100129
-8
-0.000690548
235
0.0202849
8
0.000690548
-298
-0.0257229
36
0.00310747
42
0.00362538
10
0.000863185
14
0.00120846
-20
-0.00172637
-20
-0.00172637
-77
-0.00664653
205
0.0176953
5
0.000431593
183
0.0157963
117
0.0100993
278
0.0239965
54
0.0046612
-158
-0.0136383
-48
-0.00414329
-29
-0.00250324
-73
-0.00630125
-31
-0.00267587
-122
-0.0105309
102
0.00880449
22
0.00189901
-76
-0.00656021
-29
-0.00250324
286
0.0246871
15
0.00129478
48
0.00414329
-105
-0.00906344
-83
-0.00716444
-51
-0.00440224
-115
-0.00992663
47
0.00405697
271
0.0233923
197
0.0170047
19
0.00164005
-7
-0.00060423
71
0.00612861
-160
-0.013811
105
0.00906344
-79
-0.00681916
-39
-0.00336642
-115
-0.00992663
-294
-0.0253776
-43
-0.0037117
-141
-0.0121709
-166
-0.0143289
31
0.00267587
-67
-0.00578334
221
0.0190764
-56
-0.00483384
143
0.0123435
27
0.0023306
49
0.00422961
-108
-0.0093224
-85
-0.00733707
-24
-0.00207164
88
0.00759603
-163
-0.0140699
-247
-0.0213207
44
0.00379801
288
0.0248597
-75
-0.00647389
-12
-0.00103582
106
0.00914976
-121
-0.0104445
193
0.0166595
107
0.00923608
-256
-0.0220975
-181
-0.0156237
-90
-0.00776867
-389
-0.0335779
56
0.00483384
-136
-0.0117393
-33
-0.00284851
84
0.00725076
-209
-0.0180406
-415
-0.0358222
-114
-0.00984031
100
0.00863185
-51
-0.00440224
-227
-0.0195943
95
0.00820026
141
0.0121709
19
0.00164005
22
0.00189901
53
0.00457488
-137
-0.0118256
129
0.0111351
138
0.011912
58
0.00500647
-4
-0.000345274
-108
-0.0093224
-81
-0.0069918
-57
-0.00492016
332
0.0286577
-101
-0.00871817
132
0.011394
74
0.00638757
55
0.00474752
49
0.00422961
4
0.000345274
-12
-0.00103582
-133
-0.0114804
109
0.00940872
-134
-0.0115667
30
0.00258956
-454
-0.0391886
-68
-0.00586966
24
0.00207164
-93
-0.00802762
-150
-0.0129478
15
0.00129478
-294
-0.0253776
-158
-0.0136383
-48
-0.00414329
28
0.00241692
-359
-0.0309883
34
0.00293483
323
0.0278809
74
0.00638757
-154
-0.0132931
13
0.00112214
-329
-0.0283988
-12
-0.00103582
-24
-0.00207164
-24
-0.00207164
92
0.0079413
-99
-0.00854553
121
0.0104445
13
0.00112214
13
0.00112214
-1
-8.63185e-05
-345
-0.0297799
93
0.00802762
-177
-0.0152784
28
0.00241692
-2
-0.000172637
-7
-0.00060423
39
0.00336642
-41
-0.00353906
-264
-0.0227881
-66
-0.00569702
314
0.027104
-98
-0.00845921
62
0.00535175
112
0.00966767
156
0.0134657
-15
-0.00129478
-56
-0.00483384
120
0.0103582
74
0.00638757
6
0.000517911
-100
-0.00863185
4
0.000345274
-158
-0.0136383
72
0.00621493
92
0.0079413
-40
-0.00345274
-185
-0.0159689
197
0.0170047
263
0.0227018
-113
-0.00975399
12
0.00103582
-51
-0.00440224
-95
-0.00820026
-65
-0.0056107
282
0.0243418
1
8.63185e-05
91
0.00785498
58
0.00500647
-137
-0.0118256
87
0.00750971
169
0.0145878
41
0.00353906
-294
-0.0253776
-167
-0.0144152
-53
-0.00457488
67
0.00578334
-4
-0.000345274
129
0.0111351
-47
-0.00405697
-47
-0.00405697
-2
-0.000172637
-189
-0.0163142
109
0.00940872
-76
-0.00656021
-57
-0.00492016
132
0.011394
-163
-0.0140699
-94
-0.00811394
-60
-0.00517911
-106
-0.00914976
212
0.0182995
40
0.00345274
298
0.0257229
163
0.0140699
-55
-0.00474752
18
0.00155373
-165
-0.0142426
71
0.00612861
296
0.0255503
52
0.00448856
-145
-0.0125162
-115
-0.00992663
-235
-0.0202849
81
0.0069918
-69
-0.00595598
-42
-0.00362538
-305
-0.0263271
-122
-0.0105309
51
0.00440224
27
0.0023306
-93
-0.00802762
-57
-0.00492016
57
0.00492016
-177
-0.0152784
-137
-0.0118256
264
0.0227881
136
0.0117393
-58
-0.00500647
192
0.0165732
91
0.00785498
123
0.0106172
14
0.00120846
-186
-0.0160552
46
0.00397065
162
0.0139836
55
0.00474752
180
0.0155373
-65
-0.0056107
342
0.0295209
80
0.00690548
219
0.0189038
-15
-0.00129478
-105
-0.00906344
9
0.000776867
-88
-0.00759603
-23
-0.00198533
231
0.0199396
59
0.00509279
39
0.00336642
33
0.00284851
291
0.0251187
-137
-0.0118256
-76
-0.00656021
22
0.00189901
-55
-0.00474752
-15
-0.00129478
-48
-0.00414329
-169
-0.0145878
229
0.0197669
-153
-0.0132067
-125
-0.0107898
18
0.00155373
-54
-0.0046612
35
0.00302115
84
0.00725076
24
0.00207164
-220
-0.0189901
-88
-0.00759603
-495
-0.0427277
111
0.00958136
78
0.00673284
-1
-8.63185e-05
-199
-0.0171774
55
0.00474752
208
0.0179543
89
0.00768235
190
0.0164005
-20
-0.00172637
501
0.0432456
-209
-0.0180406
-79
-0.00681916
-39
-0.00336642
-93
-0.00802762
-29
-0.00250324
-291
-0.0251187
-111
-0.00958136
-274
-0.0236513
-200
-0.0172637
-128
-0.0110488
-194
-0.0167458
99
0.00854553
37
0.00319379
135
0.011653
37
0.00319379
239
0.0206301
9
0.000776867
-164
-0.0141562
-204
-0.017609
66
0.00569702
-124
-0.0107035
238
0.0205438
71
0.00612861
-352
-0.0303841
7
0.00060423
-378
-0.0326284
15
0.00129478
42
0.00362538
-29
-0.00250324
99
0.00854553
158
0.0136383
-303
-0.0261545
28
0.00241692
104
0.00897713
75
0.00647389
-78
-0.00673284
-226
-0.019508
5
0.000431593
-19
-0.00164005
-46
-0.00397065
142
0.0122572
13
0.00112214
2
0.000172637
225
0.0194217
-36
-0.00310747
5
0.000431593
-29
-0.00250324
-170
-0.0146741
-68
-0.00586966
-68
-0.00586966
90
0.00776867
4
0.000345274
-175
-0.0151057
-108
-0.0093224
-2
-0.000172637
-181
-0.0156237
-6
-0.000517911
-18
-0.00155373
-92
-0.0079413
59
0.00509279
-120
-0.0103582
159
0.0137246
30
0.00258956
-118
-0.0101856
66
0.00569702
-92
-0.0079413
71
0.00612861
-279
-0.0240829
-69
-0.00595598
-24
-0.00207164
-69
-0.00595598
45
0.00388433
41
0.00353906
-68
-0.00586966
-12
-0.00103582
-62
-0.00535175
2
0.000172637
-56
-0.00483384
5
0.000431593
-37
-0.00319379
-91
-0.00785498
351
0.0302978
7
0.00060423
31
0.00267587
-96
-0.00828658
60
0.00517911
75
0.00647389
271
0.0233923
25
0.00215796
-99
-0.00854553
59
0.00509279
38
0.0032801
-17
-0.00146741
178
0.0153647
5
0.000431593
-66
-0.00569702
3
0.000258956
149
0.0128615
-56
-0.00483384
-109
-0.00940872
-71
-0.00612861
68
0.00586966
79
0.00681916
-16
-0.0013811
-47
-0.00405697
93
0.00802762
-99
-0.00854553
167
0.0144152
-90
-0.00776867
71
0.00612861
12
0.00103582
111
0.00958136
-3
-0.000258956
282
0.0243418
-50
-0.00431593
-101
-0.00871817
96
0.00828658
62
0.00535175
-15
-0.00129478
36
0.00310747
82
0.00707812
42
0.00362538
-7
-0.00060423
10
0.000863185
2
0.000172637
-29
-0.00250324
7
0.00060423
214
0.0184722
90
0.00776867
99
0.00854553
55
0.00474752
241
0.0208028
-11
-0.000949504
-157
-0.013552
-91
-0.00785498
-134
-0.0115667
-91
-0.00785498
57
0.00492016
82
0.00707812
149
0.0128615
-49
-0.00422961
114
0.00984031
-19
-0.00164005
-130
-0.0112214
14
0.00120846
-145
-0.0125162
-233
-0.0201122
70
0.0060423
-6
-0.000517911
-139
-0.0119983
5
0.000431593
133
0.0114804
89
0.00768235
166
0.0143289
-39
-0.00336642
-102
-0.00880449
158
0.0136383
-366
-0.0315926
186
0.0160552
-6
-0.000517911
34
0.00293483
25
0.00215796
132
0.011394
-100
-0.00863185
22
0.00189901
530
0.0457488
90
0.00776867
-10
-0.000863185
-66
-0.00569702
387
0.0334053
210
0.0181269
-163
-0.0140699
-15
-0.00129478
-131
-0.0113077
63
0.00543807
-65
-0.0056107
-127
-0.0109625
235
0.0202849
141
0.0121709
-21
-0.00181269
69
0.00595598
124
0.0107035
-70
-0.0060423
2
0.000172637
112
0.00966767
287
0.0247734
52
0.00448856
259
0.0223565
28
0.00241692
-116
-0.0100129
84
0.00725076
118
0.0101856
74
0.00638757
-257
-0.0221839
-123
-0.0106172
-173
-0.0149331
84
0.00725076
-272
-0.0234786
-80
-0.00690548
-194
-0.0167458
-35
-0.00302115
69
0.00595598
157
0.013552
-299
-0.0258092
-3
-0.000258956
-158
-0.0136383
-54
-0.0046612
88
0.00759603
-37
-0.00319379
32
0.00276219
-148
-0.0127751
-43
-0.0037117
-10
-0.000863185
-37
-0.00319379
-118
-0.0101856
84
0.00725076
1
8.63185e-05
52
0.00448856
-256
-0.0220975
68
0.00586966
152
0.0131204
-48
-0.00414329
50
0.00431593
168
0.0145015
8
0.000690548
17
0.00146741
100
0.00863185
-217
-0.0187311
-61
-0.00526543
62
0.00535175
-29
-0.00250324
128
0.0110488
-27
-0.0023306
85
0.00733707
-72
-0.00621493
185
0.0159689
26
0.00224428
-58
-0.00500647
-75
-0.00647389
260
0.0224428
67
0.00578334
27
0.0023306
-11
-0.000949504
-160
-0.013811
-49
-0.00422961
-396
-0.0341821
-44
-0.00379801
204
0.017609
77
0.00664653
28
0.00241692
-81
-0.0069918
-126
-0.0108761
24
0.00207164
-295
-0.025464
90
0.00776867
-14
-0.00120846
-30
-0.00258956
269
0.0232197
82
0.00707812
-161
-0.0138973
-25
-0.00215796
197
0.0170047
31
0.00267587
-19
-0.00164005
-69
-0.00595598
140
0.0120846
-2
-0.000172637
-163
-0.0140699
135
0.011653
-64
-0.00552438
-73
-0.00630125
-61
-0.00526543
27
0.0023306
272
0.0234786
-66
-0.00569702
-249
-0.0214933
221
0.0190764
93
0.00802762
-22
-0.00189901
-123
-0.0106172
104
0.00897713
-2
-0.000172637
152
0.0131204
108
0.0093224
56
0.00483384
-116
-0.0100129
87
0.00750971
147
0.0126888
12
0.00103582
303
0.0261545
17
0.00146741
6
0.000517911
-2
-0.000172637
98
0.00845921
108
0.0093224
-77
-0.00664653
-64
-0.00552438
-114
-0.00984031
11
0.000949504
-205
-0.0176953
-37
-0.00319379
-103
-0.00889081
-97
-0.0083729
-69
-0.00595598
-250
-0.0215796
128
0.0110488
5
0.000431593
-272
-0.0234786
133
0.0114804
154
0.0132931
28
0.00241692
-131
-0.0113077
148
0.0127751
40
0.00345274
64
0.00552438
63
0.00543807
82
0.00707812
-188
-0.0162279
165
0.0142426
168
0.0145015
16
0.0013811
-45
-0.00388433
-12
-0.00103582
-73
-0.00630125
-151
-0.0130341
-19
-0.00164005
57
0.00492016
-105
-0.00906344
-39
-0.00336642
-67
-0.00578334
-43
-0.0037117
-71
-0.00612861
-148
-0.0127751
-84
-0.00725076
-67
-0.00578334
11
0.000949504
93
0.00802762
-76
-0.00656021
-79
-0.00681916
-60
-0.00517911
-89
-0.00768235
91
0.00785498
-30
-0.00258956
62
0.00535175
136
0.0117393
107
0.00923608
-199
-0.0171774
-26
-0.00224428
190
0.0164005
-124
-0.0107035
27
0.0023306
-183
-0.0157963
113
0.00975399
369
0.0318515
-25
-0.00215796
-232
-0.0200259
13
0.00112214
88
0.00759603
-49
-0.00422961
75
0.00647389
-29
-0.00250324
174
0.0150194
-18
-0.00155373
-200
-0.0172637
86
0.00742339
-195
-0.0168321
38
0.0032801
-19
-0.00164005
-28
-0.00241692
-99
-0.00854553
74
0.00638757
-55
-0.00474752
179
0.015451
-64
-0.00552438
-21
-0.00181269
43
0.0037117
-245
-0.021148
-258
-0.0222702
-2
-0.000172637
91
0.00785498
-2
-0.000172637
-86
-0.00742339
-102
-0.00880449
-279
-0.0240829
-177
-0.0152784
-120
-0.0103582
-230
-0.0198533
-46
-0.00397065
27
0.0023306
-159
-0.0137246
209
0.0180406
83
0.00716444
35
0.00302115
-167
-0.0144152
-77
-0.00664653
-19
-0.00164005
-2
-0.000172637
37
0.00319379
-29
-0.00250324
80
0.00690548
-19
-0.00164005
151
0.0130341
-156
-0.0134657
189
0.0163142
-87
-0.00750971
-152
-0.0131204
-37
-0.00319379
228
0.0196806
-150
-0.0129478
420
0.0362538
88
0.00759603
-122
-0.0105309
-133
-0.0114804
48
0.00414329
-11
-0.000949504
70
0.0060423
-177
-0.0152784
-208
-0.0179543
21
0.00181269
-84
-0.00725076
163
0.0140699
10
0.000863185
-122
-0.0105309
-102
-0.00880449
8
0.000690548
-232
-0.0200259
-40
-0.00345274
125
0.0107898
32
0.00276219
-43
-0.0037117
66
0.00569702
101
0.00871817
-66
-0.00569702
-142
-0.0122572
-73
-0.00630125
-144
-0.0124299
-48
-0.00414329
-174
-0.0150194
108
0.0093224
-86
-0.00742339
21
0.00181269
131
0.0113077
43
0.0037117
24
0.00207164
41
0.00353906
-76
-0.00656021
-77
-0.00664653
-189
-0.0163142
33
0.00284851
-306
-0.0264135
-32
-0.00276219
411
0.0354769
120
0.0103582
-240
-0.0207164
-88
-0.00759603
-98
-0.00845921
-123
-0.0106172
-97
-0.0083729
-44
-0.00379801
-7
-0.00060423
-19
-0.00164005
176
0.0151921
-60
-0.00517911
-249
-0.0214933
-26
-0.00224428
-52
-0.00448856
-44
-0.00379801
-81
-0.0069918
108
0.0093224
-134
-0.0115667
100
0.00863185
-74
-0.00638757
-17
-0.00146741
132
0.011394
-75
-0.00647389
-302
-0.0260682
-68
-0.00586966
-187
-0.0161416
3
0.000258956
348
0.0300388
-68
-0.00586966
268
0.0231334
-86
-0.00742339
291
0.0251187
44
0.00379801
26
0.00224428
-69
-0.00595598
-134
-0.0115667
75
0.00647389
211
0.0182132
38
0.0032801
-250
-0.0215796
41
0.00353906
-62
-0.00535175
-184
-0.0158826
170
0.0146741
119
0.0102719
-298
-0.0257229
-91
-0.00785498
156
0.0134657
116
0.0100129
-124
-0.0107035
-23
-0.00198533
-5
-0.000431593
7
0.00060423
-73
-0.00630125
-94
-0.00811394
51
0.00440224
-122
-0.0105309
-46
-0.00397065
60
0.00517911
-245
-0.021148
151
0.0130341
210
0.0181269
129
0.0111351
-418
-0.0360811
-14
-0.00120846
4
0.000345274
55
0.00474752
120
0.0103582
69
0.00595598
89
0.00768235
57
0.00492016
61
0.00526543
-142
-0.0122572
-101
-0.00871817
44
0.00379801
-15
-0.00129478
107
0.00923608
-193
-0.0166595
-105
-0.00906344
128
0.0110488
167
0.0144152
176
0.0151921
23
0.00198533
75
0.00647389
57
0.00492016
161
0.0138973
-177
-0.0152784
111
0.00958136
-49
-0.00422961
220
0.0189901
1
8.63185e-05
-54
-0.0046612
64
0.00552438
-60
-0.00517911
41
0.00353906
51
0.00440224
26
0.00224428
-257
-0.0221839
134
0.0115667
-316
-0.0272767
-127
-0.0109625
-70
-0.0060423
65
0.0056107
180
0.0155373
100
0.00863185
51
0.00440224
-34
-0.00293483
36
0.00310747
-8
-0.000690548
-136
-0.0117393
-38
-0.0032801
-231
-0.0199396
105
0.00906344
170
0.0146741
35
0.00302115
104
0.00897713
-56
-0.00483384
64
0.00552438
-22
-0.00189901
184
0.0158826
7
0.00060423
-131
-0.0113077
119
0.0102719
-105
-0.00906344
-26
-0.00224428
-49
-0.00422961
-52
-0.00448856
-188
-0.0162279
-26
-0.00224428
-102
-0.00880449
98
0.00845921
28
0.00241692
-32
-0.00276219
148
0.0127751
-12
-0.00103582
94
0.00811394
-31
-0.00267587
-89
-0.00768235
17
0.00146741
-331
-0.0285714
38
0.0032801
-456
-0.0393612
47
0.00405697
74
0.00638757
-30
-0.00258956
25
0.00215796
-3
-0.000258956
-260
-0.0224428
-41
-0.00353906
-178
-0.0153647
-64
-0.00552438
-29
-0.00250324
101
0.00871817
106
0.00914976
106
0.00914976
60
0.00517911
38
0.0032801
79
0.00681916
-93
-0.00802762
-196
-0.0169184
-27
-0.0023306
21
0.00181269
108
0.0093224
68
0.00586966
95
0.00820026
110
0.00949504
37
0.00319379
-273
-0.023565
-75
-0.00647389
-159
-0.0137246
52
0.00448856
359
0.0309883
-50
-0.00431593
-51
-0.00440224
134
0.0115667
370
0.0319379
100
0.00863185
-196
-0.0169184
-30
-0.00258956
52
0.00448856
-8
-0.000690548
-60
-0.00517911
14
0.00120846
61
0.00526543
-114
-0.00984031
73
0.00630125
-138
-0.011912
-112
-0.00966767
35
0.00302115
-108
-0.0093224
-71
-0.00612861
-103
-0.00889081
-48
-0.00414329
-201
-0.01735
-105
-0.00906344
-303
-0.0261545
-86
-0.00742339
134
0.0115667
165
0.0142426
-82
-0.00707812
19
0.00164005
424
0.0365991
41
0.00353906
194
0.0167458
-97
-0.0083729
39
0.00336642
-35
-0.00302115
-164
-0.0141562
115
0.00992663
-195
-0.0168321
-92
-0.0079413
189
0.0163142
-44
-0.00379801
64
0.00552438
-92
-0.0079413
47
0.00405697
85
0.00733707
168
0.0145015
75
0.00647389
-158
-0.0136383
43
0.0037117
132
0.011394
81
0.0069918
-100
-0.00863185
41
0.00353906
226
0.019508
40
0.00345274
-30
-0.00258956
79
0.00681916
232
0.0200259
-202
-0.0174363
29
0.00250324
44
0.00379801
93
0.00802762
-12
-0.00103582
310
0.0267587
52
0.00448856
-53
-0.00457488
43
0.0037117
262
0.0226155
-26
-0.00224428
-129
-0.0111351
272
0.0234786
48
0.00414329
77
0.00664653
66
0.00569702
-23
-0.00198533
83
0.00716444
-50
-0.00431593
159
0.0137246
5
0.000431593
-93
-0.00802762
25
0.00215796
460
0.0397065
-9
-0.000776867
280
0.0241692
70
0.0060423
560
0.0483384
82
0.00707812
164
0.0141562
70
0.0060423
31
0.00267587
31
0.00267587
212
0.0182995
-40
-0.00345274
-73
-0.00630125
-173
-0.0149331
300
0.0258956
19
0.00164005
70
0.0060423
-26
-0.00224428
214
0.0184722
-138
-0.011912
-92
-0.0079413
100
0.00863185
136
0.0117393
-282
-0.0243418
-27
-0.0023306
-89
-0.00768235
-107
-0.00923608
-130
-0.0112214
191
0.0164868
131
0.0113077
-244
-0.0210617
-63
-0.00543807
-149
-0.0128615
167
0.0144152
251
0.0216659
-46
-0.00397065
-65
-0.0056107
11
0.000949504
-401
-0.0346137
-122
-0.0105309
39
0.00336642
-19
-0.00164005
311
0.0268451
-159
-0.0137246
-39
-0.00336642
-51
-0.00440224
-66
-0.00569702
82
0.00707812
395
0.0340958
-90
-0.00776867
-71
-0.00612861
-116
-0.0100129
58
0.00500647
181
0.0156237
226
0.019508
-32
-0.00276219
86
0.00742339
215
0.0185585
210
0.0181269
133
0.0114804
-159
-0.0137246
-35
-0.00302115
119
0.0102719
-23
-0.00198533
93
0.00802762
23
0.00198533
-112
-0.00966767
-16
-0.0013811
24
0.00207164
47
0.00405697
-211
-0.0182132
158
0.0136383
-150
-0.0129478
77
0.00664653
-123
-0.0106172
-46
-0.00397065
199
0.0171774
14
0.00120846
99
0.00854553
-22
-0.00189901
82
0.00707812
-9
-0.000776867
176
0.0151921
-170
-0.0146741
166
0.0143289
26
0.00224428
29
0.00250324
-142
-0.0122572
1
8.63185e-05
103
0.00889081
-15
-0.00129478
-164
-0.0141562
253
0.0218386
-172
-0.0148468
46
0.00397065
109
0.00940872
29
0.00250324
63
0.00543807
-20
-0.00172637
16
0.0013811
-3
-0.000258956
113
0.00975399
-14
-0.00120846
-29
-0.00250324
137
0.0118256
24
0.00207164
-76
-0.00656021
34
0.00293483
-84
-0.00725076
-70
-0.0060423
184
0.0158826
-1
-8.63185e-05
-96
-0.00828658
-132
-0.011394
-55
-0.00474752
-196
-0.0169184
143
0.0123435
-31
-0.00267587
141
0.0121709
34
0.00293483
-185
-0.0159689
66
0.00569702
-333
-0.0287441
-79
-0.00681916
-92
-0.0079413
92
0.0079413
-52
-0.00448856
-118
-0.0101856
-180
-0.0155373
1
8.63185e-05
-171
-0.0147605
-108
-0.0093224
-71
-0.00612861
65
0.0056107
-72
-0.00621493
-84
-0.00725076
43
0.0037117
30
0.00258956
172
0.0148468
-23
-0.00198533
-138
-0.011912
-164
-0.0141562
0
0
-57
-0.00492016
-25
-0.00215796
-7
-0.00060423
-136
-0.0117393
105
0.00906344
374
0.0322831
-49
-0.00422961
240
0.0207164
-5
-0.000431593
36
0.00310747
-190
-0.0164005
-22
-0.00189901
-135
-0.011653
-363
-0.0313336
-194
-0.0167458
55
0.00474752
-150
-0.0129478
271
0.0233923
60
0.00517911
61
0.00526543
97
0.0083729
-540
-0.046612
-3
-0.000258956
-156
-0.0134657
-17
-0.00146741
-49
-0.00422961
188
0.0162279
135
0.011653
-163
-0.0140699
122
0.0105309
-51
-0.00440224
120
0.0103582
27
0.0023306
102
0.00880449
110
0.00949504
182
0.01571
26
0.00224428
-161
-0.0138973
151
0.0130341
-134
-0.0115667
35
0.00302115
-105
-0.00906344
109
0.00940872
159
0.0137246
24
0.00207164
74
0.00638757
-111
-0.00958136
196
0.0169184
72
0.00621493
150
0.0129478
39
0.00336642
39
0.00336642
135
0.011653
-173
-0.0149331
-32
-0.00276219
19
0.00164005
12
0.00103582
-243
-0.0209754
-68
-0.00586966
108
0.0093224
14
0.00120846
-81
-0.0069918
-46
-0.00397065
35
0.00302115
125
0.0107898
-21
-0.00181269
108
0.0093224
-81
-0.0069918
-17
-0.00146741
48
0.00414329
-13
-0.00112214
-31
-0.00267587
-27
-0.0023306
-63
-0.00543807
37
0.00319379
22
0.00189901
-97
-0.0083729
206
0.0177816
-40
-0.00345274
-65
-0.0056107
-49
-0.00422961
-114
-0.00984031
98
0.00845921
141
0.0121709
4
0.000345274
-216
-0.0186448
-204
-0.017609
-201
-0.01735
113
0.00975399
9
0.000776867
100
0.00863185
20
0.00172637
2
0.000172637
-215
-0.0185585
69
0.00595598
177
0.0152784
-41
-0.00353906
-48
-0.00414329
125
0.0107898
-204
-0.017609
125
0.0107898
191
0.0164868
135
0.011653
161
0.0138973
15
0.00129478
59
0.00509279
-25
-0.00215796
-33
-0.00284851
71
0.00612861
-233
-0.0201122
44
0.00379801
114
0.00984031
-218
-0.0188174
-109
-0.00940872
-24
-0.00207164
63
0.00543807
80
0.00690548
-59
-0.00509279
13
0.00112214
126
0.0108761
39
0.00336642
347
0.0299525
-77
-0.00664653
-158
-0.0136383
228
0.0196806
446
0.0384981
66
0.00569702
-93
-0.00802762
-59
-0.00509279
8
0.000690548
50
0.00431593
204
0.017609
199
0.0171774
-196
-0.0169184
-144
-0.0124299
146
0.0126025
-26
-0.00224428
-118
-0.0101856
-36
-0.00310747
139
0.0119983
-79
-0.00681916
-340
-0.0293483
-64
-0.00552438
-152
-0.0131204
86
0.00742339
-174
-0.0150194
-137
-0.0118256
-127
-0.0109625
-26
-0.00224428
-86
-0.00742339
-154
-0.0132931
-441
-0.0380665
152
0.0131204
191
0.0164868
-51
-0.00440224
-26
-0.00224428
58
0.00500647
153
0.0132067
-5
-0.000431593
430
0.037117
-139
-0.0119983
-74
-0.00638757
-31
-0.00267587
17
0.00146741
-142
-0.0122572
-151
-0.0130341
156
0.0134657
274
0.0236513
-6
-0.000517911
-485
-0.0418645
-121
-0.0104445
-18
-0.00155373
-119
-0.0102719
73
0.00630125
-25
-0.00215796
-71
-0.00612861
170
0.0146741
144
0.0124299
-99
-0.00854553
-82
-0.00707812
-144
-0.0124299
52
0.00448856
16
0.0013811
-126
-0.0108761
-76
-0.00656021
17
0.00146741
-52
-0.00448856
-175
-0.0151057
-146
-0.0126025
-199
-0.0171774
-46
-0.00397065
-307
-0.0264998
6
0.000517911
-303
-0.0261545
1
8.63185e-05
-74
-0.00638757
128
0.0110488
-207
-0.0178679
-225
-0.0194217
219
0.0189038
-12
-0.00103582
69
0.00595598
60
0.00517911
49
0.00422961
-155
-0.0133794
23
0.00198533
-7
-0.00060423
-195
-0.0168321
137
0.0118256
135
0.011653
133
0.0114804
-194
-0.0167458
-21
-0.00181269
-79
-0.00681916
-21
-0.00181269
-185
-0.0159689
28
0.00241692
24
0.00207164
63
0.00543807
23
0.00198533
-71
-0.00612861
-114
-0.00984031
72
0.00621493
-17
-0.00146741
186
0.0160552
146
0.0126025
-55
-0.00474752
43
0.0037117
-34
-0.00293483
89
0.00768235
-17
-0.00146741
137
0.0118256
142
0.0122572
-230
-0.0198533
98
0.00845921
-349
-0.0301252
-160
-0.013811
30
0.00258956
58
0.00500647
-277
-0.0239102
-44
-0.00379801
176
0.0151921
-52
-0.00448856
0
0
-102
-0.00880449
-41
-0.00353906
-7
-0.00060423
62
0.00535175
10
0.000863185
-240
-0.0207164
-70
-0.0060423
194
0.0167458
-33
-0.00284851
34
0.00293483
-45
-0.00388433
-255
-0.0220112
6
0.000517911
137
0.0118256
112
0.00966767
-281
-0.0242555
57
0.00492016
23
0.00198533
92
0.0079413
-142
-0.0122572
65
0.0056107
1
8.63185e-05
-4
-0.000345274
-154
-0.0132931
-34
-0.00293483
-241
-0.0208028
79
0.00681916
188
0.0162279
-61
-0.00526543
232
0.0200259
176
0.0151921
126
0.0108761
-73
-0.00630125
-35
-0.00302115
144
0.0124299
-8
-0.000690548
71
0.00612861
-385
-0.0332326
58
0.00500647
215
0.0185585
10
0.000863185
88
0.00759603
26
0.00224428
-6
-0.000517911
-45
-0.00388433
13
0.00112214
143
0.0123435
-160
-0.013811
144
0.0124299
1
8.63185e-05
216
0.0186448
-63
-0.00543807
5
0.000431593
-139
-0.0119983
-11
-0.000949504
-12
-0.00103582
-48
-0.00414329
-159
-0.0137246
-238
-0.0205438
191
0.0164868
-117
-0.0100993
-137
-0.0118256
-7
-0.00060423
-34
-0.00293483
-98
-0.00845921
-43
-0.0037117
-66
-0.00569702
-44
-0.00379801
-97
-0.0083729
135
0.011653
87
0.00750971
-50
-0.00431593
58
0.00500647
235
0.0202849
-76
-0.00656021
-243
-0.0209754
-27
-0.0023306
-18
-0.00155373
47
0.00405697
180
0.0155373
-79
-0.00681916
-124
-0.0107035
122
0.0105309
430
0.037117
-14
-0.00120846
-218
-0.0188174
-142
-0.0122572
-153
-0.0132067
-106
-0.00914976
-132
-0.011394
77
0.00664653
121
0.0104445
81
0.0069918
191
0.0164868
3
0.000258956
126
0.0108761
-2
-0.000172637
161
0.0138973
67
0.00578334
-136
-0.0117393
-128
-0.0110488
-46
-0.00397065
71
0.00612861
-279
-0.0240829
60
0.00517911
48
0.00414329
89
0.00768235
328
0.0283125
-49
-0.00422961
178
0.0153647
170
0.0146741
152
0.0131204
-127
-0.0109625
-152
-0.0131204
-96
-0.00828658
148
0.0127751
-71
-0.00612861
-94
-0.00811394
-65
-0.0056107
-142
-0.0122572
-89
-0.00768235
227
0.0195943
-67
-0.00578334
18
0.00155373
-33
-0.00284851
318
0.0274493
168
0.0145015
112
0.00966767
39
0.00336642
98
0.00845921
11
0.000949504
132
0.011394
-80
-0.00690548
-335
-0.0289167
-51
-0.00440224
53
0.00457488
-70
-0.0060423
47
0.00405697
40
0.00345274
-141
-0.0121709
21
0.00181269
123
0.0106172
-85
-0.00733707
404
0.0348727
0
0
-70
-0.0060423
146
0.0126025
-5
-0.000431593
42
0.00362538
-161
-0.0138973
56
0.00483384
51
0.00440224
-4
-0.000345274
63
0.00543807
87
0.00750971
99
0.00854553
-52
-0.00448856
-198
-0.0170911
-108
-0.0093224
173
0.0149331
-63
-0.00543807
221
0.0190764
-30
-0.00258956
-306
-0.0264135
99
0.00854553
-67
-0.00578334
96
0.00828658
-57
-0.00492016
-67
-0.00578334
94
0.00811394
-101
-0.00871817
80
0.00690548
-61
-0.00526543
146
0.0126025
84
0.00725076
47
0.00405697
11
0.000949504
-26
-0.00224428
47
0.00405697
-99
-0.00854553
71
0.00612861
-196
-0.0169184
126
0.0108761
-104
-0.00897713
64
0.00552438
2
0.000172637
36
0.00310747
88
0.00759603
131
0.0113077
-94
-0.00811394
-33
-0.00284851
87
0.00750971
-43
-0.0037117
-31
-0.00267587
81
0.0069918
-256
-0.0220975
-20
-0.00172637
-305
-0.0263271
-77
-0.00664653
12
0.00103582
26
0.00224428
-10
-0.000863185
-7
-0.00060423
-86
-0.00742339
-92
-0.0079413
-213
-0.0183858
-25
-0.00215796
-186
-0.0160552
-3
-0.000258956
-176
-0.0151921
76
0.00656021
205
0.0176953
-31
-0.00267587
-239
-0.0206301
-74
-0.00638757
143
0.0123435
-73
-0.00630125
-250
-0.0215796
-2
-0.000172637
305
0.0263271
-84
-0.00725076
-67
-0.00578334
9
0.000776867
137
0.0118256
-260
-0.0224428
80
0.00690548
103
0.00889081
212
0.0182995
58
0.00500647
21
0.00181269
115
0.00992663
-77
-0.00664653
-88
-0.00759603
-109
-0.00940872
11
0.000949504
255
0.0220112
-15
-0.00129478
-49
-0.00422961
84
0.00725076
-185
-0.0159689
10
0.000863185
38
0.0032801
51
0.00440224
-161
-0.0138973
-47
-0.00405697
45
0.00388433
41
0.00353906
-227
-0.0195943
-19
-0.00164005
-180
-0.0155373
-139
-0.0119983
266
0.0229607
56
0.00483384
142
0.0122572
122
0.0105309
-49
-0.00422961
-85
-0.00733707
-227
-0.0195943
200
0.0172637
194
0.0167458
-31
-0.00267587
-302
-0.0260682
89
0.00768235
121
0.0104445
35
0.00302115
141
0.0121709
-23
-0.00198533
-220
-0.0189901
180
0.0155373
181
0.0156237
-33
-0.00284851
305
0.0263271
53
0.00457488
33
0.00284851
101
0.00871817
160
0.013811
-73
-0.00630125
30
0.00258956
75
0.00647389
57
0.00492016
-89
-0.00768235
-5
-0.000431593
-72
-0.00621493
202
0.0174363
36
0.00310747
-60
-0.00517911
32
0.00276219
-6
-0.000517911
-115
-0.00992663
190
0.0164005
50
0.00431593
127
0.0109625
156
0.0134657
69
0.00595598
-36
-0.00310747
-112
-0.00966767
153
0.0132067
-9
-0.000776867
-208
-0.0179543
401
0.0346137
19
0.00164005
217
0.0187311
-44
-0.00379801
-22
-0.00189901
197
0.0170047
150
0.0129478
-34
-0.00293483
-104
-0.00897713
25
0.00215796
291
0.0251187
54
0.0046612
57
0.00492016
-57
-0.00492016
-138
-0.011912
-29
-0.00250324
-253
-0.0218386
19
0.00164005
-235
-0.0202849
-57
-0.00492016
-104
-0.00897713
-124
-0.0107035
-40
-0.00345274
-44
-0.00379801
12
0.00103582
34
0.00293483
-248
-0.021407
-101
-0.00871817
0
0
70
0.0060423
5
0.000431593
32
0.00276219
-28
-0.00241692
-11
-0.000949504
-46
-0.00397065
-184
-0.0158826
60
0.00517911
-140
-0.0120846
-117
-0.0100993
52
0.00448856
-34
-0.00293483
-117
-0.0100993
300
0.0258956
-4
-0.000345274
363
0.0313336
114
0.00984031
168
0.0145015
137
0.0118256
114
0.00984031
96
0.00828658
131
0.0113077
43
0.0037117
-228
-0.0196806
90
0.00776867
12
0.00103582
-122
-0.0105309
71
0.00612861
87
0.00750971
355
0.0306431
-52
-0.00448856
45
0.00388433
177
0.0152784
-48
-0.00414329
79
0.00681916
-73
-0.00630125
25
0.00215796
-69
-0.00595598
41
0.00353906
-110
-0.00949504
273
0.023565
102
0.00880449
-9
-0.000776867
-28
-0.00241692
72
0.00621493
-163
-0.0140699
58
0.00500647
63
0.00543807
-79
-0.00681916
234
0.0201985
83
0.00716444
24
0.00207164
-109
-0.00940872
-180
-0.0155373
-72
-0.00621493
-89
-0.00768235
-26
-0.00224428
-85
-0.00733707
43
0.0037117
145
0.0125162
180
0.0155373
115
0.00992663
-79
-0.00681916
114
0.00984031
92
0.0079413
-229
-0.0197669
44
0.00379801
-363
-0.0313336
-27
-0.0023306
242
0.0208891
62
0.00535175
92
0.0079413
-118
-0.0101856
-40
-0.00345274
68
0.00586966
-47
-0.00405697
39
0.00336642
131
0.0113077
20
0.00172637
-203
-0.0175227
168
0.0145015
-154
-0.0132931
-79
-0.00681916
164
0.0141562
42
0.00362538
96
0.00828658
-96
-0.00828658
-33
-0.00284851
-24
-0.00207164
-31
-0.00267587
-5
-0.000431593
-108
-0.0093224
162
0.0139836
-7
-0.00060423
-18
-0.00155373
-99
-0.00854553
29
0.00250324
-122
-0.0105309
122
0.0105309
54
0.0046612
24
0.00207164
56
0.00483384
39
0.00336642
-91
-0.00785498
21
0.00181269
-131
-0.0113077
122
0.0105309
205
0.0176953
64
0.00552438
83
0.00716444
-96
-0.00828658
163
0.0140699
-95
-0.00820026
11
0.000949504
23
0.00198533
14
0.00120846
-121
-0.0104445
11
0.000949504
7
0.00060423
201
0.01735
-73
-0.00630125
-129
-0.0111351
-20
-0.00172637
-14
-0.00120846
-28
-0.00241692
-120
-0.0103582
-110
-0.00949504
47
0.00405697
23
0.00198533
207
0.0178679
-3
-0.000258956
-83
-0.00716444
-81
-0.0069918
133
0.0114804
108
0.0093224
-20
-0.00172637
-223
-0.019249
-129
-0.0111351
101
0.00871817
41
0.00353906
89
0.00768235
-291
-0.0251187
56
0.00483384
56
0.00483384
-163
-0.0140699
145
0.0125162
219
0.0189038
27
0.0023306
118
0.0101856
248
0.021407
-82
-0.00707812
-169
-0.0145878
-28
-0.00241692
107
0.00923608
-62
-0.00535175
-234
-0.0201985
46
0.00397065
-95
-0.00820026
26
0.00224428
157
0.013552
25
0.00215796
-35
-0.00302115
97
0.0083729
-25
-0.00215796
-30
-0.00258956
-182
-0.01571
151
0.0130341
-224
-0.0193353
10
0.000863185
-152
-0.0131204
48
0.00414329
62
0.00535175
-22
-0.00189901
333
0.0287441
93
0.00802762
94
0.00811394
7
0.00060423
151
0.0130341
-181
-0.0156237
206
0.0177816
42
0.00362538
142
0.0122572
-7
-0.00060423
-100
-0.00863185
-7
-0.00060423
-51
-0.00440224
-81
-0.0069918
70
0.0060423
-29
-0.00250324
-75
-0.00647389
-194
-0.0167458
107
0.00923608
260
0.0224428
-71
-0.00612861
160
0.013811
43
0.0037117
-28
-0.00241692
-257
-0.0221839
-110
-0.00949504
-235
-0.0202849
12
0.00103582
-169
-0.0145878
-33
-0.00284851
-12
-0.00103582
39
0.00336642
-26
-0.00224428
17
0.00146741
297
0.0256366
-158
-0.0136383
68
0.00586966
-6
-0.000517911
-14
-0.00120846
153
0.0132067
115
0.00992663
45
0.00388433
349
0.0301252
2
0.000172637
-26
-0.00224428
43
0.0037117
-163
-0.0140699
65
0.0056107
444
0.0383254
-75
-0.00647389
20
0.00172637
13
0.00112214
81
0.0069918
17
0.00146741
-96
-0.00828658
179
0.015451
-49
-0.00422961
267
0.023047
56
0.00483384
69
0.00595598
104
0.00897713
-50
-0.00431593
-27
-0.0023306
147
0.0126888
214
0.0184722
-23
-0.00198533
213
0.0183858
123
0.0106172
259
0.0223565
48
0.00414329
-150
-0.0129478
-38
-0.0032801
38
0.0032801
-4
-0.000345274
-117
-0.0100993
68
0.00586966
-245
-0.021148
-33
-0.00284851
75
0.00647389
-286
-0.0246871
-220
-0.0189901
29
0.00250324
-94
-0.00811394
-20
-0.00172637
191
0.0164868
219
0.0189038
205
0.0176953
116
0.0100129
-107
-0.00923608
83
0.00716444
99
0.00854553
-14
-0.00120846
163
0.0140699
-116
-0.0100129
-181
-0.0156237
125
0.0107898
214
0.0184722
8
0.000690548
52
0.00448856
36
0.00310747
65
0.0056107
25
0.00215796
-192
-0.0165732
116
0.0100129
-3
-0.000258956
36
0.00310747
116
0.0100129
112
0.00966767
57
0.00492016
59
0.00509279
389
0.0335779
-81
-0.0069918
-355
-0.0306431
32
0.00276219
-77
-0.00664653
-130
-0.0112214
-212
-0.0182995
-2
-0.000172637
164
0.0141562
18
0.00155373
240
0.0207164
-121
-0.0104445
-134
-0.0115667
-68
-0.00586966
