112
0.019337
-78
-0.0134669
33
0.00569751
53
0.00915055
107
0.0184738
-39
-0.00673343
82
0.0141575
-41
-0.00707873
145
0.0250345
-56
-0.00966851
-40
-0.00690608
-28
-0.00483425
180
0.0310773
-44
-0.00759669
71
0.0122583
18
0.00310773
-19
-0.00328039
-126
-0.0217541
12
0.00207182
158
0.027279
80
0.0138122
33
0.00569751
105
0.0181285
56
0.00966851
-57
-0.00984116
9
0.00155387
56
0.00966851
-22
-0.00379834
105
0.0181285
15
0.00258978
-15
-0.00258978
25
0.0043163
54
0.0093232
40
0.00690608
53
0.00915055
52
0.0089779
-139
-0.0239986
64
0.0110497
-11
-0.00189917
-21
-0.00362569
43
0.00742403
131
0.0226174
49
0.00845994
41
0.00707873
-101
-0.0174378
55
0.00949586
19
0.00328039
46
0.00794199
44
0.00759669
43
0.00742403
-93
-0.0160566
-51
-0.00880525
24
0.00414365
5
0.00086326
-42
-0.00725138
46
0.00794199
18
0.00310773
-64
-0.0110497
100
0.0172652
-24
-0.00414365
59
0.0101865
52
0.0089779
-21
-0.00362569
-43
-0.00742403
1
0.000172652
-43
-0.00742403
-64
-0.0110497
59
0.0101865
30
0.00517956
-17
-0.00293508
-145
-0.0250345
88
0.0151934
164
0.0283149
87
0.0150207
6
0.00103591
-41
-0.00707873
-229
-0.0395373
1
0.000172652
-110
-0.0189917
26
0.00448895
109
0.0188191
82
0.0141575
41
0.00707873
71
0.0122583
-333
-0.0574931
-57
-0.00984116
6
0.00103591
18
0.00310773
-11
-0.00189917
83
0.0143301
-138
-0.023826
18
0.00310773
-110
-0.0189917
-36
-0.00621547
103
0.0177831
68
0.0117403
33
0.00569751
69
0.011913
-136
-0.0234807
11
0.00189917
-22
-0.00379834
63
0.0108771
5
0.00086326
126
0.0217541
-31
-0.00535221
-101
-0.0174378
-26
-0.00448895
-16
-0.00276243
28
0.00483425
26
0.00448895
29
0.00500691
54
0.0093232
-10
-0.00172652
-8
-0.00138122
1
0.000172652
83
0.0143301
40
0.00690608
-11
-0.00189917
65
0.0112224
-4
-0.000690608
-74
-0.0127762
-7
-0.00120856
24
0.00414365
22
0.00379834
47
0.00811464
-98
-0.0169199
23
0.00397099
-19
-0.00328039
109
0.0188191
-27
-0.0046616
-79
-0.0136395
1
0.000172652
60
0.0103591
-23
-0.00397099
-149
-0.0257251
166
0.0286602
24
0.00414365
9
0.00155387
53
0.00915055
-6
-0.00103591
-88
-0.0151934
39
0.00673343
155
0.026761
-34
-0.00587017
-9
-0.00155387
-29
-0.00500691
-110
-0.0189917
-5
-0.00086326
87
0.0150207
-106
-0.0183011
19
0.00328039
-20
-0.00345304
-57
-0.00984116
-49
-0.00845994
-63
-0.0108771
-1
-0.000172652
-11
-0.00189917
2
0.000345304
-176
-0.0303867
-18
-0.00310773
74
0.0127762
-31
-0.00535221
-65
-0.0112224
124
0.0214088
0
0
32
0.00552486
-61
-0.0105318
69
0.011913
-27
-0.0046616
84
0.0145028
-165
-0.0284876
13
0.00224448
4
0.000690608
-30
-0.00517956
141
0.0243439
78
0.0134669
63
0.0108771
1
0.000172652
73
0.0126036
79
0.0136395
-80
-0.0138122
-29
-0.00500691
6
0.00103591
-9
-0.00155387
51
0.00880525
-33
-0.00569751
102
0.0176105
59
0.0101865
88
0.0151934
-85
-0.0146754
4
0.000690608
-34
-0.00587017
61
0.0105318
-24
-0.00414365
-17
-0.00293508
2
0.000345304
-44
-0.00759669
-28
-0.00483425
2
0.000345304
-26
-0.00448895
62
0.0107044
57
0.00984116
-4
-0.000690608
27
0.0046616
25
0.0043163
-14
-0.00241713
-14
-0.00241713
39
0.00673343
-21
-0.00362569
57
0.00984116
26
0.00448895
-59
-0.0101865
-41
-0.00707873
88
0.0151934
-183
-0.0315953
-105
-0.0181285
4
0.000690608
-26
-0.00448895
-89
-0.015366
37
0.00638812
-109
-0.0188191
66
0.011395
-71
-0.0122583
-28
-0.00483425
-115
-0.019855
67
0.0115677
95
0.0164019
65
0.0112224
25
0.0043163
20
0.00345304
-108
-0.0186464
187
0.0322859
191
0.0329765
67
0.0115677
-96
-0.0165746
-33
-0.00569751
50
0.0086326
-89
-0.015366
-20
-0.00345304
-151
-0.0260704
20
0.00345304
22
0.00379834
43
0.00742403
52
0.0089779
36
0.00621547
-43
-0.00742403
93
0.0160566
64
0.0110497
87
0.0150207
-18
-0.00310773
134
0.0231354
6
0.00103591
71
0.0122583
-16
-0.00276243
42
0.00725138
-97
-0.0167472
-71
-0.0122583
-93
-0.0160566
-64
-0.0110497
-39
-0.00673343
-12
-0.00207182
3
0.000517956
42
0.00725138
-25
-0.0043163
137
0.0236533
38
0.00656077
-5
-0.00086326
59
0.0101865
23
0.00397099
19
0.00328039
-98
-0.0169199
-2
-0.000345304
19
0.00328039
-49
-0.00845994
89
0.015366
-116
-0.0200276
-10
-0.00172652
17
0.00293508
-25
-0.0043163
-53
-0.00915055
-142
-0.0245166
-183
-0.0315953
94
0.0162293
-112
-0.019337
-69
-0.011913
-85
-0.0146754
29
0.00500691
-8
-0.00138122
-66
-0.011395
-97
-0.0167472
-75
-0.0129489
-32
-0.00552486
67
0.0115677
-119
-0.0205456
22
0.00379834
15
0.00258978
136
0.0234807
-66
-0.011395
-19
-0.00328039
-112
-0.019337
-238
-0.0410912
61
0.0105318
78
0.0134669
115
0.019855
-65
-0.0112224
0
0
-47
-0.00811464
-82
-0.0141575
3
0.000517956
-52
-0.0089779
206
0.0355663
85
0.0146754
40
0.00690608
0
0
-77
-0.0132942
9
0.00155387
177
0.0305594
18
0.00310773
-18
-0.00310773
-55
-0.00949586
-38
-0.00656077
-37
-0.00638812
184
0.031768
33
0.00569751
22
0.00379834
126
0.0217541
-24
-0.00414365
38
0.00656077
-91
-0.0157113
9
0.00155387
13
0.00224448
27
0.0046616
-191
-0.0329765
54
0.0093232
21
0.00362569
-11
-0.00189917
-61
-0.0105318
-75
-0.0129489
-59
-0.0101865
2
0.000345304
-66
-0.011395
-95
-0.0164019
-86
-0.0148481
-30
-0.00517956
52
0.0089779
-32
-0.00552486
1
0.000172652
-97
-0.0167472
-145
-0.0250345
36
0.00621547
126
0.0217541
47
0.00811464
-144
-0.0248619
11
0.00189917
-217
-0.0374655
9
0.00155387
-50
-0.0086326
-15
-0.00258978
94
0.0162293
67
0.0115677
89
0.015366
23
0.00397099
-79
-0.0136395
-10
-0.00172652
39
0.00673343
102
0.0176105
8
0.00138122
10
0.00172652
181
0.03125
155
0.026761
-220
-0.0379834
-16
-0.00276243
-83
-0.0143301
-18
-0.00310773
107
0.0184738
16
0.00276243
-9
-0.00155387
21
0.00362569
16
0.00276243
-61
-0.0105318
33
0.00569751
14
0.00241713
-104
-0.0179558
-4
-0.000690608
-79
-0.0136395
14
0.00241713
69
0.011913
-2
-0.000345304
116
0.0200276
50
0.0086326
-104
-0.0179558
-64
-0.0110497
76
0.0131215
0
0
77
0.0132942
103
0.0177831
74
0.0127762
-67
-0.0115677
32
0.00552486
-65
-0.0112224
-136
-0.0234807
-49
-0.00845994
-226
-0.0390193
-36
-0.00621547
-80
-0.0138122
-31
-0.00535221
-133
-0.0229627
113
0.0195097
-17
-0.00293508
34
0.00587017
158
0.027279
34
0.00587017
92
0.015884
30
0.00517956
90
0.0155387
-9
-0.00155387
-33
-0.00569751
27
0.0046616
-46
-0.00794199
62
0.0107044
48
0.00828729
67
0.0115677
-9
-0.00155387
15
0.00258978
73
0.0126036
105
0.0181285
-13
-0.00224448
22
0.00379834
-34
-0.00587017
131
0.0226174
47
0.00811464
-57
-0.00984116
-99
-0.0170925
88
0.0151934
-71
-0.0122583
-59
-0.0101865
89
0.015366
-36
-0.00621547
63
0.0108771
-54
-0.0093232
-178
-0.030732
-71
-0.0122583
-25
-0.0043163
-25
-0.0043163
-64
-0.0110497
69
0.011913
44
0.00759669
41
0.00707873
49
0.00845994
1
0.000172652
-122
-0.0210635
84
0.0145028
66
0.011395
-125
-0.0215815
28
0.00483425
34
0.00587017
-21
-0.00362569
23
0.00397099
113
0.0195097
27
0.0046616
-158
-0.027279
74
0.0127762
-17
-0.00293508
56
0.00966851
132
0.0227901
33
0.00569751
-51
-0.00880525
62
0.0107044
8
0.00138122
-91
-0.0157113
3
0.000517956
31
0.00535221
73
0.0126036
-99
-0.0170925
-235
-0.0405732
30
0.00517956
115
0.019855
7
0.00120856
-109
-0.0188191
39
0.00673343
-170
-0.0293508
27
0.0046616
95
0.0164019
84
0.0145028
55
0.00949586
-42
-0.00725138
71
0.0122583
-16
-0.00276243
-1
-0.000172652
-30
-0.00517956
67
0.0115677
-33
-0.00569751
31
0.00535221
52
0.0089779
15
0.00258978
-50
-0.0086326
-50
-0.0086326
-57
-0.00984116
125
0.0215815
-95
-0.0164019
-90
-0.0155387
-5
-0.00086326
73
0.0126036
-86
-0.0148481
-75
-0.0129489
-108
-0.0186464
-92
-0.015884
-52
-0.0089779
-38
-0.00656077
-13
-0.00224448
-71
-0.0122583
21
0.00362569
15
0.00258978
4
0.000690608
194
0.0334945
-77
-0.0132942
-134
-0.0231354
19
0.00328039
-14
-0.00241713
-61
-0.0105318
-69
-0.011913
-32
-0.00552486
-158
-0.027279
-3
-0.000517956
-46
-0.00794199
-97
-0.0167472
-177
-0.0305594
-149
-0.0257251
-207
-0.035739
-66
-0.011395
157
0.0271064
-34
-0.00587017
192
0.0331492
74
0.0127762
35
0.00604282
139
0.0239986
3
0.000517956
38
0.00656077
-79
-0.0136395
114
0.0196823
-153
-0.0264157
-47
-0.00811464
-60
-0.0103591
-9
-0.00155387
-66
-0.011395
7
0.00120856
-69
-0.011913
-19
-0.00328039
145
0.0250345
1
0.000172652
-84
-0.0145028
-19
-0.00328039
181
0.03125
21
0.00362569
18
0.00310773
-12
-0.00207182
-80
-0.0138122
-90
-0.0155387
62
0.0107044
67
0.0115677
108
0.0186464
71
0.0122583
64
0.0110497
86
0.0148481
222
0.0383287
14
0.00241713
-6
-0.00103591
21
0.00362569
40
0.00690608
-67
-0.0115677
-178
-0.030732
-40
-0.00690608
-139
-0.0239986
-145
-0.0250345
8
0.00138122
-86
-0.0148481
-17
-0.00293508
39
0.00673343
12
0.00207182
-39
-0.00673343
-53
-0.00915055
18
0.00310773
166
0.0286602
-52
-0.0089779
-37
-0.00638812
107
0.0184738
55
0.00949586
-19
-0.00328039
18
0.00310773
-170
-0.0293508
-99
-0.0170925
44
0.00759669
-101
-0.0174378
5
0.00086326
-15
-0.00258978
-56
-0.00966851
-36
-0.00621547
94
0.0162293
98
0.0169199
102
0.0176105
197
0.0340124
-59
-0.0101865
-55
-0.00949586
-123
-0.0212362
36
0.00621547
-22
-0.00379834
49
0.00845994
-161
-0.027797
-7
-0.00120856
-71
-0.0122583
42
0.00725138
-58
-0.0100138
51
0.00880525
-1
-0.000172652
35
0.00604282
39
0.00673343
84
0.0145028
-74
-0.0127762
-110
-0.0189917
73
0.0126036
-48
-0.00828729
10
0.00172652
191
0.0329765
19
0.00328039
-89
-0.015366
16
0.00276243
63
0.0108771
120
0.0207182
-128
-0.0220994
-53
-0.00915055
25
0.0043163
-56
-0.00966851
34
0.00587017
39
0.00673343
-45
-0.00776934
-10
-0.00172652
-11
-0.00189917
-67
-0.0115677
28
0.00483425
-2
-0.000345304
24
0.00414365
-124
-0.0214088
84
0.0145028
127
0.0219268
70
0.0120856
3
0.000517956
139
0.0239986
-54
-0.0093232
-107
-0.0184738
-40
-0.00690608
107
0.0184738
-56
-0.00966851
126
0.0217541
-41
-0.00707873
135
0.023308
-52
-0.0089779
-133
-0.0229627
182
0.0314227
0
0
-11
-0.00189917
43
0.00742403
-144
-0.0248619
-42
-0.00725138
-171
-0.0295235
-25
-0.0043163
113
0.0195097
6
0.00103591
9
0.00155387
107
0.0184738
-52
-0.0089779
-9
-0.00155387
-14
-0.00241713
78
0.0134669
-12
-0.00207182
23
0.00397099
-57
-0.00984116
-54
-0.0093232
-9
-0.00155387
-159
-0.0274517
-48
-0.00828729
-79
-0.0136395
-28
-0.00483425
63
0.0108771
-15
-0.00258978
84
0.0145028
-4
-0.000690608
-7
-0.00120856
9
0.00155387
-100
-0.0172652
43
0.00742403
190
0.0328039
-131
-0.0226174
141
0.0243439
10
0.00172652
66
0.011395
-123
-0.0212362
14
0.00241713
1
0.000172652
140
0.0241713
-31
-0.00535221
2
0.000345304
90
0.0155387
-216
-0.0372928
-10
-0.00172652
12
0.00207182
-52
-0.0089779
51
0.00880525
14
0.00241713
-7
-0.00120856
58
0.0100138
-21
-0.00362569
-185
-0.0319406
85
0.0146754
-4
-0.000690608
78
0.0134669
2
0.000345304
95
0.0164019
8
0.00138122
24
0.00414365
-77
-0.0132942
71
0.0122583
78
0.0134669
101
0.0174378
-89
-0.015366
-16
-0.00276243
-54
-0.0093232
68
0.0117403
31
0.00535221
-66
-0.011395
166
0.0286602
-35
-0.00604282
-105
-0.0181285
105
0.0181285
-79
-0.0136395
-230
-0.0397099
-36
-0.00621547
12
0.00207182
-14
-0.00241713
-62
-0.0107044
-25
-0.0043163
77
0.0132942
-62
-0.0107044
24
0.00414365
9
0.00155387
142
0.0245166
51
0.00880525
-49
-0.00845994
79
0.0136395
154
0.0265884
-63
-0.0108771
23
0.00397099
72
0.0124309
113
0.0195097
-11
-0.00189917
-23
-0.00397099
-21
-0.00362569
89
0.015366
53
0.00915055
-153
-0.0264157
-78
-0.0134669
74
0.0127762
10
0.00172652
221
0.0381561
32
0.00552486
26
0.00448895
152
0.0262431
51
0.00880525
-25
-0.0043163
-94
-0.0162293
-71
-0.0122583
137
0.0236533
-38
-0.00656077
111
0.0191644
8
0.00138122
89
0.015366
93
0.0160566
30
0.00517956
29
0.00500691
81
0.0139848
52
0.0089779
-31
-0.00535221
40
0.00690608
-17
-0.00293508
-69
-0.011913
-7
-0.00120856
-53
-0.00915055
-45
-0.00776934
1
0.000172652
177
0.0305594
40
0.00690608
-22
-0.00379834
-138
-0.023826
136
0.0234807
4
0.000690608
-212
-0.0366022
-44
-0.00759669
-124
-0.0214088
-26
-0.00448895
74
0.0127762
12
0.00207182
153
0.0264157
-47
-0.00811464
130
0.0224448
22
0.00379834
-46
-0.00794199
16
0.00276243
48
0.00828729
-24
-0.00414365
7
0.00120856
-19
-0.00328039
2
0.000345304
73
0.0126036
243
0.0419544
-108
-0.0186464
-258
-0.0445442
27
0.0046616
60
0.0103591
-118
-0.0203729
-75
-0.0129489
-19
-0.00328039
42
0.00725138
-58
-0.0100138
-63
-0.0108771
37
0.00638812
83
0.0143301
33
0.00569751
-173
-0.0298688
139
0.0239986
-32
-0.00552486
62
0.0107044
-86
-0.0148481
-9
-0.00155387
-143
-0.0246892
110
0.0189917
-15
-0.00258978
-52
-0.0089779
-108
-0.0186464
83
0.0143301
-128
-0.0220994
106
0.0183011
-139
-0.0239986
-90
-0.0155387
-72
-0.0124309
-91
-0.0157113
-27
-0.0046616
162
0.0279696
49
0.00845994
-106
-0.0183011
-174
-0.0300414
6
0.00103591
-116
-0.0200276
-113
-0.0195097
-7
-0.00120856
25
0.0043163
-53
-0.00915055
85
0.0146754
10
0.00172652
149
0.0257251
87
0.0150207
80
0.0138122
157
0.0271064
-12
-0.00207182
-82
-0.0141575
-21
-0.00362569
-8
-0.00138122
39
0.00673343
40
0.00690608
7
0.00120856
-42
-0.00725138
-7
-0.00120856
-6
-0.00103591
41
0.00707873
-198
-0.0341851
89
0.015366
-49
-0.00845994
-21
-0.00362569
119
0.0205456
19
0.00328039
135
0.023308
-30
-0.00517956
-44
-0.00759669
-119
-0.0205456
85
0.0146754
-79
-0.0136395
-64
-0.0110497
120
0.0207182
172
0.0296961
6
0.00103591
-135
-0.023308
-4
-0.000690608
-63
-0.0108771
-44
-0.00759669
-63
-0.0108771
-86
-0.0148481
64
0.0110497
15
0.00258978
-71
-0.0122583
51
0.00880525
-140
-0.0241713
98
0.0169199
-4
-0.000690608
-82
-0.0141575
36
0.00621547
-38
-0.00656077
-42
-0.00725138
8
0.00138122
15
0.00258978
-123
-0.0212362
-2
-0.000345304
-9
-0.00155387
-19
-0.00328039
16
0.00276243
-219
-0.0378108
-9
-0.00155387
0
0
-38
-0.00656077
121
0.0208909
-34
-0.00587017
34
0.00587017
42
0.00725138
-11
-0.00189917
116
0.0200276
24
0.00414365
76
0.0131215
-128
-0.0220994
-48
-0.00828729
-151
-0.0260704
-4
-0.000690608
34
0.00587017
63
0.0108771
2
0.000345304
-39
-0.00673343
77
0.0132942
86
0.0148481
69
0.011913
-66
-0.011395
39
0.00673343
-31
-0.00535221
-138
-0.023826
33
0.00569751
4
0.000690608
-133
-0.0229627
-143
-0.0246892
-117
-0.0202003
-38
-0.00656077
71
0.0122583
92
0.015884
-58
-0.0100138
291
0.0502417
65
0.0112224
114
0.0196823
15
0.00258978
1
0.000172652
-40
-0.00690608
-22
-0.00379834
32
0.00552486
-85
-0.0146754
13
0.00224448
-149
-0.0257251
-19
-0.00328039
-54
-0.0093232
105
0.0181285
-169
-0.0291782
-16
-0.00276243
-36
-0.00621547
0
0
-52
-0.0089779
-41
-0.00707873
-33
-0.00569751
32
0.00552486
128
0.0220994
125
0.0215815
-38
-0.00656077
1
0.000172652
-159
-0.0274517
-124
-0.0214088
-70
-0.0120856
69
0.011913
-43
-0.00742403
5
0.00086326
-20
-0.00345304
93
0.0160566
-41
-0.00707873
-19
-0.00328039
156
0.0269337
41
0.00707873
139
0.0239986
-7
-0.00120856
60
0.0103591
77
0.0132942
-73
-0.0126036
6
0.00103591
64
0.0110497
85
0.0146754
74
0.0127762
-107
-0.0184738
-102
-0.0176105
-20
-0.00345304
4
0.000690608
8
0.00138122
-70
-0.0120856
39
0.00673343
59
0.0101865
-5
-0.00086326
8
0.00138122
-36
-0.00621547
-25
-0.0043163
144
0.0248619
-17
-0.00293508
-5
-0.00086326
40
0.00690608
-148
-0.0255525
-103
-0.0177831
-112
-0.019337
10
0.00172652
-47
-0.00811464
37
0.00638812
81
0.0139848
92
0.015884
84
0.0145028
103
0.0177831
23
0.00397099
-149
-0.0257251
-75
-0.0129489
-52
-0.0089779
-8
-0.00138122
20
0.00345304
-101
-0.0174378
-83
-0.0143301
146
0.0252072
114
0.0196823
-112
-0.019337
6
0.00103591
-86
-0.0148481
72
0.0124309
37
0.00638812
16
0.00276243
-63
-0.0108771
-106
-0.0183011
25
0.0043163
-25
-0.0043163
-46
-0.00794199
60
0.0103591
37
0.00638812
7
0.00120856
-45
-0.00776934
-73
-0.0126036
-120
-0.0207182
98
0.0169199
-1
-0.000172652
-83
-0.0143301
27
0.0046616
-35
-0.00604282
-14
-0.00241713
-64
-0.0110497
93
0.0160566
-27
-0.0046616
26
0.00448895
93
0.0160566
28
0.00483425
-104
-0.0179558
-14
-0.00241713
-141
-0.0243439
137
0.0236533
33
0.00569751
135
0.023308
34
0.00587017
-14
-0.00241713
-51
-0.00880525
-35
-0.00604282
48
0.00828729
9
0.00155387
63
0.0108771
-58
-0.0100138
16
0.00276243
130
0.0224448
85
0.0146754
-69
-0.011913
75
0.0129489
-44
-0.00759669
-1
-0.000172652
-57
-0.00984116
103
0.0177831
52
0.0089779
-112
-0.019337
56
0.00966851
-217
-0.0374655
-34
-0.00587017
6
0.00103591
96
0.0165746
-268
-0.0462707
-46
-0.00794199
85
0.0146754
-74
-0.0127762
-107
-0.0184738
70
0.0120856
-37
-0.00638812
-21
-0.00362569
-11
-0.00189917
13
0.00224448
-20
-0.00345304
7
0.00120856
126
0.0217541
-39
-0.00673343
-67
-0.0115677
18
0.00310773
91
0.0157113
116
0.0200276
152
0.0262431
32
0.00552486
-120
-0.0207182
0
0
159
0.0274517
51
0.00880525
-75
-0.0129489
-26
-0.00448895
8
0.00138122
56
0.00966851
86
0.0148481
97
0.0167472
36
0.00621547
55
0.00949586
56
0.00966851
54
0.0093232
-61
-0.0105318
41
0.00707873
97
0.0167472
-45
-0.00776934
-101
-0.0174378
-8
-0.00138122
-72
-0.0124309
39
0.00673343
-125
-0.0215815
113
0.0195097
67
0.0115677
-52
-0.0089779
-105
-0.0181285
106
0.0183011
-60
-0.0103591
157
0.0271064
-204
-0.035221
5
0.00086326
-44
-0.00759669
-99
-0.0170925
114
0.0196823
-60
-0.0103591
-127
-0.0219268
-94
-0.0162293
157
0.0271064
10
0.00172652
-74
-0.0127762
227
0.039192
112
0.019337
8
0.00138122
165
0.0284876
20
0.00345304
71
0.0122583
43
0.00742403
-159
-0.0274517
-12
-0.00207182
-64
-0.0110497
-26
-0.00448895
45
0.00776934
18
0.00310773
-126
-0.0217541
52
0.0089779
12
0.00207182
-45
-0.00776934
-93
-0.0160566
-64
-0.0110497
-45
-0.00776934
134
0.0231354
-11
-0.00189917
-101
-0.0174378
30
0.00517956
149
0.0257251
-45
-0.00776934
-10
-0.00172652
54
0.0093232
95
0.0164019
189
0.0326312
-10
-0.00172652
11
0.00189917
45
0.00776934
-74
-0.0127762
-22
-0.00379834
-106
-0.0183011
34
0.00587017
-167
-0.0288329
-56
-0.00966851
-31
-0.00535221
18
0.00310773
11
0.00189917
-52
-0.0089779
-104
-0.0179558
114
0.0196823
74
0.0127762
-43
-0.00742403
-128
-0.0220994
35
0.00604282
51
0.00880525
23
0.00397099
115
0.019855
32
0.00552486
20
0.00345304
5
0.00086326
15
0.00258978
-69
-0.011913
128
0.0220994
-74
-0.0127762
-18
-0.00310773
-7
-0.00120856
10
0.00172652
32
0.00552486
41
0.00707873
64
0.0110497
-90
-0.0155387
-122
-0.0210635
70
0.0120856
-77
-0.0132942
-19
-0.00328039
-4
-0.000690608
98
0.0169199
22
0.00379834
-85
-0.0146754
-10
-0.00172652
-242
-0.0417818
7
0.00120856
-59
-0.0101865
46
0.00794199
12
0.00207182
29
0.00500691
-111
-0.0191644
4
0.000690608
25
0.0043163
-4
-0.000690608
34
0.00587017
-20
-0.00345304
-26
-0.00448895
-2
-0.000345304
137
0.0236533
-46
-0.00794199
-12
-0.00207182
-23
-0.00397099
114
0.0196823
3
0.000517956
-62
-0.0107044
18
0.00310773
116
0.0200276
98
0.0169199
-96
-0.0165746
-40
-0.00690608
-13
-0.00224448
-26
-0.00448895
49
0.00845994
17
0.00293508
64
0.0110497
-36
-0.00621547
-72
-0.0124309
49
0.00845994
-83
-0.0143301
111
0.0191644
-121
-0.0208909
72
0.0124309
-192
-0.0331492
-39
-0.00673343
-75
-0.0129489
-83
-0.0143301
-68
-0.0117403
45
0.00776934
117
0.0202003
44
0.00759669
114
0.0196823
-92
-0.015884
143
0.0246892
-33
-0.00569751
102
0.0176105
35
0.00604282
50
0.0086326
-13
-0.00224448
6
0.00103591
-53
-0.00915055
164
0.0283149
52
0.0089779
-12
-0.00207182
-35
-0.00604282
151
0.0260704
52
0.0089779
-174
-0.0300414
-55
-0.00949586
-18
-0.00310773
69
0.011913
-121
-0.0208909
-36
-0.00621547
58
0.0100138
-86
-0.0148481
-7
-0.00120856
-13
-0.00224448
84
0.0145028
-2
-0.000345304
113
0.0195097
-64
-0.0110497
21
0.00362569
-20
-0.00345304
9
0.00155387
63
0.0108771
-113
-0.0195097
-65
-0.0112224
-115
-0.019855
34
0.00587017
-68
-0.0117403
-48
-0.00828729
-88
-0.0151934
163
0.0281423
168
0.0290055
-68
-0.0117403
-111
-0.0191644
47
0.00811464
142
0.0245166
-9
-0.00155387
151
0.0260704
51
0.00880525
15
0.00258978
100
0.0172652
78
0.0134669
13
0.00224448
62
0.0107044
-33
-0.00569751
-134
-0.0231354
20
0.00345304
-10
-0.00172652
-118
-0.0203729
103
0.0177831
52
0.0089779
-221
-0.0381561
-58
-0.0100138
5
0.00086326
-79
-0.0136395
271
0.0467887
81
0.0139848
-52
-0.0089779
126
0.0217541
-7
-0.00120856
-25
-0.0043163
-32
-0.00552486
34
0.00587017
97
0.0167472
10
0.00172652
76
0.0131215
-90
-0.0155387
-27
-0.0046616
52
0.0089779
-28
-0.00483425
45
0.00776934
-159
-0.0274517
-35
-0.00604282
90
0.0155387
59
0.0101865
-149
-0.0257251
22
0.00379834
175
0.0302141
-17
-0.00293508
-101
-0.0174378
27
0.0046616
8
0.00138122
30
0.00517956
2
0.000345304
-8
-0.00138122
-119
-0.0205456
-11
-0.00189917
99
0.0170925
43
0.00742403
32
0.00552486
-6
-0.00103591
-54
-0.0093232
88
0.0151934
113
0.0195097
-56
-0.00966851
4
0.000690608
-20
-0.00345304
194
0.0334945
47
0.00811464
222
0.0383287
58
0.0100138
-6
-0.00103591
-71
-0.0122583
78
0.0134669
88
0.0151934
47
0.00811464
32
0.00552486
15
0.00258978
-58
-0.0100138
-110
-0.0189917
85
0.0146754
146
0.0252072
25
0.0043163
63
0.0108771
-94
-0.0162293
115
0.019855
-7
-0.00120856
49
0.00845994
87
0.0150207
75
0.0129489
78
0.0134669
-15
-0.00258978
-36
-0.00621547
199
0.0343577
-28
-0.00483425
-55
-0.00949586
51
0.00880525
-63
-0.0108771
16
0.00276243
-160
-0.0276243
82
0.0141575
105
0.0181285
-64
-0.0110497
-15
-0.00258978
-19
-0.00328039
90
0.0155387
-56
-0.00966851
1
0.000172652
-38
-0.00656077
-69
-0.011913
91
0.0157113
94
0.0162293
-20
-0.00345304
40
0.00690608
24
0.00414365
105
0.0181285
-88
-0.0151934
-28
-0.00483425
-57
-0.00984116
73
0.0126036
-41
-0.00707873
-59
-0.0101865
-127
-0.0219268
-147
-0.0253798
-39
-0.00673343
-16
-0.00276243
62
0.0107044
137
0.0236533
-48
-0.00828729
-153
-0.0264157
-23
-0.00397099
-41
-0.00707873
30
0.00517956
-126
-0.0217541
9
0.00155387
109
0.0188191
38
0.00656077
-37
-0.00638812
54
0.0093232
3
0.000517956
-3
-0.000517956
-26
-0.00448895
28
0.00483425
-88
-0.0151934
-32
-0.00552486
-190
-0.0328039
-43
-0.00742403
92
0.015884
10
0.00172652
-29
-0.00500691
-64
-0.0110497
39
0.00673343
33
0.00569751
-126
-0.0217541
-44
-0.00759669
130
0.0224448
2
0.000345304
170
0.0293508
118
0.0203729
-35
-0.00604282
58
0.0100138
163
0.0281423
-65
-0.0112224
-7
-0.00120856
-31
-0.00535221
-62
-0.0107044
61
0.0105318
35
0.00604282
11
0.00189917
-153
-0.0264157
-88
-0.0151934
-12
-0.00207182
-51
-0.00880525
37
0.00638812
-116
-0.0200276
-45
-0.00776934
-42
-0.00725138
21
0.00362569
38
0.00656077
-102
-0.0176105
21
0.00362569
98
0.0169199
0
0
-50
-0.0086326
-47
-0.00811464
-31
-0.00535221
-114
-0.0196823
55
0.00949586
-87
-0.0150207
-101
-0.0174378
-55
-0.00949586
-38
-0.00656077
-17
-0.00293508
-41
-0.00707873
-183
-0.0315953
-86
-0.0148481
32
0.00552486
-14
-0.00241713
-116
-0.0200276
124
0.0214088
106
0.0183011
-95
-0.0164019
49
0.00845994
18
0.00310773
48
0.00828729
-188
-0.0324586
17
0.00293508
79
0.0136395
10
0.00172652
-55
-0.00949586
33
0.00569751
87
0.0150207
46
0.00794199
-180
-0.0310773
-34
-0.00587017
-15
-0.00258978
-10
-0.00172652
-121
-0.0208909
-34
-0.00587017
102
0.0176105
70
0.0120856
-82
-0.0141575
-14
-0.00241713
-58
-0.0100138
-24
-0.00414365
-24
-0.00414365
38
0.00656077
-91
-0.0157113
18
0.00310773
-129
-0.0222721
-2
-0.000345304
-78
-0.0134669
-70
-0.0120856
82
0.0141575
-65
-0.0112224
97
0.0167472
-8
-0.00138122
141
0.0243439
-70
-0.0120856
-79
-0.0136395
75
0.0129489
120
0.0207182
82
0.0141575
89
0.015366
-31
-0.00535221
0
0
43
0.00742403
84
0.0145028
-44
-0.00759669
-93
-0.0160566
75
0.0129489
3
0.000517956
210
0.0362569
-160
-0.0276243
-72
-0.0124309
72
0.0124309
-73
-0.0126036
101
0.0174378
147
0.0253798
15
0.00258978
-23
-0.00397099
-24
-0.00414365
-24
-0.00414365
-45
-0.00776934
-50
-0.0086326
-40
-0.00690608
41
0.00707873
51
0.00880525
-41
-0.00707873
-188
-0.0324586
-13
-0.00224448
19
0.00328039
33
0.00569751
31
0.00535221
2
0.000345304
-59
-0.0101865
-73
-0.0126036
127
0.0219268
-97
-0.0167472
76
0.0131215
-26
-0.00448895
135
0.023308
-118
-0.0203729
-64
-0.0110497
59
0.0101865
75
0.0129489
52
0.0089779
91
0.0157113
-29
-0.00500691
-47
-0.00811464
11
0.00189917
-49
-0.00845994
-67
-0.0115677
-93
-0.0160566
78
0.0134669
-13
-0.00224448
-51
-0.00880525
-16
-0.00276243
-43
-0.00742403
11
0.00189917
-18
-0.00310773
23
0.00397099
57
0.00984116
-114
-0.0196823
14
0.00241713
-33
-0.00569751
-11
-0.00189917
175
0.0302141
111
0.0191644
69
0.011913
-49
-0.00845994
80
0.0138122
-118
-0.0203729
41
0.00707873
23
0.00397099
22
0.00379834
69
0.011913
167
0.0288329
52
0.0089779
50
0.0086326
-158
-0.027279
337
0.0581837
17
0.00293508
-47
-0.00811464
34
0.00587017
-144
-0.0248619
-46
-0.00794199
84
0.0145028
-2
-0.000345304
87
0.0150207
28
0.00483425
-15
-0.00258978
56
0.00966851
174
0.0300414
-26
-0.00448895
-61
-0.0105318
115
0.019855
-15
-0.00258978
34
0.00587017
78
0.0134669
50
0.0086326
35
0.00604282
-30
-0.00517956
0
0
93
0.0160566
45
0.00776934
42
0.00725138
83
0.0143301
-29
-0.00500691
-172
-0.0296961
-168
-0.0290055
37
0.00638812
-86
-0.0148481
-36
-0.00621547
-27
-0.0046616
72
0.0124309
-9
-0.00155387
63
0.0108771
-25
-0.0043163
-45
-0.00776934
36
0.00621547
69
0.011913
-7
-0.00120856
21
0.00362569
46
0.00794199
-45
-0.00776934
75
0.0129489
-55
-0.00949586
-69
-0.011913
87
0.0150207
-36
-0.00621547
71
0.0122583
-5
-0.00086326
-83
-0.0143301
0
0
188
0.0324586
-98
-0.0169199
157
0.0271064
-18
-0.00310773
27
0.0046616
3
0.000517956
-86
-0.0148481
-37
-0.00638812
151
0.0260704
-47
-0.00811464
163
0.0281423
-52
-0.0089779
-112
-0.019337
23
0.00397099
-10
-0.00172652
58
0.0100138
-196
-0.0338398
-9
-0.00155387
-131
-0.0226174
-74
-0.0127762
-118
-0.0203729
-48
-0.00828729
89
0.015366
204
0.035221
6
0.00103591
115
0.019855
-77
-0.0132942
-2
-0.000345304
-29
-0.00500691
-116
-0.0200276
10
0.00172652
-4
-0.000690608
-18
-0.00310773
-29
-0.00500691
63
0.0108771
60
0.0103591
-18
-0.00310773
28
0.00483425
-9
-0.00155387
-28
-0.00483425
-17
-0.00293508
17
0.00293508
94
0.0162293
193
0.0333218
-42
-0.00725138
55
0.00949586
-33
-0.00569751
9
0.00155387
53
0.00915055
-15
-0.00258978
-66
-0.011395
-32
-0.00552486
1
0.000172652
-39
-0.00673343
-159
-0.0274517
65
0.0112224
31
0.00535221
16
0.00276243
13
0.00224448
-23
-0.00397099
75
0.0129489
40
0.00690608
-71
-0.0122583
-87
-0.0150207
217
0.0374655
25
0.0043163
17
0.00293508
-65
-0.0112224
-12
-0.00207182
-31
-0.00535221
-72
-0.0124309
-37
-0.00638812
-116
-0.0200276
-72
-0.0124309
-172
-0.0296961
110
0.0189917
2
0.000345304
-72
-0.0124309
190
0.0328039
-82
-0.0141575
22
0.00379834
51
0.00880525
0
0
54
0.0093232
-5
-0.00086326
55
0.00949586
-58
-0.0100138
22
0.00379834
59
0.0101865
-35
-0.00604282
-101
-0.0174378
-56
-0.00966851
-31
-0.00535221
67
0.0115677
124
0.0214088
73
0.0126036
-99
-0.0170925
80
0.0138122
99
0.0170925
-48
-0.00828729
-15
-0.00258978
-63
-0.0108771
-231
-0.0398826
62
0.0107044
-209
-0.0360843
45
0.00776934
92
0.015884
1
0.000172652
5
0.00086326
-14
-0.00241713
-15
-0.00258978
-75
-0.0129489
63
0.0108771
24
0.00414365
247
0.042645
-119
-0.0205456
26
0.00448895
45
0.00776934
20
0.00345304
-12
-0.00207182
18
0.00310773
0
0
-7
-0.00120856
-118
-0.0203729
-141
-0.0243439
33
0.00569751
66
0.011395
46
0.00794199
-52
-0.0089779
-151
-0.0260704
56
0.00966851
21
0.00362569
-15
-0.00258978
-60
-0.0103591
-15
-0.00258978
-61
-0.0105318
-312
-0.0538674
96
0.0165746
-114
-0.0196823
-107
-0.0184738
-169
-0.0291782
-25
-0.0043163
-43
-0.00742403
28
0.00483425
-84
-0.0145028
15
0.00258978
84
0.0145028
-50
-0.0086326
45
0.00776934
26
0.00448895
-104
-0.0179558
-86
-0.0148481
67
0.0115677
81
0.0139848
22
0.00379834
57
0.00984116
-97
-0.0167472
98
0.0169199
68
0.0117403
66
0.011395
-98
-0.0169199
-70
-0.0120856
166
0.0286602
165
0.0284876
85
0.0146754
155
0.026761
-61
-0.0105318
-52
-0.0089779
-43
-0.00742403
-52
-0.0089779
6
0.00103591
6
0.00103591
-52
-0.0089779
79
0.0136395
11
0.00189917
-56
-0.00966851
54
0.0093232
-30
-0.00517956
19
0.00328039
91
0.0157113
7
0.00120856
-37
-0.00638812
-39
-0.00673343
12
0.00207182
-54
-0.0093232
-53
-0.00915055
-82
-0.0141575
-29
-0.00500691
161
0.027797
-82
-0.0141575
99
0.0170925
-86
-0.0148481
8
0.00138122
-24
-0.00414365
-189
-0.0326312
-24
-0.00414365
-66
-0.011395
-25
-0.0043163
37
0.00638812
2
0.000345304
-333
-0.0574931
48
0.00828729
-7
-0.00120856
145
0.0250345
-37
-0.00638812
61
0.0105318
-191
-0.0329765
25
0.0043163
-62
-0.0107044
2
0.000345304
9
0.00155387
-49
-0.00845994
-88
-0.0151934
-145
-0.0250345
-15
-0.00258978
13
0.00224448
-66
-0.011395
47
0.00811464
-136
-0.0234807
-39
-0.00673343
-43
-0.00742403
7
0.00120856
20
0.00345304
37
0.00638812
-158
-0.027279
-23
-0.00397099
-104
-0.0179558
26
0.00448895
-46
-0.00794199
-119
-0.0205456
-7
-0.00120856
29
0.00500691
-136
-0.0234807
1
0.000172652
-34
-0.00587017
-63
-0.0108771
220
0.0379834
-75
-0.0129489
40
0.00690608
-114
-0.0196823
-42
-0.00725138
15
0.00258978
-99
-0.0170925
52
0.0089779
-39
-0.00673343
68
0.0117403
89
0.015366
-31
-0.00535221
52
0.0089779
121
0.0208909
83
0.0143301
-65
-0.0112224
79
0.0136395
118
0.0203729
-206
-0.0355663
10
0.00172652
253
0.0436809
26
0.00448895
-184
-0.031768
72
0.0124309
-49
-0.00845994
-128
-0.0220994
133
0.0229627
-65
-0.0112224
8
0.00138122
23
0.00397099
-46
-0.00794199
25
0.0043163
-56
-0.00966851
-22
-0.00379834
-175
-0.0302141
2
0.000345304
-130
-0.0224448
-7
-0.00120856
-75
-0.0129489
104
0.0179558
-35
-0.00604282
41
0.00707873
-268
-0.0462707
-142
-0.0245166
-49
-0.00845994
14
0.00241713
133
0.0229627
89
0.015366
45
0.00776934
70
0.0120856
-205
-0.0353936
156
0.0269337
-21
-0.00362569
93
0.0160566
109
0.0188191
109
0.0188191
-169
-0.0291782
127
0.0219268
-57
-0.00984116
-37
-0.00638812
-39
-0.00673343
114
0.0196823
34
0.00587017
-70
-0.0120856
-14
-0.00241713
77
0.0132942
55
0.00949586
-11
-0.00189917
-26
-0.00448895
63
0.0108771
67
0.0115677
-131
-0.0226174
49
0.00845994
15
0.00258978
-85
-0.0146754
-60
-0.0103591
-6
-0.00103591
31
0.00535221
22
0.00379834
-102
-0.0176105
48
0.00828729
44
0.00759669
129
0.0222721
33
0.00569751
3
0.000517956
63
0.0108771
-173
-0.0298688
-81
-0.0139848
100
0.0172652
14
0.00241713
43
0.00742403
92
0.015884
-26
-0.00448895
-63
-0.0108771
258
0.0445442
-27
-0.0046616
5
0.00086326
-22
-0.00379834
10
0.00172652
-21
-0.00362569
52
0.0089779
-74
-0.0127762
102
0.0176105
-98
-0.0169199
95
0.0164019
-2
-0.000345304
20
0.00345304
-73
-0.0126036
-28
-0.00483425
35
0.00604282
35
0.00604282
38
0.00656077
73
0.0126036
-42
-0.00725138
105
0.0181285
-175
-0.0302141
-112
-0.019337
23
0.00397099
-60
-0.0103591
-30
-0.00517956
-27
-0.0046616
43
0.00742403
50
0.0086326
-98
-0.0169199
46
0.00794199
63
0.0108771
39
0.00673343
-8
-0.00138122
41
0.00707873
-34
-0.00587017
164
0.0283149
87
0.0150207
59
0.0101865
-25
-0.0043163
-50
-0.0086326
12
0.00207182
-87
-0.0150207
5
0.00086326
4
0.000690608
-141
-0.0243439
194
0.0334945
16
0.00276243
54
0.0093232
30
0.00517956
84
0.0145028
-147
-0.0253798
-165
-0.0284876
-86
-0.0148481
141
0.0243439
-12
-0.00207182
13
0.00224448
43
0.00742403
-46
-0.00794199
-93
-0.0160566
-42
-0.00725138
-38
-0.00656077
-77
-0.0132942
-39
-0.00673343
-24
-0.00414365
104
0.0179558
31
0.00535221
-117
-0.0202003
119
0.0205456
117
0.0202003
-152
-0.0262431
-39
-0.00673343
-48
-0.00828729
64
0.0110497
-63
-0.0108771
-8
-0.00138122
-178
-0.030732
-14
-0.00241713
81
0.0139848
-12
-0.00207182
86
0.0148481
-59
-0.0101865
77
0.0132942
-63
-0.0108771
-71
-0.0122583
-63
-0.0108771
-4
-0.000690608
70
0.0120856
-141
-0.0243439
-9
-0.00155387
16
0.00276243
111
0.0191644
-74
-0.0127762
-1
-0.000172652
62
0.0107044
106
0.0183011
-162
-0.0279696
-36
-0.00621547
171
0.0295235
-65
-0.0112224
-179
-0.0309047
-42
-0.00725138
231
0.0398826
-99
-0.0170925
-42
-0.00725138
-106
-0.0183011
-12
-0.00207182
-18
-0.00310773
-96
-0.0165746
-22
-0.00379834
-70
-0.0120856
14
0.00241713
-26
-0.00448895
-93
-0.0160566
-5
-0.00086326
42
0.00725138
27
0.0046616
105
0.0181285
125
0.0215815
-19
-0.00328039
52
0.0089779
-9
-0.00155387
117
0.0202003
17
0.00293508
113
0.0195097
11
0.00189917
-51
-0.00880525
8
0.00138122
-170
-0.0293508
-26
-0.00448895
48
0.00828729
-46
-0.00794199
-51
-0.00880525
19
0.00328039
-25
-0.0043163
-18
-0.00310773
21
0.00362569
-40
-0.00690608
-87
-0.0150207
-149
-0.0257251
78
0.0134669
34
0.00587017
95
0.0164019
85
0.0146754
92
0.015884
-54
-0.0093232
-161
-0.027797
-76
-0.0131215
-41
-0.00707873
11
0.00189917
-100
-0.0172652
1
0.000172652
94
0.0162293
18
0.00310773
138
0.023826
-46
-0.00794199
48
0.00828729
-94
-0.0162293
91
0.0157113
81
0.0139848
-22
-0.00379834
-12
-0.00207182
87
0.0150207
66
0.011395
40
0.00690608
56
0.00966851
38
0.00656077
-137
-0.0236533
-25
-0.0043163
-160
-0.0276243
-27
-0.0046616
140
0.0241713
-96
-0.0165746
-12
-0.00207182
-26
-0.00448895
-57
-0.00984116
-177
-0.0305594
57
0.00984116
-60
-0.0103591
90
0.0155387
87
0.0150207
-124
-0.0214088
49
0.00845994
-11
-0.00189917
-33
-0.00569751
148
0.0255525
-25
-0.0043163
9
0.00155387
97
0.0167472
10
0.00172652
-189
-0.0326312
119
0.0205456
75
0.0129489
-24
-0.00414365
77
0.0132942
21
0.00362569
-2
-0.000345304
-23
-0.00397099
72
0.0124309
57
0.00984116
175
0.0302141
1
0.000172652
57
0.00984116
-109
-0.0188191
-65
-0.0112224
-3
-0.000517956
-11
-0.00189917
-27
-0.0046616
81
0.0139848
-26
-0.00448895
-131
-0.0226174
-65
-0.0112224
-130
-0.0224448
64
0.0110497
-115
-0.019855
48
0.00828729
82
0.0141575
75
0.0129489
-37
-0.00638812
11
0.00189917
82
0.0141575
-32
-0.00552486
-52
-0.0089779
-85
-0.0146754
150
0.0258978
85
0.0146754
-24
-0.00414365
38
0.00656077
-53
-0.00915055
-75
-0.0129489
-47
-0.00811464
11
0.00189917
77
0.0132942
44
0.00759669
31
0.00535221
40
0.00690608
-169
-0.0291782
-50
-0.0086326
46
0.00794199
-49
-0.00845994
98
0.0169199
-49
-0.00845994
-125
-0.0215815
-186
-0.0321133
220
0.0379834
28
0.00483425
-40
-0.00690608
44
0.00759669
163
0.0281423
53
0.00915055
-9
-0.00155387
-80
-0.0138122
2
0.000345304
23
0.00397099
69
0.011913
-27
-0.0046616
-160
-0.0276243
-66
-0.011395
-80
-0.0138122
-64
-0.0110497
-65
-0.0112224
-82
-0.0141575
-55
-0.00949586
3
0.000517956
-34
-0.00587017
-120
-0.0207182
48
0.00828729
14
0.00241713
2
0.000345304
64
0.0110497
-108
-0.0186464
-1
-0.000172652
215
0.0371202
-70
-0.0120856
-124
-0.0214088
-11
-0.00189917
-26
-0.00448895
39
0.00673343
139
0.0239986
-35
-0.00604282
-84
-0.0145028
6
0.00103591
19
0.00328039
-94
-0.0162293
-82
-0.0141575
60
0.0103591
-134
-0.0231354
-6
-0.00103591
74
0.0127762
-3
-0.000517956
-118
-0.0203729
-42
-0.00725138
-66
-0.011395
-8
-0.00138122
-34
-0.00587017
-94
-0.0162293
-131
-0.0226174
-43
-0.00742403
186
0.0321133
-18
-0.00310773
76
0.0131215
-6
-0.00103591
128
0.0220994
121
0.0208909
125
0.0215815
-52
-0.0089779
118
0.0203729
-24
-0.00414365
143
0.0246892
35
0.00604282
62
0.0107044
147
0.0253798
-117
-0.0202003
-88
-0.0151934
38
0.00656077
-6
-0.00103591
-116
-0.0200276
47
0.00811464
-97
-0.0167472
-64
-0.0110497
74
0.0127762
-24
-0.00414365
-58
-0.0100138
-40
-0.00690608
-49
-0.00845994
-26
-0.00448895
-71
-0.0122583
16
0.00276243
11
0.00189917
-47
-0.00811464
-36
-0.00621547
80
0.0138122
3
0.000517956
45
0.00776934
-244
-0.0421271
-98
-0.0169199
26
0.00448895
-32
-0.00552486
27
0.0046616
-81
-0.0139848
63
0.0108771
-17
-0.00293508
119
0.0205456
93
0.0160566
-40
-0.00690608
33
0.00569751
1
0.000172652
-51
-0.00880525
-221
-0.0381561
65
0.0112224
119
0.0205456
17
0.00293508
122
0.0210635
74
0.0127762
61
0.0105318
81
0.0139848
10
0.00172652
-67
-0.0115677
115
0.019855
-113
-0.0195097
150
0.0258978
-85
-0.0146754
172
0.0296961
4
0.000690608
79
0.0136395
139
0.0239986
-51
-0.00880525
19
0.00328039
47
0.00811464
-42
-0.00725138
62
0.0107044
10
0.00172652
23
0.00397099
-118
-0.0203729
51
0.00880525
131
0.0226174
169
0.0291782
57
0.00984116
32
0.00552486
61
0.0105318
15
0.00258978
-22
-0.00379834
-36
-0.00621547
98
0.0169199
-159
-0.0274517
50
0.0086326
98
0.0169199
-22
-0.00379834
24
0.00414365
5
0.00086326
-71
-0.0122583
-72
-0.0124309
104
0.0179558
35
0.00604282
97
0.0167472
-24
-0.00414365
97
0.0167472
22
0.00379834
-84
-0.0145028
53
0.00915055
15
0.00258978
33
0.00569751
23
0.00397099
-67
-0.0115677
17
0.00293508
-28
-0.00483425
-87
-0.0150207
-11
-0.00189917
12
0.00207182
81
0.0139848
145
0.0250345
88
0.0151934
58
0.0100138
23
0.00397099
105
0.0181285
60
0.0103591
-248
-0.0428177
108
0.0186464
-90
-0.0155387
-108
-0.0186464
-52
-0.0089779
35
0.00604282
58
0.0100138
-47
-0.00811464
-250
-0.043163
-150
-0.0258978
-74
-0.0127762
-14
-0.00241713
28
0.00483425
15
0.00258978
73
0.0126036
-137
-0.0236533
-24
-0.00414365
139
0.0239986
107
0.0184738
-5
-0.00086326
-13
-0.00224448
60
0.0103591
23
0.00397099
-58
-0.0100138
3
0.000517956
-61
-0.0105318
43
0.00742403
-19
-0.00328039
165
0.0284876
72
0.0124309
-79
-0.0136395
62
0.0107044
-46
-0.00794199
1
0.000172652
170
0.0293508
66
0.011395
25
0.0043163
-22
-0.00379834
62
0.0107044
8
0.00138122
34
0.00587017
70
0.0120856
97
0.0167472
58
0.0100138
-22
-0.00379834
-100
-0.0172652
-30
-0.00517956
36
0.00621547
-46
-0.00794199
22
0.00379834
-11
-0.00189917
33
0.00569751
0
0
-58
-0.0100138
-38
-0.00656077
-43
-0.00742403
-20
-0.00345304
-43
-0.00742403
184
0.031768
-22
-0.00379834
-57
-0.00984116
55
0.00949586
135
0.023308
15
0.00258978
32
0.00552486
85
0.0146754
-91
-0.0157113
24
0.00414365
-63
-0.0108771
200
0.0345304
-98
-0.0169199
86
0.0148481
-26
-0.00448895
51
0.00880525
-112
-0.019337
-25
-0.0043163
-157
-0.0271064
14
0.00241713
-216
-0.0372928
-43
-0.00742403
-172
-0.0296961
-25
-0.0043163
39
0.00673343
-102
-0.0176105
-27
-0.0046616
-15
-0.00258978
-192
-0.0331492
-17
-0.00293508
-8
-0.00138122
47
0.00811464
-58
-0.0100138
-35
-0.00604282
-95
-0.0164019
12
0.00207182
96
0.0165746
29
0.00500691
-32
-0.00552486
24
0.00414365
151
0.0260704
-23
-0.00397099
-9
-0.00155387
47
0.00811464
-7
-0.00120856
-102
-0.0176105
-103
-0.0177831
86
0.0148481
27
0.0046616
-13
-0.00224448
-147
-0.0253798
27
0.0046616
21
0.00362569
-1
-0.000172652
-24
-0.00414365
-81
-0.0139848
-72
-0.0124309
-59
-0.0101865
3
0.000517956
44
0.00759669
-75
-0.0129489
-100
-0.0172652
104
0.0179558
-3
-0.000517956
37
0.00638812
101
0.0174378
-63
-0.0108771
-134
-0.0231354
-73
-0.0126036
12
0.00207182
129
0.0222721
69
0.011913
-3
-0.000517956
-1
-0.000172652
-68
-0.0117403
128
0.0220994
-3
-0.000517956
-5
-0.00086326
-94
-0.0162293
-48
-0.00828729
-136
-0.0234807
71
0.0122583
44
0.00759669
-22
-0.00379834
-46
-0.00794199
-20
-0.00345304
-98
-0.0169199
49
0.00845994
188
0.0324586
4
0.000690608
-59
-0.0101865
35
0.00604282
-32
-0.00552486
61
0.0105318
-75
-0.0129489
-88
-0.0151934
86
0.0148481
9
0.00155387
7
0.00120856
8
0.00138122
125
0.0215815
-43
-0.00742403
144
0.0248619
-51
-0.00880525
-8
-0.00138122
-43
-0.00742403
20
0.00345304
-27
-0.0046616
-80
-0.0138122
86
0.0148481
-110
-0.0189917
-4
-0.000690608
90
0.0155387
138
0.023826
85
0.0146754
-10
-0.00172652
-172
-0.0296961
86
0.0148481
47
0.00811464
-63
-0.0108771
-41
-0.00707873
-33
-0.00569751
37
0.00638812
10
0.00172652
-82
-0.0141575
46
0.00794199
-120
-0.0207182
-161
-0.027797
20
0.00345304
0
0
-38
-0.00656077
75
0.0129489
102
0.0176105
54
0.0093232
-24
-0.00414365
38
0.00656077
-114
-0.0196823
48
0.00828729
28
0.00483425
10
0.00172652
-52
-0.0089779
-55
-0.00949586
-55
-0.00949586
-64
-0.0110497
51
0.00880525
-118
-0.0203729
64
0.0110497
-28
-0.00483425
-136
-0.0234807
-5
-0.00086326
-20
-0.00345304
12
0.00207182
30
0.00517956
-14
-0.00241713
13
0.00224448
-104
-0.0179558
-91
-0.0157113
-3
-0.000517956
58
0.0100138
-45
-0.00776934
116
0.0200276
-43
-0.00742403
-98
-0.0169199
22
0.00379834
-37
-0.00638812
69
0.011913
71
0.0122583
20
0.00345304
-20
-0.00345304
52
0.0089779
-50
-0.0086326
-46
-0.00794199
-95
-0.0164019
-63
-0.0108771
-83
-0.0143301
15
0.00258978
-105
-0.0181285
1
0.000172652
129
0.0222721
-6
-0.00103591
143
0.0246892
18
0.00310773
131
0.0226174
-54
-0.0093232
160
0.0276243
-39
-0.00673343
-5
-0.00086326
-69
-0.011913
-18
-0.00310773
-69
-0.011913
117
0.0202003
2
0.000345304
171
0.0295235
-84
-0.0145028
94
0.0162293
-2
-0.000345304
-139
-0.0239986
43
0.00742403
-179
-0.0309047
32
0.00552486
52
0.0089779
127
0.0219268
-84
-0.0145028
25
0.0043163
-14
-0.00241713
-105
-0.0181285
42
0.00725138
-19
-0.00328039
-59
-0.0101865
-33
-0.00569751
-7
-0.00120856
-2
-0.000345304
13
0.00224448
55
0.00949586
-57
-0.00984116
-33
-0.00569751
-21
-0.00362569
54
0.0093232
-175
-0.0302141
70
0.0120856
-92
-0.015884
62
0.0107044
-79
-0.0136395
23
0.00397099
-102
-0.0176105
69
0.011913
214
0.0369475
102
0.0176105
-158
-0.027279
27
0.0046616
44
0.00759669
-50
-0.0086326
-66
-0.011395
-112
-0.019337
-12
-0.00207182
11
0.00189917
80
0.0138122
-42
-0.00725138
-21
-0.00362569
-20
-0.00345304
-50
-0.0086326
32
0.00552486
22
0.00379834
4
0.000690608
-103
-0.0177831
73
0.0126036
-43
-0.00742403
-74
-0.0127762
10
0.00172652
42
0.00725138
138
0.023826
45
0.00776934
58
0.0100138
5
0.00086326
70
0.0120856
-71
-0.0122583
-48
-0.00828729
-60
-0.0103591
-93
-0.0160566
50
0.0086326
109
0.0188191
47
0.00811464
-81
-0.0139848
-49
-0.00845994
125
0.0215815
-29
-0.00500691
100
0.0172652
-1
-0.000172652
-25
-0.0043163
9
0.00155387
44
0.00759669
36
0.00621547
-93
-0.0160566
-47
-0.00811464
60
0.0103591
59
0.0101865
-61
-0.0105318
35
0.00604282
-157
-0.0271064
-11
-0.00189917
-77
-0.0132942
31
0.00535221
-1
-0.000172652
-50
-0.0086326
131
0.0226174
-14
-0.00241713
164
0.0283149
-35
-0.00604282
184
0.031768
8
0.00138122
-56
-0.00966851
5
0.00086326
92
0.015884
-24
-0.00414365
-77
-0.0132942
12
0.00207182
-30
-0.00517956
16
0.00276243
-137
-0.0236533
43
0.00742403
-26
-0.00448895
101
0.0174378
-155
-0.026761
-25
-0.0043163
-96
-0.0165746
84
0.0145028
-108
-0.0186464
107
0.0184738
73
0.0126036
-78
-0.0134669
-68
-0.0117403
-48
-0.00828729
4
0.000690608
-15
-0.00258978
137
0.0236533
19
0.00328039
1
0.000172652
7
0.00120856
108
0.0186464
24
0.00414365
33
0.00569751
-10
-0.00172652
72
0.0124309
87
0.0150207
34
0.00587017
32
0.00552486
-191
-0.0329765
-19
-0.00328039
11
0.00189917
137
0.0236533
57
0.00984116
-21
-0.00362569
-200
-0.0345304
-9
-0.00155387
-50
-0.0086326
-88
-0.0151934
-111
-0.0191644
144
0.0248619
23
0.00397099
-15
-0.00258978
31
0.00535221
-75
-0.0129489
-6
-0.00103591
38
0.00656077
22
0.00379834
-102
-0.0176105
17
0.00293508
140
0.0241713
-127
-0.0219268
118
0.0203729
-23
-0.00397099
-69
-0.011913
120
0.0207182
13
0.00224448
172
0.0296961
-127
-0.0219268
-6
-0.00103591
107
0.0184738
26
0.00448895
54
0.0093232
-35
-0.00604282
72
0.0124309
-68
-0.0117403
8
0.00138122
49
0.00845994
-15
-0.00258978
1
0.000172652
-29
-0.00500691
198
0.0341851
-174
-0.0300414
23
0.00397099
-120
-0.0207182
-190
-0.0328039
-60
-0.0103591
4
0.000690608
-30
-0.00517956
43
0.00742403
-59
-0.0101865
-81
-0.0139848
132
0.0227901
50
0.0086326
74
0.0127762
0
0
-15
-0.00258978
15
0.00258978
55
0.00949586
-57
-0.00984116
-37
-0.00638812
-41
-0.00707873
-26
-0.00448895
-18
-0.00310773
29
0.00500691
-48
-0.00828729
-82
-0.0141575
241
0.0416091
-122
-0.0210635
52
0.0089779
-16
-0.00276243
-127
-0.0219268
-66
-0.011395
-35
-0.00604282
-1
-0.000172652
-9
-0.00155387
-52
-0.0089779
-90
-0.0155387
97
0.0167472
138
0.023826
-9
-0.00155387
-130
-0.0224448
-86
-0.0148481
-97
-0.0167472
-38
-0.00656077
163
0.0281423
-64
-0.0110497
149
0.0257251
-78
-0.0134669
-72
-0.0124309
-1
-0.000172652
103
0.0177831
31
0.00535221
116
0.0200276
-41
-0.00707873
-154
-0.0265884
77
0.0132942
-75
-0.0129489
-178
-0.030732
-86
-0.0148481
-124
-0.0214088
24
0.00414365
-203
-0.0350483
75
0.0129489
-12
-0.00207182
-23
-0.00397099
-5
-0.00086326
-137
-0.0236533
-30
-0.00517956
-19
-0.00328039
-81
-0.0139848
-6
-0.00103591
-176
-0.0303867
83
0.0143301
-8
-0.00138122
-46
-0.00794199
132
0.0227901
110
0.0189917
-28
-0.00483425
3
0.000517956
20
0.00345304
36
0.00621547
68
0.0117403
129
0.0222721
-11
-0.00189917
89
0.015366
98
0.0169199
149
0.0257251
-34
-0.00587017
45
0.00776934
16
0.00276243
-59
-0.0101865
-66
-0.011395
43
0.00742403
16
0.00276243
24
0.00414365
-76
-0.0131215
2
0.000345304
-42
-0.00725138
157
0.0271064
-130
-0.0224448
322
0.0555939
-25
-0.0043163
-71
-0.0122583
-81
-0.0139848
129
0.0222721
31
0.00535221
-76
-0.0131215
25
0.0043163
-74
-0.0127762
-3
-0.000517956
-60
-0.0103591
-146
-0.0252072
19
0.00328039
-48
-0.00828729
-30
-0.00517956
-119
-0.0205456
-29
-0.00500691
36
0.00621547
57
0.00984116
66
0.011395
91
0.0157113
-14
-0.00241713
-62
-0.0107044
-33
-0.00569751
11
0.00189917
-59
-0.0101865
-11
-0.00189917
-60
-0.0103591
66
0.011395
-21
-0.00362569
106
0.0183011
-63
-0.0108771
161
0.027797
-17
-0.00293508
-209
-0.0360843
95
0.0164019
-10
-0.00172652
29
0.00500691
108
0.0186464
-90
-0.0155387
0
0
33
0.00569751
179
0.0309047
66
0.011395
-55
-0.00949586
-2
-0.000345304
17
0.00293508
4
0.000690608
-86
-0.0148481
23
0.00397099
9
0.00155387
48
0.00828729
-9
-0.00155387
-56
-0.00966851
16
0.00276243
-12
-0.00207182
82
0.0141575
-7
-0.00120856
-67
-0.0115677
58
0.0100138
75
0.0129489
108
0.0186464
-106
-0.0183011
-52
-0.0089779
-200
-0.0345304
31
0.00535221
73
0.0126036
107
0.0184738
-62
-0.0107044
50
0.0086326
31
0.00535221
-27
-0.0046616
110
0.0189917
23
0.00397099
-4
-0.000690608
131
0.0226174
45
0.00776934
110
0.0189917
154
0.0265884
115
0.019855
-37
-0.00638812
-122
-0.0210635
-46
-0.00794199
-33
-0.00569751
-49
-0.00845994
74
0.0127762
140
0.0241713
-72
-0.0124309
27
0.0046616
-32
-0.00552486
45
0.00776934
-43
-0.00742403
-38
-0.00656077
-168
-0.0290055
-105
-0.0181285
-26
-0.00448895
-16
-0.00276243
50
0.0086326
13
0.00224448
-34
-0.00587017
-138
-0.023826
52
0.0089779
30
0.00517956
-70
-0.0120856
-173
-0.0298688
-11
-0.00189917
-166
-0.0286602
182
0.0314227
-110
-0.0189917
2
0.000345304
11
0.00189917
-26
-0.00448895
-13
-0.00224448
9
0.00155387
79
0.0136395
-42
-0.00725138
47
0.00811464
-41
-0.00707873
-32
-0.00552486
-73
-0.0126036
33
0.00569751
-14
-0.00241713
-12
-0.00207182
-96
-0.0165746
-17
-0.00293508
-44
-0.00759669
99
0.0170925
135
0.023308
-13
-0.00224448
98
0.0169199
126
0.0217541
9
0.00155387
50
0.0086326
-7
-0.00120856
202
0.0348757
35
0.00604282
44
0.00759669
-79
-0.0136395
-58
-0.0100138
-135
-0.023308
-120
-0.0207182
-23
-0.00397099
-80
-0.0138122
25
0.0043163
-78
-0.0134669
33
0.00569751
59
0.0101865
-77
-0.0132942
28
0.00483425
25
0.0043163
88
0.0151934
-16
-0.00276243
-26
-0.00448895
177
0.0305594
-101
-0.0174378
22
0.00379834
-23
-0.00397099
64
0.0110497
93
0.0160566
-1
-0.000172652
27
0.0046616
-135
-0.023308
8
0.00138122
68
0.0117403
87
0.0150207
-23
-0.00397099
33
0.00569751
115
0.019855
0
0
97
0.0167472
-39
-0.00673343
119
0.0205456
4
0.000690608
31
0.00535221
0
0
-156
-0.0269337
-69
-0.011913
-11
-0.00189917
17
0.00293508
122
0.0210635
-42
-0.00725138
153
0.0264157
68
0.0117403
143
0.0246892
-34
-0.00587017
47
0.00811464
36
0.00621547
25
0.0043163
92
0.015884
-32
-0.00552486
-11
-0.00189917
0
0
-85
-0.0146754
6
0.00103591
-120
-0.0207182
-11
-0.00189917
-11
-0.00189917
38
0.00656077
-37
-0.00638812
18
0.00310773
-23
-0.00397099
-66
-0.011395
-229
-0.0395373
13
0.00224448
-7
-0.00120856
-45
-0.00776934
-114
-0.0196823
-58
-0.0100138
-107
-0.0184738
43
0.00742403
121
0.0208909
23
0.00397099
-4
-0.000690608
43
0.00742403
74
0.0127762
99
0.0170925
86
0.0148481
129
0.0222721
109
0.0188191
-110
-0.0189917
-54
-0.0093232
43
0.00742403
115
0.019855
44
0.00759669
-98
-0.0169199
10
0.00172652
-31
-0.00535221
9
0.00155387
-193
-0.0333218
-63
-0.0108771
37
0.00638812
-24
-0.00414365
144
0.0248619
-79
-0.0136395
-104
-0.0179558
-47
-0.00811464
-15
-0.00258978
-15
-0.00258978
90
0.0155387
-38
-0.00656077
71
0.0122583
44
0.00759669
107
0.0184738
-75
-0.0129489
105
0.0181285
32
0.00552486
-143
-0.0246892
91
0.0157113
-11
-0.00189917
-48
-0.00828729
-130
-0.0224448
15
0.00258978
91
0.0157113
-5
-0.00086326
205
0.0353936
-28
-0.00483425
-15
-0.00258978
39
0.00673343
188
0.0324586
-41
-0.00707873
-8
-0.00138122
45
0.00776934
-10
-0.00172652
122
0.0210635
-14
-0.00241713
-80
-0.0138122
-14
-0.00241713
-33
-0.00569751
-17
-0.00293508
3
0.000517956
65
0.0112224
-63
-0.0108771
-62
-0.0107044
2
0.000345304
46
0.00794199
43
0.00742403
-99
-0.0170925
13
0.00224448
-82
-0.0141575
9
0.00155387
-5
-0.00086326
9
0.00155387
-60
-0.0103591
61
0.0105318
6
0.00103591
-159
-0.0274517
162
0.0279696
73
0.0126036
125
0.0215815
-6
-0.00103591
32
0.00552486
-30
-0.00517956
70
0.0120856
162
0.0279696
33
0.00569751
-42
-0.00725138
-142
-0.0245166
-89
-0.015366
-3
-0.000517956
-20
-0.00345304
-173
-0.0298688
-131
-0.0226174
-69
-0.011913
96
0.0165746
-36
-0.00621547
20
0.00345304
-19
-0.00328039
-123
-0.0212362
82
0.0141575
126
0.0217541
46
0.00794199
19
0.00328039
11
0.00189917
17
0.00293508
-79
-0.0136395
-20
-0.00345304
-102
-0.0176105
92
0.015884
-149
-0.0257251
-143
-0.0246892
-27
-0.0046616
56
0.00966851
-106
-0.0183011
56
0.00966851
73
0.0126036
12
0.00207182
98
0.0169199
35
0.00604282
79
0.0136395
-31
-0.00535221
-13
-0.00224448
83
0.0143301
21
0.00362569
121
0.0208909
-42
-0.00725138
-22
-0.00379834
-34
-0.00587017
48
0.00828729
-49
-0.00845994
171
0.0295235
-148
-0.0255525
13
0.00224448
-62
-0.0107044
61
0.0105318
-42
-0.00725138
-51
-0.00880525
-24
-0.00414365
-31
-0.00535221
-137
-0.0236533
10
0.00172652
-20
-0.00345304
-25
-0.0043163
-119
-0.0205456
-24
-0.00414365
-49
-0.00845994
19
0.00328039
-139
-0.0239986
-111
-0.0191644
-34
-0.00587017
57
0.00984116
77
0.0132942
-49
-0.00845994
-30
-0.00517956
-40
-0.00690608
63
0.0108771
44
0.00759669
-151
-0.0260704
-52
-0.0089779
-35
-0.00604282
22
0.00379834
-17
-0.00293508
-73
-0.0126036
-55
-0.00949586
19
0.00328039
123
0.0212362
23
0.00397099
-69
-0.011913
66
0.011395
0
0
-30
-0.00517956
34
0.00587017
72
0.0124309
-7
-0.00120856
-1
-0.000172652
88
0.0151934
166
0.0286602
-34
-0.00587017
-64
-0.0110497
-22
-0.00379834
-30
-0.00517956
23
0.00397099
48
0.00828729
131
0.0226174
-53
-0.00915055
-157
-0.0271064
-79
-0.0136395
-119
-0.0205456
25
0.0043163
88
0.0151934
27
0.0046616
114
0.0196823
48
0.00828729
109
0.0188191
110
0.0189917
125
0.0215815
53
0.00915055
19
0.00328039
-1
-0.000172652
-101
-0.0174378
-120
-0.0207182
-155
-0.026761
-112
-0.019337
124
0.0214088
64
0.0110497
-62
-0.0107044
-87
-0.0150207
-24
-0.00414365
-59
-0.0101865
35
0.00604282
44
0.00759669
76
0.0131215
57
0.00984116
-66
-0.011395
-81
-0.0139848
-153
-0.0264157
-102
-0.0176105
-62
-0.0107044
20
0.00345304
-55
-0.00949586
71
0.0122583
-6
-0.00103591
-27
-0.0046616
37
0.00638812
8
0.00138122
-5
-0.00086326
109
0.0188191
-36
-0.00621547
-138
-0.023826
-23
-0.00397099
82
0.0141575
1
0.000172652
-15
-0.00258978
-43
-0.00742403
-11
-0.00189917
-32
-0.00552486
8
0.00138122
38
0.00656077
-77
-0.0132942
45
0.00776934
-117
-0.0202003
76
0.0131215
32
0.00552486
-99
-0.0170925
-44
-0.00759669
-115
-0.019855
-73
-0.0126036
85
0.0146754
-2
-0.000345304
96
0.0165746
-20
-0.00345304
135
0.023308
27
0.0046616
-57
-0.00984116
1
0.000172652
50
0.0086326
-26
-0.00448895
-22
-0.00379834
-118
-0.0203729
-28
-0.00483425
44
0.00759669
63
0.0108771
52
0.0089779
-54
-0.0093232
-66
-0.011395
41
0.00707873
59
0.0101865
123
0.0212362
-77
-0.0132942
-21
-0.00362569
-70
-0.0120856
-80
-0.0138122
63
0.0108771
6
0.00103591
-38
-0.00656077
-78
-0.0134669
-37
-0.00638812
44
0.00759669
23
0.00397099
17
0.00293508
-140
-0.0241713
164
0.0283149
-32
-0.00552486
-151
-0.0260704
7
0.00120856
-25
-0.0043163
54
0.0093232
-80
-0.0138122
33
0.00569751
104
0.0179558
-23
-0.00397099
33
0.00569751
74
0.0127762
17
0.00293508
-142
-0.0245166
-38
-0.00656077
63
0.0108771
-137
-0.0236533
22
0.00379834
19
0.00328039
48
0.00828729
-32
-0.00552486
40
0.00690608
-20
-0.00345304
24
0.00414365
11
0.00189917
45
0.00776934
44
0.00759669
-97
-0.0167472
-40
-0.00690608
-1
-0.000172652
57
0.00984116
-51
-0.00880525
27
0.0046616
-36
-0.00621547
-118
-0.0203729
36
0.00621547
228
0.0393646
-90
-0.0155387
-117
-0.0202003
30
0.00517956
103
0.0177831
53
0.00915055
64
0.0110497
-70
-0.0120856
61
0.0105318
6
0.00103591
96
0.0165746
-23
-0.00397099
57
0.00984116
-2
-0.000345304
-61
-0.0105318
-78
-0.0134669
-38
-0.00656077
-62
-0.0107044
-189
-0.0326312
15
0.00258978
105
0.0181285
36
0.00621547
48
0.00828729
49
0.00845994
-135
-0.023308
-62
-0.0107044
-74
-0.0127762
-25
-0.0043163
2
0.000345304
19
0.00328039
66
0.011395
3
0.000517956
110
0.0189917
-85
-0.0146754
105
0.0181285
-102
-0.0176105
-212
-0.0366022
107
0.0184738
-148
-0.0255525
5
0.00086326
-46
-0.00794199
-9
-0.00155387
-17
-0.00293508
8
0.00138122
-22
-0.00379834
-69
-0.011913
-30
-0.00517956
3
0.000517956
84
0.0145028
-80
-0.0138122
-52
-0.0089779
-81
-0.0139848
75
0.0129489
57
0.00984116
-9
-0.00155387
-97
-0.0167472
-107
-0.0184738
17
0.00293508
219
0.0378108
-34
-0.00587017
-145
-0.0250345
-48
-0.00828729
72
0.0124309
68
0.0117403
-20
-0.00345304
82
0.0141575
-26
-0.00448895
-56
-0.00966851
130
0.0224448
-32
-0.00552486
35
0.00604282
-25
-0.0043163
112
0.019337
-20
-0.00345304
-117
-0.0202003
19
0.00328039
100
0.0172652
53
0.00915055
130
0.0224448
55
0.00949586
115
0.019855
62
0.0107044
199
0.0343577
195
0.0336671
148
0.0255525
-76
-0.0131215
-56
-0.00966851
-27
-0.0046616
-36
-0.00621547
18
0.00310773
186
0.0321133
-136
-0.0234807
-11
-0.00189917
48
0.00828729
-154
-0.0265884
13
0.00224448
54
0.0093232
-55
-0.00949586
-98
-0.0169199
-84
-0.0145028
51
0.00880525
-91
-0.0157113
-49
-0.00845994
85
0.0146754
-27
-0.0046616
81
0.0139848
-41
-0.00707873
33
0.00569751
-237
-0.0409185
41
0.00707873
-127
-0.0219268
22
0.00379834
-32
-0.00552486
-33
-0.00569751
-146
-0.0252072
-70
-0.0120856
93
0.0160566
24
0.00414365
-90
-0.0155387
-12
-0.00207182
43
0.00742403
34
0.00587017
-89
-0.015366
-12
-0.00207182
-38
-0.00656077
-41
-0.00707873
-23
-0.00397099
-14
-0.00241713
-65
-0.0112224
-166
-0.0286602
-145
-0.0250345
-37
-0.00638812
58
0.0100138
60
0.0103591
69
0.011913
-15
-0.00258978
13
0.00224448
-42
-0.00725138
34
0.00587017
-100
-0.0172652
90
0.0155387
-35
-0.00604282
-37
-0.00638812
-27
-0.0046616
170
0.0293508
113
0.0195097
27
0.0046616
-17
-0.00293508
131
0.0226174
-50
-0.0086326
15
0.00258978
-15
-0.00258978
26
0.00448895
98
0.0169199
95
0.0164019
-4
-0.000690608
-211
-0.0364296
37
0.00638812
-52
-0.0089779
31
0.00535221
-97
-0.0167472
-87
-0.0150207
-34
-0.00587017
90
0.0155387
-87
-0.0150207
-79
-0.0136395
21
0.00362569
35
0.00604282
78
0.0134669
-37
-0.00638812
-55
-0.00949586
-32
-0.00552486
25
0.0043163
-56
-0.00966851
95
0.0164019
112
0.019337
-85
-0.0146754
37
0.00638812
21
0.00362569
-45
-0.00776934
-53
-0.00915055
-15
-0.00258978
145
0.0250345
45
0.00776934
94
0.0162293
-11
-0.00189917
-29
-0.00500691
80
0.0138122
-107
-0.0184738
-89
-0.015366
-209
-0.0360843
97
0.0167472
52
0.0089779
-21
-0.00362569
13
0.00224448
92
0.015884
24
0.00414365
-2
-0.000345304
238
0.0410912
55
0.00949586
21
0.00362569
-68
-0.0117403
1
0.000172652
-50
-0.0086326
104
0.0179558
-43
-0.00742403
-80
-0.0138122
-95
-0.0164019
200
0.0345304
25
0.0043163
95
0.0164019
-98
-0.0169199
-25
-0.0043163
-20
-0.00345304
48
0.00828729
15
0.00258978
-125
-0.0215815
9
0.00155387
166
0.0286602
-49
-0.00845994
-37
-0.00638812
-53
-0.00915055
-124
-0.0214088
-85
-0.0146754
-29
-0.00500691
-64
-0.0110497
53
0.00915055
-31
-0.00535221
-47
-0.00811464
-11
-0.00189917
-50
-0.0086326
14
0.00241713
-53
-0.00915055
-105
-0.0181285
-79
-0.0136395
-42
-0.00725138
-19
-0.00328039
-20
-0.00345304
-260
-0.0448895
-114
-0.0196823
54
0.0093232
-30
-0.00517956
16
0.00276243
31
0.00535221
-24
-0.00414365
10
0.00172652
-54
-0.0093232
62
0.0107044
106
0.0183011
-3
-0.000517956
-96
-0.0165746
80
0.0138122
240
0.0414365
114
0.0196823
-6
-0.00103591
63
0.0108771
-171
-0.0295235
101
0.0174378
-2
-0.000345304
48
0.00828729
-65
-0.0112224
78
0.0134669
-16
-0.00276243
-64
-0.0110497
193
0.0333218
25
0.0043163
0
0
-42
-0.00725138
2
0.000345304
-37
-0.00638812
1
0.000172652
-75
-0.0129489
-95
-0.0164019
80
0.0138122
-38
-0.00656077
25
0.0043163
30
0.00517956
84
0.0145028
24
0.00414365
72
0.0124309
-174
-0.0300414
37
0.00638812
-42
-0.00725138
-175
-0.0302141
9
0.00155387
54
0.0093232
100
0.0172652
-1
-0.000172652
65
0.0112224
69
0.011913
116
0.0200276
61
0.0105318
-37
-0.00638812
-104
-0.0179558
-73
-0.0126036
-43
-0.00742403
84
0.0145028
-101
-0.0174378
-95
-0.0164019
4
0.000690608
19
0.00328039
18
0.00310773
-84
-0.0145028
113
0.0195097
38
0.00656077
151
0.0260704
226
0.0390193
-26
-0.00448895
36
0.00621547
-60
-0.0103591
2
0.000345304
93
0.0160566
-8
-0.00138122
-43
-0.00742403
-44
-0.00759669
-26
-0.00448895
6
0.00103591
14
0.00241713
41
0.00707873
63
0.0108771
-38
-0.00656077
-4
-0.000690608
7
0.00120856
27
0.0046616
23
0.00397099
84
0.0145028
-46
-0.00794199
53
0.00915055
190
0.0328039
32
0.00552486
80
0.0138122
148
0.0255525
54
0.0093232
67
0.0115677
-32
-0.00552486
1
0.000172652
68
0.0117403
8
0.00138122
-191
-0.0329765
-49
-0.00845994
23
0.00397099
36
0.00621547
4
0.000690608
44
0.00759669
0
0
-9
-0.00155387
137
0.0236533
124
0.0214088
65
0.0112224
77
0.0132942
-9
-0.00155387
-28
-0.00483425
-10
-0.00172652
-38
-0.00656077
16
0.00276243
-18
-0.00310773
137
0.0236533
-56
-0.00966851
0
0
-141
-0.0243439
-30
-0.00517956
78
0.0134669
146
0.0252072
97
0.0167472
-47
-0.00811464
-115
-0.019855
-49
-0.00845994
27
0.0046616
-172
-0.0296961
-18
-0.00310773
-148
-0.0255525
-25
-0.0043163
33
0.00569751
166
0.0286602
178
0.030732
42
0.00725138
-147
-0.0253798
-20
-0.00345304
-91
-0.0157113
-53
-0.00915055
30
0.00517956
26
0.00448895
-129
-0.0222721
46
0.00794199
-33
-0.00569751
-57
-0.00984116
-63
-0.0108771
-94
-0.0162293
-190
-0.0328039
87
0.0150207
33
0.00569751
-14
-0.00241713
83
0.0143301
19
0.00328039
71
0.0122583
-21
-0.00362569
-25
-0.0043163
-44
-0.00759669
44
0.00759669
-66
-0.011395
-133
-0.0229627
-56
-0.00966851
74
0.0127762
-110
-0.0189917
107
0.0184738
92
0.015884
-72
-0.0124309
92
0.015884
-6
-0.00103591
81
0.0139848
-117
-0.0202003
-21
-0.00362569
111
0.0191644
107
0.0184738
-133
-0.0229627
-74
-0.0127762
6
0.00103591
-7
-0.00120856
-63
-0.0108771
-32
-0.00552486
-29
-0.00500691
22
0.00379834
-38
-0.00656077
-15
-0.00258978
35
0.00604282
22
0.00379834
5
0.00086326
109
0.0188191
47
0.00811464
5
0.00086326
-93
-0.0160566
-137
-0.0236533
-1
-0.000172652
-69
-0.011913
27
0.0046616
36
0.00621547
45
0.00776934
98
0.0169199
38
0.00656077
-48
-0.00828729
87
0.0150207
-19
-0.00328039
18
0.00310773
-67
-0.0115677
-84
-0.0145028
-147
-0.0253798
44
0.00759669
15
0.00258978
40
0.00690608
-107
-0.0184738
-5
-0.00086326
27
0.0046616
-68
-0.0117403
44
0.00759669
-129
-0.0222721
-22
-0.00379834
-239
-0.0412638
-47
-0.00811464
24
0.00414365
-163
-0.0281423
-93
-0.0160566
9
0.00155387
77
0.0132942
-41
-0.00707873
-56
-0.00966851
56
0.00966851
-43
-0.00742403
19
0.00328039
-69
-0.011913
86
0.0148481
-56
-0.00966851
-61
-0.0105318
-30
-0.00517956
84
0.0145028
23
0.00397099
100
0.0172652
-59
-0.0101865
-71
-0.0122583
188
0.0324586
-7
-0.00120856
-41
-0.00707873
1
0.000172652
-28
-0.00483425
-37
-0.00638812
28
0.00483425
-15
-0.00258978
24
0.00414365
32
0.00552486
-67
-0.0115677
-85
-0.0146754
-96
-0.0165746
-48
-0.00828729
-170
-0.0293508
-52
-0.0089779
197
0.0340124
-10
-0.00172652
-109
-0.0188191
46
0.00794199
155
0.026761
-6
-0.00103591
129
0.0222721
58
0.0100138
21
0.00362569
-236
-0.0407459
-97
-0.0167472
60
0.0103591
-43
-0.00742403
-32
-0.00552486
148
0.0255525
88
0.0151934
49
0.00845994
-70
-0.0120856
28
0.00483425
83
0.0143301
