42
0.0145028
-62
-0.0214088
-60
-0.0207182
-25
-0.0086326
-76
-0.0262431
-6
-0.00207182
22
0.00759669
13
0.00448895
135
0.046616
10
0.00345304
-43
-0.0148481
-3
-0.00103591
-41
-0.0141575
-22
-0.00759669
33
0.011395
10
0.00345304
70
0.0241713
25
0.0086326
-53
-0.0183011
-23
-0.00794199
113
0.0390193
23
0.00794199
2
0.000690608
31
0.0107044
35
0.0120856
-26
-0.0089779
66
0.0227901
-53
-0.0183011
98
0.0338398
23
0.00794199
86
0.0296961
17
0.00587017
-64
-0.0220994
-27
-0.0093232
-50
-0.0172652
-14
-0.00483425
-65
-0.0224448
-35
-0.0120856
26
0.0089779
-7
-0.00241713
-5
-0.00172652
-79
-0.027279
-36
-0.0124309
-21
-0.00725138
47
0.0162293
-33
-0.011395
40
0.0138122
-26
-0.0089779
-49
-0.0169199
-85
-0.0293508
-17
-0.00587017
-52
-0.0179558
-52
-0.0179558
39
0.0134669
27
0.0093232
42
0.0145028
68
0.0234807
-43
-0.0148481
22
0.00759669
39
0.0134669
-71
-0.0245166
77
0.0265884
94
0.0324586
42
0.0145028
-53
-0.0183011
37
0.0127762
-37
-0.0127762
-47
-0.0162293
163
0.0562845
29
0.0100138
-64
-0.0220994
-49
-0.0169199
26
0.0089779
-38
-0.0131215
-59
-0.0203729
-14
-0.00483425
-13
-0.00448895
48
0.0165746
-115
-0.0397099
60
0.0207182
-66
-0.0227901
-46
-0.015884
-6
-0.00207182
-14
-0.00483425
33
0.011395
-51
-0.0176105
-21
-0.00725138
22
0.00759669
-72
-0.0248619
26
0.0089779
-33
-0.011395
-52
-0.0179558
50
0.0172652
66
0.0227901
3
0.00103591
-11
-0.00379834
92
0.031768
-50
-0.0172652
25
0.0086326
0
0
49
0.0169199
56
0.019337
26
0.0089779
33
0.011395
-24
-0.00828729
6
0.00207182
33
0.011395
-18
-0.00621547
54
0.0186464
-16
-0.00552486
44
0.0151934
-21
-0.00725138
27
0.0093232
40
0.0138122
74
0.0255525
15
0.00517956
-42
-0.0145028
119
0.0410912
101
0.0348757
50
0.0172652
118
0.0407459
-15
-0.00517956
-54
-0.0186464
31
0.0107044
-24
-0.00828729
-14
-0.00483425
34
0.0117403
-53
-0.0183011
105
0.0362569
-22
-0.00759669
92
0.031768
20
0.00690608
16
0.00552486
25
0.0086326
-39
-0.0134669
17
0.00587017
33
0.011395
-65
-0.0224448
53
0.0183011
6
0.00207182
-5
-0.00172652
8
0.00276243
-17
-0.00587017
17
0.00587017
9
0.00310773
32
0.0110497
-2
-0.000690608
-30
-0.0103591
-67
-0.0231354
-6
-0.00207182
-35
-0.0120856
15
0.00517956
1
0.000345304
27
0.0093232
-22
-0.00759669
42
0.0145028
77
0.0265884
-32
-0.0110497
38
0.0131215
-21
-0.00725138
-45
-0.0155387
-19
-0.00656077
103
0.0355663
11
0.00379834
111
0.0383287
-26
-0.0089779
-12
-0.00414365
57
0.0196823
62
0.0214088
-32
-0.0110497
43
0.0148481
35
0.0120856
8
0.00276243
-39
-0.0134669
17
0.00587017
36
0.0124309
-25
-0.0086326
-71
-0.0245166
-2
-0.000690608
124
0.0428177
15
0.00517956
78
0.0269337
67
0.0231354
17
0.00587017
-13
-0.00448895
-62
-0.0214088
-32
-0.0110497
78
0.0269337
6
0.00207182
34
0.0117403
17
0.00587017
52
0.0179558
-42
-0.0145028
24
0.00828729
102
0.035221
136
0.0469613
-19
-0.00656077
-13
-0.00448895
-24
-0.00828729
3
0.00103591
21
0.00725138
54
0.0186464
50
0.0172652
59
0.0203729
-86
-0.0296961
124
0.0428177
-38
-0.0131215
-35
-0.0120856
43
0.0148481
105
0.0362569
6
0.00207182
88
0.0303867
-17
-0.00587017
-2
-0.000690608
-23
-0.00794199
72
0.0248619
-30
-0.0103591
-22
-0.00759669
114
0.0393646
-43
-0.0148481
12
0.00414365
3
0.00103591
-51
-0.0176105
-53
-0.0183011
0
0
29
0.0100138
9
0.00310773
-13
-0.00448895
72
0.0248619
-19
-0.00656077
-56
-0.019337
-86
-0.0296961
4
0.00138122
19
0.00656077
-43
-0.0148481
-15
-0.00517956
67
0.0231354
-65
-0.0224448
64
0.0220994
-32
-0.0110497
-23
-0.00794199
58
0.0200276
118
0.0407459
-2
-0.000690608
2
0.000690608
22
0.00759669
4
0.00138122
41
0.0141575
2
0.000690608
-50
-0.0172652
-107
-0.0369475
11
0.00379834
-78
-0.0269337
-32
-0.0110497
-2
-0.000690608
-5
-0.00172652
-2
-0.000690608
-45
-0.0155387
-6
-0.00207182
-8
-0.00276243
-85
-0.0293508
68
0.0234807
-44
-0.0151934
-37
-0.0127762
89
0.030732
17
0.00587017
-20
-0.00690608
-74
-0.0255525
-77
-0.0265884
-1
-0.000345304
13
0.00448895
18
0.00621547
36
0.0124309
52
0.0179558
74
0.0255525
40
0.0138122
27
0.0093232
14
0.00483425
83
0.0286602
32
0.0110497
111
0.0383287
-8
-0.00276243
22
0.00759669
14
0.00483425
54
0.0186464
20
0.00690608
-15
-0.00517956
-55
-0.0189917
8
0.00276243
-29
-0.0100138
44
0.0151934
-36
-0.0124309
79
0.027279
28
0.00966851
-78
-0.0269337
-80
-0.0276243
25
0.0086326
56
0.019337
53
0.0183011
27
0.0093232
67
0.0231354
-57
-0.0196823
52
0.0179558
-42
-0.0145028
-16
-0.00552486
-88
-0.0303867
9
0.00310773
-16
-0.00552486
-22
-0.00759669
-3
-0.00103591
-37
-0.0127762
-40
-0.0138122
-26
-0.0089779
12
0.00414365
41
0.0141575
-16
-0.00552486
-52
-0.0179558
-41
-0.0141575
-62
-0.0214088
47
0.0162293
-67
-0.0231354
75
0.0258978
60
0.0207182
-24
-0.00828729
10
0.00345304
0
0
24
0.00828729
18
0.00621547
-61
-0.0210635
-145
-0.0500691
-25
-0.0086326
-16
-0.00552486
39
0.0134669
-3
-0.00103591
3
0.00103591
-24
-0.00828729
-30
-0.0103591
10
0.00345304
-13
-0.00448895
61
0.0210635
-13
-0.00448895
-59
-0.0203729
6
0.00207182
21
0.00725138
-67
-0.0231354
77
0.0265884
-3
-0.00103591
-39
-0.0134669
26
0.0089779
-35
-0.0120856
26
0.0089779
46
0.015884
21
0.00725138
36
0.0124309
-13
-0.00448895
22
0.00759669
6
0.00207182
20
0.00690608
-64
-0.0220994
46
0.015884
-20
-0.00690608
-26
-0.0089779
-37
-0.0127762
32
0.0110497
-19
-0.00656077
31
0.0107044
-43
-0.0148481
-6
-0.00207182
4
0.00138122
43
0.0148481
-42
-0.0145028
18
0.00621547
80
0.0276243
-9
-0.00310773
-8
-0.00276243
-28
-0.00966851
10
0.00345304
-80
-0.0276243
9
0.00310773
95
0.0328039
26
0.0089779
-48
-0.0165746
-37
-0.0127762
74
0.0255525
-68
-0.0234807
10
0.00345304
17
0.00587017
-58
-0.0200276
-67
-0.0231354
-41
-0.0141575
7
0.00241713
-15
-0.00517956
-23
-0.00794199
-23
-0.00794199
39
0.0134669
-53
-0.0183011
51
0.0176105
6
0.00207182
-21
-0.00725138
-46
-0.015884
24
0.00828729
6
0.00207182
7
0.00241713
29
0.0100138
-102
-0.035221
45
0.0155387
9
0.00310773
-42
-0.0145028
-6
-0.00207182
56
0.019337
56
0.019337
96
0.0331492
57
0.0196823
109
0.0376381
-62
-0.0214088
-19
-0.00656077
-53
-0.0183011
18
0.00621547
29
0.0100138
-74
-0.0255525
16
0.00552486
-32
-0.0110497
-120
-0.0414365
-82
-0.0283149
39
0.0134669
52
0.0179558
23
0.00794199
14
0.00483425
34
0.0117403
-50
-0.0172652
96
0.0331492
71
0.0245166
55
0.0189917
28
0.00966851
-42
-0.0145028
-46
-0.015884
-15
-0.00517956
-69
-0.023826
-50
-0.0172652
-44
-0.0151934
-40
-0.0138122
-11
-0.00379834
38
0.0131215
48
0.0165746
104
0.0359116
-29
-0.0100138
85
0.0293508
14
0.00483425
-65
-0.0224448
17
0.00587017
128
0.0441989
-20
-0.00690608
8
0.00276243
-5
-0.00172652
-8
-0.00276243
-2
-0.000690608
30
0.0103591
48
0.0165746
100
0.0345304
57
0.0196823
0
0
56
0.019337
-115
-0.0397099
-8
-0.00276243
-64
-0.0220994
2
0.000690608
-39
-0.0134669
19
0.00656077
30
0.0103591
-110
-0.0379834
12
0.00414365
5
0.00172652
19
0.00656077
22
0.00759669
14
0.00483425
-47
-0.0162293
89
0.030732
-104
-0.0359116
-80
-0.0276243
-15
-0.00517956
-100
-0.0345304
53
0.0183011
-12
-0.00414365
-22
-0.00759669
4
0.00138122
47
0.0162293
73
0.0252072
35
0.0120856
-20
-0.00690608
-13
-0.00448895
-3
-0.00103591
-67
-0.0231354
33
0.011395
-6
-0.00207182
-16
-0.00552486
14
0.00483425
30
0.0103591
-11
-0.00379834
-17
-0.00587017
-12
-0.00414365
9
0.00310773
5
0.00172652
-109
-0.0376381
3
0.00103591
-34
-0.0117403
4
0.00138122
-60
-0.0207182
53
0.0183011
37
0.0127762
-37
-0.0127762
-30
-0.0103591
-19
-0.00656077
20
0.00690608
2
0.000690608
13
0.00448895
7
0.00241713
-7
-0.00241713
-3
-0.00103591
-87
-0.0300414
-56
-0.019337
18
0.00621547
39
0.0134669
-54
-0.0186464
37
0.0127762
49
0.0169199
44
0.0151934
117
0.0404006
12
0.00414365
148
0.051105
32
0.0110497
-16
-0.00552486
-7
-0.00241713
-45
-0.0155387
-60
-0.0207182
-105
-0.0362569
-37
-0.0127762
42
0.0145028
45
0.0155387
-4
-0.00138122
33
0.011395
-15
-0.00517956
-5
-0.00172652
133
0.0459254
-43
-0.0148481
11
0.00379834
7
0.00241713
-43
-0.0148481
14
0.00483425
23
0.00794199
93
0.0321133
9
0.00310773
-63
-0.0217541
-50
-0.0172652
21
0.00725138
-72
-0.0248619
-27
-0.0093232
-70
-0.0241713
43
0.0148481
-45
-0.0155387
-48
-0.0165746
-66
-0.0227901
21
0.00725138
5
0.00172652
-23
-0.00794199
13
0.00448895
13
0.00448895
2
0.000690608
-5
-0.00172652
-14
-0.00483425
-42
-0.0145028
-101
-0.0348757
-32
-0.0110497
53
0.0183011
22
0.00759669
-8
-0.00276243
10
0.00345304
48
0.0165746
-58
-0.0200276
22
0.00759669
-8
-0.00276243
-53
-0.0183011
16
0.00552486
-10
-0.00345304
-56
-0.019337
-161
-0.0555939
-96
-0.0331492
4
0.00138122
13
0.00448895
106
0.0366022
-21
-0.00725138
-4
-0.00138122
-22
-0.00759669
-28
-0.00966851
-20
-0.00690608
-136
-0.0469613
47
0.0162293
21
0.00725138
-5
-0.00172652
-34
-0.0117403
-27
-0.0093232
-62
-0.0214088
51
0.0176105
10
0.00345304
-4
-0.00138122
-11
-0.00379834
36
0.0124309
-98
-0.0338398
26
0.0089779
19
0.00656077
35
0.0120856
40
0.0138122
3
0.00103591
89
0.030732
-93
-0.0321133
-35
-0.0120856
67
0.0231354
59
0.0203729
-3
-0.00103591
44
0.0151934
-2
-0.000690608
15
0.00517956
65
0.0224448
-44
-0.0151934
6
0.00207182
22
0.00759669
124
0.0428177
-3
-0.00103591
-25
-0.0086326
-66
-0.0227901
44
0.0151934
-1
-0.000345304
17
0.00587017
24
0.00828729
-9
-0.00310773
13
0.00448895
8
0.00276243
40
0.0138122
-16
-0.00552486
-14
-0.00483425
27
0.0093232
-31
-0.0107044
128
0.0441989
-4
-0.00138122
94
0.0324586
68
0.0234807
64
0.0220994
55
0.0189917
-11
-0.00379834
-7
-0.00241713
-68
-0.0234807
43
0.0148481
-98
-0.0338398
-67
-0.0231354
-39
-0.0134669
80
0.0276243
18
0.00621547
-137
-0.0473066
70
0.0241713
-84
-0.0290055
28
0.00966851
-124
-0.0428177
-26
-0.0089779
-10
-0.00345304
100
0.0345304
-94
-0.0324586
74
0.0255525
-9
-0.00310773
11
0.00379834
81
0.0279696
28
0.00966851
28
0.00966851
35
0.0120856
30
0.0103591
8
0.00276243
50
0.0172652
45
0.0155387
-112
-0.038674
-27
-0.0093232
-1
-0.000345304
6
0.00207182
-3
-0.00103591
-8
-0.00276243
-46
-0.015884
-13
-0.00448895
6
0.00207182
63
0.0217541
72
0.0248619
73
0.0252072
-84
-0.0290055
-32
-0.0110497
6
0.00207182
-27
-0.0093232
93
0.0321133
53
0.0183011
54
0.0186464
28
0.00966851
40
0.0138122
-17
-0.00587017
-64
-0.0220994
-6
-0.00207182
19
0.00656077
10
0.00345304
52
0.0179558
37
0.0127762
-16
-0.00552486
-38
-0.0131215
1
0.000345304
-25
-0.0086326
11
0.00379834
-48
-0.0165746
35
0.0120856
62
0.0214088
56
0.019337
34
0.0117403
-71
-0.0245166
-27
-0.0093232
53
0.0183011
-33
-0.011395
-3
-0.00103591
19
0.00656077
-186
-0.0642265
-41
-0.0141575
6
0.00207182
54
0.0186464
89
0.030732
-106
-0.0366022
50
0.0172652
-15
-0.00517956
42
0.0145028
55
0.0189917
-68
-0.0234807
8
0.00276243
-11
-0.00379834
-27
-0.0093232
-64
-0.0220994
-2
-0.000690608
2
0.000690608
-70
-0.0241713
-95
-0.0328039
17
0.00587017
-111
-0.0383287
22
0.00759669
-27
-0.0093232
27
0.0093232
-35
-0.0120856
-63
-0.0217541
-25
-0.0086326
-60
-0.0207182
32
0.0110497
32
0.0110497
23
0.00794199
-10
-0.00345304
-90
-0.0310773
25
0.0086326
16
0.00552486
106
0.0366022
-38
-0.0131215
-55
-0.0189917
104
0.0359116
86
0.0296961
-15
-0.00517956
39
0.0134669
73
0.0252072
-68
-0.0234807
7
0.00241713
-35
-0.0120856
-12
-0.00414365
-59
-0.0203729
-47
-0.0162293
40
0.0138122
102
0.035221
53
0.0183011
11
0.00379834
33
0.011395
-55
-0.0189917
39
0.0134669
-56
-0.019337
-12
-0.00414365
81
0.0279696
-16
-0.00552486
31
0.0107044
-100
-0.0345304
53
0.0183011
58
0.0200276
65
0.0224448
-4
-0.00138122
-41
-0.0141575
-104
-0.0359116
20
0.00690608
75
0.0258978
-29
-0.0100138
-14
-0.00483425
-34
-0.0117403
5
0.00172652
-48
-0.0165746
3
0.00103591
-78
-0.0269337
136
0.0469613
113
0.0390193
10
0.00345304
28
0.00966851
44
0.0151934
47
0.0162293
-7
-0.00241713
18
0.00621547
-47
-0.0162293
-59
-0.0203729
-5
-0.00172652
-30
-0.0103591
54
0.0186464
-26
-0.0089779
-78
-0.0269337
85
0.0293508
26
0.0089779
44
0.0151934
28
0.00966851
21
0.00725138
53
0.0183011
66
0.0227901
20
0.00690608
-43
-0.0148481
55
0.0189917
27
0.0093232
-27
-0.0093232
13
0.00448895
21
0.00725138
62
0.0214088
58
0.0200276
32
0.0110497
-4
-0.00138122
-93
-0.0321133
26
0.0089779
30
0.0103591
27
0.0093232
-17
-0.00587017
-28
-0.00966851
9
0.00310773
-76
-0.0262431
28
0.00966851
-17
-0.00587017
28
0.00966851
-62
-0.0214088
-77
-0.0265884
-31
-0.0107044
-59
-0.0203729
-23
-0.00794199
79
0.027279
-22
-0.00759669
-27
-0.0093232
12
0.00414365
-133
-0.0459254
48
0.0165746
36
0.0124309
45
0.0155387
2
0.000690608
-18
-0.00621547
-115
-0.0397099
-34
-0.0117403
23
0.00794199
-8
-0.00276243
69
0.023826
40
0.0138122
15
0.00517956
71
0.0245166
-21
-0.00725138
-83
-0.0286602
-127
-0.0438536
-7
-0.00241713
66
0.0227901
-2
-0.000690608
-110
-0.0379834
-83
-0.0286602
34
0.0117403
-9
-0.00310773
-27
-0.0093232
72
0.0248619
-6
-0.00207182
-93
-0.0321133
41
0.0141575
-1
-0.000345304
-19
-0.00656077
-32
-0.0110497
13
0.00448895
26
0.0089779
105
0.0362569
84
0.0290055
-78
-0.0269337
10
0.00345304
-15
-0.00517956
-57
-0.0196823
63
0.0217541
9
0.00310773
-32
-0.0110497
-30
-0.0103591
9
0.00310773
-12
-0.00414365
-57
-0.0196823
58
0.0200276
54
0.0186464
-45
-0.0155387
1
0.000345304
75
0.0258978
-35
-0.0120856
42
0.0145028
90
0.0310773
27
0.0093232
127
0.0438536
-40
-0.0138122
-43
-0.0148481
111
0.0383287
-53
-0.0183011
-31
-0.0107044
-1
-0.000345304
13
0.00448895
-33
-0.011395
-60
-0.0207182
-66
-0.0227901
-59
-0.0203729
-57
-0.0196823
-36
-0.0124309
124
0.0428177
-34
-0.0117403
-55
-0.0189917
35
0.0120856
-26
-0.0089779
-33
-0.011395
-33
-0.011395
-49
-0.0169199
35
0.0120856
-25
-0.0086326
40
0.0138122
20
0.00690608
84
0.0290055
20
0.00690608
69
0.023826
45
0.0155387
-57
-0.0196823
19
0.00656077
1
0.000345304
23
0.00794199
-23
-0.00794199
-20
-0.00690608
7
0.00241713
35
0.0120856
60
0.0207182
-112
-0.038674
-55
-0.0189917
-84
-0.0290055
118
0.0407459
64
0.0220994
-50
-0.0172652
-95
-0.0328039
13
0.00448895
82
0.0283149
-44
-0.0151934
64
0.0220994
0
0
81
0.0279696
23
0.00794199
-59
-0.0203729
-73
-0.0252072
-43
-0.0148481
-48
-0.0165746
5
0.00172652
9
0.00310773
2
0.000690608
-38
-0.0131215
80
0.0276243
-30
-0.0103591
5
0.00172652
-5
-0.00172652
-31
-0.0107044
-155
-0.0535221
45
0.0155387
-13
-0.00448895
13
0.00448895
65
0.0224448
68
0.0234807
20
0.00690608
38
0.0131215
113
0.0390193
63
0.0217541
2
0.000690608
-11
-0.00379834
9
0.00310773
-20
-0.00690608
-82
-0.0283149
-41
-0.0141575
152
0.0524862
-45
-0.0155387
-25
-0.0086326
47
0.0162293
-56
-0.019337
57
0.0196823
103
0.0355663
-11
-0.00379834
-18
-0.00621547
13
0.00448895
56
0.019337
-25
-0.0086326
57
0.0196823
7
0.00241713
29
0.0100138
0
0
-37
-0.0127762
-56
-0.019337
-47
-0.0162293
-101
-0.0348757
-90
-0.0310773
36
0.0124309
-62
-0.0214088
63
0.0217541
-28
-0.00966851
-38
-0.0131215
60
0.0207182
-17
-0.00587017
-166
-0.0573204
70
0.0241713
8
0.00276243
-56
-0.019337
-136
-0.0469613
-12
-0.00414365
82
0.0283149
-21
-0.00725138
-33
-0.011395
52
0.0179558
-12
-0.00414365
11
0.00379834
-13
-0.00448895
-72
-0.0248619
37
0.0127762
37
0.0127762
-93
-0.0321133
-55
-0.0189917
-110
-0.0379834
77
0.0265884
34
0.0117403
27
0.0093232
33
0.011395
-34
-0.0117403
29
0.0100138
-22
-0.00759669
38
0.0131215
31
0.0107044
18
0.00621547
74
0.0255525
9
0.00310773
55
0.0189917
38
0.0131215
38
0.0131215
-26
-0.0089779
16
0.00552486
9
0.00310773
-19
-0.00656077
94
0.0324586
-31
-0.0107044
-12
-0.00414365
-78
-0.0269337
12
0.00414365
8
0.00276243
1
0.000345304
35
0.0120856
-62
-0.0214088
-91
-0.0314227
81
0.0279696
-24
-0.00828729
-41
-0.0141575
-5
-0.00172652
94
0.0324586
2
0.000690608
-89
-0.030732
-56
-0.019337
-3
-0.00103591
64
0.0220994
99
0.0341851
49
0.0169199
-6
-0.00207182
32
0.0110497
20
0.00690608
-79
-0.027279
46
0.015884
-37
-0.0127762
-30
-0.0103591
49
0.0169199
83
0.0286602
114
0.0393646
11
0.00379834
60
0.0207182
-5
-0.00172652
34
0.0117403
-90
-0.0310773
22
0.00759669
63
0.0217541
24
0.00828729
12
0.00414365
-75
-0.0258978
-45
-0.0155387
128
0.0441989
28
0.00966851
30
0.0103591
63
0.0217541
-61
-0.0210635
7
0.00241713
59
0.0203729
143
0.0493785
-11
-0.00379834
39
0.0134669
-5
-0.00172652
18
0.00621547
7
0.00241713
13
0.00448895
40
0.0138122
37
0.0127762
-58
-0.0200276
36
0.0124309
-22
-0.00759669
-5
-0.00172652
-66
-0.0227901
25
0.0086326
0
0
41
0.0141575
13
0.00448895
-50
-0.0172652
12
0.00414365
67
0.0231354
-62
-0.0214088
-90
-0.0310773
-24
-0.00828729
-36
-0.0124309
19
0.00656077
-112
-0.038674
34
0.0117403
8
0.00276243
42
0.0145028
-86
-0.0296961
60
0.0207182
-31
-0.0107044
27
0.0093232
24
0.00828729
-65
-0.0224448
15
0.00517956
-7
-0.00241713
-12
-0.00414365
-25
-0.0086326
25
0.0086326
13
0.00448895
5
0.00172652
-16
-0.00552486
52
0.0179558
46
0.015884
18
0.00621547
85
0.0293508
33
0.011395
-16
-0.00552486
-51
-0.0176105
-8
-0.00276243
-82
-0.0283149
25
0.0086326
-68
-0.0234807
41
0.0141575
-42
-0.0145028
28
0.00966851
50
0.0172652
55
0.0189917
38
0.0131215
-30
-0.0103591
-66
-0.0227901
-61
-0.0210635
-6
-0.00207182
67
0.0231354
111
0.0383287
-8
-0.00276243
86
0.0296961
-9
-0.00310773
-21
-0.00725138
-25
-0.0086326
21
0.00725138
12
0.00414365
10
0.00345304
44
0.0151934
-29
-0.0100138
11
0.00379834
-39
-0.0134669
6
0.00207182
-5
-0.00172652
27
0.0093232
-49
-0.0169199
-1
-0.000345304
67
0.0231354
-15
-0.00517956
-3
-0.00103591
101
0.0348757
16
0.00552486
31
0.0107044
16
0.00552486
60
0.0207182
63
0.0217541
-14
-0.00483425
5
0.00172652
58
0.0200276
-116
-0.0400552
-71
-0.0245166
-45
-0.0155387
-23
-0.00794199
23
0.00794199
28
0.00966851
51
0.0176105
2
0.000690608
-69
-0.023826
17
0.00587017
-18
-0.00621547
66
0.0227901
-78
-0.0269337
-83
-0.0286602
20
0.00690608
22
0.00759669
23
0.00794199
-17
-0.00587017
18
0.00621547
39
0.0134669
-21
-0.00725138
54
0.0186464
20
0.00690608
5
0.00172652
-30
-0.0103591
9
0.00310773
-130
-0.0448895
100
0.0345304
-64
-0.0220994
96
0.0331492
-121
-0.0417818
-3
-0.00103591
-69
-0.023826
-93
-0.0321133
18
0.00621547
-19
-0.00656077
-21
-0.00725138
69
0.023826
94
0.0324586
35
0.0120856
146
0.0504144
-23
-0.00794199
19
0.00656077
26
0.0089779
-93
-0.0321133
-61
-0.0210635
105
0.0362569
32
0.0110497
-17
-0.00587017
-22
-0.00759669
74
0.0255525
-98
-0.0338398
-27
-0.0093232
6
0.00207182
-6
-0.00207182
-59
-0.0203729
-12
-0.00414365
-29
-0.0100138
106
0.0366022
38
0.0131215
36
0.0124309
74
0.0255525
-36
-0.0124309
-47
-0.0162293
1
0.000345304
-46
-0.015884
-98
-0.0338398
-18
-0.00621547
-94
-0.0324586
-7
-0.00241713
19
0.00656077
-20
-0.00690608
-5
-0.00172652
96
0.0331492
83
0.0286602
-51
-0.0176105
-7
-0.00241713
-26
-0.0089779
14
0.00483425
-71
-0.0245166
-28
-0.00966851
-8
-0.00276243
-3
-0.00103591
43
0.0148481
-35
-0.0120856
48
0.0165746
-134
-0.0462707
34
0.0117403
73
0.0252072
80
0.0276243
-40
-0.0138122
-19
-0.00656077
19
0.00656077
53
0.0183011
-32
-0.0110497
73
0.0252072
72
0.0248619
13
0.00448895
44
0.0151934
-5
-0.00172652
-22
-0.00759669
-19
-0.00656077
-55
-0.0189917
34
0.0117403
-60
-0.0207182
-5
-0.00172652
-58
-0.0200276
8
0.00276243
-31
-0.0107044
-53
-0.0183011
-3
-0.00103591
17
0.00587017
-35
-0.0120856
7
0.00241713
-62
-0.0214088
11
0.00379834
-83
-0.0286602
19
0.00656077
-44
-0.0151934
46
0.015884
-13
-0.00448895
79
0.027279
12
0.00414365
17
0.00587017
-5
-0.00172652
-12
-0.00414365
46
0.015884
45
0.0155387
-88
-0.0303867
37
0.0127762
-11
-0.00379834
68
0.0234807
34
0.0117403
59
0.0203729
-20
-0.00690608
-26
-0.0089779
-39
-0.0134669
-27
-0.0093232
20
0.00690608
25
0.0086326
-3
-0.00103591
-59
-0.0203729
-41
-0.0141575
-19
-0.00656077
86
0.0296961
-29
-0.0100138
72
0.0248619
5
0.00172652
49
0.0169199
-6
-0.00207182
99
0.0341851
82
0.0283149
-45
-0.0155387
14
0.00483425
5
0.00172652
2
0.000690608
40
0.0138122
0
0
-22
-0.00759669
-41
-0.0141575
16
0.00552486
34
0.0117403
0
0
37
0.0127762
-34
-0.0117403
-23
-0.00794199
-22
-0.00759669
-23
-0.00794199
-82
-0.0283149
-7
-0.00241713
-1
-0.000345304
26
0.0089779
-58
-0.0200276
62
0.0214088
-98
-0.0338398
64
0.0220994
30
0.0103591
-10
-0.00345304
38
0.0131215
24
0.00828729
-43
-0.0148481
39
0.0134669
-139
-0.0479972
-6
-0.00207182
26
0.0089779
-53
-0.0183011
-81
-0.0279696
34
0.0117403
67
0.0231354
-9
-0.00310773
-98
-0.0338398
-36
-0.0124309
-41
-0.0141575
-44
-0.0151934
-77
-0.0265884
6
0.00207182
-48
-0.0165746
27
0.0093232
64
0.0220994
-44
-0.0151934
-55
-0.0189917
-116
-0.0400552
1
0.000345304
-19
-0.00656077
-18
-0.00621547
-79
-0.027279
4
0.00138122
3
0.00103591
3
0.00103591
-47
-0.0162293
-90
-0.0310773
-54
-0.0186464
68
0.0234807
-54
-0.0186464
78
0.0269337
17
0.00587017
9
0.00310773
-35
-0.0120856
-28
-0.00966851
-33
-0.011395
-54
-0.0186464
22
0.00759669
-33
-0.011395
15
0.00517956
13
0.00448895
5
0.00172652
-47
-0.0162293
59
0.0203729
-67
-0.0231354
-1
-0.000345304
-21
-0.00725138
15
0.00517956
-37
-0.0127762
54
0.0186464
-49
-0.0169199
-125
-0.043163
105
0.0362569
-78
-0.0269337
55
0.0189917
-27
-0.0093232
84
0.0290055
45
0.0155387
-38
-0.0131215
19
0.00656077
29
0.0100138
-25
-0.0086326
-68
-0.0234807
-40
-0.0138122
-52
-0.0179558
-39
-0.0134669
19
0.00656077
-53
-0.0183011
-68
-0.0234807
-59
-0.0203729
8
0.00276243
-8
-0.00276243
-13
-0.00448895
-14
-0.00483425
-19
-0.00656077
37
0.0127762
-81
-0.0279696
-35
-0.0120856
37
0.0127762
-24
-0.00828729
83
0.0286602
-43
-0.0148481
-4
-0.00138122
7
0.00241713
-21
-0.00725138
-45
-0.0155387
-39
-0.0134669
-20
-0.00690608
-103
-0.0355663
-19
-0.00656077
18
0.00621547
43
0.0148481
-52
-0.0179558
14
0.00483425
-33
-0.011395
-17
-0.00587017
22
0.00759669
-42
-0.0145028
10
0.00345304
-42
-0.0145028
-108
-0.0372928
55
0.0189917
-34
-0.0117403
40
0.0138122
52
0.0179558
-102
-0.035221
91
0.0314227
37
0.0127762
84
0.0290055
19
0.00656077
-19
-0.00656077
79
0.027279
50
0.0172652
-7
-0.00241713
-23
-0.00794199
128
0.0441989
-65
-0.0224448
-102
-0.035221
-40
-0.0138122
-2
-0.000690608
-44
-0.0151934
-23
-0.00794199
-100
-0.0345304
-41
-0.0141575
43
0.0148481
25
0.0086326
-44
-0.0151934
64
0.0220994
-75
-0.0258978
-30
-0.0103591
-153
-0.0528315
55
0.0189917
-56
-0.019337
15
0.00517956
46
0.015884
40
0.0138122
15
0.00517956
-31
-0.0107044
-51
-0.0176105
2
0.000690608
30
0.0103591
-4
-0.00138122
57
0.0196823
-43
-0.0148481
3
0.00103591
17
0.00587017
22
0.00759669
24
0.00828729
54
0.0186464
-67
-0.0231354
-100
-0.0345304
59
0.0203729
-4
-0.00138122
38
0.0131215
-36
-0.0124309
-29
-0.0100138
-47
-0.0162293
-25
-0.0086326
2
0.000690608
8
0.00276243
-55
-0.0189917
26
0.0089779
24
0.00828729
-93
-0.0321133
52
0.0179558
-48
-0.0165746
52
0.0179558
-61
-0.0210635
-19
-0.00656077
-6
-0.00207182
-19
-0.00656077
23
0.00794199
113
0.0390193
-41
-0.0141575
-81
-0.0279696
-44
-0.0151934
155
0.0535221
-7
-0.00241713
-44
-0.0151934
-48
-0.0165746
37
0.0127762
-71
-0.0245166
-76
-0.0262431
-23
-0.00794199
20
0.00690608
-63
-0.0217541
43
0.0148481
-77
-0.0265884
39
0.0134669
-45
-0.0155387
83
0.0286602
-45
-0.0155387
-45
-0.0155387
48
0.0165746
32
0.0110497
17
0.00587017
35
0.0120856
-17
-0.00587017
-41
-0.0141575
-59
-0.0203729
3
0.00103591
-8
-0.00276243
46
0.015884
57
0.0196823
-20
-0.00690608
-56
-0.019337
9
0.00310773
17
0.00587017
100
0.0345304
16
0.00552486
40
0.0138122
-27
-0.0093232
-35
-0.0120856
18
0.00621547
41
0.0141575
0
0
-5
-0.00172652
26
0.0089779
-21
-0.00725138
-32
-0.0110497
-83
-0.0286602
35
0.0120856
41
0.0141575
-4
-0.00138122
5
0.00172652
31
0.0107044
20
0.00690608
14
0.00483425
104
0.0359116
63
0.0217541
-46
-0.015884
-7
-0.00241713
-4
-0.00138122
-4
-0.00138122
12
0.00414365
-5
-0.00172652
-55
-0.0189917
-26
-0.0089779
-86
-0.0296961
13
0.00448895
39
0.0134669
10
0.00345304
42
0.0145028
-20
-0.00690608
53
0.0183011
-65
-0.0224448
-45
-0.0155387
1
0.000345304
-22
-0.00759669
-22
-0.00759669
44
0.0151934
13
0.00448895
97
0.0334945
17
0.00587017
-21
-0.00725138
-47
-0.0162293
125
0.043163
-11
-0.00379834
-39
-0.0134669
-22
-0.00759669
-6
-0.00207182
26
0.0089779
-55
-0.0189917
-95
-0.0328039
-65
-0.0224448
34
0.0117403
95
0.0328039
93
0.0321133
72
0.0248619
-41
-0.0141575
-63
-0.0217541
25
0.0086326
-17
-0.00587017
-6
-0.00207182
43
0.0148481
7
0.00241713
6
0.00207182
4
0.00138122
-135
-0.046616
4
0.00138122
12
0.00414365
17
0.00587017
41
0.0141575
42
0.0145028
13
0.00448895
16
0.00552486
-3
-0.00103591
17
0.00587017
-75
-0.0258978
34
0.0117403
-88
-0.0303867
78
0.0269337
-46
-0.015884
6
0.00207182
116
0.0400552
-75
-0.0258978
-30
-0.0103591
82
0.0283149
32
0.0110497
-9
-0.00310773
-99
-0.0341851
-45
-0.0155387
73
0.0252072
-37
-0.0127762
-68
-0.0234807
-36
-0.0124309
25
0.0086326
24
0.00828729
23
0.00794199
-16
-0.00552486
2
0.000690608
31
0.0107044
-13
-0.00448895
-11
-0.00379834
90
0.0310773
67
0.0231354
38
0.0131215
-33
-0.011395
31
0.0107044
-38
-0.0131215
42
0.0145028
-39
-0.0134669
68
0.0234807
88
0.0303867
-23
-0.00794199
8
0.00276243
-5
-0.00172652
-22
-0.00759669
-106
-0.0366022
10
0.00345304
-37
-0.0127762
3
0.00103591
-1
-0.000345304
8
0.00276243
64
0.0220994
-41
-0.0141575
34
0.0117403
-30
-0.0103591
41
0.0141575
3
0.00103591
80
0.0276243
6
0.00207182
156
0.0538674
-9
-0.00310773
-45
-0.0155387
5
0.00172652
13
0.00448895
-17
-0.00587017
46
0.015884
10
0.00345304
24
0.00828729
50
0.0172652
-87
-0.0300414
113
0.0390193
101
0.0348757
6
0.00207182
51
0.0176105
71
0.0245166
41
0.0141575
-51
-0.0176105
-13
-0.00448895
24
0.00828729
-66
-0.0227901
-53
-0.0183011
82
0.0283149
28
0.00966851
51
0.0176105
44
0.0151934
-36
-0.0124309
0
0
3
0.00103591
-64
-0.0220994
16
0.00552486
45
0.0155387
24
0.00828729
18
0.00621547
40
0.0138122
16
0.00552486
19
0.00656077
44
0.0151934
9
0.00310773
-25
-0.0086326
-108
-0.0372928
-21
-0.00725138
9
0.00310773
-11
-0.00379834
-24
-0.00828729
-16
-0.00552486
-24
-0.00828729
-23
-0.00794199
-45
-0.0155387
-5
-0.00172652
-46
-0.015884
-72
-0.0248619
121
0.0417818
-30
-0.0103591
-177
-0.0611188
37
0.0127762
73
0.0252072
61
0.0210635
-41
-0.0141575
12
0.00414365
-20
-0.00690608
-69
-0.023826
83
0.0286602
37
0.0127762
-2
-0.000690608
-99
-0.0341851
28
0.00966851
-41
-0.0141575
5
0.00172652
-25
-0.0086326
85
0.0293508
-24
-0.00828729
81
0.0279696
73
0.0252072
-26
-0.0089779
-9
-0.00310773
-53
-0.0183011
26
0.0089779
-12
-0.00414365
-31
-0.0107044
68
0.0234807
80
0.0276243
12
0.00414365
81
0.0279696
-48
-0.0165746
6
0.00207182
4
0.00138122
-67
-0.0231354
-11
-0.00379834
-7
-0.00241713
-107
-0.0369475
-22
-0.00759669
-32
-0.0110497
-31
-0.0107044
37
0.0127762
104
0.0359116
57
0.0196823
-3
-0.00103591
-96
-0.0331492
-19
-0.00656077
76
0.0262431
-41
-0.0141575
-42
-0.0145028
18
0.00621547
-64
-0.0220994
-55
-0.0189917
-16
-0.00552486
36
0.0124309
-128
-0.0441989
93
0.0321133
44
0.0151934
-63
-0.0217541
46
0.015884
60
0.0207182
-53
-0.0183011
-47
-0.0162293
4
0.00138122
77
0.0265884
72
0.0248619
27
0.0093232
-20
-0.00690608
-38
-0.0131215
45
0.0155387
-33
-0.011395
77
0.0265884
8
0.00276243
-81
-0.0279696
59
0.0203729
-47
-0.0162293
-8
-0.00276243
-77
-0.0265884
-35
-0.0120856
18
0.00621547
12
0.00414365
14
0.00483425
-59
-0.0203729
-51
-0.0176105
-7
-0.00241713
100
0.0345304
-18
-0.00621547
51
0.0176105
24
0.00828729
37
0.0127762
-84
-0.0290055
-94
-0.0324586
-8
-0.00276243
-91
-0.0314227
-67
-0.0231354
-36
-0.0124309
13
0.00448895
-20
-0.00690608
32
0.0110497
38
0.0131215
-30
-0.0103591
49
0.0169199
17
0.00587017
176
0.0607735
19
0.00656077
-53
-0.0183011
2
0.000690608
-6
-0.00207182
-79
-0.027279
27
0.0093232
43
0.0148481
-31
-0.0107044
20
0.00690608
-24
-0.00828729
-8
-0.00276243
1
0.000345304
17
0.00587017
23
0.00794199
15
0.00517956
67
0.0231354
-104
-0.0359116
-27
-0.0093232
10
0.00345304
-55
-0.0189917
-48
-0.0165746
49
0.0169199
67
0.0231354
14
0.00483425
14
0.00483425
-62
-0.0214088
-16
-0.00552486
3
0.00103591
19
0.00656077
87
0.0300414
-26
-0.0089779
-95
-0.0328039
29
0.0100138
-29
-0.0100138
-3
-0.00103591
-66
-0.0227901
-82
-0.0283149
122
0.0421271
-46
-0.015884
-19
-0.00656077
-43
-0.0148481
-51
-0.0176105
-7
-0.00241713
-91
-0.0314227
-76
-0.0262431
-45
-0.0155387
-23
-0.00794199
-48
-0.0165746
-19
-0.00656077
-16
-0.00552486
-32
-0.0110497
19
0.00656077
-53
-0.0183011
-28
-0.00966851
31
0.0107044
-59
-0.0203729
64
0.0220994
-51
-0.0176105
-35
-0.0120856
-98
-0.0338398
50
0.0172652
-51
-0.0176105
-56
-0.019337
-83
-0.0286602
34
0.0117403
88
0.0303867
-52
-0.0179558
1
0.000345304
-32
-0.0110497
-69
-0.023826
-24
-0.00828729
68
0.0234807
-32
-0.0110497
73
0.0252072
-57
-0.0196823
-34
-0.0117403
-54
-0.0186464
-16
-0.00552486
-23
-0.00794199
26
0.0089779
69
0.023826
26
0.0089779
-17
-0.00587017
24
0.00828729
-31
-0.0107044
23
0.00794199
-23
-0.00794199
111
0.0383287
-10
-0.00345304
-72
-0.0248619
90
0.0310773
-24
-0.00828729
-50
-0.0172652
14
0.00483425
20
0.00690608
-73
-0.0252072
4
0.00138122
13
0.00448895
34
0.0117403
8
0.00276243
15
0.00517956
-25
-0.0086326
28
0.00966851
-28
-0.00966851
37
0.0127762
3
0.00103591
46
0.015884
-42
-0.0145028
118
0.0407459
59
0.0203729
2
0.000690608
17
0.00587017
29
0.0100138
-46
-0.015884
18
0.00621547
-26
-0.0089779
34
0.0117403
-2
-0.000690608
-25
-0.0086326
26
0.0089779
-8
-0.00276243
-50
-0.0172652
-3
-0.00103591
65
0.0224448
-10
-0.00345304
25
0.0086326
15
0.00517956
-122
-0.0421271
33
0.011395
17
0.00587017
-5
-0.00172652
68
0.0234807
-11
-0.00379834
26
0.0089779
-36
-0.0124309
-8
-0.00276243
-6
-0.00207182
132
0.0455801
-21
-0.00725138
79
0.027279
89
0.030732
-2
-0.000690608
1
0.000345304
45
0.0155387
-35
-0.0120856
35
0.0120856
36
0.0124309
-64
-0.0220994
-21
-0.00725138
-28
-0.00966851
-52
-0.0179558
-10
-0.00345304
-104
-0.0359116
101
0.0348757
84
0.0290055
65
0.0224448
-49
-0.0169199
-27
-0.0093232
28
0.00966851
57
0.0196823
76
0.0262431
84
0.0290055
-6
-0.00207182
56
0.019337
-18
-0.00621547
90
0.0310773
-8
-0.00276243
11
0.00379834
7
0.00241713
-12
-0.00414365
-11
-0.00379834
134
0.0462707
2
0.000690608
84
0.0290055
-32
-0.0110497
-54
-0.0186464
87
0.0300414
-128
-0.0441989
-7
-0.00241713
-34
-0.0117403
33
0.011395
32
0.0110497
57
0.0196823
52
0.0179558
18
0.00621547
40
0.0138122
-30
-0.0103591
18
0.00621547
54
0.0186464
79
0.027279
23
0.00794199
85
0.0293508
-8
-0.00276243
-42
-0.0145028
-34
-0.0117403
71
0.0245166
-54
-0.0186464
-18
-0.00621547
-53
-0.0183011
35
0.0120856
-53
-0.0183011
-13
-0.00448895
13
0.00448895
-8
-0.00276243
48
0.0165746
-10
-0.00345304
-33
-0.011395
-37
-0.0127762
-2
-0.000690608
4
0.00138122
42
0.0145028
-7
-0.00241713
47
0.0162293
69
0.023826
28
0.00966851
57
0.0196823
-16
-0.00552486
10
0.00345304
-15
-0.00517956
-8
-0.00276243
-46
-0.015884
27
0.0093232
-72
-0.0248619
62
0.0214088
24
0.00828729
-6
-0.00207182
-36
-0.0124309
-9
-0.00310773
66
0.0227901
96
0.0331492
-13
-0.00448895
5
0.00172652
-72
-0.0248619
-19
-0.00656077
-15
-0.00517956
0
0
-9
-0.00310773
-108
-0.0372928
-38
-0.0131215
-39
-0.0134669
-57
-0.0196823
69
0.023826
-2
-0.000690608
-165
-0.0569751
9
0.00310773
-94
-0.0324586
9
0.00310773
128
0.0441989
-44
-0.0151934
-65
-0.0224448
-1
-0.000345304
-111
-0.0383287
-9
-0.00310773
48
0.0165746
-24
-0.00828729
-12
-0.00414365
-52
-0.0179558
-14
-0.00483425
-13
-0.00448895
-86
-0.0296961
37
0.0127762
-80
-0.0276243
-18
-0.00621547
69
0.023826
8
0.00276243
35
0.0120856
-18
-0.00621547
-18
-0.00621547
-47
-0.0162293
48
0.0165746
-6
-0.00207182
25
0.0086326
-34
-0.0117403
99
0.0341851
-9
-0.00310773
-19
-0.00656077
61
0.0210635
13
0.00448895
-17
-0.00587017
82
0.0283149
-16
-0.00552486
-24
-0.00828729
-1
-0.000345304
-66
-0.0227901
76
0.0262431
-99
-0.0341851
-78
-0.0269337
-2
-0.000690608
48
0.0165746
-19
-0.00656077
-24
-0.00828729
41
0.0141575
-3
-0.00103591
65
0.0224448
-91
-0.0314227
-15
-0.00517956
72
0.0248619
28
0.00966851
27
0.0093232
10
0.00345304
116
0.0400552
-77
-0.0265884
19
0.00656077
50
0.0172652
-96
-0.0331492
-62
-0.0214088
-81
-0.0279696
4
0.00138122
-7
-0.00241713
57
0.0196823
-18
-0.00621547
-3
-0.00103591
24
0.00828729
-7
-0.00241713
12
0.00414365
-12
-0.00414365
26
0.0089779
-33
-0.011395
60
0.0207182
54
0.0186464
-2
-0.000690608
26
0.0089779
28
0.00966851
-16
-0.00552486
-20
-0.00690608
94
0.0324586
8
0.00276243
43
0.0148481
-41
-0.0141575
12
0.00414365
1
0.000345304
4
0.00138122
-24
-0.00828729
198
0.0683702
-110
-0.0379834
-84
-0.0290055
3
0.00103591
8
0.00276243
-61
-0.0210635
-1
-0.000345304
-38
-0.0131215
6
0.00207182
43
0.0148481
-74
-0.0255525
54
0.0186464
60
0.0207182
-53
-0.0183011
55
0.0189917
30
0.0103591
-2
-0.000690608
64
0.0220994
71
0.0245166
-61
-0.0210635
134
0.0462707
-3
-0.00103591
135
0.046616
28
0.00966851
76
0.0262431
-10
-0.00345304
-25
-0.0086326
-113
-0.0390193
70
0.0241713
45
0.0155387
5
0.00172652
26
0.0089779
1
0.000345304
33
0.011395
-52
-0.0179558
6
0.00207182
19
0.00656077
9
0.00310773
-29
-0.0100138
34
0.0117403
49
0.0169199
-23
-0.00794199
-1
-0.000345304
-13
-0.00448895
-73
-0.0252072
5
0.00172652
56
0.019337
17
0.00587017
-15
-0.00517956
28
0.00966851
-50
-0.0172652
25
0.0086326
124
0.0428177
53
0.0183011
-11
-0.00379834
46
0.015884
-25
-0.0086326
51
0.0176105
-112
-0.038674
58
0.0200276
85
0.0293508
111
0.0383287
77
0.0265884
4
0.00138122
-40
-0.0138122
-50
-0.0172652
-24
-0.00828729
7
0.00241713
-21
-0.00725138
33
0.011395
29
0.0100138
40
0.0138122
89
0.030732
-70
-0.0241713
-46
-0.015884
-70
-0.0241713
111
0.0383287
4
0.00138122
47
0.0162293
17
0.00587017
-34
-0.0117403
11
0.00379834
-14
-0.00483425
-9
-0.00310773
-52
-0.0179558
34
0.0117403
20
0.00690608
-40
-0.0138122
-4
-0.00138122
-24
-0.00828729
-108
-0.0372928
57
0.0196823
-32
-0.0110497
-48
-0.0165746
-26
-0.0089779
8
0.00276243
-72
-0.0248619
10
0.00345304
67
0.0231354
-71
-0.0245166
-68
-0.0234807
-56
-0.019337
-52
-0.0179558
21
0.00725138
-39
-0.0134669
3
0.00103591
4
0.00138122
-47
-0.0162293
125
0.043163
61
0.0210635
-36
-0.0124309
-57
-0.0196823
-7
-0.00241713
-8
-0.00276243
-28
-0.00966851
-48
-0.0165746
33
0.011395
-70
-0.0241713
-10
-0.00345304
-18
-0.00621547
-103
-0.0355663
-35
-0.0120856
87
0.0300414
31
0.0107044
-48
-0.0165746
-4
-0.00138122
-42
-0.0145028
-17
-0.00587017
-60
-0.0207182
-19
-0.00656077
23
0.00794199
-6
-0.00207182
68
0.0234807
-44
-0.0151934
78
0.0269337
39
0.0134669
62
0.0214088
40
0.0138122
-6
-0.00207182
-114
-0.0393646
46
0.015884
-45
-0.0155387
-23
-0.00794199
66
0.0227901
96
0.0331492
-9
-0.00310773
33
0.011395
26
0.0089779
19
0.00656077
20
0.00690608
-65
-0.0224448
-21
-0.00725138
29
0.0100138
21
0.00725138
-90
-0.0310773
96
0.0331492
27
0.0093232
83
0.0286602
-57
-0.0196823
16
0.00552486
-51
-0.0176105
32
0.0110497
-86
-0.0296961
33
0.011395
94
0.0324586
-30
-0.0103591
-114
-0.0393646
-101
-0.0348757
-61
-0.0210635
-27
-0.0093232
101
0.0348757
2
0.000690608
100
0.0345304
-112
-0.038674
58
0.0200276
-75
-0.0258978
20
0.00690608
-72
-0.0248619
-60
-0.0207182
-24
-0.00828729
-4
-0.00138122
59
0.0203729
8
0.00276243
68
0.0234807
-15
-0.00517956
-111
-0.0383287
42
0.0145028
64
0.0220994
-56
-0.019337
5
0.00172652
-6
-0.00207182
39
0.0134669
151
0.0521409
-21
-0.00725138
17
0.00587017
-60
-0.0207182
3
0.00103591
-11
-0.00379834
-19
-0.00656077
5
0.00172652
41
0.0141575
-42
-0.0145028
55
0.0189917
94
0.0324586
-68
-0.0234807
22
0.00759669
103
0.0355663
47
0.0162293
21
0.00725138
-129
-0.0445442
14
0.00483425
5
0.00172652
59
0.0203729
-15
-0.00517956
-9
-0.00310773
-56
-0.019337
-34
-0.0117403
37
0.0127762
49
0.0169199
32
0.0110497
-26
-0.0089779
35
0.0120856
152
0.0524862
115
0.0397099
38
0.0131215
-39
-0.0134669
156
0.0538674
-32
-0.0110497
74
0.0255525
-48
-0.0165746
-74
-0.0255525
-7
-0.00241713
40
0.0138122
-32
-0.0110497
58
0.0200276
51
0.0176105
-104
-0.0359116
28
0.00966851
-55
-0.0189917
-43
-0.0148481
-45
-0.0155387
43
0.0148481
-42
-0.0145028
130
0.0448895
-82
-0.0283149
-82
-0.0283149
-18
-0.00621547
61
0.0210635
-67
-0.0231354
29
0.0100138
12
0.00414365
76
0.0262431
-122
-0.0421271
-37
-0.0127762
-75
-0.0258978
-96
-0.0331492
42
0.0145028
37
0.0127762
-13
-0.00448895
28
0.00966851
40
0.0138122
-18
-0.00621547
-35
-0.0120856
-74
-0.0255525
-56
-0.019337
70
0.0241713
39
0.0134669
-117
-0.0404006
9
0.00310773
55
0.0189917
22
0.00759669
43
0.0148481
6
0.00207182
-25
-0.0086326
39
0.0134669
62
0.0214088
-9
-0.00310773
26
0.0089779
-27
-0.0093232
110
0.0379834
-67
-0.0231354
12
0.00414365
-93
-0.0321133
57
0.0196823
105
0.0362569
30
0.0103591
9
0.00310773
-20
-0.00690608
32
0.0110497
52
0.0179558
21
0.00725138
-116
-0.0400552
60
0.0207182
-43
-0.0148481
-36
-0.0124309
25
0.0086326
-52
-0.0179558
61
0.0210635
-118
-0.0407459
-43
-0.0148481
95
0.0328039
72
0.0248619
62
0.0214088
-51
-0.0176105
-5
-0.00172652
43
0.0148481
-81
-0.0279696
13
0.00448895
26
0.0089779
10
0.00345304
-41
-0.0141575
49
0.0169199
11
0.00379834
-31
-0.0107044
-15
-0.00517956
61
0.0210635
11
0.00379834
-33
-0.011395
-12
-0.00414365
-1
-0.000345304
-5
-0.00172652
25
0.0086326
27
0.0093232
21
0.00725138
114
0.0393646
-42
-0.0145028
39
0.0134669
-16
-0.00552486
-26
-0.0089779
41
0.0141575
-67
-0.0231354
-22
-0.00759669
-60
-0.0207182
-49
-0.0169199
-143
-0.0493785
41
0.0141575
21
0.00725138
-4
-0.00138122
29
0.0100138
-5
-0.00172652
-95
-0.0328039
71
0.0245166
44
0.0151934
-24
-0.00828729
-9
-0.00310773
-41
-0.0141575
-8
-0.00276243
2
0.000690608
1
0.000345304
-5
-0.00172652
40
0.0138122
20
0.00690608
-71
-0.0245166
89
0.030732
35
0.0120856
82
0.0283149
59
0.0203729
-53
-0.0183011
1
0.000345304
83
0.0286602
-37
-0.0127762
35
0.0120856
87
0.0300414
87
0.0300414
19
0.00656077
22
0.00759669
20
0.00690608
-6
-0.00207182
128
0.0441989
23
0.00794199
24
0.00828729
28
0.00966851
41
0.0141575
45
0.0155387
83
0.0286602
94
0.0324586
-78
-0.0269337
34
0.0117403
116
0.0400552
-16
-0.00552486
14
0.00483425
-13
-0.00448895
-62
-0.0214088
66
0.0227901
-19
-0.00656077
-61
-0.0210635
169
0.0583564
41
0.0141575
65
0.0224448
-9
-0.00310773
44
0.0151934
14
0.00483425
45
0.0155387
25
0.0086326
-71
-0.0245166
51
0.0176105
20
0.00690608
-67
-0.0231354
21
0.00725138
6
0.00207182
56
0.019337
26
0.0089779
53
0.0183011
-49
-0.0169199
78
0.0269337
16
0.00552486
9
0.00310773
69
0.023826
-94
-0.0324586
-66
-0.0227901
-26
-0.0089779
-41
-0.0141575
22
0.00759669
32
0.0110497
45
0.0155387
86
0.0296961
33
0.011395
-11
-0.00379834
-21
-0.00725138
-53
-0.0183011
11
0.00379834
-40
-0.0138122
-71
-0.0245166
-30
-0.0103591
-1
-0.000345304
-85
-0.0293508
5
0.00172652
43
0.0148481
-35
-0.0120856
63
0.0217541
-48
-0.0165746
-25
-0.0086326
58
0.0200276
-75
-0.0258978
-39
-0.0134669
15
0.00517956
-98
-0.0338398
-10
-0.00345304
-122
-0.0421271
7
0.00241713
28
0.00966851
27
0.0093232
17
0.00587017
-13
-0.00448895
-45
-0.0155387
-63
-0.0217541
-84
-0.0290055
-54
-0.0186464
-45
-0.0155387
25
0.0086326
-35
-0.0120856
-7
-0.00241713
28
0.00966851
-1
-0.000345304
20
0.00690608
-119
-0.0410912
7
0.00241713
-39
-0.0134669
115
0.0397099
-5
-0.00172652
-9
-0.00310773
59
0.0203729
155
0.0535221
-22
-0.00759669
-22
-0.00759669
0
0
-10
-0.00345304
-3
-0.00103591
-27
-0.0093232
6
0.00207182
-92
-0.031768
-23
-0.00794199
-11
-0.00379834
-67
-0.0231354
-66
-0.0227901
-53
-0.0183011
15
0.00517956
4
0.00138122
-32
-0.0110497
54
0.0186464
18
0.00621547
-48
-0.0165746
-23
-0.00794199
55
0.0189917
-64
-0.0220994
-20
-0.00690608
-1
-0.000345304
15
0.00517956
39
0.0134669
25
0.0086326
-38
-0.0131215
-47
-0.0162293
-53
-0.0183011
-11
-0.00379834
-86
-0.0296961
-7
-0.00241713
14
0.00483425
25
0.0086326
-65
-0.0224448
17
0.00587017
75
0.0258978
50
0.0172652
86
0.0296961
125
0.043163
-33
-0.011395
-22
-0.00759669
56
0.019337
-36
-0.0124309
34
0.0117403
-56
-0.019337
-54
-0.0186464
3
0.00103591
-54
-0.0186464
18
0.00621547
63
0.0217541
-35
-0.0120856
-72
-0.0248619
-9
-0.00310773
-5
-0.00172652
-12
-0.00414365
49
0.0169199
18
0.00621547
-99
-0.0341851
-53
-0.0183011
73
0.0252072
-9
-0.00310773
-128
-0.0441989
-39
-0.0134669
-34
-0.0117403
2
0.000690608
41
0.0141575
-64
-0.0220994
20
0.00690608
32
0.0110497
-119
-0.0410912
119
0.0410912
-14
-0.00483425
87
0.0300414
-66
-0.0227901
2
0.000690608
-83
-0.0286602
-12
-0.00414365
-19
-0.00656077
73
0.0252072
78
0.0269337
19
0.00656077
78
0.0269337
-28
-0.00966851
-71
-0.0245166
-12
-0.00414365
60
0.0207182
-23
-0.00794199
108
0.0372928
-6
-0.00207182
-30
-0.0103591
-22
-0.00759669
-31
-0.0107044
38
0.0131215
35
0.0120856
-6
-0.00207182
-59
-0.0203729
74
0.0255525
52
0.0179558
-14
-0.00483425
124
0.0428177
-65
-0.0224448
-25
-0.0086326
-2
-0.000690608
1
0.000345304
-10
-0.00345304
-79
-0.027279
-64
-0.0220994
-95
-0.0328039
43
0.0148481
-48
-0.0165746
105
0.0362569
4
0.00138122
81
0.0279696
-23
-0.00794199
-16
-0.00552486
13
0.00448895
31
0.0107044
13
0.00448895
-47
-0.0162293
26
0.0089779
1
0.000345304
10
0.00345304
-47
-0.0162293
20
0.00690608
-2
-0.000690608
8
0.00276243
-13
-0.00448895
78
0.0269337
50
0.0172652
-11
-0.00379834
-92
-0.031768
-32
-0.0110497
55
0.0189917
48
0.0165746
-46
-0.015884
29
0.0100138
-89
-0.030732
-63
-0.0217541
-59
-0.0203729
-17
-0.00587017
27
0.0093232
28
0.00966851
-30
-0.0103591
18
0.00621547
-45
-0.0155387
57
0.0196823
-16
-0.00552486
14
0.00483425
25
0.0086326
25
0.0086326
-27
-0.0093232
150
0.0517956
-19
-0.00656077
-39
-0.0134669
35
0.0120856
43
0.0148481
-48
-0.0165746
47
0.0162293
-100
-0.0345304
-34
-0.0117403
74
0.0255525
12
0.00414365
70
0.0241713
-49
-0.0169199
-7
-0.00241713
-58
-0.0200276
6
0.00207182
-61
-0.0210635
-16
-0.00552486
41
0.0141575
-16
-0.00552486
-65
-0.0224448
-56
-0.019337
-40
-0.0138122
32
0.0110497
58
0.0200276
-38
-0.0131215
-31
-0.0107044
7
0.00241713
-66
-0.0227901
-4
-0.00138122
38
0.0131215
-33
-0.011395
102
0.035221
5
0.00172652
27
0.0093232
14
0.00483425
6
0.00207182
6
0.00207182
42
0.0145028
16
0.00552486
-56
-0.019337
-88
-0.0303867
14
0.00483425
65
0.0224448
-36
-0.0124309
-84
-0.0290055
-111
-0.0383287
-58
-0.0200276
-68
-0.0234807
22
0.00759669
-61
-0.0210635
-11
-0.00379834
3
0.00103591
-10
-0.00345304
-53
-0.0183011
26
0.0089779
-32
-0.0110497
-48
-0.0165746
22
0.00759669
-2
-0.000690608
-24
-0.00828729
-13
-0.00448895
15
0.00517956
29
0.0100138
-44
-0.0151934
-30
-0.0103591
-85
-0.0293508
-66
-0.0227901
56
0.019337
0
0
87
0.0300414
16
0.00552486
59
0.0203729
51
0.0176105
-20
-0.00690608
-2
-0.000690608
-8
-0.00276243
28
0.00966851
119
0.0410912
18
0.00621547
9
0.00310773
112
0.038674
50
0.0172652
-52
-0.0179558
-34
-0.0117403
-80
-0.0276243
63
0.0217541
19
0.00656077
-3
-0.00103591
-24
-0.00828729
84
0.0290055
-79
-0.027279
34
0.0117403
21
0.00725138
24
0.00828729
-9
-0.00310773
-7
-0.00241713
11
0.00379834
-97
-0.0334945
28
0.00966851
6
0.00207182
43
0.0148481
-29
-0.0100138
-34
-0.0117403
7
0.00241713
59
0.0203729
37
0.0127762
-26
-0.0089779
-19
-0.00656077
-67
-0.0231354
29
0.0100138
94
0.0324586
-21
-0.00725138
48
0.0165746
-22
-0.00759669
-30
-0.0103591
-13
-0.00448895
81
0.0279696
-11
-0.00379834
124
0.0428177
-55
-0.0189917
-11
-0.00379834
41
0.0141575
-2
-0.000690608
63
0.0217541
34
0.0117403
-1
-0.000345304
-30
-0.0103591
-57
-0.0196823
5
0.00172652
-77
-0.0265884
-85
-0.0293508
29
0.0100138
18
0.00621547
102
0.035221
25
0.0086326
20
0.00690608
-18
-0.00621547
58
0.0200276
22
0.00759669
-70
-0.0241713
-39
-0.0134669
97
0.0334945
9
0.00310773
103
0.0355663
60
0.0207182
7
0.00241713
-32
-0.0110497
38
0.0131215
-53
-0.0183011
-7
-0.00241713
21
0.00725138
-66
-0.0227901
-27
-0.0093232
108
0.0372928
-31
-0.0107044
56
0.019337
-19
-0.00656077
15
0.00517956
-26
-0.0089779
-4
-0.00138122
-32
-0.0110497
-22
-0.00759669
-26
-0.0089779
-87
-0.0300414
7
0.00241713
47
0.0162293
15
0.00517956
-78
-0.0269337
14
0.00483425
-42
-0.0145028
-9
-0.00310773
-63
-0.0217541
30
0.0103591
66
0.0227901
50
0.0172652
25
0.0086326
86
0.0296961
-75
-0.0258978
-25
-0.0086326
-107
-0.0369475
71
0.0245166
-1
-0.000345304
-46
-0.015884
-42
-0.0145028
19
0.00656077
18
0.00621547
115
0.0397099
41
0.0141575
15
0.00517956
-23
-0.00794199
51
0.0176105
-17
-0.00587017
-21
-0.00725138
-72
-0.0248619
1
0.000345304
-37
-0.0127762
24
0.00828729
-60
-0.0207182
58
0.0200276
46
0.015884
-11
-0.00379834
73
0.0252072
-32
-0.0110497
-9
-0.00310773
47
0.0162293
-80
-0.0276243
31
0.0107044
-113
-0.0390193
-20
-0.00690608
-8
-0.00276243
32
0.0110497
-70
-0.0241713
8
0.00276243
28
0.00966851
15
0.00517956
-45
-0.0155387
45
0.0155387
-8
-0.00276243
73
0.0252072
-13
-0.00448895
-85
-0.0293508
-5
-0.00172652
-6
-0.00207182
-117
-0.0404006
64
0.0220994
-44
-0.0151934
25
0.0086326
-4
-0.00138122
-70
-0.0241713
24
0.00828729
3
0.00103591
-75
-0.0258978
17
0.00587017
18
0.00621547
-15
-0.00517956
51
0.0176105
-4
-0.00138122
-9
-0.00310773
-30
-0.0103591
-1
-0.000345304
-45
-0.0155387
-96
-0.0331492
96
0.0331492
25
0.0086326
-20
-0.00690608
-9
-0.00310773
-14
-0.00483425
51
0.0176105
18
0.00621547
86
0.0296961
-65
-0.0224448
-65
-0.0224448
26
0.0089779
-27
-0.0093232
-49
-0.0169199
-36
-0.0124309
-34
-0.0117403
11
0.00379834
15
0.00517956
-92
-0.031768
-42
-0.0145028
-58
-0.0200276
-14
-0.00483425
13
0.00448895
-35
-0.0120856
94
0.0324586
6
0.00207182
12
0.00414365
-15
-0.00517956
21
0.00725138
-16
-0.00552486
106
0.0366022
21
0.00725138
21
0.00725138
-1
-0.000345304
-38
-0.0131215
13
0.00448895
-5
-0.00172652
-8
-0.00276243
-5
-0.00172652
31
0.0107044
14
0.00483425
-13
-0.00448895
-48
-0.0165746
20
0.00690608
-7
-0.00241713
45
0.0155387
103
0.0355663
-10
-0.00345304
74
0.0255525
-62
-0.0214088
5
0.00172652
-52
-0.0179558
65
0.0224448
6
0.00207182
-76
-0.0262431
-47
-0.0162293
-78
-0.0269337
70
0.0241713
64
0.0220994
52
0.0179558
-11
-0.00379834
57
0.0196823
-26
-0.0089779
-12
-0.00414365
32
0.0110497
-20
-0.00690608
-87
-0.0300414
-85
-0.0293508
6
0.00207182
34
0.0117403
-6
-0.00207182
36
0.0124309
-18
-0.00621547
11
0.00379834
36
0.0124309
39
0.0134669
-29
-0.0100138
-42
-0.0145028
-14
-0.00483425
29
0.0100138
60
0.0207182
77
0.0265884
19
0.00656077
-11
-0.00379834
2
0.000690608
-9
-0.00310773
18
0.00621547
-19
-0.00656077
-46
-0.015884
12
0.00414365
17
0.00587017
32
0.0110497
-43
-0.0148481
3
0.00103591
-25
-0.0086326
11
0.00379834
-7
-0.00241713
-14
-0.00483425
-10
-0.00345304
9
0.00310773
-19
-0.00656077
-41
-0.0141575
39
0.0134669
67
0.0231354
-5
-0.00172652
95
0.0328039
-47
-0.0162293
-55
-0.0189917
103
0.0355663
-38
-0.0131215
31
0.0107044
-11
-0.00379834
-20
-0.00690608
71
0.0245166
124
0.0428177
26
0.0089779
94
0.0324586
40
0.0138122
63
0.0217541
-3
-0.00103591
59
0.0203729
54
0.0186464
51
0.0176105
-54
-0.0186464
-127
-0.0438536
41
0.0141575
-7
-0.00241713
-40
-0.0138122
9
0.00310773
24
0.00828729
18
0.00621547
23
0.00794199
-142
-0.0490331
-4
-0.00138122
-6
-0.00207182
-36
-0.0124309
40
0.0138122
31
0.0107044
17
0.00587017
27
0.0093232
-65
-0.0224448
24
0.00828729
9
0.00310773
53
0.0183011
4
0.00138122
55
0.0189917
79
0.027279
-49
-0.0169199
50
0.0172652
3
0.00103591
59
0.0203729
-96
-0.0331492
-39
-0.0134669
14
0.00483425
0
0
-42
-0.0145028
-5
-0.00172652
70
0.0241713
-44
-0.0151934
-28
-0.00966851
97
0.0334945
-17
-0.00587017
64
0.0220994
-14
-0.00483425
50
0.0172652
70
0.0241713
-61
-0.0210635
34
0.0117403
61
0.0210635
79
0.027279
-17
-0.00587017
-33
-0.011395
-58
-0.0200276
-89
-0.030732
-14
-0.00483425
-2
-0.000690608
31
0.0107044
-17
-0.00587017
49
0.0169199
7
0.00241713
38
0.0131215
-16
-0.00552486
23
0.00794199
17
0.00587017
10
0.00345304
38
0.0131215
84
0.0290055
-71
-0.0245166
-21
-0.00725138
-18
-0.00621547
-27
-0.0093232
-23
-0.00794199
-65
-0.0224448
-1
-0.000345304
-1
-0.000345304
0
0
18
0.00621547
14
0.00483425
24
0.00828729
-77
-0.0265884
-85
-0.0293508
10
0.00345304
-35
-0.0120856
11
0.00379834
55
0.0189917
-36
-0.0124309
25
0.0086326
9
0.00310773
-17
-0.00587017
10
0.00345304
-60
-0.0207182
-29
-0.0100138
13
0.00448895
-14
-0.00483425
40
0.0138122
35
0.0120856
85
0.0293508
-8
-0.00276243
30
0.0103591
-33
-0.011395
16
0.00552486
-9
-0.00310773
27
0.0093232
30
0.0103591
12
0.00414365
51
0.0176105
-6
-0.00207182
-33
-0.011395
-39
-0.0134669
-51
-0.0176105
15
0.00517956
17
0.00587017
-43
-0.0148481
15
0.00517956
-29
-0.0100138
46
0.015884
64
0.0220994
-32
-0.0110497
50
0.0172652
0
0
-48
-0.0165746
-60
-0.0207182
80
0.0276243
-7
-0.00241713
-4
-0.00138122
-8
-0.00276243
55
0.0189917
-124
-0.0428177
0
0
-24
-0.00828729
-112
-0.038674
3
0.00103591
-38
-0.0131215
-9
-0.00310773
30
0.0103591
-95
-0.0328039
-67
-0.0231354
79
0.027279
62
0.0214088
-18
-0.00621547
-25
-0.0086326
-18
-0.00621547
-133
-0.0459254
0
0
-58
-0.0200276
-50
-0.0172652
-52
-0.0179558
-23
-0.00794199
-83
-0.0286602
-27
-0.0093232
27
0.0093232
9
0.00310773
-54
-0.0186464
-3
-0.00103591
34
0.0117403
-3
-0.00103591
12
0.00414365
-33
-0.011395
4
0.00138122
24
0.00828729
-100
-0.0345304
59
0.0203729
37
0.0127762
38
0.0131215
-52
-0.0179558
-6
-0.00207182
-7
-0.00241713
21
0.00725138
5
0.00172652
-7
-0.00241713
45
0.0155387
2
0.000690608
-70
-0.0241713
15
0.00517956
-96
-0.0331492
-46
-0.015884
-22
-0.00759669
39
0.0134669
12
0.00414365
35
0.0120856
71
0.0245166
-23
-0.00794199
-72
-0.0248619
-75
-0.0258978
-16
-0.00552486
27
0.0093232
-29
-0.0100138
-18
-0.00621547
55
0.0189917
30
0.0103591
-16
-0.00552486
-71
-0.0245166
-116
-0.0400552
8
0.00276243
-43
-0.0148481
17
0.00587017
14
0.00483425
-71
-0.0245166
-109
-0.0376381
50
0.0172652
10
0.00345304
8
0.00276243
36
0.0124309
-37
-0.0127762
-1
-0.000345304
25
0.0086326
-34
-0.0117403
0
0
-50
-0.0172652
-43
-0.0148481
-53
-0.0183011
86
0.0296961
46
0.015884
-62
-0.0214088
9
0.00310773
-26
-0.0089779
58
0.0200276
4
0.00138122
-56
-0.019337
16
0.00552486
-84
-0.0290055
64
0.0220994
-51
-0.0176105
-50
-0.0172652
-104
-0.0359116
-56
-0.019337
14
0.00483425
-28
-0.00966851
-33
-0.011395
0
0
39
0.0134669
35
0.0120856
-40
-0.0138122
-70
-0.0241713
-52
-0.0179558
114
0.0393646
-44
-0.0151934
-27
-0.0093232
83
0.0286602
48
0.0165746
28
0.00966851
55
0.0189917
9
0.00310773
17
0.00587017
-105
-0.0362569
-20
-0.00690608
-25
-0.0086326
9
0.00310773
-3
-0.00103591
23
0.00794199
-59
-0.0203729
-4
-0.00138122
-65
-0.0224448
-21
-0.00725138
2
0.000690608
-40
-0.0138122
1
0.000345304
-41
-0.0141575
-20
-0.00690608
19
0.00656077
7
0.00241713
-5
-0.00172652
5
0.00172652
-20
-0.00690608
48
0.0165746
-103
-0.0355663
-24
-0.00828729
78
0.0269337
4
0.00138122
-67
-0.0231354
67
0.0231354
-37
-0.0127762
-73
-0.0252072
-27
-0.0093232
-31
-0.0107044
-24
-0.00828729
-46
-0.015884
7
0.00241713
30
0.0103591
-19
-0.00656077
37
0.0127762
-4
-0.00138122
-67
-0.0231354
1
0.000345304
30
0.0103591
-8
-0.00276243
15
0.00517956
-36
-0.0124309
-5
-0.00172652
-97
-0.0334945
9
0.00310773
-50
-0.0172652
-30
-0.0103591
37
0.0127762
30
0.0103591
-80
-0.0276243
88
0.0303867
38
0.0131215
4
0.00138122
140
0.0483425
-86
-0.0296961
23
0.00794199
-28
-0.00966851
20
0.00690608
-18
-0.00621547
68
0.0234807
-81
-0.0279696
-80
-0.0276243
9
0.00310773
-22
-0.00759669
54
0.0186464
-15
-0.00517956
-115
-0.0397099
0
0
-102
-0.035221
14
0.00483425
55
0.0189917
-37
-0.0127762
15
0.00517956
-10
-0.00345304
118
0.0407459
105
0.0362569
36
0.0124309
-20
-0.00690608
-33
-0.011395
-93
-0.0321133
-39
-0.0134669
104
0.0359116
-35
-0.0120856
109
0.0376381
-1
-0.000345304
-36
-0.0124309
-17
-0.00587017
-46
-0.015884
16
0.00552486
21
0.00725138
124
0.0428177
-107
-0.0369475
-1
-0.000345304
-56
-0.019337
-74
-0.0255525
-16
-0.00552486
-68
-0.0234807
-15
-0.00517956
29
0.0100138
19
0.00656077
3
0.00103591
20
0.00690608
83
0.0286602
-79
-0.027279
-25
-0.0086326
42
0.0145028
-90
-0.0310773
19
0.00656077
-20
-0.00690608
42
0.0145028
128
0.0441989
-34
-0.0117403
-1
-0.000345304
2
0.000690608
35
0.0120856
33
0.011395
6
0.00207182
-32
-0.0110497
-88
-0.0303867
-54
-0.0186464
-123
-0.0424724
-2
-0.000690608
-2
-0.000690608
-106
-0.0366022
33
0.011395
-63
-0.0217541
28
0.00966851
-27
-0.0093232
-45
-0.0155387
-27
-0.0093232
18
0.00621547
-13
-0.00448895
14
0.00483425
27
0.0093232
53
0.0183011
-23
-0.00794199
-14
-0.00483425
-21
-0.00725138
-45
-0.0155387
-106
-0.0366022
-65
-0.0224448
100
0.0345304
44
0.0151934
-35
-0.0120856
16
0.00552486
-26
-0.0089779
126
0.0435083
23
0.00794199
-8
-0.00276243
-60
-0.0207182
-62
-0.0214088
-97
-0.0334945
148
0.051105
88
0.0303867
61
0.0210635
-46
-0.015884
87
0.0300414
110
0.0379834
32
0.0110497
28
0.00966851
22
0.00759669
44
0.0151934
-20
-0.00690608
22
0.00759669
70
0.0241713
-37
-0.0127762
1
0.000345304
31
0.0107044
-69
-0.023826
-3
-0.00103591
-20
-0.00690608
2
0.000690608
-47
-0.0162293
-99
-0.0341851
0
0
8
0.00276243
24
0.00828729
-81
-0.0279696
42
0.0145028
-54
-0.0186464
49
0.0169199
66
0.0227901
-37
-0.0127762
-62
-0.0214088
-71
-0.0245166
-4
-0.00138122
-74
-0.0255525
47
0.0162293
-54
-0.0186464
-19
-0.00656077
-35
-0.0120856
-14
-0.00483425
2
0.000690608
-107
-0.0369475
-62
-0.0214088
52
0.0179558
63
0.0217541
-61
-0.0210635
-44
-0.0151934
17
0.00587017
-43
-0.0148481
66
0.0227901
3
0.00103591
31
0.0107044
-4
-0.00138122
17
0.00587017
76
0.0262431
-114
-0.0393646
-38
-0.0131215
-17
-0.00587017
-29
-0.0100138
-81
-0.0279696
-5
-0.00172652
1
0.000345304
7
0.00241713
90
0.0310773
51
0.0176105
42
0.0145028
68
0.0234807
75
0.0258978
36
0.0124309
-78
-0.0269337
-61
-0.0210635
5
0.00172652
42
0.0145028
-69
-0.023826
-45
-0.0155387
-5
-0.00172652
17
0.00587017
-8
-0.00276243
53
0.0183011
-93
-0.0321133
1
0.000345304
15
0.00517956
38
0.0131215
6
0.00207182
51
0.0176105
-36
-0.0124309
-54
-0.0186464
16
0.00552486
-7
-0.00241713
96
0.0331492
41
0.0141575
86
0.0296961
68
0.0234807
-58
-0.0200276
94
0.0324586
-49
-0.0169199
-6
-0.00207182
-50
-0.0172652
2
0.000690608
52
0.0179558
71
0.0245166
-22
-0.00759669
68
0.0234807
-85
-0.0293508
-104
-0.0359116
-52
-0.0179558
18
0.00621547
22
0.00759669
-76
-0.0262431
-22
-0.00759669
-65
-0.0224448
-33
-0.011395
37
0.0127762
59
0.0203729
-30
-0.0103591
55
0.0189917
-12
-0.00414365
48
0.0165746
-34
-0.0117403
18
0.00621547
-101
-0.0348757
67
0.0231354
-30
-0.0103591
-79
-0.027279
-29
-0.0100138
-27
-0.0093232
-13
-0.00448895
-17
-0.00587017
20
0.00690608
-34
-0.0117403
-8
-0.00276243
14
0.00483425
60
0.0207182
27
0.0093232
-169
-0.0583564
-49
-0.0169199
-3
-0.00103591
126
0.0435083
-8
-0.00276243
39
0.0134669
-44
-0.0151934
-9
-0.00310773
-21
-0.00725138
44
0.0151934
33
0.011395
7
0.00241713
22
0.00759669
-1
-0.000345304
18
0.00621547
9
0.00310773
5
0.00172652
27
0.0093232
104
0.0359116
-61
-0.0210635
-66
-0.0227901
73
0.0252072
-46
-0.015884
51
0.0176105
-14
-0.00483425
-30
-0.0103591
109
0.0376381
84
0.0290055
47
0.0162293
29
0.0100138
99
0.0341851
-102
-0.035221
9
0.00310773
43
0.0148481
38
0.0131215
-13
-0.00448895
-12
-0.00414365
12
0.00414365
-36
-0.0124309
-17
-0.00587017
-40
-0.0138122
-11
-0.00379834
-90
-0.0310773
71
0.0245166
-63
-0.0217541
-5
-0.00172652
48
0.0165746
-29
-0.0100138
-45
-0.0155387
-16
-0.00552486
-73
-0.0252072
76
0.0262431
24
0.00828729
-56
-0.019337
48
0.0165746
3
0.00103591
68
0.0234807
-28
-0.00966851
7
0.00241713
6
0.00207182
63
0.0217541
3
0.00103591
85
0.0293508
56
0.019337
19
0.00656077
-52
-0.0179558
-5
-0.00172652
33
0.011395
-39
-0.0134669
-15
-0.00517956
-51
-0.0176105
-81
-0.0279696
-8
-0.00276243
-54
-0.0186464
-72
-0.0248619
23
0.00794199
71
0.0245166
-63
-0.0217541
-55
-0.0189917
118
0.0407459
78
0.0269337
47
0.0162293
44
0.0151934
59
0.0203729
21
0.00725138
84
0.0290055
29
0.0100138
5
0.00172652
-39
-0.0134669
-1
-0.000345304
-1
-0.000345304
25
0.0086326
-49
-0.0169199
-20
-0.00690608
114
0.0393646
-28
-0.00966851
-9
-0.00310773
-22
-0.00759669
14
0.00483425
3
0.00103591
-7
-0.00241713
47
0.0162293
19
0.00656077
52
0.0179558
114
0.0393646
49
0.0169199
-60
-0.0207182
28
0.00966851
-88
-0.0303867
44
0.0151934
45
0.0155387
-7
-0.00241713
-85
-0.0293508
29
0.0100138
11
0.00379834
-23
-0.00794199
-21
-0.00725138
-52
-0.0179558
-40
-0.0138122
1
0.000345304
45
0.0155387
14
0.00483425
3
0.00103591
41
0.0141575
-63
-0.0217541
6
0.00207182
18
0.00621547
-42
-0.0145028
-19
-0.00656077
30
0.0103591
-36
-0.0124309
-53
-0.0183011
7
0.00241713
100
0.0345304
-100
-0.0345304
27
0.0093232
62
0.0214088
-27
-0.0093232
5
0.00172652
65
0.0224448
-28
-0.00966851
63
0.0217541
-35
-0.0120856
16
0.00552486
29
0.0100138
-30
-0.0103591
8
0.00276243
-2
-0.000690608
4
0.00138122
-11
-0.00379834
-53
-0.0183011
17
0.00587017
67
0.0231354
17
0.00587017
40
0.0138122
-76
-0.0262431
-61
-0.0210635
29
0.0100138
-34
-0.0117403
63
0.0217541
-96
-0.0331492
-4
-0.00138122
37
0.0127762
86
0.0296961
35
0.0120856
-56
-0.019337
145
0.0500691
23
0.00794199
-51
-0.0176105
-78
-0.0269337
-28
-0.00966851
-60
-0.0207182
92
0.031768
-24
-0.00828729
20
0.00690608
-1
-0.000345304
2
0.000690608
-31
-0.0107044
141
0.0486878
-40
-0.0138122
23
0.00794199
55
0.0189917
-21
-0.00725138
63
0.0217541
-53
-0.0183011
0
0
-12
-0.00414365
29
0.0100138
9
0.00310773
-63
-0.0217541
-65
-0.0224448
6
0.00207182
55
0.0189917
-48
-0.0165746
-64
-0.0220994
-15
-0.00517956
109
0.0376381
-4
-0.00138122
-147
-0.0507597
-32
-0.0110497
-18
-0.00621547
-37
-0.0127762
-28
-0.00966851
-25
-0.0086326
-27
-0.0093232
-58
-0.0200276
-109
-0.0376381
117
0.0404006
85
0.0293508
-48
-0.0165746
-61
-0.0210635
-25
-0.0086326
50
0.0172652
-82
-0.0283149
-65
-0.0224448
19
0.00656077
-69
-0.023826
9
0.00310773
-44
-0.0151934
5
0.00172652
24
0.00828729
-52
-0.0179558
90
0.0310773
-15
-0.00517956
24
0.00828729
8
0.00276243
-116
-0.0400552
-1
-0.000345304
-13
-0.00448895
-38
-0.0131215
72
0.0248619
89
0.030732
-54
-0.0186464
-50
-0.0172652
-2
-0.000690608
26
0.0089779
91
0.0314227
-43
-0.0148481
-77
-0.0265884
5
0.00172652
-50
-0.0172652
37
0.0127762
-12
-0.00414365
9
0.00310773
38
0.0131215
18
0.00621547
2
0.000690608
-25
-0.0086326
157
0.0542127
78
0.0269337
87
0.0300414
-66
-0.0227901
-84
-0.0290055
21
0.00725138
-116
-0.0400552
-28
-0.00966851
-31
-0.0107044
50
0.0172652
-23
-0.00794199
91
0.0314227
-32
-0.0110497
1
0.000345304
-21
-0.00725138
-94
-0.0324586
-80
-0.0276243
-6
-0.00207182
44
0.0151934
1
0.000345304
-15
-0.00517956
-1
-0.000345304
-92
-0.031768
-9
-0.00310773
-2
-0.000690608
-69
-0.023826
