-8
-0.0078125
-53
-0.0517578
-3
-0.00292969
36
0.0351562
-16
-0.015625
-42
-0.0410156
0
0
75
0.0732422
-4
-0.00390625
13
0.0126953
-22
-0.0214844
0
0
-3
-0.00292969
30
0.0292969
37
0.0361328
36
0.0351562
45
0.0439453
4
0.00390625
-21
-0.0205078
-13
-0.0126953
2
0.00195312
-58
-0.0566406
-44
-0.0429688
6
0.00585938
-1
-0.000976562
12
0.0117188
26
0.0253906
15
0.0146484
-20
-0.0195312
24
0.0234375
-10
-0.00976562
6
0.00585938
2
0.00195312
-16
-0.015625
-57
-0.0556641
-17
-0.0166016
37
0.0361328
0
0
11
0.0107422
-8
-0.0078125
51
0.0498047
11
0.0107422
-11
-0.0107422
31
0.0302734
76
0.0742188
8
0.0078125
-43
-0.0419922
8
0.0078125
45
0.0439453
-26
-0.0253906
-39
-0.0380859
-18
-0.0175781
-17
-0.0166016
30
0.0292969
15
0.0146484
-16
-0.015625
20
0.0195312
42
0.0410156
19
0.0185547
-19
-0.0185547
1
0.000976562
8
0.0078125
36
0.0351562
-9
-0.00878906
12
0.0117188
-11
-0.0107422
38
0.0371094
-33
-0.0322266
-2
-0.00195312
-22
-0.0214844
18
0.0175781
8
0.0078125
-6
-0.00585938
-7
-0.00683594
-47
-0.0458984
-21
-0.0205078
-1
-0.000976562
-29
-0.0283203
-47
-0.0458984
-3
-0.00292969
25
0.0244141
26
0.0253906
15
0.0146484
-18
-0.0175781
-8
-0.0078125
-1
-0.000976562
17
0.0166016
2
0.00195312
13
0.0126953
-27
-0.0263672
30
0.0292969
-9
-0.00878906
17
0.0166016
-34
-0.0332031
66
0.0644531
6
0.00585938
-5
-0.00488281
33
0.0322266
47
0.0458984
41
0.0400391
-1
-0.000976562
-17
-0.0166016
-37
-0.0361328
-11
-0.0107422
-10
-0.00976562
-68
-0.0664062
-29
-0.0283203
2
0.00195312
-38
-0.0371094
7
0.00683594
22
0.0214844
-35
-0.0341797
0
0
-11
-0.0107422
-44
-0.0429688
11
0.0107422
30
0.0292969
50
0.0488281
-22
-0.0214844
33
0.0322266
-41
-0.0400391
22
0.0214844
-33
-0.0322266
24
0.0234375
62
0.0605469
46
0.0449219
45
0.0439453
-7
-0.00683594
0
0
2
0.00195312
-26
-0.0253906
-25
-0.0244141
-69
-0.0673828
-49
-0.0478516
21
0.0205078
26
0.0253906
4
0.00390625
43
0.0419922
-11
-0.0107422
5
0.00488281
-55
-0.0537109
54
0.0527344
28
0.0273438
11
0.0107422
3
0.00292969
30
0.0292969
-51
-0.0498047
-42
-0.0410156
-3
-0.00292969
7
0.00683594
-5
-0.00488281
23
0.0224609
61
0.0595703
-24
-0.0234375
44
0.0429688
7
0.00683594
-26
-0.0253906
38
0.0371094
-7
-0.00683594
-39
-0.0380859
48
0.046875
42
0.0410156
-68
-0.0664062
30
0.0292969
-39
-0.0380859
-45
-0.0439453
11
0.0107422
10
0.00976562
21
0.0205078
-55
-0.0537109
5
0.00488281
-3
-0.00292969
18
0.0175781
3
0.00292969
-23
-0.0224609
37
0.0361328
-21
-0.0205078
-11
-0.0107422
31
0.0302734
30
0.0292969
-55
-0.0537109
-16
-0.015625
44
0.0429688
4
0.00390625
8
0.0078125
-25
-0.0244141
59
0.0576172
6
0.00585938
21
0.0205078
-36
-0.0351562
-41
-0.0400391
-15
-0.0146484
15
0.0146484
35
0.0341797
-9
-0.00878906
24
0.0234375
5
0.00488281
26
0.0253906
-14
-0.0136719
21
0.0205078
-2
-0.00195312
35
0.0341797
23
0.0224609
25
0.0244141
-10
-0.00976562
-5
-0.00488281
-49
-0.0478516
-1
-0.000976562
-48
-0.046875
-67
-0.0654297
-27
-0.0263672
5
0.00488281
13
0.0126953
19
0.0185547
-37
-0.0361328
-23
-0.0224609
2
0.00195312
10
0.00976562
-6
-0.00585938
0
0
-2
-0.00195312
27
0.0263672
4
0.00390625
-30
-0.0292969
39
0.0380859
-3
-0.00292969
2
0.00195312
51
0.0498047
46
0.0449219
-9
-0.00878906
12
0.0117188
13
0.0126953
30
0.0292969
0
0
-36
-0.0351562
-27
-0.0263672
-32
-0.03125
-42
-0.0410156
-22
-0.0214844
-6
-0.00585938
6
0.00585938
26
0.0253906
27
0.0263672
-36
-0.0351562
-19
-0.0185547
-18
-0.0175781
27
0.0263672
18
0.0175781
-22
-0.0214844
-20
-0.0195312
-10
-0.00976562
-39
-0.0380859
52
0.0507812
-40
-0.0390625
-27
-0.0263672
13
0.0126953
-55
-0.0537109
29
0.0283203
69
0.0673828
-10
-0.00976562
17
0.0166016
5
0.00488281
65
0.0634766
17
0.0166016
42
0.0410156
-3
-0.00292969
0
0
1
0.000976562
56
0.0546875
18
0.0175781
29
0.0283203
-30
-0.0292969
-50
-0.0488281
18
0.0175781
4
0.00390625
16
0.015625
14
0.0136719
-5
-0.00488281
-8
-0.0078125
15
0.0146484
4
0.00390625
4
0.00390625
62
0.0605469
49
0.0478516
4
0.00390625
48
0.046875
7
0.00683594
20
0.0195312
-26
-0.0253906
-15
-0.0146484
-28
-0.0273438
-14
-0.0136719
14
0.0136719
0
0
-50
-0.0488281
-22
-0.0214844
-44
-0.0429688
-24
-0.0234375
-10
-0.00976562
-18
-0.0175781
59
0.0576172
-7
-0.00683594
-35
-0.0341797
36
0.0351562
47
0.0458984
-43
-0.0419922
0
0
-41
-0.0400391
9
0.00878906
2
0.00195312
-10
-0.00976562
10
0.00976562
15
0.0146484
-6
-0.00585938
-39
-0.0380859
-4
-0.00390625
-29
-0.0283203
-57
-0.0556641
44
0.0429688
25
0.0244141
-9
-0.00878906
73
0.0712891
-6
-0.00585938
0
0
-1
-0.000976562
19
0.0185547
16
0.015625
2
0.00195312
-11
-0.0107422
17
0.0166016
35
0.0341797
28
0.0273438
21
0.0205078
-64
-0.0625
30
0.0292969
-10
-0.00976562
-19
-0.0185547
-14
-0.0136719
-7
-0.00683594
41
0.0400391
-22
-0.0214844
33
0.0322266
7
0.00683594
-12
-0.0117188
7
0.00683594
5
0.00488281
22
0.0214844
-19
-0.0185547
31
0.0302734
37
0.0361328
-29
-0.0283203
17
0.0166016
2
0.00195312
-17
-0.0166016
59
0.0576172
-14
-0.0136719
-47
-0.0458984
-19
-0.0185547
17
0.0166016
-33
-0.0322266
40
0.0390625
39
0.0380859
-1
-0.000976562
17
0.0166016
7
0.00683594
0
0
8
0.0078125
-9
-0.00878906
-16
-0.015625
-25
-0.0244141
-15
-0.0146484
27
0.0263672
-66
-0.0644531
27
0.0263672
28
0.0273438
-2
-0.00195312
-4
-0.00390625
-21
-0.0205078
-21
-0.0205078
1
0.000976562
-41
-0.0400391
-11
-0.0107422
-52
-0.0507812
19
0.0185547
-16
-0.015625
20
0.0195312
1
0.000976562
-5
-0.00488281
-43
-0.0419922
-8
-0.0078125
38
0.0371094
-7
-0.00683594
29
0.0283203
-1
-0.000976562
41
0.0400391
-17
-0.0166016
10
0.00976562
23
0.0224609
-22
-0.0214844
-29
-0.0283203
-10
-0.00976562
-47
-0.0458984
6
0.00585938
58
0.0566406
2
0.00195312
40
0.0390625
37
0.0361328
11
0.0107422
6
0.00585938
15
0.0146484
-13
-0.0126953
30
0.0292969
-3
-0.00292969
-3
-0.00292969
17
0.0166016
28
0.0273438
-54
-0.0527344
-31
-0.0302734
2
0.00195312
-34
-0.0332031
-10
-0.00976562
29
0.0283203
-29
-0.0283203
76
0.0742188
26
0.0253906
7
0.00683594
36
0.0351562
-3
-0.00292969
-31
-0.0302734
-59
-0.0576172
-7
-0.00683594
63
0.0615234
27
0.0263672
3
0.00292969
-18
-0.0175781
18
0.0175781
-37
-0.0361328
15
0.0146484
-17
-0.0166016
2
0.00195312
57
0.0556641
37
0.0361328
1
0.000976562
15
0.0146484
3
0.00292969
-20
-0.0195312
-46
-0.0449219
17
0.0166016
-34
-0.0332031
-28
-0.0273438
2
0.00195312
17
0.0166016
38
0.0371094
30
0.0292969
3
0.00292969
45
0.0439453
17
0.0166016
0
0
-5
-0.00488281
-40
-0.0390625
2
0.00195312
13
0.0126953
-9
-0.00878906
44
0.0429688
-17
-0.0166016
-53
-0.0517578
5
0.00488281
-39
-0.0380859
-40
-0.0390625
-9
-0.00878906
-48
-0.046875
40
0.0390625
-39
-0.0380859
38
0.0371094
-14
-0.0136719
-26
-0.0253906
-23
-0.0224609
19
0.0185547
-10
-0.00976562
-18
-0.0175781
-55
-0.0537109
-18
-0.0175781
19
0.0185547
17
0.0166016
6
0.00585938
-61
-0.0595703
-23
-0.0224609
1
0.000976562
-25
-0.0244141
-17
-0.0166016
-53
-0.0517578
12
0.0117188
22
0.0214844
-42
-0.0410156
35
0.0341797
19
0.0185547
-13
-0.0126953
-25
-0.0244141
27
0.0263672
-61
-0.0595703
-13
-0.0126953
-16
-0.015625
18
0.0175781
13
0.0126953
21
0.0205078
2
0.00195312
-10
-0.00976562
-11
-0.0107422
51
0.0498047
1
0.000976562
-15
-0.0146484
-37
-0.0361328
-23
-0.0224609
3
0.00292969
-6
-0.00585938
-31
-0.0302734
-12
-0.0117188
-33
-0.0322266
-21
-0.0205078
44
0.0429688
42
0.0410156
2
0.00195312
5
0.00488281
-50
-0.0488281
18
0.0175781
0
0
8
0.0078125
16
0.015625
16
0.015625
-20
-0.0195312
24
0.0234375
-28
-0.0273438
-16
-0.015625
52
0.0507812
-61
-0.0595703
24
0.0234375
39
0.0380859
14
0.0136719
68
0.0664062
34
0.0332031
-18
-0.0175781
18
0.0175781
-57
-0.0556641
26
0.0253906
0
0
-16
-0.015625
-10
-0.00976562
-23
-0.0224609
54
0.0527344
18
0.0175781
-8
-0.0078125
-22
-0.0214844
20
0.0195312
7
0.00683594
-14
-0.0136719
73
0.0712891
-1
-0.000976562
-38
-0.0371094
32
0.03125
-29
-0.0283203
-47
-0.0458984
-5
-0.00488281
23
0.0224609
22
0.0214844
-25
-0.0244141
36
0.0351562
48
0.046875
77
0.0751953
-42
-0.0410156
25
0.0244141
36
0.0351562
11
0.0107422
13
0.0126953
20
0.0195312
55
0.0537109
-6
-0.00585938
75
0.0732422
32
0.03125
-17
-0.0166016
-43
-0.0419922
-50
-0.0488281
38
0.0371094
17
0.0166016
-25
-0.0244141
-2
-0.00195312
67
0.0654297
-39
-0.0380859
21
0.0205078
-46
-0.0449219
0
0
29
0.0283203
6
0.00585938
-9
-0.00878906
-9
-0.00878906
-35
-0.0341797
17
0.0166016
-2
-0.00195312
15
0.0146484
18
0.0175781
44
0.0429688
31
0.0302734
-17
-0.0166016
-3
-0.00292969
16
0.015625
0
0
22
0.0214844
0
0
-5
-0.00488281
-8
-0.0078125
-2
-0.00195312
18
0.0175781
34
0.0332031
-23
-0.0224609
-12
-0.0117188
-13
-0.0126953
23
0.0224609
30
0.0292969
-8
-0.0078125
16
0.015625
24
0.0234375
-14
-0.0136719
7
0.00683594
8
0.0078125
7
0.00683594
-73
-0.0712891
-15
-0.0146484
34
0.0332031
-31
-0.0302734
-6
-0.00585938
18
0.0175781
-3
-0.00292969
22
0.0214844
10
0.00976562
-40
-0.0390625
-15
-0.0146484
-19
-0.0185547
24
0.0234375
30
0.0292969
-12
-0.0117188
-26
-0.0253906
31
0.0302734
-33
-0.0322266
-25
-0.0244141
1
0.000976562
-20
-0.0195312
30
0.0292969
13
0.0126953
-42
-0.0410156
-10
-0.00976562
-15
-0.0146484
-8
-0.0078125
60
0.0585938
-37
-0.0361328
29
0.0283203
38
0.0371094
43
0.0419922
-19
-0.0185547
-5
-0.00488281
82
0.0800781
-9
-0.00878906
15
0.0146484
-1
-0.000976562
-7
-0.00683594
10
0.00976562
-4
-0.00390625
-32
-0.03125
-24
-0.0234375
-22
-0.0214844
22
0.0214844
9
0.00878906
-40
-0.0390625
-27
-0.0263672
22
0.0214844
-8
-0.0078125
-31
-0.0302734
26
0.0253906
35
0.0341797
-42
-0.0410156
-11
-0.0107422
-5
-0.00488281
2
0.00195312
-31
-0.0302734
4
0.00390625
19
0.0185547
-15
-0.0146484
-13
-0.0126953
12
0.0117188
45
0.0439453
-42
-0.0410156
-24
-0.0234375
23
0.0224609
-16
-0.015625
-66
-0.0644531
11
0.0107422
23
0.0224609
4
0.00390625
-26
-0.0253906
15
0.0146484
-12
-0.0117188
-13
-0.0126953
46
0.0449219
29
0.0283203
37
0.0361328
22
0.0214844
1
0.000976562
24
0.0234375
26
0.0253906
-3
-0.00292969
-38
-0.0371094
4
0.00390625
-11
-0.0107422
-45
-0.0439453
38
0.0371094
13
0.0126953
-17
-0.0166016
5
0.00488281
-10
-0.00976562
-15
-0.0146484
44
0.0429688
2
0.00195312
-3
-0.00292969
0
0
-15
-0.0146484
-4
-0.00390625
-19
-0.0185547
0
0
47
0.0458984
0
0
-13
-0.0126953
-27
-0.0263672
-5
-0.00488281
39
0.0380859
59
0.0576172
31
0.0302734
20
0.0195312
-35
-0.0341797
-38
-0.0371094
-1
-0.000976562
-27
-0.0263672
42
0.0410156
-38
-0.0371094
-68
-0.0664062
11
0.0107422
34
0.0332031
47
0.0458984
-14
-0.0136719
17
0.0166016
31
0.0302734
8
0.0078125
-38
-0.0371094
-23
-0.0224609
19
0.0185547
19
0.0185547
-6
-0.00585938
-19
-0.0185547
15
0.0146484
26
0.0253906
26
0.0253906
-34
-0.0332031
-8
-0.0078125
71
0.0693359
1
0.000976562
5
0.00488281
5
0.00488281
19
0.0185547
-10
-0.00976562
-16
-0.015625
-62
-0.0605469
26
0.0253906
-6
-0.00585938
-1
-0.000976562
2
0.00195312
-61
-0.0595703
32
0.03125
-76
-0.0742188
-4
-0.00390625
36
0.0351562
-50
-0.0488281
21
0.0205078
-31
-0.0302734
6
0.00585938
3
0.00292969
-11
-0.0107422
-36
-0.0351562
10
0.00976562
14
0.0136719
-5
-0.00488281
-15
-0.0146484
54
0.0527344
24
0.0234375
36
0.0351562
20
0.0195312
22
0.0214844
-89
-0.0869141
12
0.0117188
-49
-0.0478516
7
0.00683594
36
0.0351562
8
0.0078125
-22
-0.0214844
-66
-0.0644531
36
0.0351562
-23
-0.0224609
-1
-0.000976562
-52
-0.0507812
-5
-0.00488281
29
0.0283203
-14
-0.0136719
-2
-0.00195312
-13
-0.0126953
34
0.0332031
-30
-0.0292969
0
0
-29
-0.0283203
14
0.0136719
66
0.0644531
8
0.0078125
16
0.015625
25
0.0244141
29
0.0283203
52
0.0507812
-58
-0.0566406
-41
-0.0400391
-18
-0.0175781
48
0.046875
-7
-0.00683594
-21
-0.0205078
15
0.0146484
5
0.00488281
31
0.0302734
10
0.00976562
6
0.00585938
-19
-0.0185547
-22
-0.0214844
15
0.0146484
8
0.0078125
54
0.0527344
34
0.0332031
8
0.0078125
13
0.0126953
-12
-0.0117188
-8
-0.0078125
15
0.0146484
-12
-0.0117188
-15
-0.0146484
13
0.0126953
-37
-0.0361328
3
0.00292969
13
0.0126953
8
0.0078125
32
0.03125
14
0.0136719
51
0.0498047
53
0.0517578
1
0.000976562
-51
-0.0498047
-28
-0.0273438
-19
-0.0185547
40
0.0390625
-18
-0.0175781
52
0.0507812
-21
-0.0205078
4
0.00390625
8
0.0078125
-40
-0.0390625
5
0.00488281
-18
-0.0175781
-6
-0.00585938
-8
-0.0078125
-9
-0.00878906
-7
-0.00683594
12
0.0117188
41
0.0400391
22
0.0214844
40
0.0390625
-10
-0.00976562
23
0.0224609
-2
-0.00195312
-8
-0.0078125
0
0
8
0.0078125
-26
-0.0253906
-7
-0.00683594
-2
-0.00195312
20
0.0195312
38
0.0371094
-14
-0.0136719
32
0.03125
-26
-0.0253906
10
0.00976562
24
0.0234375
-24
-0.0234375
-14
-0.0136719
20
0.0195312
20
0.0195312
11
0.0107422
84
0.0820312
-32
-0.03125
-6
-0.00585938
3
0.00292969
-5
-0.00488281
21
0.0205078
31
0.0302734
2
0.00195312
82
0.0800781
5
0.00488281
-20
-0.0195312
6
0.00585938
-33
-0.0322266
20
0.0195312
3
0.00292969
-26
-0.0253906
-30
-0.0292969
18
0.0175781
44
0.0429688
-36
-0.0351562
47
0.0458984
-41
-0.0400391
22
0.0214844
-1
-0.000976562
-11
-0.0107422
0
0
-100
-0.0976562
-30
-0.0292969
-14
-0.0136719
-39
-0.0380859
-18
-0.0175781
14
0.0136719
-4
-0.00390625
-7
-0.00683594
-6
-0.00585938
30
0.0292969
-28
-0.0273438
-39
-0.0380859
-53
-0.0517578
-5
-0.00488281
-32
-0.03125
37
0.0361328
-16
-0.015625
15
0.0146484
74
0.0722656
39
0.0380859
-23
-0.0224609
-21
-0.0205078
14
0.0136719
4
0.00390625
-1
-0.000976562
-10
-0.00976562
32
0.03125
-72
-0.0703125
-5
-0.00488281
-2
-0.00195312
15
0.0146484
-22
-0.0214844
17
0.0166016
-7
-0.00683594
11
0.0107422
23
0.0224609
-26
-0.0253906
4
0.00390625
16
0.015625
3
0.00292969
-46
-0.0449219
-25
-0.0244141
-11
-0.0107422
24
0.0234375
26
0.0253906
15
0.0146484
-18
-0.0175781
28
0.0273438
1
0.000976562
45
0.0439453
-29
-0.0283203
-11
-0.0107422
18
0.0175781
3
0.00292969
-47
-0.0458984
32
0.03125
-18
-0.0175781
27
0.0263672
74
0.0722656
-10
-0.00976562
56
0.0546875
29
0.0283203
30
0.0292969
47
0.0458984
40
0.0390625
33
0.0322266
-19
-0.0185547
-18
-0.0175781
0
0
-5
-0.00488281
28
0.0273438
2
0.00195312
-11
-0.0107422
-2
-0.00195312
-18
-0.0175781
38
0.0371094
-47
-0.0458984
5
0.00488281
-15
-0.0146484
15
0.0146484
10
0.00976562
17
0.0166016
42
0.0410156
-48
-0.046875
5
0.00488281
3
0.00292969
-11
-0.0107422
2
0.00195312
-7
-0.00683594
34
0.0332031
5
0.00488281
-12
-0.0117188
7
0.00683594
12
0.0117188
-21
-0.0205078
-18
-0.0175781
31
0.0302734
32
0.03125
85
0.0830078
-42
-0.0410156
28
0.0273438
18
0.0175781
43
0.0419922
23
0.0224609
34
0.0332031
26
0.0253906
-22
-0.0214844
33
0.0322266
10
0.00976562
-17
-0.0166016
2
0.00195312
32
0.03125
-56
-0.0546875
46
0.0449219
-2
-0.00195312
20
0.0195312
52
0.0507812
39
0.0380859
9
0.00878906
30
0.0292969
-17
-0.0166016
-56
-0.0546875
45
0.0439453
-4
-0.00390625
36
0.0351562
-16
-0.015625
-117
-0.114258
-5
-0.00488281
2
0.00195312
-7
-0.00683594
-15
-0.0146484
-34
-0.0332031
28
0.0273438
11
0.0107422
-26
-0.0253906
-31
-0.0302734
-8
-0.0078125
-14
-0.0136719
29
0.0283203
-27
-0.0263672
23
0.0224609
24
0.0234375
21
0.0205078
37
0.0361328
-10
-0.00976562
4
0.00390625
-7
-0.00683594
52
0.0507812
13
0.0126953
56
0.0546875
-16
-0.015625
-63
-0.0615234
-17
-0.0166016
-80
-0.078125
63
0.0615234
-11
-0.0107422
-27
-0.0263672
-39
-0.0380859
20
0.0195312
-28
-0.0273438
-29
-0.0283203
-33
-0.0322266
-26
-0.0253906
-8
-0.0078125
56
0.0546875
-1
-0.000976562
-29
-0.0283203
13
0.0126953
9
0.00878906
-16
-0.015625
-29
-0.0283203
40
0.0390625
-42
-0.0410156
-31
-0.0302734
-8
-0.0078125
12
0.0117188
-2
-0.00195312
14
0.0136719
4
0.00390625
10
0.00976562
-18
-0.0175781
-68
-0.0664062
18
0.0175781
21
0.0205078
14
0.0136719
20
0.0195312
-44
-0.0429688
-30
-0.0292969
-20
-0.0195312
-10
-0.00976562
27
0.0263672
4
0.00390625
17
0.0166016
-20
-0.0195312
-10
-0.00976562
29
0.0283203
58
0.0566406
-2
-0.00195312
15
0.0146484
-20
-0.0195312
-16
-0.015625
-23
-0.0224609
-23
-0.0224609
26
0.0253906
-20
-0.0195312
-1
-0.000976562
40
0.0390625
1
0.000976562
18
0.0175781
19
0.0185547
36
0.0351562
48
0.046875
4
0.00390625
20
0.0195312
-38
-0.0371094
-38
-0.0371094
54
0.0527344
-1
-0.000976562
-57
-0.0556641
29
0.0283203
-17
-0.0166016
12
0.0117188
-33
-0.0322266
-2
-0.00195312
-5
-0.00488281
-59
-0.0576172
44
0.0429688
-15
-0.0146484
46
0.0449219
-62
-0.0605469
-23
-0.0224609
-65
-0.0634766
-67
-0.0654297
-35
-0.0341797
36
0.0351562
-15
-0.0146484
31
0.0302734
-10
-0.00976562
25
0.0244141
-13
-0.0126953
15
0.0146484
8
0.0078125
21
0.0205078
0
0
-23
-0.0224609
12
0.0117188
6
0.00585938
-13
-0.0126953
-35
-0.0341797
-21
-0.0205078
21
0.0205078
-72
-0.0703125
-50
-0.0488281
-17
-0.0166016
14
0.0136719
-11
-0.0107422
11
0.0107422
-44
-0.0429688
-47
-0.0458984
-14
-0.0136719
45
0.0439453
-44
-0.0429688
-8
-0.0078125
-2
-0.00195312
-35
-0.0341797
8
0.0078125
-34
-0.0332031
-22
-0.0214844
-18
-0.0175781
-20
-0.0195312
7
0.00683594
13
0.0126953
14
0.0136719
19
0.0185547
38
0.0371094
3
0.00292969
8
0.0078125
11
0.0107422
-2
-0.00195312
-19
-0.0185547
15
0.0146484
-89
-0.0869141
-44
-0.0429688
-26
-0.0253906
8
0.0078125
-13
-0.0126953
-3
-0.00292969
35
0.0341797
-29
-0.0283203
33
0.0322266
-11
-0.0107422
-3
-0.00292969
-19
-0.0185547
-15
-0.0146484
-7
-0.00683594
16
0.015625
-4
-0.00390625
35
0.0341797
99
0.0966797
22
0.0214844
-21
-0.0205078
-32
-0.03125
36
0.0351562
26
0.0253906
26
0.0253906
12
0.0117188
-83
-0.0810547
18
0.0175781
-25
-0.0244141
-22
-0.0214844
-22
-0.0214844
5
0.00488281
7
0.00683594
2
0.00195312
-16
-0.015625
5
0.00488281
9
0.00878906
-33
-0.0322266
4
0.00390625
12
0.0117188
-43
-0.0419922
-13
-0.0126953
11
0.0107422
-3
-0.00292969
-18
-0.0175781
4
0.00390625
-57
-0.0556641
-17
-0.0166016
-60
-0.0585938
4
0.00390625
-14
-0.0136719
15
0.0146484
3
0.00292969
8
0.0078125
82
0.0800781
-4
-0.00390625
11
0.0107422
-24
-0.0234375
-23
-0.0224609
-52
-0.0507812
11
0.0107422
-11
-0.0107422
24
0.0234375
12
0.0117188
45
0.0439453
21
0.0205078
33
0.0322266
-41
-0.0400391
-1
-0.000976562
41
0.0400391
-50
-0.0488281
49
0.0478516
-6
-0.00585938
-20
-0.0195312
8
0.0078125
-27
-0.0263672
-50
-0.0488281
-40
-0.0390625
-69
-0.0673828
-12
-0.0117188
-12
-0.0117188
26
0.0253906
-18
-0.0175781
37
0.0361328
-9
-0.00878906
-25
-0.0244141
34
0.0332031
-13
-0.0126953
25
0.0244141
16
0.015625
-8
-0.0078125
5
0.00488281
-44
-0.0429688
-10
-0.00976562
30
0.0292969
18
0.0175781
2
0.00195312
-24
-0.0234375
-15
-0.0146484
50
0.0488281
-48
-0.046875
-68
-0.0664062
24
0.0234375
22
0.0214844
39
0.0380859
8
0.0078125
46
0.0449219
8
0.0078125
-72
-0.0703125
-9
-0.00878906
32
0.03125
-29
-0.0283203
10
0.00976562
20
0.0195312
27
0.0263672
16
0.015625
-7
-0.00683594
13
0.0126953
10
0.00976562
9
0.00878906
18
0.0175781
-2
-0.00195312
-22
-0.0214844
10
0.00976562
8
0.0078125
-12
-0.0117188
2
0.00195312
26
0.0253906
-7
-0.00683594
0
0
48
0.046875
26
0.0253906
5
0.00488281
-19
-0.0185547
-22
-0.0214844
48
0.046875
13
0.0126953
2
0.00195312
27
0.0263672
-27
-0.0263672
-78
-0.0761719
-39
-0.0380859
-1
-0.000976562
-5
-0.00488281
28
0.0273438
24
0.0234375
13
0.0126953
17
0.0166016
-17
-0.0166016
5
0.00488281
-40
-0.0390625
11
0.0107422
-14
-0.0136719
-31
-0.0302734
80
0.078125
27
0.0263672
-33
-0.0322266
-20
-0.0195312
40
0.0390625
53
0.0517578
-6
-0.00585938
39
0.0380859
-15
-0.0146484
-26
-0.0253906
41
0.0400391
-36
-0.0351562
-3
-0.00292969
12
0.0117188
25
0.0244141
9
0.00878906
15
0.0146484
49
0.0478516
-55
-0.0537109
-14
-0.0136719
17
0.0166016
12
0.0117188
-13
-0.0126953
-38
-0.0371094
-4
-0.00390625
-28
-0.0273438
23
0.0224609
-17
-0.0166016
-1
-0.000976562
8
0.0078125
-51
-0.0498047
-3
-0.00292969
-1
-0.000976562
-16
-0.015625
21
0.0205078
-1
-0.000976562
11
0.0107422
-6
-0.00585938
-12
-0.0117188
0
0
0
0
12
0.0117188
22
0.0214844
2
0.00195312
-18
-0.0175781
13
0.0126953
-9
-0.00878906
-7
-0.00683594
13
0.0126953
63
0.0615234
11
0.0107422
4
0.00390625
54
0.0527344
13
0.0126953
-1
-0.000976562
32
0.03125
-100
-0.0976562
5
0.00488281
13
0.0126953
35
0.0341797
-5
-0.00488281
3
0.00292969
26
0.0253906
-43
-0.0419922
9
0.00878906
-38
-0.0371094
-33
-0.0322266
44
0.0429688
-4
-0.00390625
-17
-0.0166016
49
0.0478516
28
0.0273438
18
0.0175781
-23
-0.0224609
34
0.0332031
18
0.0175781
-33
-0.0322266
-77
-0.0751953
-32
-0.03125
17
0.0166016
12
0.0117188
-30
-0.0292969
37
0.0361328
-24
-0.0234375
-23
-0.0224609
-19
-0.0185547
2
0.00195312
19
0.0185547
-31
-0.0302734
-41
-0.0400391
14
0.0136719
10
0.00976562
-52
-0.0507812
-43
-0.0419922
-21
-0.0205078
43
0.0419922
7
0.00683594
-15
-0.0146484
23
0.0224609
4
0.00390625
-9
-0.00878906
-4
-0.00390625
10
0.00976562
-8
-0.0078125
-2
-0.00195312
9
0.00878906
-16
-0.015625
-56
-0.0546875
-18
-0.0175781
20
0.0195312
9
0.00878906
14
0.0136719
-9
-0.00878906
-32
-0.03125
20
0.0195312
24
0.0234375
51
0.0498047
17
0.0166016
-32
-0.03125
2
0.00195312
-67
-0.0654297
-48
-0.046875
11
0.0107422
0
0
-17
-0.0166016
-6
-0.00585938
11
0.0107422
-34
-0.0332031
-20
-0.0195312
-10
-0.00976562
6
0.00585938
-24
-0.0234375
-39
-0.0380859
41
0.0400391
-26
-0.0253906
-44
-0.0429688
21
0.0205078
-43
-0.0419922
25
0.0244141
20
0.0195312
9
0.00878906
1
0.000976562
2
0.00195312
29
0.0283203
-24
-0.0234375
-40
-0.0390625
-5
-0.00488281
29
0.0283203
-13
-0.0126953
-6
-0.00585938
-3
-0.00292969
-1
-0.000976562
7
0.00683594
42
0.0410156
-7
-0.00683594
9
0.00878906
64
0.0625
14
0.0136719
11
0.0107422
2
0.00195312
70
0.0683594
1
0.000976562
11
0.0107422
-20
-0.0195312
-31
-0.0302734
1
0.000976562
28
0.0273438
-67
-0.0654297
-36
-0.0351562
-32
-0.03125
-44
-0.0429688
-2
-0.00195312
-5
-0.00488281
26
0.0253906
31
0.0302734
4
0.00390625
-4
-0.00390625
29
0.0283203
-19
-0.0185547
-32
-0.03125
-38
-0.0371094
-24
-0.0234375
66
0.0644531
-46
-0.0449219
-21
-0.0205078
-26
-0.0253906
-19
-0.0185547
0
0
4
0.00390625
11
0.0107422
-57
-0.0556641
30
0.0292969
27
0.0263672
-27
-0.0263672
16
0.015625
39
0.0380859
-10
-0.00976562
-1
-0.000976562
-32
-0.03125
-12
-0.0117188
17
0.0166016
29
0.0283203
-16
-0.015625
1
0.000976562
-53
-0.0517578
74
0.0722656
-67
-0.0654297
-4
-0.00390625
39
0.0380859
8
0.0078125
3
0.00292969
18
0.0175781
8
0.0078125
2
0.00195312
21
0.0205078
2
0.00195312
23
0.0224609
43
0.0419922
-5
-0.00488281
-36
-0.0351562
5
0.00488281
-7
-0.00683594
-10
-0.00976562
13
0.0126953
23
0.0224609
-33
-0.0322266
-5
-0.00488281
20
0.0195312
-11
-0.0107422
12
0.0117188
17
0.0166016
-46
-0.0449219
27
0.0263672
55
0.0537109
-1
-0.000976562
-8
-0.0078125
-44
-0.0429688
-17
-0.0166016
-6
-0.00585938
-7
-0.00683594
48
0.046875
-8
-0.0078125
22
0.0214844
40
0.0390625
-41
-0.0400391
7
0.00683594
31
0.0302734
-19
-0.0185547
-72
-0.0703125
-40
-0.0390625
56
0.0546875
-23
-0.0224609
32
0.03125
10
0.00976562
-7
-0.00683594
13
0.0126953
-20
-0.0195312
22
0.0214844
25
0.0244141
24
0.0234375
20
0.0195312
18
0.0175781
-15
-0.0146484
6
0.00585938
-13
-0.0126953
-27
-0.0263672
32
0.03125
0
0
44
0.0429688
-31
-0.0302734
1
0.000976562
-16
-0.015625
42
0.0410156
23
0.0224609
-11
-0.0107422
-23
-0.0224609
2
0.00195312
-50
-0.0488281
-41
-0.0400391
-7
-0.00683594
-39
-0.0380859
-3
-0.00292969
9
0.00878906
23
0.0224609
1
0.000976562
-42
-0.0410156
16
0.015625
0
0
45
0.0439453
-20
-0.0195312
23
0.0224609
17
0.0166016
-32
-0.03125
-21
-0.0205078
-8
-0.0078125
-31
-0.0302734
73
0.0712891
-19
-0.0185547
-16
-0.015625
49
0.0478516
-4
-0.00390625
-23
-0.0224609
23
0.0224609
18
0.0175781
-32
-0.03125
-5
-0.00488281
8
0.0078125
-3
-0.00292969
11
0.0107422
54
0.0527344
40
0.0390625
-24
-0.0234375
-2
-0.00195312
82
0.0800781
-64
-0.0625
0
0
-38
-0.0371094
28
0.0273438
25
0.0244141
-54
-0.0527344
7
0.00683594
38
0.0371094
1
0.000976562
18
0.0175781
-33
-0.0322266
-1
-0.000976562
50
0.0488281
24
0.0234375
-93
-0.0908203
-11
-0.0107422
25
0.0244141
-7
-0.00683594
42
0.0410156
7
0.00683594
22
0.0214844
8
0.0078125
47
0.0458984
-3
-0.00292969
2
0.00195312
4
0.00390625
-32
-0.03125
6
0.00585938
6
0.00585938
-33
-0.0322266
6
0.00585938
-23
-0.0224609
8
0.0078125
-1
-0.000976562
0
0
-31
-0.0302734
54
0.0527344
16
0.015625
19
0.0185547
0
0
-27
-0.0263672
33
0.0322266
-17
-0.0166016
3
0.00292969
-1
-0.000976562
-15
-0.0146484
8
0.0078125
44
0.0429688
13
0.0126953
-14
-0.0136719
18
0.0175781
-9
-0.00878906
26
0.0253906
-61
-0.0595703
77
0.0751953
-18
-0.0175781
-18
-0.0175781
-8
-0.0078125
23
0.0224609
-15
-0.0146484
44
0.0429688
4
0.00390625
-48
-0.046875
46
0.0449219
24
0.0234375
-55
-0.0537109
76
0.0742188
59
0.0576172
-8
-0.0078125
15
0.0146484
67
0.0654297
7
0.00683594
9
0.00878906
24
0.0234375
21
0.0205078
-30
-0.0292969
4
0.00390625
28
0.0273438
-10
-0.00976562
27
0.0263672
-18
-0.0175781
-46
-0.0449219
-57
-0.0556641
-13
-0.0126953
-22
-0.0214844
-28
-0.0273438
-5
-0.00488281
-43
-0.0419922
34
0.0332031
-25
-0.0244141
43
0.0419922
-60
-0.0585938
20
0.0195312
-10
-0.00976562
39
0.0380859
10
0.00976562
-17
-0.0166016
-41
-0.0400391
30
0.0292969
24
0.0234375
54
0.0527344
3
0.00292969
21
0.0205078
-36
-0.0351562
2
0.00195312
20
0.0195312
9
0.00878906
4
0.00390625
-19
-0.0185547
-37
-0.0361328
38
0.0371094
13
0.0126953
-8
-0.0078125
38
0.0371094
-13
-0.0126953
29
0.0283203
-4
-0.00390625
50
0.0488281
-20
-0.0195312
29
0.0283203
2
0.00195312
-34
-0.0332031
5
0.00488281
36
0.0351562
-5
-0.00488281
-8
-0.0078125
37
0.0361328
0
0
11
0.0107422
-21
-0.0205078
12
0.0117188
-4
-0.00390625
17
0.0166016
0
0
24
0.0234375
4
0.00390625
-18
-0.0175781
23
0.0224609
28
0.0273438
43
0.0419922
43
0.0419922
-38
-0.0371094
-6
-0.00585938
-36
-0.0351562
-1
-0.000976562
-32
-0.03125
-34
-0.0332031
50
0.0488281
11
0.0107422
-13
-0.0126953
-13
-0.0126953
-27
-0.0263672
-30
-0.0292969
32
0.03125
-10
-0.00976562
-45
-0.0439453
-42
-0.0410156
30
0.0292969
16
0.015625
17
0.0166016
8
0.0078125
-11
-0.0107422
25
0.0244141
29
0.0283203
5
0.00488281
-52
-0.0507812
39
0.0380859
3
0.00292969
-14
-0.0136719
48
0.046875
-18
-0.0175781
4
0.00390625
-61
-0.0595703
7
0.00683594
-26
-0.0253906
43
0.0419922
28
0.0273438
-2
-0.00195312
-28
-0.0273438
30
0.0292969
-3
-0.00292969
42
0.0410156
25
0.0244141
9
0.00878906
-58
-0.0566406
42
0.0410156
-27
-0.0263672
-30
-0.0292969
16
0.015625
-11
-0.0107422
11
0.0107422
-15
-0.0146484
1
0.000976562
5
0.00488281
44
0.0429688
10
0.00976562
-30
-0.0292969
-13
-0.0126953
32
0.03125
-11
-0.0107422
14
0.0136719
-18
-0.0175781
-4
-0.00390625
25
0.0244141
9
0.00878906
24
0.0234375
8
0.0078125
-7
-0.00683594
-4
-0.00390625
-11
-0.0107422
-11
-0.0107422
25
0.0244141
7
0.00683594
25
0.0244141
-23
-0.0224609
-25
-0.0244141
30
0.0292969
-13
-0.0126953
-66
-0.0644531
-49
-0.0478516
57
0.0556641
-51
-0.0498047
65
0.0634766
-26
-0.0253906
31
0.0302734
-6
-0.00585938
-27
-0.0263672
-6
-0.00585938
3
0.00292969
8
0.0078125
-10
-0.00976562
-32
-0.03125
1
0.000976562
-26
-0.0253906
33
0.0322266
-32
-0.03125
-6
-0.00585938
-9
-0.00878906
18
0.0175781
39
0.0380859
32
0.03125
-16
-0.015625
-32
-0.03125
-2
-0.00195312
39
0.0380859
-30
-0.0292969
25
0.0244141
11
0.0107422
-29
-0.0283203
-11
-0.0107422
14
0.0136719
32
0.03125
-20
-0.0195312
33
0.0322266
32
0.03125
43
0.0419922
-34
-0.0332031
-13
-0.0126953
-31
-0.0302734
24
0.0234375
77
0.0751953
55
0.0537109
10
0.00976562
-37
-0.0361328
-17
-0.0166016
57
0.0556641
9
0.00878906
24
0.0234375
-14
-0.0136719
-6
-0.00585938
16
0.015625
-17
-0.0166016
29
0.0283203
-34
-0.0332031
-10
-0.00976562
-2
-0.00195312
19
0.0185547
57
0.0556641
27
0.0263672
47
0.0458984
-6
-0.00585938
-19
-0.0185547
-13
-0.0126953
-4
-0.00390625
-6
-0.00585938
-20
-0.0195312
-27
-0.0263672
9
0.00878906
18
0.0175781
19
0.0185547
-52
-0.0507812
-13
-0.0126953
-51
-0.0498047
-25
-0.0244141
-2
-0.00195312
-70
-0.0683594
-1
-0.000976562
23
0.0224609
-61
-0.0595703
-28
-0.0273438
-8
-0.0078125
-43
-0.0419922
-25
-0.0244141
-4
-0.00390625
-8
-0.0078125
19
0.0185547
-40
-0.0390625
40
0.0390625
-3
-0.00292969
14
0.0136719
2
0.00195312
2
0.00195312
-1
-0.000976562
-24
-0.0234375
-9
-0.00878906
-11
-0.0107422
-6
-0.00585938
-5
-0.00488281
-19
-0.0185547
4
0.00390625
13
0.0126953
2
0.00195312
31
0.0302734
-8
-0.0078125
-24
-0.0234375
-32
-0.03125
10
0.00976562
11
0.0107422
26
0.0253906
-17
-0.0166016
16
0.015625
-12
-0.0117188
-6
-0.00585938
-15
-0.0146484
-34
-0.0332031
-42
-0.0410156
-2
-0.00195312
0
0
-8
-0.0078125
-64
-0.0625
-29
-0.0283203
-35
-0.0341797
-30
-0.0292969
-2
-0.00195312
14
0.0136719
-14
-0.0136719
-22
-0.0214844
1
0.000976562
-6
-0.00585938
-19
-0.0185547
-14
-0.0136719
7
0.00683594
-9
-0.00878906
30
0.0292969
-29
-0.0283203
-12
-0.0117188
9
0.00878906
-41
-0.0400391
-51
-0.0498047
8
0.0078125
4
0.00390625
18
0.0175781
-17
-0.0166016
-10
-0.00976562
33
0.0322266
-17
-0.0166016
-8
-0.0078125
18
0.0175781
-76
-0.0742188
-3
-0.00292969
3
0.00292969
40
0.0390625
-15
-0.0146484
-41
-0.0400391
-6
-0.00585938
-3
-0.00292969
11
0.0107422
3
0.00292969
-72
-0.0703125
-16
-0.015625
51
0.0498047
-11
-0.0107422
49
0.0478516
-3
-0.00292969
10
0.00976562
-20
-0.0195312
20
0.0195312
1
0.000976562
-27
-0.0263672
18
0.0175781
-59
-0.0576172
9
0.00878906
26
0.0253906
-20
-0.0195312
35
0.0341797
-1
-0.000976562
5
0.00488281
47
0.0458984
-7
-0.00683594
14
0.0136719
11
0.0107422
17
0.0166016
-7
-0.00683594
-5
-0.00488281
36
0.0351562
-55
-0.0537109
14
0.0136719
-32
-0.03125
24
0.0234375
-14
-0.0136719
31
0.0302734
-9
-0.00878906
12
0.0117188
-4
-0.00390625
-11
-0.0107422
-48
-0.046875
20
0.0195312
26
0.0253906
-13
-0.0126953
-18
-0.0175781
11
0.0107422
37
0.0361328
-49
-0.0478516
2
0.00195312
-48
-0.046875
6
0.00585938
-45
-0.0439453
-18
-0.0175781
-15
-0.0146484
-37
-0.0361328
-24
-0.0234375
-24
-0.0234375
-55
-0.0537109
-5
-0.00488281
0
0
7
0.00683594
-35
-0.0341797
-11
-0.0107422
-10
-0.00976562
-53
-0.0517578
-16
-0.015625
-27
-0.0263672
6
0.00585938
2
0.00195312
-15
-0.0146484
1
0.000976562
21
0.0205078
3
0.00292969
-30
-0.0292969
-50
-0.0488281
-6
-0.00585938
37
0.0361328
12
0.0117188
24
0.0234375
6
0.00585938
12
0.0117188
15
0.0146484
-39
-0.0380859
-67
-0.0654297
41
0.0400391
-21
-0.0205078
-30
-0.0292969
13
0.0126953
-49
-0.0478516
2
0.00195312
10
0.00976562
-27
-0.0263672
-48
-0.046875
-30
-0.0292969
-64
-0.0625
27
0.0263672
-32
-0.03125
1
0.000976562
10
0.00976562
10
0.00976562
9
0.00878906
0
0
5
0.00488281
38
0.0371094
23
0.0224609
-48
-0.046875
6
0.00585938
14
0.0136719
-25
-0.0244141
12
0.0117188
58
0.0566406
-91
-0.0888672
-17
-0.0166016
-39
-0.0380859
63
0.0615234
-26
-0.0253906
-2
-0.00195312
4
0.00390625
-4
-0.00390625
-15
-0.0146484
61
0.0595703
23
0.0224609
3
0.00292969
11
0.0107422
38
0.0371094
15
0.0146484
11
0.0107422
14
0.0136719
21
0.0205078
-45
-0.0439453
26
0.0253906
-26
-0.0253906
-60
-0.0585938
3
0.00292969
-20
-0.0195312
13
0.0126953
-2
-0.00195312
9
0.00878906
19
0.0185547
8
0.0078125
-43
-0.0419922
13
0.0126953
-81
-0.0791016
-7
-0.00683594
-26
-0.0253906
-4
-0.00390625
-35
-0.0341797
24
0.0234375
-18
-0.0175781
2
0.00195312
-6
-0.00585938
-7
-0.00683594
33
0.0322266
-15
-0.0146484
-68
-0.0664062
25
0.0244141
-2
-0.00195312
20
0.0195312
-33
-0.0322266
0
0
5
0.00488281
-5
-0.00488281
-9
-0.00878906
-32
-0.03125
12
0.0117188
-39
-0.0380859
-2
-0.00195312
61
0.0595703
-37
-0.0361328
-8
-0.0078125
-39
-0.0380859
-33
-0.0322266
30
0.0292969
-40
-0.0390625
-15
-0.0146484
-48
-0.046875
22
0.0214844
-49
-0.0478516
52
0.0507812
49
0.0478516
11
0.0107422
1
0.000976562
-27
-0.0263672
-59
-0.0576172
5
0.00488281
-46
-0.0449219
47
0.0458984
-13
-0.0126953
0
0
-51
-0.0498047
-14
-0.0136719
-58
-0.0566406
14
0.0136719
6
0.00585938
-25
-0.0244141
-1
-0.000976562
-74
-0.0722656
6
0.00585938
5
0.00488281
7
0.00683594
-11
-0.0107422
-21
-0.0205078
-80
-0.078125
2
0.00195312
2
0.00195312
8
0.0078125
19
0.0185547
15
0.0146484
46
0.0449219
21
0.0205078
33
0.0322266
-32
-0.03125
-37
-0.0361328
-3
-0.00292969
0
0
20
0.0195312
18
0.0175781
14
0.0136719
-35
-0.0341797
41
0.0400391
-37
-0.0361328
-7
-0.00683594
-12
-0.0117188
6
0.00585938
-2
-0.00195312
-14
-0.0136719
13
0.0126953
5
0.00488281
-19
-0.0185547
-25
-0.0244141
6
0.00585938
31
0.0302734
-55
-0.0537109
-62
-0.0605469
2
0.00195312
81
0.0791016
-9
-0.00878906
-16
-0.015625
53
0.0517578
-12
-0.0117188
-37
-0.0361328
-15
-0.0146484
4
0.00390625
28
0.0273438
-31
-0.0302734
-3
-0.00292969
55
0.0537109
50
0.0488281
5
0.00488281
21
0.0205078
-38
-0.0371094
4
0.00390625
3
0.00292969
45
0.0439453
0
0
23
0.0224609
-7
-0.00683594
-7
-0.00683594
9
0.00878906
17
0.0166016
-4
-0.00390625
4
0.00390625
6
0.00585938
14
0.0136719
71
0.0693359
-22
-0.0214844
16
0.015625
12
0.0117188
38
0.0371094
14
0.0136719
-37
-0.0361328
-22
-0.0214844
13
0.0126953
-20
-0.0195312
-15
-0.0146484
-59
-0.0576172
-46
-0.0449219
24
0.0234375
-43
-0.0419922
-5
-0.00488281
-5
-0.00488281
16
0.015625
4
0.00390625
26
0.0253906
11
0.0107422
18
0.0175781
-24
-0.0234375
-39
-0.0380859
-12
-0.0117188
34
0.0332031
0
0
-5
-0.00488281
0
0
-6
-0.00585938
16
0.015625
57
0.0556641
-30
-0.0292969
16
0.015625
3
0.00292969
15
0.0146484
18
0.0175781
-25
-0.0244141
11
0.0107422
3
0.00292969
28
0.0273438
32
0.03125
18
0.0175781
-24
-0.0234375
-16
-0.015625
-13
-0.0126953
11
0.0107422
20
0.0195312
13
0.0126953
-53
-0.0517578
-31
-0.0302734
29
0.0283203
10
0.00976562
-81
-0.0791016
-3
-0.00292969
5
0.00488281
-16
-0.015625
-6
-0.00585938
-45
-0.0439453
-21
-0.0205078
51
0.0498047
-29
-0.0283203
-39
-0.0380859
25
0.0244141
4
0.00390625
-8
-0.0078125
33
0.0322266
-21
-0.0205078
15
0.0146484
-48
-0.046875
49
0.0478516
34
0.0332031
-39
-0.0380859
-67
-0.0654297
21
0.0205078
-46
-0.0449219
4
0.00390625
41
0.0400391
23
0.0224609
-53
-0.0517578
-9
-0.00878906
-16
-0.015625
25
0.0244141
39
0.0380859
-32
-0.03125
9
0.00878906
11
0.0107422
-20
-0.0195312
-51
-0.0498047
13
0.0126953
10
0.00976562
-9
-0.00878906
-25
-0.0244141
-41
-0.0400391
8
0.0078125
-43
-0.0419922
65
0.0634766
-3
-0.00292969
-5
-0.00488281
1
0.000976562
26
0.0253906
-85
-0.0830078
-27
-0.0263672
4
0.00390625
23
0.0224609
6
0.00585938
-13
-0.0126953
-14
-0.0136719
-38
-0.0371094
6
0.00585938
-16
-0.015625
-14
-0.0136719
-9
-0.00878906
-9
-0.00878906
-14
-0.0136719
7
0.00683594
12
0.0117188
-30
-0.0292969
10
0.00976562
-44
-0.0429688
19
0.0185547
14
0.0136719
-19
-0.0185547
16
0.015625
28
0.0273438
-24
-0.0234375
-28
-0.0273438
-69
-0.0673828
29
0.0283203
-28
-0.0273438
16
0.015625
26
0.0253906
-21
-0.0205078
70
0.0683594
27
0.0263672
10
0.00976562
-27
-0.0263672
-46
-0.0449219
-32
-0.03125
-2
-0.00195312
24
0.0234375
30
0.0292969
34
0.0332031
15
0.0146484
23
0.0224609
59
0.0576172
-46
-0.0449219
19
0.0185547
20
0.0195312
10
0.00976562
-29
-0.0283203
-17
-0.0166016
-28
-0.0273438
2
0.00195312
1
0.000976562
38
0.0371094
-9
-0.00878906
6
0.00585938
-28
-0.0273438
-11
-0.0107422
-24
-0.0234375
-7
-0.00683594
27
0.0263672
-27
-0.0263672
2
0.00195312
-32
-0.03125
-25
-0.0244141
7
0.00683594
45
0.0439453
-20
-0.0195312
-22
-0.0214844
10
0.00976562
23
0.0224609
-6
-0.00585938
10
0.00976562
-25
-0.0244141
4
0.00390625
2
0.00195312
34
0.0332031
4
0.00390625
-38
-0.0371094
8
0.0078125
-5
-0.00488281
-4
-0.00390625
1
0.000976562
-46
-0.0449219
11
0.0107422
56
0.0546875
-21
-0.0205078
-32
-0.03125
1
0.000976562
-1
-0.000976562
-31
-0.0302734
-3
-0.00292969
-18
-0.0175781
-8
-0.0078125
-73
-0.0712891
-16
-0.015625
4
0.00390625
-7
-0.00683594
18
0.0175781
-71
-0.0693359
43
0.0419922
13
0.0126953
16
0.015625
-5
-0.00488281
-23
-0.0224609
-31
-0.0302734
2
0.00195312
9
0.00878906
24
0.0234375
-38
-0.0371094
8
0.0078125
-17
-0.0166016
24
0.0234375
-4
-0.00390625
-45
-0.0439453
-16
-0.015625
-15
-0.0146484
-27
-0.0263672
72
0.0703125
59
0.0576172
-38
-0.0371094
16
0.015625
-39
-0.0380859
-16
-0.015625
6
0.00585938
-17
-0.0166016
-18
-0.0175781
-25
-0.0244141
69
0.0673828
5
0.00488281
-4
-0.00390625
-32
-0.03125
-10
-0.00976562
-26
-0.0253906
-5
-0.00488281
3
0.00292969
-1
-0.000976562
43
0.0419922
-7
-0.00683594
-20
-0.0195312
-51
-0.0498047
-26
-0.0253906
-72
-0.0703125
-11
-0.0107422
17
0.0166016
-36
-0.0351562
26
0.0253906
-24
-0.0234375
11
0.0107422
54
0.0527344
-6
-0.00585938
96
0.09375
-6
-0.00585938
-39
-0.0380859
40
0.0390625
10
0.00976562
-42
-0.0410156
-28
-0.0273438
-20
-0.0195312
-13
-0.0126953
22
0.0214844
-8
-0.0078125
38
0.0371094
29
0.0283203
-15
-0.0146484
60
0.0585938
-15
-0.0146484
-16
-0.015625
-18
-0.0175781
-35
-0.0341797
17
0.0166016
10
0.00976562
-10
-0.00976562
48
0.046875
7
0.00683594
-27
-0.0263672
-4
-0.00390625
-37
-0.0361328
31
0.0302734
12
0.0117188
21
0.0205078
61
0.0595703
19
0.0185547
10
0.00976562
-10
-0.00976562
14
0.0136719
-16
-0.015625
-17
-0.0166016
-33
-0.0322266
-18
-0.0175781
-24
-0.0234375
49
0.0478516
14
0.0136719
-21
-0.0205078
-23
-0.0224609
7
0.00683594
-13
-0.0126953
1
0.000976562
45
0.0439453
-14
-0.0136719
0
0
-20
-0.0195312
-28
-0.0273438
-7
-0.00683594
8
0.0078125
-39
-0.0380859
28
0.0273438
42
0.0410156
24
0.0234375
-32
-0.03125
-9
-0.00878906
-25
-0.0244141
18
0.0175781
-10
-0.00976562
-35
-0.0341797
-43
-0.0419922
-7
-0.00683594
2
0.00195312
-20
-0.0195312
3
0.00292969
-4
-0.00390625
-44
-0.0429688
23
0.0224609
34
0.0332031
5
0.00488281
-52
-0.0507812
-40
-0.0390625
-29
-0.0283203
23
0.0224609
44
0.0429688
-21
-0.0205078
9
0.00878906
53
0.0517578
51
0.0498047
28
0.0273438
-49
-0.0478516
-40
-0.0390625
34
0.0332031
-23
-0.0224609
74
0.0722656
-23
-0.0224609
-77
-0.0751953
66
0.0644531
12
0.0117188
-14
-0.0136719
-43
-0.0419922
30
0.0292969
14
0.0136719
-8
-0.0078125
-51
-0.0498047
20
0.0195312
7
0.00683594
-4
-0.00390625
1
0.000976562
-2
-0.00195312
-12
-0.0117188
16
0.015625
-16
-0.015625
26
0.0253906
-49
-0.0478516
10
0.00976562
-22
-0.0214844
-50
-0.0488281
-27
-0.0263672
21
0.0205078
-6
-0.00585938
16
0.015625
58
0.0566406
71
0.0693359
14
0.0136719
33
0.0322266
72
0.0703125
13
0.0126953
38
0.0371094
42
0.0410156
-20
-0.0195312
32
0.03125
32
0.03125
25
0.0244141
-7
-0.00683594
-31
-0.0302734
49
0.0478516
-15
-0.0146484
-30
-0.0292969
-15
-0.0146484
9
0.00878906
-38
-0.0371094
2
0.00195312
-15
-0.0146484
-7
-0.00683594
-1
-0.000976562
0
0
40
0.0390625
-29
-0.0283203
-76
-0.0742188
-28
-0.0273438
5
0.00488281
-9
-0.00878906
38
0.0371094
70
0.0683594
-17
-0.0166016
30
0.0292969
18
0.0175781
11
0.0107422
-29
-0.0283203
37
0.0361328
-26
-0.0253906
-54
-0.0527344
10
0.00976562
-29
-0.0283203
-40
-0.0390625
-53
-0.0517578
17
0.0166016
18
0.0175781
-31
-0.0302734
-2
-0.00195312
9
0.00878906
-27
-0.0263672
-23
-0.0224609
-6
-0.00585938
-14
-0.0136719
11
0.0107422
-10
-0.00976562
29
0.0283203
-20
-0.0195312
-18
-0.0175781
2
0.00195312
29
0.0283203
27
0.0263672
42
0.0410156
37
0.0361328
-37
-0.0361328
-54
-0.0527344
-15
-0.0146484
4
0.00390625
-33
-0.0322266
-37
-0.0361328
8
0.0078125
-5
-0.00488281
-12
-0.0117188
-40
-0.0390625
15
0.0146484
0
0
4
0.00390625
11
0.0107422
-4
-0.00390625
-14
-0.0136719
-22
-0.0214844
-13
-0.0126953
-36
-0.0351562
14
0.0136719
7
0.00683594
-8
-0.0078125
0
0
5
0.00488281
-18
-0.0175781
7
0.00683594
7
0.00683594
1
0.000976562
-1
-0.000976562
-13
-0.0126953
-46
-0.0449219
5
0.00488281
-16
-0.015625
-36
-0.0351562
26
0.0253906
21
0.0205078
-5
-0.00488281
33
0.0322266
32
0.03125
56
0.0546875
-11
-0.0107422
8
0.0078125
61
0.0595703
1
0.000976562
-4
-0.00390625
1
0.000976562
-4
-0.00390625
17
0.0166016
45
0.0439453
-8
-0.0078125
-18
-0.0175781
-40
-0.0390625
-4
-0.00390625
0
0
-21
-0.0205078
-48
-0.046875
-60
-0.0585938
18
0.0175781
-2
-0.00195312
-42
-0.0410156
-35
-0.0341797
-16
-0.015625
29
0.0283203
21
0.0205078
-4
-0.00390625
-5
-0.00488281
6
0.00585938
-39
-0.0380859
-21
-0.0205078
-7
-0.00683594
-19
-0.0185547
-13
-0.0126953
36
0.0351562
10
0.00976562
-28
-0.0273438
11
0.0107422
-19
-0.0185547
32
0.03125
-7
-0.00683594
-31
-0.0302734
2
0.00195312
-18
-0.0175781
104
0.101562
22
0.0214844
-15
-0.0146484
8
0.0078125
51
0.0498047
27
0.0263672
31
0.0302734
0
0
41
0.0400391
27
0.0263672
-3
-0.00292969
-54
-0.0527344
-33
-0.0322266
13
0.0126953
-19
-0.0185547
-39
-0.0380859
67
0.0654297
-24
-0.0234375
-17
-0.0166016
24
0.0234375
-72
-0.0703125
-27
-0.0263672
5
0.00488281
51
0.0498047
26
0.0253906
21
0.0205078
46
0.0449219
-1
-0.000976562
-52
-0.0507812
-19
-0.0185547
36
0.0351562
-9
-0.00878906
19
0.0185547
28
0.0273438
-11
-0.0107422
-38
-0.0371094
-4
-0.00390625
-6
-0.00585938
10
0.00976562
-41
-0.0400391
-36
-0.0351562
27
0.0263672
-12
-0.0117188
31
0.0302734
-29
-0.0283203
-24
-0.0234375
18
0.0175781
-53
-0.0517578
-30
-0.0292969
-7
-0.00683594
-7
-0.00683594
58
0.0566406
12
0.0117188
-41
-0.0400391
-16
-0.015625
-84
-0.0820312
-11
-0.0107422
-12
-0.0117188
6
0.00585938
36
0.0351562
-2
-0.00195312
18
0.0175781
-17
-0.0166016
9
0.00878906
8
0.0078125
38
0.0371094
15
0.0146484
13
0.0126953
-34
-0.0332031
-18
-0.0175781
-30
-0.0292969
19
0.0185547
28
0.0273438
12
0.0117188
2
0.00195312
31
0.0302734
-15
-0.0146484
45
0.0439453
24
0.0234375
13
0.0126953
-10
-0.00976562
-9
-0.00878906
-23
-0.0224609
7
0.00683594
45
0.0439453
-36
-0.0351562
-28
-0.0273438
41
0.0400391
20
0.0195312
41
0.0400391
-23
-0.0224609
-39
-0.0380859
15
0.0146484
51
0.0498047
-3
-0.00292969
11
0.0107422
30
0.0292969
-38
-0.0371094
-9
-0.00878906
-41
-0.0400391
4
0.00390625
-3
-0.00292969
-1
-0.000976562
5
0.00488281
-37
-0.0361328
25
0.0244141
-15
-0.0146484
14
0.0136719
92
0.0898438
-8
-0.0078125
34
0.0332031
50
0.0488281
-27
-0.0263672
-13
-0.0126953
-9
-0.00878906
-14
-0.0136719
-3
-0.00292969
11
0.0107422
-23
-0.0224609
-22
-0.0214844
10
0.00976562
26
0.0253906
-24
-0.0234375
44
0.0429688
9
0.00878906
-24
-0.0234375
-26
-0.0253906
22
0.0214844
-9
-0.00878906
8
0.0078125
0
0
40
0.0390625
-50
-0.0488281
19
0.0185547
19
0.0185547
9
0.00878906
61
0.0595703
30
0.0292969
-22
-0.0214844
5
0.00488281
-9
-0.00878906
-2
-0.00195312
10
0.00976562
-20
-0.0195312
-23
-0.0224609
-29
-0.0283203
-2
-0.00195312
10
0.00976562
-20
-0.0195312
-10
-0.00976562
-11
-0.0107422
-12
-0.0117188
35
0.0341797
-43
-0.0419922
-8
-0.0078125
-32
-0.03125
-82
-0.0800781
-47
-0.0458984
21
0.0205078
8
0.0078125
-12
-0.0117188
-47
-0.0458984
-5
-0.00488281
66
0.0644531
22
0.0214844
-3
-0.00292969
-21
-0.0205078
8
0.0078125
1
0.000976562
-7
-0.00683594
-26
-0.0253906
28
0.0273438
-50
-0.0488281
39
0.0380859
-21
-0.0205078
-37
-0.0361328
-9
-0.00878906
-5
-0.00488281
-4
-0.00390625
-39
-0.0380859
9
0.00878906
-18
-0.0175781
1
0.000976562
-34
-0.0332031
-2
-0.00195312
46
0.0449219
-10
-0.00976562
-35
-0.0341797
-21
-0.0205078
11
0.0107422
24
0.0234375
31
0.0302734
-9
-0.00878906
16
0.015625
-7
-0.00683594
31
0.0302734
9
0.00878906
-4
-0.00390625
-22
-0.0214844
-5
-0.00488281
-15
-0.0146484
-102
-0.0996094
-38
-0.0371094
-8
-0.0078125
43
0.0419922
3
0.00292969
35
0.0341797
71
0.0693359
26
0.0253906
-15
-0.0146484
41
0.0400391
-33
-0.0322266
-28
-0.0273438
8
0.0078125
-20
-0.0195312
-54
-0.0527344
14
0.0136719
-3
-0.00292969
36
0.0351562
-55
-0.0537109
19
0.0185547
18
0.0175781
53
0.0517578
-15
-0.0146484
-48
-0.046875
-65
-0.0634766
-1
-0.000976562
13
0.0126953
1
0.000976562
8
0.0078125
-21
-0.0205078
-32
-0.03125
5
0.00488281
15
0.0146484
13
0.0126953
-13
-0.0126953
35
0.0341797
19
0.0185547
48
0.046875
22
0.0214844
32
0.03125
33
0.0322266
10
0.00976562
-48
-0.046875
-11
-0.0107422
-3
-0.00292969
-48
-0.046875
-18
-0.0175781
2
0.00195312
32
0.03125
-37
-0.0361328
-27
-0.0263672
-31
-0.0302734
-33
-0.0322266
-13
-0.0126953
-1
-0.000976562
10
0.00976562
-50
-0.0488281
15
0.0146484
9
0.00878906
33
0.0322266
-15
-0.0146484
-3
-0.00292969
-66
-0.0644531
-4
-0.00390625
-1
-0.000976562
-14
-0.0136719
35
0.0341797
43
0.0419922
-8
-0.0078125
-15
-0.0146484
-34
-0.0332031
-63
-0.0615234
-1
-0.000976562
7
0.00683594
6
0.00585938
30
0.0292969
-13
-0.0126953
27
0.0263672
13
0.0126953
-36
-0.0351562
-25
-0.0244141
17
0.0166016
-6
-0.00585938
35
0.0341797
-12
-0.0117188
18
0.0175781
25
0.0244141
-38
-0.0371094
24
0.0234375
44
0.0429688
-35
-0.0341797
41
0.0400391
20
0.0195312
-13
-0.0126953
4
0.00390625
69
0.0673828
-31
-0.0302734
24
0.0234375
-2
-0.00195312
13
0.0126953
-10
-0.00976562
43
0.0419922
2
0.00195312
33
0.0322266
0
0
8
0.0078125
-8
-0.0078125
-17
-0.0166016
-1
-0.000976562
2
0.00195312
27
0.0263672
18
0.0175781
-4
-0.00390625
-2
-0.00195312
32
0.03125
-19
-0.0185547
21
0.0205078
7
0.00683594
-14
-0.0136719
24
0.0234375
-3
-0.00292969
-8
-0.0078125
9
0.00878906
35
0.0341797
-9
-0.00878906
-90
-0.0878906
67
0.0654297
23
0.0224609
-23
-0.0224609
51
0.0498047
17
0.0166016
-15
-0.0146484
13
0.0126953
0
0
-7
-0.00683594
-77
-0.0751953
-44
-0.0429688
26
0.0253906
18
0.0175781
-21
-0.0205078
57
0.0556641
-2
-0.00195312
2
0.00195312
13
0.0126953
5
0.00488281
19
0.0185547
15
0.0146484
31
0.0302734
5
0.00488281
-22
-0.0214844
-17
-0.0166016
-25
-0.0244141
5
0.00488281
0
0
0
0
25
0.0244141
21
0.0205078
-27
-0.0263672
-73
-0.0712891
-4
-0.00390625
-11
-0.0107422
16
0.015625
-34
-0.0332031
-32
-0.03125
-15
-0.0146484
2
0.00195312
2
0.00195312
3
0.00292969
30
0.0292969
25
0.0244141
8
0.0078125
-4
-0.00390625
3
0.00292969
-26
-0.0253906
-21
-0.0205078
8
0.0078125
22
0.0214844
44
0.0429688
19
0.0185547
-8
-0.0078125
5
0.00488281
8
0.0078125
-52
-0.0507812
-10
-0.00976562
-58
-0.0566406
-29
-0.0283203
12
0.0117188
-18
-0.0175781
-20
-0.0195312
-47
-0.0458984
68
0.0664062
-49
-0.0478516
18
0.0175781
20
0.0195312
-2
-0.00195312
-40
-0.0390625
0
0
31
0.0302734
-24
-0.0234375
-15
-0.0146484
-34
-0.0332031
-36
-0.0351562
-2
-0.00195312
-42
-0.0410156
-61
-0.0595703
-23
-0.0224609
54
0.0527344
28
0.0273438
28
0.0273438
25
0.0244141
9
0.00878906
44
0.0429688
-29
-0.0283203
36
0.0351562
-24
-0.0234375
34
0.0332031
-2
-0.00195312
9
0.00878906
-22
-0.0214844
-6
-0.00585938
8
0.0078125
37
0.0361328
32
0.03125
-44
-0.0429688
-10
-0.00976562
49
0.0478516
-6
-0.00585938
-36
-0.0351562
35
0.0341797
-40
-0.0390625
-5
-0.00488281
-58
-0.0566406
17
0.0166016
-5
-0.00488281
-3
-0.00292969
38
0.0371094
-19
-0.0185547
-42
-0.0410156
-28
-0.0273438
-10
-0.00976562
49
0.0478516
32
0.03125
25
0.0244141
5
0.00488281
-9
-0.00878906
32
0.03125
-10
-0.00976562
-1
-0.000976562
8
0.0078125
-63
-0.0615234
-2
-0.00195312
-47
-0.0458984
16
0.015625
-27
-0.0263672
6
0.00585938
2
0.00195312
-15
-0.0146484
36
0.0351562
49
0.0478516
-15
-0.0146484
21
0.0205078
32
0.03125
20
0.0195312
-19
-0.0185547
2
0.00195312
-22
-0.0214844
-21
-0.0205078
-14
-0.0136719
28
0.0273438
11
0.0107422
67
0.0654297
-2
-0.00195312
-23
-0.0224609
9
0.00878906
1
0.000976562
-27
-0.0263672
19
0.0185547
-23
-0.0224609
-56
-0.0546875
7
0.00683594
-1
-0.000976562
-12
-0.0117188
-17
-0.0166016
-8
-0.0078125
36
0.0351562
3
0.00292969
41
0.0400391
-25
-0.0244141
13
0.0126953
20
0.0195312
-69
-0.0673828
1
0.000976562
17
0.0166016
-8
-0.0078125
32
0.03125
38
0.0371094
8
0.0078125
48
0.046875
-23
-0.0224609
-40
-0.0390625
-33
-0.0322266
11
0.0107422
-49
-0.0478516
-45
-0.0439453
-12
-0.0117188
81
0.0791016
-12
-0.0117188
-12
-0.0117188
28
0.0273438
-75
-0.0732422
45
0.0439453
-39
-0.0380859
6
0.00585938
12
0.0117188
18
0.0175781
33
0.0322266
-25
-0.0244141
-26
-0.0253906
25
0.0244141
47
0.0458984
6
0.00585938
2
0.00195312
19
0.0185547
-28
-0.0273438
32
0.03125
36
0.0351562
-2
-0.00195312
-2
-0.00195312
-1
-0.000976562
29
0.0283203
-2
-0.00195312
27
0.0263672
-19
-0.0185547
-25
-0.0244141
17
0.0166016
-12
-0.0117188
14
0.0136719
6
0.00585938
-11
-0.0107422
33
0.0322266
36
0.0351562
-7
-0.00683594
18
0.0175781
-21
-0.0205078
40
0.0390625
35
0.0341797
28
0.0273438
20
0.0195312
11
0.0107422
-17
-0.0166016
-2
-0.00195312
19
0.0185547
39
0.0380859
24
0.0234375
-35
-0.0341797
-30
-0.0292969
-21
-0.0205078
-42
-0.0410156
3
0.00292969
-7
-0.00683594
-19
-0.0185547
-6
-0.00585938
10
0.00976562
-11
-0.0107422
40
0.0390625
-57
-0.0556641
-13
-0.0126953
-68
-0.0664062
-23
-0.0224609
27
0.0263672
36
0.0351562
3
0.00292969
-1
-0.000976562
62
0.0605469
22
0.0214844
-37
-0.0361328
-21
-0.0205078
-28
-0.0273438
44
0.0429688
10
0.00976562
-12
-0.0117188
45
0.0439453
-27
-0.0263672
54
0.0527344
-1
-0.000976562
-3
-0.00292969
-27
-0.0263672
-36
-0.0351562
-11
-0.0107422
-21
-0.0205078
38
0.0371094
-33
-0.0322266
-39
-0.0380859
-12
-0.0117188
9
0.00878906
0
0
-13
-0.0126953
-18
-0.0175781
-39
-0.0380859
-50
-0.0488281
-33
-0.0322266
-22
-0.0214844
-44
-0.0429688
-51
-0.0498047
0
0
-31
-0.0302734
16
0.015625
-18
-0.0175781
-34
-0.0332031
20
0.0195312
-7
-0.00683594
74
0.0722656
7
0.00683594
10
0.00976562
-81
-0.0791016
65
0.0634766
-42
-0.0410156
-65
-0.0634766
-37
-0.0361328
35
0.0341797
35
0.0341797
25
0.0244141
-35
-0.0341797
-17
-0.0166016
19
0.0185547
0
0
2
0.00195312
-4
-0.00390625
-55
-0.0537109
-39
-0.0380859
-16
-0.015625
12
0.0117188
10
0.00976562
30
0.0292969
27
0.0263672
-19
-0.0185547
-8
-0.0078125
-3
-0.00292969
2
0.00195312
20
0.0195312
38
0.0371094
45
0.0439453
22
0.0214844
12
0.0117188
-31
-0.0302734
-16
-0.015625
43
0.0419922
12
0.0117188
27
0.0263672
-13
-0.0126953
31
0.0302734
49
0.0478516
29
0.0283203
-30
-0.0292969
47
0.0458984
82
0.0800781
11
0.0107422
20
0.0195312
-13
-0.0126953
-9
-0.00878906
48
0.046875
11
0.0107422
-26
-0.0253906
-22
-0.0214844
13
0.0126953
9
0.00878906
-1
-0.000976562
29
0.0283203
16
0.015625
-37
-0.0361328
-10
-0.00976562
-2
-0.00195312
20
0.0195312
-9
-0.00878906
17
0.0166016
-12
-0.0117188
-6
-0.00585938
20
0.0195312
3
0.00292969
6
0.00585938
-22
-0.0214844
-4
-0.00390625
13
0.0126953
77
0.0751953
37
0.0361328
-39
-0.0380859
-32
-0.03125
-13
-0.0126953
8
0.0078125
-11
-0.0107422
56
0.0546875
-26
-0.0253906
2
0.00195312
23
0.0224609
1
0.000976562
26
0.0253906
22
0.0214844
26
0.0253906
22
0.0214844
20
0.0195312
-3
-0.00292969
-29
-0.0283203
-6
-0.00585938
18
0.0175781
-2
-0.00195312
-30
-0.0292969
-39
-0.0380859
-8
-0.0078125
-20
-0.0195312
7
0.00683594
4
0.00390625
-27
-0.0263672
37
0.0361328
19
0.0185547
-16
-0.015625
35
0.0341797
-4
-0.00390625
59
0.0576172
-44
-0.0429688
-48
-0.046875
13
0.0126953
-13
-0.0126953
-22
-0.0214844
-60
-0.0585938
35
0.0341797
3
0.00292969
49
0.0478516
-10
-0.00976562
38
0.0371094
-34
-0.0332031
10
0.00976562
-57
-0.0556641
20
0.0195312
-31
-0.0302734
-30
-0.0292969
-16
-0.015625
-9
-0.00878906
16
0.015625
-12
-0.0117188
36
0.0351562
-6
-0.00585938
-9
-0.00878906
29
0.0283203
10
0.00976562
17
0.0166016
28
0.0273438
7
0.00683594
-12
-0.0117188
-14
-0.0136719
-14
-0.0136719
-14
-0.0136719
68
0.0664062
44
0.0429688
26
0.0253906
61
0.0595703
-32
-0.03125
27
0.0263672
-6
-0.00585938
-39
-0.0380859
59
0.0576172
17
0.0166016
12
0.0117188
10
0.00976562
31
0.0302734
21
0.0205078
-9
-0.00878906
-28
-0.0273438
-23
-0.0224609
-37
-0.0361328
17
0.0166016
-3
-0.00292969
61
0.0595703
3
0.00292969
84
0.0820312
0
0
-17
-0.0166016
-27
-0.0263672
26
0.0253906
18
0.0175781
3
0.00292969
-18
-0.0175781
37
0.0361328
12
0.0117188
-35
-0.0341797
13
0.0126953
13
0.0126953
66
0.0644531
-52
-0.0507812
-35
-0.0341797
28
0.0273438
-38
-0.0371094
-39
-0.0380859
19
0.0185547
1
0.000976562
30
0.0292969
-90
-0.0878906
-34
-0.0332031
-1
-0.000976562
5
0.00488281
-29
-0.0283203
-29
-0.0283203
-33
-0.0322266
-51
-0.0498047
20
0.0195312
-14
-0.0136719
25
0.0244141
-6
-0.00585938
-10
-0.00976562
4
0.00390625
2
0.00195312
44
0.0429688
21
0.0205078
-19
-0.0185547
-31
-0.0302734
-1
-0.000976562
-19
-0.0185547
17
0.0166016
2
0.00195312
-47
-0.0458984
-48
-0.046875
-31
-0.0302734
-37
-0.0361328
46
0.0449219
2
0.00195312
5
0.00488281
-19
-0.0185547
36
0.0351562
3
0.00292969
19
0.0185547
8
0.0078125
8
0.0078125
3
0.00292969
26
0.0253906
25
0.0244141
-36
-0.0351562
-48
-0.046875
-38
-0.0371094
-42
-0.0410156
3
0.00292969
-60
-0.0585938
77
0.0751953
-27
-0.0263672
-33
-0.0322266
4
0.00390625
-30
-0.0292969
24
0.0234375
-14
-0.0136719
-4
-0.00390625
-41
-0.0400391
-34
-0.0332031
19
0.0185547
53
0.0517578
35
0.0341797
-83
-0.0810547
-17
-0.0166016
7
0.00683594
-21
-0.0205078
-47
-0.0458984
-8
-0.0078125
-20
-0.0195312
21
0.0205078
18
0.0175781
8
0.0078125
0
0
-37
-0.0361328
20
0.0195312
-27
-0.0263672
-3
-0.00292969
45
0.0439453
18
0.0175781
-29
-0.0283203
-25
-0.0244141
5
0.00488281
15
0.0146484
-3
-0.00292969
-8
-0.0078125
-12
-0.0117188
15
0.0146484
25
0.0244141
14
0.0136719
-29
-0.0283203
2
0.00195312
5
0.00488281
20
0.0195312
-57
-0.0556641
-21
-0.0205078
48
0.046875
44
0.0429688
20
0.0195312
-16
-0.015625
-32
-0.03125
51
0.0498047
17
0.0166016
8
0.0078125
-11
-0.0107422
34
0.0332031
20
0.0195312
38
0.0371094
-21
-0.0205078
-15
-0.0146484
-15
-0.0146484
-19
-0.0185547
-33
-0.0322266
-13
-0.0126953
27
0.0263672
66
0.0644531
32
0.03125
-5
-0.00488281
-2
-0.00195312
23
0.0224609
-11
-0.0107422
6
0.00585938
-10
-0.00976562
36
0.0351562
-43
-0.0419922
9
0.00878906
44
0.0429688
-8
-0.0078125
12
0.0117188
-16
-0.015625
7
0.00683594
28
0.0273438
-13
-0.0126953
22
0.0214844
44
0.0429688
-27
-0.0263672
-49
-0.0478516
-15
-0.0146484
-46
-0.0449219
1
0.000976562
12
0.0117188
4
0.00390625
24
0.0234375
-18
-0.0175781
8
0.0078125
-25
-0.0244141
8
0.0078125
-38
-0.0371094
-24
-0.0234375
-9
-0.00878906
-19
-0.0185547
-37
-0.0361328
7
0.00683594
-28
-0.0273438
-10
-0.00976562
-14
-0.0136719
41
0.0400391
-64
-0.0625
2
0.00195312
5
0.00488281
-5
-0.00488281
42
0.0410156
32
0.03125
-106
-0.103516
32
0.03125
-11
-0.0107422
25
0.0244141
-24
-0.0234375
-9
-0.00878906
52
0.0507812
-11
-0.0107422
-44
-0.0429688
-8
-0.0078125
-5
-0.00488281
-25
-0.0244141
13
0.0126953
16
0.015625
-17
-0.0166016
-36
-0.0351562
2
0.00195312
-20
-0.0195312
22
0.0214844
3
0.00292969
-29
-0.0283203
10
0.00976562
-50
-0.0488281
22
0.0214844
16
0.015625
30
0.0292969
-28
-0.0273438
-31
-0.0302734
3
0.00292969
12
0.0117188
4
0.00390625
-34
-0.0332031
-34
-0.0332031
16
0.015625
37
0.0361328
-24
-0.0234375
-53
-0.0517578
28
0.0273438
14
0.0136719
-73
-0.0712891
31
0.0302734
36
0.0351562
-34
-0.0332031
1
0.000976562
14
0.0136719
-9
-0.00878906
7
0.00683594
11
0.0107422
-18
-0.0175781
-6
-0.00585938
16
0.015625
46
0.0449219
4
0.00390625
39
0.0380859
-3
-0.00292969
2
0.00195312
-51
-0.0498047
13
0.0126953
-4
-0.00390625
37
0.0361328
-28
-0.0273438
-15
-0.0146484
3
0.00292969
-35
-0.0341797
39
0.0380859
10
0.00976562
-35
-0.0341797
-4
-0.00390625
-18
-0.0175781
-24
-0.0234375
-8
-0.0078125
4
0.00390625
-49
-0.0478516
16
0.015625
20
0.0195312
-40
-0.0390625
3
0.00292969
-26
-0.0253906
46
0.0449219
-37
-0.0361328
52
0.0507812
-20
-0.0195312
14
0.0136719
-4
-0.00390625
45
0.0439453
35
0.0341797
-26
-0.0253906
-2
-0.00195312
10
0.00976562
3
0.00292969
-19
-0.0185547
-21
-0.0205078
-24
-0.0234375
7
0.00683594
34
0.0332031
37
0.0361328
56
0.0546875
18
0.0175781
49
0.0478516
9
0.00878906
14
0.0136719
-5
-0.00488281
-10
-0.00976562
9
0.00878906
-26
-0.0253906
-1
-0.000976562
-13
-0.0126953
23
0.0224609
90
0.0878906
-55
-0.0537109
19
0.0185547
-36
-0.0351562
33
0.0322266
39
0.0380859
45
0.0439453
60
0.0585938
3
0.00292969
13
0.0126953
11
0.0107422
-16
-0.015625
1
0.000976562
-38
-0.0371094
-76
-0.0742188
12
0.0117188
41
0.0400391
-26
-0.0253906
-4
-0.00390625
15
0.0146484
-22
-0.0214844
21
0.0205078
-29
-0.0283203
-16
-0.015625
7
0.00683594
8
0.0078125
-14
-0.0136719
5
0.00488281
-46
-0.0449219
-49
-0.0478516
4
0.00390625
-21
-0.0205078
12
0.0117188
-12
-0.0117188
53
0.0517578
-1
-0.000976562
-11
-0.0107422
-7
-0.00683594
15
0.0146484
-32
-0.03125
-32
-0.03125
-25
-0.0244141
2
0.00195312
-34
-0.0332031
3
0.00292969
-14
-0.0136719
-27
-0.0263672
37
0.0361328
41
0.0400391
14
0.0136719
-77
-0.0751953
25
0.0244141
38
0.0371094
15
0.0146484
31
0.0302734
18
0.0175781
22
0.0214844
36
0.0351562
9
0.00878906
23
0.0224609
8
0.0078125
-13
-0.0126953
11
0.0107422
30
0.0292969
-9
-0.00878906
-2
-0.00195312
-20
-0.0195312
-26
-0.0253906
26
0.0253906
-38
-0.0371094
0
0
-16
-0.015625
44
0.0429688
3
0.00292969
-46
-0.0449219
-9
-0.00878906
-61
-0.0595703
-39
-0.0380859
-1
-0.000976562
48
0.046875
7
0.00683594
-5
-0.00488281
8
0.0078125
-13
-0.0126953
22
0.0214844
-2
-0.00195312
46
0.0449219
-49
-0.0478516
38
0.0371094
-26
-0.0253906
11
0.0107422
10
0.00976562
-88
-0.0859375
7
0.00683594
49
0.0478516
-39
-0.0380859
-22
-0.0214844
35
0.0341797
-30
-0.0292969
28
0.0273438
61
0.0595703
20
0.0195312
23
0.0224609
13
0.0126953
34
0.0332031
34
0.0332031
-29
-0.0283203
34
0.0332031
-17
-0.0166016
27
0.0263672
4
0.00390625
-11
-0.0107422
43
0.0419922
39
0.0380859
