208
0.00634766
42
0.00128174
-206
-0.00628662
-73
-0.00222778
-54
-0.00164795
292
0.00891113
-415
-0.0126648
154
0.00469971
1330
0.0405884
-280
-0.00854492
-264
-0.00805664
-127
-0.00387573
-123
-0.00375366
-15
-0.000457764
-540
-0.0164795
-135
-0.00411987
586
0.0178833
161
0.00491333
106
0.00323486
-289
-0.00881958
-353
-0.0107727
-6
-0.000183105
744
0.0227051
-351
-0.0107117
734
0.0223999
25
0.000762939
140
0.00427246
129
0.00393677
888
0.0270996
-203
-0.00619507
677
0.0206604
155
0.00473022
352
0.0107422
323
0.00985718
239
0.0072937
-39
-0.00119019
257
0.00784302
-10
-0.000305176
-309
-0.00942993
-39
-0.00119019
-586
-0.0178833
-218
-0.00665283
163
0.00497437
-5
-0.000152588
-211
-0.00643921
-291
-0.00888062
-68
-0.0020752
37
0.00112915
-17
-0.000518799
202
0.00616455
-315
-0.00961304
-180
-0.00549316
385
0.0117493
63
0.00192261
-83
-0.00253296
-99
-0.00302124
5
0.000152588
126
0.00384521
-12
-0.000366211
-131
-0.0039978
-77
-0.00234985
-39
-0.00119019
-211
-0.00643921
98
0.00299072
582
0.0177612
207
0.00631714
183
0.00558472
146
0.00445557
95
0.00289917
-169
-0.00515747
-120
-0.00366211
19
0.000579834
158
0.00482178
133
0.00405884
-101
-0.00308228
161
0.00491333
-500
-0.0152588
53
0.00161743
-99
-0.00302124
312
0.00952148
-600
-0.0183105
0
0
385
0.0117493
-221
-0.00674438
-151
-0.00460815
384
0.0117188
-1015
-0.0309753
-24
-0.000732422
-235
-0.00717163
157
0.00479126
-1018
-0.0310669
-212
-0.00646973
-346
-0.0105591
185
0.00564575
-1043
-0.0318298
-153
-0.00466919
-378
-0.0115356
-184
-0.00561523
-254
-0.00775146
164
0.00500488
124
0.00378418
-208
-0.00634766
593
0.0180969
111
0.00338745
191
0.00582886
248
0.00756836
638
0.0194702
-134
-0.00408936
436
0.0133057
53
0.00161743
586
0.0178833
285
0.00869751
162
0.00494385
-103
-0.00314331
-138
-0.00421143
-101
-0.00308228
446
0.0136108
-177
-0.00540161
-277
-0.00845337
103
0.00314331
-40
-0.0012207
-86
-0.00262451
-107
-0.00326538
-114
-0.003479
-87
-0.00265503
-120
-0.00366211
-479
-0.0146179
31
0.000946045
-372
-0.0113525
71
0.00216675
-216
-0.0065918
-54
-0.00164795
98
0.00299072
-414
-0.0126343
-428
-0.0130615
90
0.00274658
-224
-0.00683594
-80
-0.00244141
-276
-0.00842285
-42
-0.00128174
-556
-0.0169678
12
0.000366211
324
0.0098877
-243
-0.00741577
-287
-0.00875854
-118
-0.00360107
-432
-0.0131836
221
0.00674438
372
0.0113525
174
0.00531006
-615
-0.0187683
-161
-0.00491333
-227
-0.00692749
17
0.000518799
474
0.0144653
131
0.0039978
-67
-0.00204468
-28
-0.000854492
-486
-0.0148315
-241
-0.00735474
-312
-0.00952148
-103
-0.00314331
-121
-0.00369263
-101
-0.00308228
-46
-0.00140381
-226
-0.00689697
119
0.00363159
-180
-0.00549316
-340
-0.010376
240
0.00732422
468
0.0142822
-58
-0.00177002
-379
-0.0115662
144
0.00439453
-244
-0.00744629
-123
-0.00375366
251
0.00765991
235
0.00717163
-497
-0.0151672
201
0.00613403
-471
-0.0143738
174
0.00531006
-306
-0.00933838
-97
-0.00296021
-354
-0.0108032
287
0.00875854
207
0.00631714
-71
-0.00216675
-181
-0.00552368
122
0.00372314
34
0.0010376
100
0.00305176
-528
-0.0161133
46
0.00140381
-561
-0.0171204
196
0.00598145
-463
-0.0141296
-137
-0.00418091
-273
-0.0083313
23
0.000701904
285
0.00869751
6
0.000183105
-102
-0.00311279
3
9.15527e-05
-512
-0.015625
-407
-0.0124207
107
0.00326538
-98
-0.00299072
-5
-0.000152588
149
0.00454712
-442
-0.0134888
30
0.000915527
-1011
-0.0308533
-31
-0.000946045
183
0.00558472
-81
-0.00247192
232
0.00708008
180
0.00549316
214
0.00653076
169
0.00515747
207
0.00631714
12
0.000366211
-87
-0.00265503
25
0.000762939
-1033
-0.0315247
-343
-0.0104675
-464
-0.0141602
82
0.00250244
-970
-0.0296021
124
0.00378418
652
0.0198975
227
0.00692749
-71
-0.00216675
72
0.00219727
70
0.00213623
82
0.00250244
-632
-0.0192871
156
0.00476074
-22
-0.000671387
-14
-0.000427246
225
0.00686646
41
0.00125122
270
0.00823975
25
0.000762939
-142
-0.0043335
12
0.000366211
223
0.00680542
-54
-0.00164795
-54
-0.00164795
-319
-0.00973511
273
0.0083313
-53
-0.00161743
-440
-0.0134277
37
0.00112915
607
0.0185242
176
0.00537109
169
0.00515747
-245
-0.00747681
-586
-0.0178833
139
0.00424194
372
0.0113525
302
0.00921631
-638
-0.0194702
-122
-0.00372314
-851
-0.0259705
34
0.0010376
393
0.0119934
-144
-0.00439453
59
0.00180054
328
0.0100098
-381
-0.0116272
165
0.0050354
350
0.0106812
-193
-0.00588989
595
0.018158
285
0.00869751
123
0.00375366
-89
-0.00271606
-341
-0.0104065
-64
-0.00195312
-246
-0.00750732
74
0.0022583
-384
-0.0117188
-265
-0.00808716
-498
-0.0151978
120
0.00366211
43
0.00131226
-35
-0.00106812
-241
-0.00735474
-31
-0.000946045
-278
-0.00848389
151
0.00460815
782
0.0238647
112
0.00341797
-236
-0.00720215
256
0.0078125
-573
-0.0174866
-39
-0.00119019
-782
-0.0238647
205
0.0062561
-802
-0.0244751
-165
-0.0050354
141
0.00430298
303
0.00924683
89
0.00271606
17
0.000518799
669
0.0204163
-151
-0.00460815
58
0.00177002
-216
-0.0065918
745
0.0227356
255
0.00778198
-47
-0.00143433
-224
-0.00683594
217
0.00662231
346
0.0105591
38
0.00115967
-24
-0.000732422
-166
-0.00506592
-283
-0.00863647
5
0.000152588
-59
-0.00180054
175
0.00534058
-3
-9.15527e-05
-242
-0.00738525
-61
-0.00186157
-28
-0.000854492
-56
-0.00170898
-20
-0.000610352
-313
-0.009552
622
0.0189819
216
0.0065918
42
0.00128174
-61
-0.00186157
152
0.00463867
-115
-0.00350952
-177
-0.00540161
-237
-0.00723267
-340
-0.010376
1
3.05176e-05
521
0.0158997
-38
-0.00115967
-123
-0.00375366
287
0.00875854
-162
-0.00494385
147
0.00448608
317
0.00967407
-488
-0.0148926
-244
-0.00744629
-238
-0.00726318
-238
-0.00726318
51
0.0015564
718
0.0219116
305
0.00930786
-167
-0.00509644
-206
-0.00628662
422
0.0128784
-250
-0.00762939
151
0.00460815
-127
-0.00387573
18
0.000549316
57
0.0017395
-621
-0.0189514
121
0.00369263
-811
-0.0247498
-62
-0.00189209
-245
-0.00747681
60
0.00183105
-593
-0.0180969
-261
-0.00796509
-20
-0.000610352
149
0.00454712
552
0.0168457
-108
-0.0032959
416
0.0126953
310
0.00946045
292
0.00891113
11
0.000335693
-853
-0.0260315
-361
-0.0110168
471
0.0143738
-31
-0.000946045
-702
-0.0214233
8
0.000244141
-230
-0.00701904
-178
-0.00543213
-306
-0.00933838
11
0.000335693
-467
-0.0142517
-142
-0.0043335
922
0.0281372
12
0.000366211
-111
-0.00338745
-151
-0.00460815
-103
-0.00314331
179
0.00546265
-51
-0.0015564
36
0.00109863
-167
-0.00509644
169
0.00515747
492
0.0150146
-76
-0.00231934
336
0.0102539
-187
-0.00570679
294
0.00897217
94
0.00286865
611
0.0186462
-208
-0.00634766
134
0.00408936
113
0.00344849
570
0.017395
538
0.0164185
338
0.0103149
62
0.00189209
131
0.0039978
-43
-0.00131226
352
0.0107422
-309
-0.00942993
87
0.00265503
-163
-0.00497437
27
0.000823975
-32
-0.000976562
634
0.0193481
-82
-0.00250244
232
0.00708008
51
0.0015564
-47
-0.00143433
-67
-0.00204468
-117
-0.00357056
137
0.00418091
-571
-0.0174255
101
0.00308228
208
0.00634766
-1
-3.05176e-05
-58
-0.00177002
-164
-0.00500488
293
0.00894165
92
0.00280762
-116
-0.00354004
-266
-0.00811768
-356
-0.0108643
-190
-0.00579834
682
0.020813
114
0.003479
-152
-0.00463867
-17
-0.000518799
-109
-0.00332642
217
0.00662231
30
0.000915527
20
0.000610352
-466
-0.0142212
447
0.0136414
701
0.0213928
370
0.0112915
78
0.00238037
-147
-0.00448608
-21
-0.000640869
122
0.00372314
-764
-0.0233154
42
0.00128174
404
0.0123291
-96
-0.00292969
112
0.00341797
-247
-0.00753784
-145
-0.00442505
-84
-0.00256348
-165
-0.0050354
-97
-0.00296021
574
0.0175171
-310
-0.00946045
504
0.0153809
7
0.000213623
-767
-0.023407
-11
-0.000335693
-899
-0.0274353
178
0.00543213
29
0.00088501
-178
-0.00543213
158
0.00482178
-53
-0.00161743
-440
-0.0134277
327
0.00997925
-354
-0.0108032
-152
-0.00463867
-452
-0.0137939
339
0.0103455
-230
-0.00701904
251
0.00765991
-12
-0.000366211
80
0.00244141
99
0.00302124
188
0.0057373
-765
-0.0233459
0
0
-139
-0.00424194
49
0.00149536
8
0.000244141
-120
-0.00366211
297
0.00906372
-312
-0.00952148
108
0.0032959
74
0.0022583
33
0.00100708
56
0.00170898
-497
-0.0151672
-92
-0.00280762
-29
-0.00088501
-104
-0.00317383
-57
-0.0017395
-211
-0.00643921
621
0.0189514
-290
-0.0088501
-425
-0.01297
70
0.00213623
160
0.00488281
252
0.00769043
45
0.00137329
141
0.00430298
-597
-0.018219
136
0.00415039
378
0.0115356
-116
-0.00354004
267
0.00814819
-146
-0.00445557
39
0.00119019
187
0.00570679
466
0.0142212
-106
-0.00323486
17
0.000518799
38
0.00115967
-158
-0.00482178
58
0.00177002
-230
-0.00701904
-239
-0.0072937
-61
-0.00186157
-37
-0.00112915
533
0.0162659
-132
-0.00402832
66
0.00201416
-89
-0.00271606
-232
-0.00708008
157
0.00479126
-93
-0.00283813
-54
-0.00164795
129
0.00393677
209
0.00637817
610
0.0186157
-41
-0.00125122
330
0.0100708
-98
-0.00299072
87
0.00265503
142
0.0043335
0
0
-13
-0.000396729
-1009
-0.0307922
-150
-0.00457764
-393
-0.0119934
0
0
-351
-0.0107117
-44
-0.00134277
366
0.0111694
47
0.00143433
517
0.0157776
171
0.00521851
-1084
-0.0330811
-123
-0.00375366
483
0.01474
180
0.00549316
301
0.00918579
-49
-0.00149536
575
0.0175476
66
0.00201416
267
0.00814819
200
0.00610352
220
0.00671387
-6
-0.000183105
633
0.0193176
-154
-0.00469971
371
0.011322
265
0.00808716
432
0.0131836
-51
-0.0015564
5
0.000152588
-46
-0.00140381
17
0.000518799
-143
-0.00436401
111
0.00338745
406
0.0123901
295
0.00900269
309
0.00942993
289
0.00881958
-216
-0.0065918
-165
-0.0050354
68
0.0020752
-92
-0.00280762
264
0.00805664
140
0.00427246
-254
-0.00775146
-155
-0.00473022
251
0.00765991
-10
-0.000305176
-107
-0.00326538
855
0.0260925
-173
-0.00527954
-165
-0.0050354
-31
-0.000946045
709
0.021637
176
0.00537109
332
0.0101318
129
0.00393677
-457
-0.0139465
-15
-0.000457764
-371
-0.011322
17
0.000518799
-213
-0.00650024
64
0.00195312
-319
-0.00973511
-36
-0.00109863
-625
-0.0190735
-217
-0.00662231
30
0.000915527
260
0.00793457
-495
-0.0151062
-56
-0.00170898
-386
-0.0117798
107
0.00326538
59
0.00180054
192
0.00585938
415
0.0126648
-75
-0.00228882
354
0.0108032
-7
-0.000213623
-815
-0.0248718
33
0.00100708
12
0.000366211
-47
-0.00143433
319
0.00973511
27
0.000823975
-310
-0.00946045
126
0.00384521
711
0.021698
26
0.000793457
42
0.00128174
-38
-0.00115967
368
0.0112305
226
0.00689697
572
0.0174561
-211
-0.00643921
-730
-0.0222778
270
0.00823975
87
0.00265503
-208
-0.00634766
575
0.0175476
-293
-0.00894165
194
0.00592041
-284
-0.00866699
-363
-0.0110779
-78
-0.00238037
128
0.00390625
206
0.00628662
-444
-0.0135498
277
0.00845337
272
0.00830078
-214
-0.00653076
129
0.00393677
110
0.00335693
-357
-0.0108948
-318
-0.00970459
-94
-0.00286865
-2
-6.10352e-05
-463
-0.0141296
-93
-0.00283813
-212
-0.00646973
-61
-0.00186157
-254
-0.00775146
125
0.0038147
-401
-0.0122375
15
0.000457764
-40
-0.0012207
-144
-0.00439453
927
0.0282898
39
0.00119019
-121
-0.00369263
-15
-0.000457764
276
0.00842285
18
0.000549316
170
0.00518799
-4
-0.00012207
33
0.00100708
-69
-0.00210571
363
0.0110779
105
0.00320435
-423
-0.0129089
105
0.00320435
31
0.000946045
-17
-0.000518799
-82
-0.00250244
111
0.00338745
-186
-0.00567627
103
0.00314331
571
0.0174255
76
0.00231934
-397
-0.0121155
-16
-0.000488281
282
0.00860596
-228
-0.00695801
177
0.00540161
182
0.0055542
321
0.00979614
-92
-0.00280762
-691
-0.0210876
-24
-0.000732422
-278
-0.00848389
66
0.00201416
121
0.00369263
-60
-0.00183105
880
0.0268555
-81
-0.00247192
-958
-0.0292358
-46
-0.00140381
242
0.00738525
50
0.00152588
53
0.00161743
-241
-0.00735474
312
0.00952148
66
0.00201416
294
0.00897217
100
0.00305176
-102
-0.00311279
111
0.00338745
135
0.00411987
15
0.000457764
339
0.0103455
-64
-0.00195312
494
0.0150757
-95
-0.00289917
450
0.0137329
-87
-0.00265503
-436
-0.0133057
58
0.00177002
422
0.0128784
-85
-0.00259399
-367
-0.0112
-197
-0.00601196
-118
-0.00360107
-24
-0.000732422
278
0.00848389
-175
-0.00534058
39
0.00119019
74
0.0022583
-213
-0.00650024
-62
-0.00189209
136
0.00415039
69
0.00210571
-314
-0.00958252
39
0.00119019
535
0.0163269
-119
-0.00363159
-121
-0.00369263
-238
-0.00726318
408
0.0124512
109
0.00332642
-215
-0.00656128
-53
-0.00161743
900
0.0274658
46
0.00140381
-338
-0.0103149
-5
-0.000152588
-883
-0.026947
-249
-0.00759888
53
0.00161743
218
0.00665283
163
0.00497437
315
0.00961304
258
0.00787354
4
0.00012207
455
0.0138855
10
0.000305176
51
0.0015564
141
0.00430298
-417
-0.0127258
20
0.000610352
-337
-0.0102844
-167
-0.00509644
-327
-0.00997925
-100
-0.00305176
355
0.0108337
-216
-0.0065918
-776
-0.0236816
-95
-0.00289917
-337
-0.0102844
93
0.00283813
-88
-0.00268555
196
0.00598145
-266
-0.00811768
-113
-0.00344849
-127
-0.00387573
-276
-0.00842285
416
0.0126953
184
0.00561523
-873
-0.0266418
87
0.00265503
-652
-0.0198975
-64
-0.00195312
696
0.0212402
-95
-0.00289917
140
0.00427246
-15
-0.000457764
-51
-0.0015564
156
0.00476074
286
0.00872803
23
0.000701904
-228
-0.00695801
152
0.00463867
40
0.0012207
-68
-0.0020752
841
0.0256653
73
0.00222778
-397
-0.0121155
-160
-0.00488281
-287
-0.00875854
129
0.00393677
-802
-0.0244751
-81
-0.00247192
-594
-0.0181274
-15
-0.000457764
-350
-0.0106812
-220
-0.00671387
586
0.0178833
104
0.00317383
-311
-0.00949097
-255
-0.00778198
-1049
-0.0320129
81
0.00247192
649
0.0198059
123
0.00375366
63
0.00192261
-94
-0.00286865
597
0.018219
-98
-0.00299072
-194
-0.00592041
129
0.00393677
411
0.0125427
-5
-0.000152588
-389
-0.0118713
-295
-0.00900269
-15
-0.000457764
382
0.0116577
289
0.00881958
-39
-0.00119019
500
0.0152588
-223
-0.00680542
51
0.0015564
-248
-0.00756836
360
0.0109863
53
0.00161743
-110
-0.00335693
176
0.00537109
-292
-0.00891113
-243
-0.00741577
221
0.00674438
-93
-0.00283813
-204
-0.00622559
146
0.00445557
-720
-0.0219727
-157
-0.00479126
332
0.0101318
-29
-0.00088501
-69
-0.00210571
93
0.00283813
-429
-0.013092
101
0.00308228
71
0.00216675
111
0.00338745
-807
-0.0246277
-10
-0.000305176
-200
-0.00610352
238
0.00726318
688
0.0209961
-75
-0.00228882
-313
-0.009552
-6
-0.000183105
-433
-0.0132141
107
0.00326538
-73
-0.00222778
113
0.00344849
510
0.015564
83
0.00253296
-206
-0.00628662
-26
-0.000793457
-387
-0.0118103
250
0.00762939
624
0.019043
-143
-0.00436401
135
0.00411987
49
0.00149536
62
0.00189209
-120
-0.00366211
442
0.0134888
-327
-0.00997925
8
0.000244141
-72
-0.00219727
321
0.00979614
-186
-0.00567627
698
0.0213013
111
0.00338745
-831
-0.0253601
75
0.00228882
449
0.0137024
-44
-0.00134277
143
0.00436401
-370
-0.0112915
-85
-0.00259399
370
0.0112915
-13
-0.000396729
-190
-0.00579834
554
0.0169067
135
0.00411987
141
0.00430298
10
0.000305176
425
0.01297
306
0.00933838
-219
-0.00668335
-92
-0.00280762
60
0.00183105
7
0.000213623
717
0.0218811
-184
-0.00561523
65
0.00198364
-213
-0.00650024
-336
-0.0102539
-179
-0.00546265
-233
-0.0071106
-20
-0.000610352
-306
-0.00933838
37
0.00112915
214
0.00653076
91
0.0027771
513
0.0156555
75
0.00228882
-30
-0.000915527
161
0.00491333
350
0.0106812
78
0.00238037
165
0.0050354
-118
-0.00360107
-153
-0.00466919
-92
-0.00280762
328
0.0100098
78
0.00238037
-326
-0.00994873
-220
-0.00671387
64
0.00195312
-275
-0.00839233
90
0.00274658
-129
-0.00393677
578
0.0176392
3
9.15527e-05
-451
-0.0137634
-45
-0.00137329
10
0.000305176
-37
-0.00112915
-379
-0.0115662
101
0.00308228
205
0.0062561
42
0.00128174
257
0.00784302
113
0.00344849
72
0.00219727
111
0.00338745
-448
-0.0136719
-134
-0.00408936
82
0.00250244
53
0.00161743
198
0.00604248
169
0.00515747
60
0.00183105
-199
-0.006073
248
0.00756836
-98
-0.00299072
-496
-0.0151367
-344
-0.010498
66
0.00201416
-227
-0.00692749
-7
-0.000213623
188
0.0057373
-398
-0.012146
175
0.00534058
426
0.0130005
479
0.0146179
-584
-0.0178223
18
0.000549316
69
0.00210571
53
0.00161743
665
0.0202942
88
0.00268555
390
0.0119019
-339
-0.0103455
442
0.0134888
20
0.000610352
-284
-0.00866699
-81
-0.00247192
110
0.00335693
187
0.00570679
1153
0.0351868
130
0.00396729
-29
-0.00088501
-42
-0.00128174
-234
-0.00714111
-172
-0.00524902
-180
-0.00549316
160
0.00488281
-333
-0.0101624
-64
-0.00195312
-408
-0.0124512
109
0.00332642
108
0.0032959
131
0.0039978
-557
-0.0169983
267
0.00814819
905
0.0276184
28
0.000854492
16
0.000488281
40
0.0012207
0
0
-20
-0.000610352
-13
-0.000396729
408
0.0124512
141
0.00430298
18
0.000549316
74
0.0022583
46
0.00140381
25
0.000762939
-63
-0.00192261
228
0.00695801
2
6.10352e-05
-225
-0.00686646
333
0.0101624
-161
-0.00491333
-216
-0.0065918
-458
-0.0139771
-203
-0.00619507
184
0.00561523
-124
-0.00378418
228
0.00695801
88
0.00268555
58
0.00177002
-115
-0.00350952
-473
-0.0144348
-82
-0.00250244
-333
-0.0101624
1
3.05176e-05
565
0.0172424
-80
-0.00244141
361
0.0110168
-134
-0.00408936
-439
-0.0133972
101
0.00308228
-324
-0.0098877
-273
-0.0083313
267
0.00814819
0
0
43
0.00131226
-170
-0.00518799
414
0.0126343
34
0.0010376
2
6.10352e-05
-98
-0.00299072
-704
-0.0214844
-156
-0.00476074
581
0.0177307
-228
-0.00695801
209
0.00637817
11
0.000335693
277
0.00845337
-18
-0.000549316
581
0.0177307
-79
-0.00241089
-7
-0.000213623
-3
-9.15527e-05
109
0.00332642
-246
-0.00750732
341
0.0104065
-106
-0.00323486
418
0.0127563
-171
-0.00521851
66
0.00201416
86
0.00262451
-150
-0.00457764
52
0.00158691
-364
-0.0111084
-241
-0.00735474
274
0.00836182
24
0.000732422
-196
-0.00598145
-133
-0.00405884
61
0.00186157
-111
-0.00338745
856
0.026123
301
0.00918579
-557
-0.0169983
-49
-0.00149536
66
0.00201416
0
0
196
0.00598145
-362
-0.0110474
-172
-0.00524902
-102
-0.00311279
545
0.0166321
224
0.00683594
96
0.00292969
137
0.00418091
398
0.012146
-158
-0.00482178
-325
-0.00991821
217
0.00662231
97
0.00296021
-200
-0.00610352
35
0.00106812
-79
-0.00241089
281
0.00857544
65
0.00198364
-774
-0.0236206
-81
-0.00247192
-889
-0.0271301
-316
-0.00964355
-300
-0.00915527
-84
-0.00256348
-193
-0.00588989
-192
-0.00585938
342
0.010437
-119
-0.00363159
117
0.00357056
-155
-0.00473022
581
0.0177307
-280
-0.00854492
687
0.0209656
-124
-0.00378418
140
0.00427246
-73
-0.00222778
454
0.013855
-323
-0.00985718
-493
-0.0150452
-14
-0.000427246
550
0.0167847
57
0.0017395
-564
-0.0172119
-198
-0.00604248
-197
-0.00601196
33
0.00100708
212
0.00646973
-38
-0.00115967
-152
-0.00463867
-89
-0.00271606
66
0.00201416
137
0.00418091
694
0.0211792
320
0.00976562
81
0.00247192
-97
-0.00296021
-980
-0.0299072
322
0.00982666
-883
-0.026947
71
0.00216675
43
0.00131226
-114
-0.003479
41
0.00125122
282
0.00860596
101
0.00308228
152
0.00463867
-582
-0.0177612
63
0.00192261
-549
-0.0167542
57
0.0017395
282
0.00860596
-89
-0.00271606
227
0.00692749
-284
-0.00866699
-390
-0.0119019
-3
-9.15527e-05
169
0.00515747
-85
-0.00259399
3
9.15527e-05
-120
-0.00366211
-589
-0.0179749
-190
-0.00579834
212
0.00646973
219
0.00668335
326
0.00994873
-58
-0.00177002
596
0.0181885
-20
-0.000610352
580
0.0177002
-124
-0.00378418
-402
-0.0122681
-167
-0.00509644
390
0.0119019
-67
-0.00204468
245
0.00747681
12
0.000366211
-204
-0.00622559
146
0.00445557
265
0.00808716
-92
-0.00280762
-384
-0.0117188
72
0.00219727
-572
-0.0174561
19
0.000579834
-575
-0.0175476
-50
-0.00152588
62
0.00189209
-360
-0.0109863
67
0.00204468
-246
-0.00750732
-157
-0.00479126
23
0.000701904
-181
-0.00552368
3
9.15527e-05
-234
-0.00714111
-200
-0.00610352
-313
-0.009552
95
0.00289917
246
0.00750732
-58
-0.00177002
-684
-0.020874
-325
-0.00991821
-144
-0.00439453
319
0.00973511
85
0.00259399
80
0.00244141
-54
-0.00164795
92
0.00280762
-119
-0.00363159
51
0.0015564
-1073
-0.0327454
-14
-0.000427246
-268
-0.00817871
-137
-0.00418091
-158
-0.00482178
-18
-0.000549316
-705
-0.0215149
19
0.000579834
982
0.0299683
251
0.00765991
288
0.00878906
-68
-0.0020752
869
0.0265198
29
0.00088501
65
0.00198364
108
0.0032959
-96
-0.00292969
132
0.00402832
-544
-0.0166016
81
0.00247192
583
0.0177917
-52
-0.00158691
198
0.00604248
-170
-0.00518799
-541
-0.01651
16
0.000488281
804
0.0245361
-172
-0.00524902
-136
-0.00415039
-32
-0.000976562
-667
-0.0203552
-30
-0.000915527
783
0.0238953
69
0.00210571
219
0.00668335
-268
-0.00817871
294
0.00897217
-81
-0.00247192
486
0.0148315
-123
-0.00375366
-450
-0.0137329
-55
-0.00167847
-477
-0.0145569
44
0.00134277
782
0.0238647
-97
-0.00296021
513
0.0156555
-22
-0.000671387
0
0
-206
-0.00628662
704
0.0214844
170
0.00518799
-296
-0.0090332
109
0.00332642
-577
-0.0176086
45
0.00137329
378
0.0115356
-324
-0.0098877
158
0.00482178
147
0.00448608
-568
-0.017334
-335
-0.0102234
111
0.00338745
330
0.0100708
-675
-0.0205994
-302
-0.00921631
-387
-0.0118103
-32
-0.000976562
-769
-0.023468
-149
-0.00454712
904
0.0275879
60
0.00183105
-227
-0.00692749
47
0.00143433
65
0.00198364
104
0.00317383
226
0.00689697
273
0.0083313
-120
-0.00366211
126
0.00384521
-581
-0.0177307
134
0.00408936
544
0.0166016
277
0.00845337
811
0.0247498
15
0.000457764
852
0.026001
375
0.0114441
367
0.0112
-143
-0.00436401
417
0.0127258
-39
-0.00119019
2
6.10352e-05
-27
-0.000823975
-483
-0.01474
-58
-0.00177002
-216
-0.0065918
-107
-0.00326538
193
0.00588989
60
0.00183105
-142
-0.0043335
-82
-0.00250244
-143
-0.00436401
-118
-0.00360107
-105
-0.00320435
218
0.00665283
599
0.01828
125
0.0038147
-158
-0.00482178
-77
-0.00234985
-740
-0.022583
196
0.00598145
257
0.00784302
37
0.00112915
-162
-0.00494385
-268
-0.00817871
-466
-0.0142212
-200
-0.00610352
-292
-0.00891113
-205
-0.0062561
112
0.00341797
-102
-0.00311279
-279
-0.0085144
156
0.00476074
1
3.05176e-05
-42
-0.00128174
323
0.00985718
-75
-0.00228882
360
0.0109863
-71
-0.00216675
214
0.00653076
-12
-0.000366211
553
0.0168762
6
0.000183105
-822
-0.0250854
-61
-0.00186157
605
0.0184631
128
0.00390625
123
0.00375366
99
0.00302124
2
6.10352e-05
-62
-0.00189209
255
0.00778198
-129
-0.00393677
-206
-0.00628662
144
0.00439453
16
0.000488281
-351
-0.0107117
91
0.0027771
217
0.00662231
358
0.0109253
127
0.00387573
716
0.0218506
-58
-0.00177002
-734
-0.0223999
-57
-0.0017395
-148
-0.0045166
-155
-0.00473022
-509
-0.0155334
296
0.0090332
-69
-0.00210571
-9
-0.000274658
-229
-0.00698853
61
0.00186157
162
0.00494385
73
0.00222778
164
0.00500488
-249
-0.00759888
-629
-0.0191956
186
0.00567627
-290
-0.0088501
-41
-0.00125122
-520
-0.0158691
11
0.000335693
491
0.0149841
-90
-0.00274658
-241
-0.00735474
275
0.00839233
-395
-0.0120544
-46
-0.00140381
174
0.00531006
-157
-0.00479126
254
0.00775146
87
0.00265503
555
0.0169373
-305
-0.00930786
-218
-0.00665283
-269
-0.00820923
319
0.00973511
35
0.00106812
86
0.00262451
-111
-0.00338745
-692
-0.0211182
1
3.05176e-05
578
0.0176392
60
0.00183105
941
0.028717
-68
-0.0020752
704
0.0214844
78
0.00238037
-361
-0.0110168
-13
-0.000396729
-313
-0.009552
-40
-0.0012207
40
0.0012207
226
0.00689697
201
0.00613403
-31
-0.000946045
1066
0.0325317
298
0.00909424
205
0.0062561
-110
-0.00335693
112
0.00341797
147
0.00448608
-973
-0.0296936
-272
-0.00830078
-116
-0.00354004
128
0.00390625
-54
-0.00164795
99
0.00302124
86
0.00262451
-170
-0.00518799
-233
-0.0071106
-32
-0.000976562
-285
-0.00869751
8
0.000244141
101
0.00308228
107
0.00326538
-423
-0.0129089
-78
-0.00238037
-701
-0.0213928
-33
-0.00100708
-571
-0.0174255
312
0.00952148
-394
-0.0120239
-26
-0.000793457
292
0.00891113
138
0.00421143
-272
-0.00830078
-44
-0.00134277
164
0.00500488
-55
-0.00167847
-670
-0.0204468
118
0.00360107
77
0.00234985
272
0.00830078
156
0.00476074
40
0.0012207
-383
-0.0116882
12
0.000366211
615
0.0187683
-132
-0.00402832
-272
-0.00830078
-74
-0.0022583
-18
-0.000549316
145
0.00442505
-125
-0.0038147
-81
-0.00247192
166
0.00506592
-190
-0.00579834
-51
-0.0015564
105
0.00320435
1140
0.03479
-118
-0.00360107
-929
-0.0283508
161
0.00491333
915
0.0279236
-421
-0.0128479
24
0.000732422
-110
-0.00335693
385
0.0117493
-260
-0.00793457
-280
-0.00854492
149
0.00454712
245
0.00747681
21
0.000640869
-936
-0.0285645
199
0.006073
-36
-0.00109863
-170
-0.00518799
-242
-0.00738525
-301
-0.00918579
330
0.0100708
131
0.0039978
175
0.00534058
6
0.000183105
-23
-0.000701904
-7
-0.000213623
-477
-0.0145569
-52
-0.00158691
-161
-0.00491333
294
0.00897217
-523
-0.0159607
-260
-0.00793457
-548
-0.0167236
-48
-0.00146484
-266
-0.00811768
3
9.15527e-05
560
0.0170898
30
0.000915527
256
0.0078125
205
0.0062561
430
0.0131226
57
0.0017395
57
0.0017395
-180
-0.00549316
-149
-0.00454712
-238
-0.00726318
458
0.0139771
192
0.00585938
68
0.0020752
-291
-0.00888062
435
0.0132751
-389
-0.0118713
-4
-0.00012207
-125
-0.0038147
25
0.000762939
-172
-0.00524902
-161
-0.00491333
22
0.000671387
93
0.00283813
156
0.00476074
537
0.0163879
-16
-0.000488281
460
0.0140381
-85
-0.00259399
473
0.0144348
-48
-0.00146484
-174
-0.00531006
18
0.000549316
-841
-0.0256653
130
0.00396729
753
0.0229797
-296
-0.0090332
689
0.0210266
-92
-0.00280762
875
0.0267029
163
0.00497437
-289
-0.00881958
30
0.000915527
509
0.0155334
266
0.00811768
-732
-0.0223389
-172
-0.00524902
-58
-0.00177002
-17
-0.000518799
-176
-0.00537109
-149
-0.00454712
577
0.0176086
78
0.00238037
217
0.00662231
207
0.00631714
-570
-0.017395
-180
-0.00549316
376
0.0114746
114
0.003479
-744
-0.0227051
-52
-0.00158691
-236
-0.00720215
202
0.00616455
-175
-0.00534058
-352
-0.0107422
-41
-0.00125122
296
0.0090332
-866
-0.0264282
136
0.00415039
419
0.0127869
50
0.00152588
334
0.0101929
309
0.00942993
-303
-0.00924683
107
0.00326538
-182
-0.0055542
46
0.00140381
-563
-0.0171814
-84
-0.00256348
1172
0.0357666
-13
-0.000396729
-441
-0.0134583
220
0.00671387
-189
-0.00576782
503
0.0153503
-343
-0.0104675
-245
-0.00747681
391
0.0119324
132
0.00402832
-729
-0.0222473
178
0.00543213
-625
-0.0190735
-51
-0.0015564
10
0.000305176
152
0.00463867
-410
-0.0125122
-242
-0.00738525
595
0.018158
116
0.00354004
409
0.0124817
-4
-0.00012207
623
0.0190125
-378
-0.0115356
291
0.00888062
6
0.000183105
-3
-9.15527e-05
-92
-0.00280762
-107
-0.00326538
-23
-0.000701904
968
0.029541
-120
-0.00366211
172
0.00524902
44
0.00134277
203
0.00619507
4
0.00012207
-23
-0.000701904
233
0.0071106
328
0.0100098
-270
-0.00823975
-54
-0.00164795
-21
-0.000640869
372
0.0113525
-96
-0.00292969
-571
-0.0174255
-52
-0.00158691
-418
-0.0127563
-168
-0.00512695
370
0.0112915
-210
-0.00640869
-33
-0.00100708
-203
-0.00619507
-695
-0.0212097
-205
-0.0062561
204
0.00622559
-28
-0.000854492
72
0.00219727
51
0.0015564
-50
-0.00152588
73
0.00222778
-330
-0.0100708
-71
-0.00216675
500
0.0152588
-337
-0.0102844
20
0.000610352
224
0.00683594
185
0.00564575
-128
-0.00390625
-118
-0.00360107
-160
-0.00488281
825
0.025177
-96
-0.00292969
-98
-0.00299072
-85
-0.00259399
-169
-0.00515747
59
0.00180054
246
0.00750732
-34
-0.0010376
-93
-0.00283813
-65
-0.00198364
676
0.0206299
39
0.00119019
-442
-0.0134888
25
0.000762939
-257
-0.00784302
-13
-0.000396729
-730
-0.0222778
-9
-0.000274658
-748
-0.0228271
58
0.00177002
253
0.00772095
-95
-0.00289917
663
0.0202332
-10
-0.000305176
256
0.0078125
182
0.0055542
97
0.00296021
54
0.00164795
-406
-0.0123901
-240
-0.00732422
436
0.0133057
11
0.000335693
-588
-0.0179443
-17
-0.000518799
-25
-0.000762939
-101
-0.00308228
-295
-0.00900269
229
0.00698853
-121
-0.00369263
-80
-0.00244141
-600
-0.0183105
29
0.00088501
-704
-0.0214844
-47
-0.00143433
614
0.0187378
-19
-0.000579834
-472
-0.0144043
-109
-0.00332642
-248
-0.00756836
91
0.0027771
78
0.00238037
79
0.00241089
207
0.00631714
-45
-0.00137329
-336
-0.0102539
-219
-0.00668335
446
0.0136108
107
0.00326538
-254
-0.00775146
262
0.00799561
528
0.0161133
171
0.00521851
84
0.00256348
-70
-0.00213623
-184
-0.00561523
-120
-0.00366211
374
0.0114136
40
0.0012207
400
0.012207
288
0.00878906
69
0.00210571
-365
-0.0111389
-894
-0.0272827
-222
-0.0067749
352
0.0107422
52
0.00158691
210
0.00640869
120
0.00366211
482
0.0147095
46
0.00140381
-773
-0.0235901
-159
-0.00485229
298
0.00909424
-262
-0.00799561
-269
-0.00820923
260
0.00793457
600
0.0183105
-167
-0.00509644
15
0.000457764
-26
-0.000793457
561
0.0171204
-161
-0.00491333
-121
-0.00369263
-275
-0.00839233
-968
-0.029541
-177
-0.00540161
301
0.00918579
187
0.00570679
416
0.0126953
70
0.00213623
485
0.014801
12
0.000366211
-407
-0.0124207
16
0.000488281
737
0.0224915
44
0.00134277
-750
-0.0228882
-78
-0.00238037
452
0.0137939
-271
-0.00827026
-439
-0.0133972
16
0.000488281
236
0.00720215
86
0.00262451
227
0.00692749
137
0.00418091
335
0.0102234
-198
-0.00604248
-225
-0.00686646
-77
-0.00234985
281
0.00857544
-26
-0.000793457
63
0.00192261
-238
-0.00726318
-477
-0.0145569
-33
-0.00100708
49
0.00149536
214
0.00653076
-203
-0.00619507
-11
-0.000335693
-426
-0.0130005
358
0.0109253
-480
-0.0146484
-110
-0.00335693
285
0.00869751
57
0.0017395
1028
0.0313721
305
0.00930786
343
0.0104675
340
0.010376
30
0.000915527
129
0.00393677
891
0.0271912
-87
-0.00265503
40
0.0012207
3
9.15527e-05
-269
-0.00820923
-293
-0.00894165
-76
-0.00231934
15
0.000457764
88
0.00268555
83
0.00253296
615
0.0187683
54
0.00164795
120
0.00366211
161
0.00491333
165
0.0050354
111
0.00338745
-999
-0.0304871
315
0.00961304
-50
-0.00152588
-34
-0.0010376
-66
-0.00201416
181
0.00552368
278
0.00848389
-113
-0.00344849
448
0.0136719
152
0.00463867
564
0.0172119
-189
-0.00576782
136
0.00415039
430
0.0131226
844
0.0257568
65
0.00198364
63
0.00192261
0
0
144
0.00439453
92
0.00280762
-236
-0.00720215
-184
-0.00561523
206
0.00628662
-19
-0.000579834
576
0.0175781
251
0.00765991
-116
-0.00354004
33
0.00100708
-601
-0.0183411
79
0.00241089
-117
-0.00357056
20
0.000610352
-489
-0.0149231
159
0.00485229
-346
-0.0105591
18
0.000549316
-710
-0.0216675
-3
-9.15527e-05
-918
-0.0280151
-197
-0.00601196
55
0.00167847
239
0.0072937
485
0.014801
-82
-0.00250244
-639
-0.0195007
66
0.00201416
-377
-0.0115051
-125
-0.0038147
921
0.0281067
-37
-0.00112915
858
0.0261841
213
0.00650024
575
0.0175476
98
0.00299072
18
0.000549316
67
0.00204468
639
0.0195007
-106
-0.00323486
-190
-0.00579834
90
0.00274658
29
0.00088501
-36
-0.00109863
613
0.0187073
-61
-0.00186157
-179
-0.00546265
78
0.00238037
-559
-0.0170593
93
0.00283813
72
0.00219727
57
0.0017395
371
0.011322
-15
-0.000457764
57
0.0017395
-82
-0.00250244
-149
-0.00454712
-276
-0.00842285
86
0.00262451
150
0.00457764
741
0.0226135
243
0.00741577
1273
0.0388489
-83
-0.00253296
161
0.00491333
-185
-0.00564575
50
0.00152588
-6
-0.000183105
167
0.00509644
-98
-0.00299072
184
0.00561523
109
0.00332642
-38
-0.00115967
80
0.00244141
-446
-0.0136108
224
0.00683594
-27
-0.000823975
154
0.00469971
-136
-0.00415039
173
0.00527954
-77
-0.00234985
-52
-0.00158691
-422
-0.0128784
30
0.000915527
406
0.0123901
38
0.00115967
-385
-0.0117493
57
0.0017395
571
0.0174255
-82
-0.00250244
154
0.00469971
-4
-0.00012207
229
0.00698853
87
0.00265503
792
0.0241699
-88
-0.00268555
538
0.0164185
13
0.000396729
-475
-0.0144958
49
0.00149536
397
0.0121155
-89
-0.00271606
-20
-0.000610352
-296
-0.0090332
-408
-0.0124512
-240
-0.00732422
-247
-0.00753784
155
0.00473022
-173
-0.00527954
-274
-0.00836182
-8
-0.000244141
62
0.00189209
125
0.0038147
181
0.00552368
-370
-0.0112915
-170
-0.00518799
-151
-0.00460815
31
0.000946045
171
0.00521851
135
0.00411987
-452
-0.0137939
-26
-0.000793457
486
0.0148315
-84
-0.00256348
-144
-0.00439453
39
0.00119019
897
0.0273743
81
0.00247192
272
0.00830078
145
0.00442505
-379
-0.0115662
101
0.00308228
-182
-0.0055542
-20
-0.000610352
-137
-0.00418091
96
0.00292969
-718
-0.0219116
243
0.00741577
34
0.0010376
263
0.00802612
155
0.00473022
-183
-0.00558472
-25
-0.000762939
-261
-0.00796509
-30
-0.000915527
17
0.000518799
-577
-0.0176086
182
0.0055542
-461
-0.0140686
90
0.00274658
33
0.00100708
-110
-0.00335693
-715
-0.0218201
-126
-0.00384521
-292
-0.00891113
211
0.00643921
537
0.0163879
-413
-0.0126038
900
0.0274658
-39
-0.00119019
-114
-0.003479
182
0.0055542
-191
-0.00582886
173
0.00527954
-740
-0.022583
298
0.00909424
-966
-0.02948
0
0
356
0.0108643
109
0.00332642
-365
-0.0111389
324
0.0098877
545
0.0166321
75
0.00228882
-220
-0.00671387
152
0.00463867
-18
-0.000549316
-21
-0.000640869
-710
-0.0216675
-2
-6.10352e-05
292
0.00891113
-95
-0.00289917
491
0.0149841
-106
-0.00323486
95
0.00289917
141
0.00430298
457
0.0139465
58
0.00177002
495
0.0151062
-25
-0.000762939
-384
-0.0117188
47
0.00143433
-200
-0.00610352
-10
-0.000305176
232
0.00708008
109
0.00332642
-204
-0.00622559
-525
-0.0160217
27
0.000823975
-115
-0.00350952
265
0.00808716
-19
-0.000579834
-436
-0.0133057
48
0.00146484
-473
-0.0144348
7
0.000213623
449
0.0137024
226
0.00689697
412
0.0125732
-11
-0.000335693
796
0.024292
-341
-0.0104065
454
0.013855
-229
-0.00698853
51
0.0015564
-147
-0.00448608
216
0.0065918
-10
-0.000305176
734
0.0223999
23
0.000701904
-372
-0.0113525
390
0.0119019
194
0.00592041
-19
-0.000579834
506
0.0154419
13
0.000396729
-181
-0.00552368
-183
-0.00558472
218
0.00665283
-147
-0.00448608
229
0.00698853
-354
-0.0108032
79
0.00241089
-107
-0.00326538
116
0.00354004
-29
-0.00088501
667
0.0203552
194
0.00592041
23
0.000701904
-96
-0.00292969
-153
-0.00466919
66
0.00201416
-402
-0.0122681
-14
-0.000427246
612
0.0186768
-147
-0.00448608
-834
-0.0254517
-723
-0.0220642
-540
-0.0164795
61
0.00186157
438
0.0133667
-133
-0.00405884
187
0.00570679
-54
-0.00164795
402
0.0122681
-109
-0.00332642
-169
-0.00515747
341
0.0104065
458
0.0139771
-176
-0.00537109
29
0.00088501
-192
-0.00585938
25
0.000762939
-11
-0.000335693
-376
-0.0114746
-124
-0.00378418
226
0.00689697
-17
-0.000518799
87
0.00265503
-61
-0.00186157
154
0.00469971
226
0.00689697
347
0.0105896
-44
-0.00134277
634
0.0193481
-234
-0.00714111
-691
-0.0210876
-147
-0.00448608
-131
-0.0039978
-231
-0.00704956
294
0.00897217
317
0.00967407
-102
-0.00311279
-22
-0.000671387
129
0.00393677
-311
-0.00949097
-676
-0.0206299
172
0.00524902
474
0.0144653
136
0.00415039
-172
-0.00524902
20
0.000610352
-85
-0.00259399
-128
-0.00390625
-486
-0.0148315
284
0.00866699
-352
-0.0107422
163
0.00497437
146
0.00445557
135
0.00411987
586
0.0178833
-311
-0.00949097
-261
-0.00796509
-295
-0.00900269
-483
-0.01474
-54
-0.00164795
-218
-0.00665283
-312
-0.00952148
-201
-0.00613403
-145
-0.00442505
-320
-0.00976562
230
0.00701904
-215
-0.00656128
-175
-0.00534058
-271
-0.00827026
124
0.00378418
465
0.0141907
-35
-0.00106812
415
0.0126648
119
0.00363159
-273
-0.0083313
127
0.00387573
805
0.0245667
-209
-0.00637817
107
0.00326538
-158
-0.00482178
-280
-0.00854492
-312
-0.00952148
519
0.0158386
-104
-0.00317383
490
0.0149536
259
0.00790405
720
0.0219727
158
0.00482178
-437
-0.0133362
-192
-0.00585938
85
0.00259399
-143
-0.00436401
216
0.0065918
67
0.00204468
52
0.00158691
-14
-0.000427246
337
0.0102844
51
0.0015564
-607
-0.0185242
540
0.0164795
156
0.00476074
284
0.00866699
50
0.00152588
30
0.000915527
-44
-0.00134277
75
0.00228882
211
0.00643921
-2
-6.10352e-05
121
0.00369263
-1
-3.05176e-05
-327
-0.00997925
183
0.00558472
-279
-0.0085144
-323
-0.00985718
576
0.0175781
84
0.00256348
34
0.0010376
-218
-0.00665283
-329
-0.0100403
158
0.00482178
-198
-0.00604248
412
0.0125732
-108
-0.0032959
-110
-0.00335693
311
0.00949097
19
0.000579834
1092
0.0333252
133
0.00405884
208
0.00634766
-2
-6.10352e-05
-550
-0.0167847
111
0.00338745
643
0.0196228
367
0.0112
-105
-0.00320435
19
0.000579834
383
0.0116882
5
0.000152588
-496
-0.0151367
-74
-0.0022583
526
0.0160522
114
0.003479
485
0.014801
-323
-0.00985718
113
0.00344849
-36
-0.00109863
116
0.00354004
-16
-0.000488281
235
0.00717163
158
0.00482178
617
0.0188293
154
0.00469971
519
0.0158386
-325
-0.00991821
70
0.00213623
-66
-0.00201416
-956
-0.0291748
134
0.00408936
-45
-0.00137329
51
0.0015564
-133
-0.00405884
156
0.00476074
-1007
-0.0307312
148
0.0045166
13
0.000396729
-235
-0.00717163
56
0.00170898
-177
-0.00540161
-482
-0.0147095
61
0.00186157
349
0.0106506
-130
-0.00396729
378
0.0115356
135
0.00411987
266
0.00811768
328
0.0100098
294
0.00897217
-21
-0.000640869
280
0.00854492
-224
-0.00683594
941
0.028717
-184
-0.00561523
702
0.0214233
-277
-0.00845337
329
0.0100403
-8
-0.000244141
186
0.00567627
-119
-0.00363159
-448
-0.0136719
169
0.00515747
133
0.00405884
158
0.00482178
-533
-0.0162659
-108
-0.0032959
-223
-0.00680542
-203
-0.00619507
163
0.00497437
-73
-0.00222778
-557
-0.0169983
206
0.00628662
-352
-0.0107422
447
0.0136414
29
0.00088501
-34
-0.0010376
191
0.00582886
0
0
343
0.0104675
-268
-0.00817871
-247
-0.00753784
140
0.00427246
-83
-0.00253296
278
0.00848389
-111
-0.00338745
-54
-0.00164795
-276
-0.00842285
26
0.000793457
297
0.00906372
-190
-0.00579834
-23
-0.000701904
-130
-0.00396729
381
0.0116272
-90
-0.00274658
-160
-0.00488281
-154
-0.00469971
-255
-0.00778198
69
0.00210571
-148
-0.0045166
-28
-0.000854492
-120
-0.00366211
-106
-0.00323486
-348
-0.0106201
-40
-0.0012207
-85
-0.00259399
276
0.00842285
355
0.0108337
63
0.00192261
-608
-0.0185547
-196
-0.00598145
106
0.00323486
28
0.000854492
326
0.00994873
-368
-0.0112305
263
0.00802612
69
0.00210571
-221
-0.00674438
102
0.00311279
175
0.00534058
-353
-0.0107727
851
0.0259705
-57
-0.0017395
-382
-0.0116577
-103
-0.00314331
91
0.0027771
-105
-0.00320435
-622
-0.0189819
146
0.00445557
-48
-0.00146484
-115
-0.00350952
687
0.0209656
468
0.0142822
52
0.00158691
-180
-0.00549316
9
0.000274658
68
0.0020752
-80
-0.00244141
26
0.000793457
-896
-0.0273438
32
0.000976562
-114
-0.003479
-32
-0.000976562
-30
-0.000915527
-249
-0.00759888
530
0.0161743
-173
-0.00527954
-359
-0.0109558
-18
-0.000549316
98
0.00299072
-172
-0.00524902
296
0.0090332
187
0.00570679
191
0.00582886
1
3.05176e-05
-36
-0.00109863
-126
-0.00384521
512
0.015625
40
0.0012207
762
0.0232544
44
0.00134277
-498
-0.0151978
193
0.00588989
94
0.00286865
-98
-0.00299072
-1139
-0.0347595
-98
-0.00299072
692
0.0211182
-295
-0.00900269
505
0.0154114
-130
-0.00396729
-496
-0.0151367
155
0.00473022
99
0.00302124
320
0.00976562
361
0.0110168
-232
-0.00708008
100
0.00305176
-116
-0.00354004
311
0.00949097
65
0.00198364
176
0.00537109
17
0.000518799
1122
0.0342407
-28
-0.000854492
-249
-0.00759888
99
0.00302124
-60
-0.00183105
-123
-0.00375366
-667
-0.0203552
-36
-0.00109863
1072
0.0327148
-294
-0.00897217
148
0.0045166
208
0.00634766
-872
-0.0266113
-83
-0.00253296
-230
-0.00701904
224
0.00683594
-673
-0.0205383
-313
-0.009552
439
0.0133972
-101
-0.00308228
-148
-0.0045166
159
0.00485229
40
0.0012207
-171
-0.00521851
-7
-0.000213623
-146
-0.00445557
834
0.0254517
16
0.000488281
13
0.000396729
148
0.0045166
-259
-0.00790405
-51
-0.0015564
507
0.0154724
-116
-0.00354004
260
0.00793457
-41
-0.00125122
437
0.0133362
10
0.000305176
-283
-0.00863647
40
0.0012207
-843
-0.0257263
-88
-0.00268555
-82
-0.00250244
68
0.0020752
14
0.000427246
-347
-0.0105896
851
0.0259705
64
0.00195312
-182
-0.0055542
383
0.0116882
-995
-0.030365
-480
-0.0146484
-793
-0.0242004
-75
-0.00228882
303
0.00924683
-158
-0.00482178
104
0.00317383
-5
-0.000152588
-65
-0.00198364
-53
-0.00161743
-318
-0.00970459
-43
-0.00131226
-163
-0.00497437
112
0.00341797
374
0.0114136
292
0.00891113
384
0.0117188
375
0.0114441
-74
-0.0022583
-64
-0.00195312
-771
-0.0235291
215
0.00656128
-347
-0.0105896
57
0.0017395
419
0.0127869
278
0.00848389
-180
-0.00549316
109
0.00332642
-433
-0.0132141
-53
-0.00161743
-51
-0.0015564
-51
-0.0015564
-695
-0.0212097
-128
-0.00390625
190
0.00579834
13
0.000396729
323
0.00985718
-78
-0.00238037
99
0.00302124
89
0.00271606
-437
-0.0133362
88
0.00268555
464
0.0141602
284
0.00866699
392
0.0119629
18
0.000549316
422
0.0128784
73
0.00222778
-117
-0.00357056
171
0.00521851
-56
-0.00170898
125
0.0038147
479
0.0146179
270
0.00823975
636
0.0194092
123
0.00375366
868
0.0264893
-6
-0.000183105
-850
-0.0259399
382
0.0116577
876
0.0267334
-66
-0.00201416
196
0.00598145
120
0.00366211
-355
-0.0108337
-391
-0.0119324
-85
-0.00259399
212
0.00646973
188
0.0057373
86
0.00262451
-341
-0.0104065
-1
-3.05176e-05
-440
-0.0134277
58
0.00177002
-688
-0.0209961
62
0.00189209
145
0.00442505
-1
-3.05176e-05
-647
-0.0197449
18
0.000549316
-277
-0.00845337
-120
-0.00366211
-393
-0.0119934
-201
-0.00613403
-73
-0.00222778
274
0.00836182
-481
-0.014679
-147
-0.00448608
830
0.0253296
178
0.00543213
-220
-0.00671387
266
0.00811768
256
0.0078125
12
0.000366211
-37
-0.00112915
-234
-0.00714111
-182
-0.0055542
60
0.00183105
179
0.00546265
13
0.000396729
-704
-0.0214844
135
0.00411987
-297
-0.00906372
-186
-0.00567627
413
0.0126038
-1
-3.05176e-05
323
0.00985718
18
0.000549316
-387
-0.0118103
-77
-0.00234985
353
0.0107727
-89
-0.00271606
-545
-0.0166321
185
0.00564575
44
0.00134277
157
0.00479126
-157
-0.00479126
-339
-0.0103455
-52
-0.00158691
166
0.00506592
-455
-0.0138855
-142
-0.0043335
369
0.011261
-10
-0.000305176
-1024
-0.03125
-179
-0.00546265
-11
-0.000335693
154
0.00469971
-345
-0.0105286
194
0.00592041
-788
-0.0240479
164
0.00500488
370
0.0112915
-153
-0.00466919
-523
-0.0159607
-210
-0.00640869
-658
-0.0200806
133
0.00405884
-102
-0.00311279
122
0.00372314
-233
-0.0071106
-230
-0.00701904
25
0.000762939
-196
-0.00598145
-317
-0.00967407
-95
-0.00289917
-616
-0.0187988
38
0.00115967
-471
-0.0143738
-26
-0.000793457
-123
-0.00375366
139
0.00424194
671
0.0204773
280
0.00854492
322
0.00982666
143
0.00436401
-917
-0.0279846
17
0.000518799
621
0.0189514
96
0.00292969
-407
-0.0124207
285
0.00869751
-941
-0.028717
56
0.00170898
-411
-0.0125427
-230
-0.00701904
-45
-0.00137329
271
0.00827026
557
0.0169983
58
0.00177002
-1092
-0.0333252
5
0.000152588
-482
-0.0147095
457
0.0139465
-689
-0.0210266
-125
-0.0038147
-209
-0.00637817
18
0.000549316
154
0.00469971
32
0.000976562
-647
-0.0197449
-54
-0.00164795
-539
-0.016449
57
0.0017395
438
0.0133667
-321
-0.00979614
266
0.00811768
-499
-0.0152283
-366
-0.0111694
-204
-0.00622559
437
0.0133362
-190
-0.00579834
-671
-0.0204773
-105
-0.00320435
93
0.00283813
-124
-0.00378418
199
0.006073
188
0.0057373
-390
-0.0119019
135
0.00411987
-286
-0.00872803
35
0.00106812
-358
-0.0109253
-22
-0.000671387
-587
-0.0179138
-53
-0.00161743
-685
-0.0209045
-103
-0.00314331
668
0.0203857
-75
-0.00228882
11
0.000335693
104
0.00317383
-59
-0.00180054
109
0.00332642
-448
-0.0136719
-67
-0.00204468
-562
-0.0171509
64
0.00195312
-21
-0.000640869
-42
-0.00128174
-188
-0.0057373
133
0.00405884
301
0.00918579
-62
-0.00189209
-644
-0.0196533
-168
-0.00512695
-114
-0.003479
-156
-0.00476074
134
0.00408936
-46
-0.00140381
1309
0.0399475
-5
-0.000152588
42
0.00128174
-63
-0.00192261
183
0.00558472
80
0.00244141
16
0.000488281
1
3.05176e-05
228
0.00695801
-140
-0.00427246
498
0.0151978
-205
-0.0062561
139
0.00424194
102
0.00311279
-256
-0.0078125
478
0.0145874
255
0.00778198
243
0.00741577
178
0.00543213
6
0.000183105
-486
-0.0148315
270
0.00823975
-541
-0.01651
-99
-0.00302124
8
0.000244141
382
0.0116577
182
0.0055542
341
0.0104065
-292
-0.00891113
93
0.00283813
221
0.00674438
207
0.00631714
-565
-0.0172424
50
0.00152588
-38
-0.00115967
-265
-0.00808716
528
0.0161133
69
0.00210571
209
0.00637817
-5
-0.000152588
36
0.00109863
193
0.00588989
1
3.05176e-05
-164
-0.00500488
-280
-0.00854492
201
0.00613403
-44
-0.00134277
-161
-0.00491333
728
0.0222168
-251
-0.00765991
-228
-0.00695801
-254
-0.00775146
65
0.00198364
234
0.00714111
-188
-0.0057373
-18
-0.000549316
73
0.00222778
147
0.00448608
672
0.0205078
44
0.00134277
-92
-0.00280762
-115
-0.00350952
98
0.00299072
86
0.00262451
59
0.00180054
-157
-0.00479126
596
0.0181885
63
0.00192261
-382
-0.0116577
7
0.000213623
370
0.0112915
-103
-0.00314331
354
0.0108032
76
0.00231934
303
0.00924683
8
0.000244141
-444
-0.0135498
-374
-0.0114136
386
0.0117798
204
0.00622559
-95
-0.00289917
-150
-0.00457764
-330
-0.0100708
161
0.00491333
-580
-0.0177002
79
0.00241089
561
0.0171204
-14
-0.000427246
-577
-0.0176086
-91
-0.0027771
-285
-0.00869751
-219
-0.00668335
201
0.00613403
-163
-0.00497437
-221
-0.00674438
61
0.00186157
-176
-0.00537109
57
0.0017395
-617
-0.0188293
-35
-0.00106812
-291
-0.00888062
-389
-0.0118713
41
0.00125122
-113
-0.00344849
-341
-0.0104065
11
0.000335693
319
0.00973511
-79
-0.00241089
-145
-0.00442505
-431
-0.0131531
393
0.0119934
-104
-0.00317383
308
0.00939941
53
0.00161743
606
0.0184937
-175
-0.00534058
-118
-0.00360107
-22
-0.000671387
39
0.00119019
-280
-0.00854492
-549
-0.0167542
17
0.000518799
107
0.00326538
322
0.00982666
-208
-0.00634766
245
0.00747681
-144
-0.00439453
46
0.00140381
-3
-9.15527e-05
268
0.00817871
-540
-0.0164795
-110
-0.00335693
-25
-0.000762939
86
0.00262451
59
0.00180054
11
0.000335693
-1311
-0.0400085
-29
-0.00088501
343
0.0104675
317
0.00967407
-188
-0.0057373
90
0.00274658
-10
-0.000305176
-258
-0.00787354
-130
-0.00396729
-152
-0.00463867
-296
-0.0090332
152
0.00463867
745
0.0227356
-348
-0.0106201
-263
-0.00802612
163
0.00497437
-222
-0.0067749
79
0.00241089
-45
-0.00137329
-100
-0.00305176
-53
-0.00161743
-223
-0.00680542
192
0.00585938
410
0.0125122
425
0.01297
-163
-0.00497437
-345
-0.0105286
22
0.000671387
-727
-0.0221863
20
0.000610352
-284
-0.00866699
-227
-0.00692749
558
0.0170288
-95
-0.00289917
30
0.000915527
-94
-0.00286865
375
0.0114441
313
0.009552
-22
-0.000671387
164
0.00500488
-120
-0.00366211
-145
-0.00442505
328
0.0100098
23
0.000701904
13
0.000396729
-76
-0.00231934
-375
-0.0114441
-34
-0.0010376
-368
-0.0112305
50
0.00152588
339
0.0103455
371
0.011322
264
0.00805664
212
0.00646973
-826
-0.0252075
114
0.003479
-592
-0.0180664
31
0.000946045
-393
-0.0119934
3
9.15527e-05
286
0.00872803
137
0.00418091
-175
-0.00534058
-58
-0.00177002
-359
-0.0109558
113
0.00344849
120
0.00366211
24
0.000732422
913
0.0278625
23
0.000701904
-138
-0.00421143
-108
-0.0032959
-230
-0.00701904
-57
-0.0017395
-378
-0.0115356
374
0.0114136
318
0.00970459
-141
-0.00430298
325
0.00991821
215
0.00656128
-511
-0.0155945
-230
-0.00701904
501
0.0152893
-87
-0.00265503
-31
-0.000946045
267
0.00814819
158
0.00482178
-147
-0.00448608
-131
-0.0039978
278
0.00848389
-211
-0.00643921
-160
-0.00488281
-243
-0.00741577
-239
-0.0072937
18
0.000549316
140
0.00427246
59
0.00180054
152
0.00463867
107
0.00326538
94
0.00286865
-256
-0.0078125
-334
-0.0101929
388
0.0118408
325
0.00991821
239
0.0072937
-94
-0.00286865
705
0.0215149
8
0.000244141
-390
-0.0119019
51
0.0015564
182
0.0055542
-67
-0.00204468
380
0.0115967
24
0.000732422
135
0.00411987
12
0.000366211
-491
-0.0149841
-44
-0.00134277
-312
-0.00952148
184
0.00561523
96
0.00292969
16
0.000488281
-319
-0.00973511
81
0.00247192
-211
-0.00643921
51
0.0015564
-1
-3.05176e-05
6
0.000183105
197
0.00601196
-271
-0.00827026
-419
-0.0127869
491
0.0149841
-99
-0.00302124
-107
-0.00326538
345
0.0105286
120
0.00366211
273
0.0083313
151
0.00460815
-429
-0.013092
215
0.00656128
-111
-0.00338745
62
0.00189209
-287
-0.00875854
95
0.00289917
-670
-0.0204468
60
0.00183105
-219
-0.00668335
-28
-0.000854492
333
0.0101624
-182
-0.0055542
136
0.00415039
-367
-0.0112
262
0.00799561
-63
-0.00192261
-531
-0.0162048
36
0.00109863
-121
-0.00369263
51
0.0015564
-777
-0.0237122
47
0.00143433
133
0.00405884
47
0.00143433
30
0.000915527
-132
-0.00402832
2
6.10352e-05
-57
-0.0017395
682
0.020813
161
0.00491333
312
0.00952148
21
0.000640869
125
0.0038147
-93
-0.00283813
353
0.0107727
-104
-0.00317383
-345
-0.0105286
-20
-0.000610352
-429
-0.013092
-65
-0.00198364
-17
-0.000518799
-205
-0.0062561
-69
-0.00210571
-59
-0.00180054
982
0.0299683
-283
-0.00863647
529
0.0161438
-18
-0.000549316
-71
-0.00216675
132
0.00402832
-28
-0.000854492
-304
-0.00927734
-704
-0.0214844
-240
-0.00732422
-550
-0.0167847
139
0.00424194
-277
-0.00845337
55
0.00167847
-715
-0.0218201
-21
-0.000640869
523
0.0159607
200
0.00610352
562
0.0171509
154
0.00469971
-313
-0.009552
-34
-0.0010376
265
0.00808716
-19
-0.000579834
-196
-0.00598145
440
0.0134277
-121
-0.00369263
-237
-0.00723267
323
0.00985718
42
0.00128174
-70
-0.00213623
-166
-0.00506592
360
0.0109863
168
0.00512695
365
0.0111389
143
0.00436401
355
0.0108337
-19
-0.000579834
-104
-0.00317383
162
0.00494385
-172
-0.00524902
-24
-0.000732422
485
0.014801
-617
-0.0188293
-560
-0.0170898
223
0.00680542
-359
-0.0109558
-97
-0.00296021
-189
-0.00576782
156
0.00476074
195
0.00595093
-92
-0.00280762
126
0.00384521
166
0.00506592
20
0.000610352
-43
-0.00131226
679
0.0207214
-343
-0.0104675
95
0.00289917
164
0.00500488
93
0.00283813
414
0.0126343
226
0.00689697
-153
-0.00466919
-1075
-0.0328064
107
0.00326538
-271
-0.00827026
6
0.000183105
-997
-0.030426
-237
-0.00723267
217
0.00662231
170
0.00518799
123
0.00375366
83
0.00253296
-92
-0.00280762
-156
-0.00476074
44
0.00134277
45
0.00137329
15
0.000457764
245
0.00747681
205
0.0062561
-127
-0.00387573
-22
-0.000671387
9
0.000274658
-327
-0.00997925
-47
-0.00143433
478
0.0145874
-251
-0.00765991
-365
-0.0111389
50
0.00152588
-379
-0.0115662
95
0.00289917
-481
-0.014679
151
0.00460815
333
0.0101624
63
0.00192261
44
0.00134277
144
0.00439453
342
0.010437
-76
-0.00231934
-39
-0.00119019
341
0.0104065
-124
-0.00378418
-131
-0.0039978
268
0.00817871
102
0.00311279
-553
-0.0168762
-74
-0.0022583
-117
-0.00357056
103
0.00314331
-802
-0.0244751
149
0.00454712
350
0.0106812
154
0.00469971
788
0.0240479
161
0.00491333
-313
-0.009552
380
0.0115967
-347
-0.0105896
198
0.00604248
260
0.00793457
-55
-0.00167847
192
0.00585938
-116
-0.00354004
-171
-0.00521851
28
0.000854492
198
0.00604248
-257
-0.00784302
258
0.00787354
-61
-0.00186157
-266
-0.00811768
-36
-0.00109863
-644
-0.0196533
221
0.00674438
247
0.00753784
-77
-0.00234985
708
0.0216064
113
0.00344849
-762
-0.0232544
125
0.0038147
-127
-0.00387573
-75
-0.00228882
-70
-0.00213623
188
0.0057373
81
0.00247192
-181
-0.00552368
-83
-0.00253296
-10
-0.000305176
445
0.0135803
70
0.00213623
220
0.00671387
292
0.00891113
718
0.0219116
-103
-0.00314331
1178
0.0359497
-288
-0.00878906
-448
-0.0136719
-40
-0.0012207
-312
-0.00952148
80
0.00244141
450
0.0137329
-88
-0.00268555
-389
-0.0118713
-223
-0.00680542
218
0.00665283
-94
-0.00286865
-144
-0.00439453
66
0.00201416
47
0.00143433
15
0.000457764
-237
-0.00723267
-276
-0.00842285
457
0.0139465
-110
-0.00335693
255
0.00778198
201
0.00613403
-32
-0.000976562
-17
-0.000518799
107
0.00326538
-276
-0.00842285
201
0.00613403
-162
-0.00494385
152
0.00463867
237
0.00723267
-32
-0.000976562
350
0.0106812
-529
-0.0161438
-225
-0.00686646
-956
-0.0291748
247
0.00753784
294
0.00897217
-9
-0.000274658
201
0.00613403
-9
-0.000274658
-759
-0.0231628
-174
-0.00531006
475
0.0144958
76
0.00231934
457
0.0139465
-135
-0.00411987
-568
-0.017334
111
0.00338745
-321
-0.00979614
-374
-0.0114136
-920
-0.0280762
57
0.0017395
351
0.0107117
-180
-0.00549316
965
0.0294495
-110
-0.00335693
74
0.0022583
77
0.00234985
-274
-0.00836182
124
0.00378418
170
0.00518799
186
0.00567627
555
0.0169373
159
0.00485229
-233
-0.0071106
-308
-0.00939941
211
0.00643921
-187
-0.00570679
-147
-0.00448608
150
0.00457764
473
0.0144348
-201
-0.00613403
-460
-0.0140381
100
0.00305176
-474
-0.0144653
161
0.00491333
771
0.0235291
485
0.014801
212
0.00646973
178
0.00543213
-767
-0.023407
-254
-0.00775146
-270
-0.00823975
40
0.0012207
18
0.000549316
171
0.00521851
-269
-0.00820923
-146
-0.00445557
-51
-0.0015564
170
0.00518799
-492
-0.0150146
244
0.00744629
5
0.000152588
99
0.00302124
23
0.000701904
-279
-0.0085144
-40
-0.0012207
164
0.00500488
103
0.00314331
-127
-0.00387573
-618
-0.0188599
261
0.00796509
-622
-0.0189819
203
0.00619507
-345
-0.0105286
475
0.0144958
-479
-0.0146179
75
0.00228882
-27
-0.000823975
-460
-0.0140381
-84
-0.00256348
95
0.00289917
-283
-0.00863647
-203
-0.00619507
60
0.00183105
233
0.0071106
764
0.0233154
-51
-0.0015564
284
0.00866699
-10
-0.000305176
309
0.00942993
-212
-0.00646973
569
0.0173645
1
3.05176e-05
76
0.00231934
18
0.000549316
461
0.0140686
-52
-0.00158691
-170
-0.00518799
-296
-0.0090332
337
0.0102844
-47
-0.00143433
439
0.0133972
-274
-0.00836182
-271
-0.00827026
265
0.00808716
207
0.00631714
40
0.0012207
-297
-0.00906372
-26
-0.000793457
-462
-0.0140991
78
0.00238037
452
0.0137939
94
0.00286865
-71
-0.00216675
-2
-6.10352e-05
-332
-0.0101318
-255
-0.00778198
262
0.00799561
33
0.00100708
17
0.000518799
126
0.00384521
-759
-0.0231628
-56
-0.00170898
-179
-0.00546265
-81
-0.00247192
451
0.0137634
-221
-0.00674438
-799
-0.0243835
92
0.00280762
192
0.00585938
-175
-0.00534058
505
0.0154114
-82
-0.00250244
150
0.00457764
14
0.000427246
-55
-0.00167847
38
0.00115967
-302
-0.00921631
-8
-0.000244141
573
0.0174866
14
0.000427246
185
0.00564575
-228
-0.00695801
198
0.00604248
-54
-0.00164795
-260
-0.00793457
135
0.00411987
-566
-0.0172729
-212
-0.00646973
77
0.00234985
-238
-0.00726318
-161
-0.00491333
9
0.000274658
-178
-0.00543213
131
0.0039978
-99
-0.00302124
-108
-0.0032959
-32
-0.000976562
42
0.00128174
-32
-0.000976562
-234
-0.00714111
-636
-0.0194092
147
0.00448608
246
0.00750732
63
0.00192261
212
0.00646973
-220
-0.00671387
121
0.00369263
173
0.00527954
-81
-0.00247192
-96
-0.00292969
806
0.0245972
167
0.00509644
-470
-0.0143433
96
0.00292969
175
0.00534058
80
0.00244141
-494
-0.0150757
153
0.00466919
-328
-0.0100098
142
0.0043335
-123
-0.00375366
228
0.00695801
-55
-0.00167847
38
0.00115967
413
0.0126038
-83
-0.00253296
499
0.0152283
46
0.00140381
252
0.00769043
64
0.00195312
222
0.0067749
84
0.00256348
-208
-0.00634766
162
0.00494385
-1
-3.05176e-05
-265
-0.00808716
-163
-0.00497437
146
0.00445557
100
0.00305176
160
0.00488281
903
0.0275574
-149
-0.00454712
-53
-0.00161743
295
0.00900269
236
0.00720215
-123
-0.00375366
-35
-0.00106812
-268
-0.00817871
345
0.0105286
-2
-6.10352e-05
-72
-0.00219727
201
0.00613403
-639
-0.0195007
-94
-0.00286865
-653
-0.019928
205
0.0062561
-680
-0.020752
-75
-0.00228882
-217
-0.00662231
36
0.00109863
-32
-0.000976562
152
0.00463867
-241
-0.00735474
170
0.00518799
734
0.0223999
229
0.00698853
-140
-0.00427246
99
0.00302124
411
0.0125427
208
0.00634766
19
0.000579834
7
0.000213623
-97
-0.00296021
23
0.000701904
-477
-0.0145569
-228
-0.00695801
-657
-0.02005
-298
-0.00909424
460
0.0140381
156
0.00476074
-245
-0.00747681
-43
-0.00131226
-791
-0.0241394
-285
-0.00869751
-287
-0.00875854
59
0.00180054
1
3.05176e-05
-315
-0.00961304
-192
-0.00585938
-30
-0.000915527
-44
-0.00134277
-172
-0.00524902
561
0.0171204
-235
-0.00717163
334
0.0101929
85
0.00259399
246
0.00750732
-226
-0.00689697
424
0.0129395
269
0.00820923
-408
-0.0124512
162
0.00494385
-265
-0.00808716
38
0.00115967
-279
-0.0085144
54
0.00164795
-260
-0.00793457
-194
-0.00592041
548
0.0167236
-161
-0.00491333
259
0.00790405
18
0.000549316
757
0.0231018
-230
-0.00701904
508
0.0155029
-415
-0.0126648
4
0.00012207
105
0.00320435
-759
-0.0231628
199
0.006073
-42
-0.00128174
177
0.00540161
-573
-0.0174866
265
0.00808716
-138
-0.00421143
-102
-0.00311279
70
0.00213623
-32
-0.000976562
-332
-0.0101318
-116
-0.00354004
-612
-0.0186768
58
0.00177002
-462
-0.0140991
141
0.00430298
212
0.00646973
25
0.000762939
389
0.0118713
-228
-0.00695801
280
0.00854492
91
0.0027771
263
0.00802612
-15
-0.000457764
-233
-0.0071106
-188
-0.0057373
-322
-0.00982666
-28
-0.000854492
-264
-0.00805664
-126
-0.00384521
-795
-0.0242615
-53
-0.00161743
-606
-0.0184937
40
0.0012207
-471
-0.0143738
290
0.0088501
1041
0.0317688
-202
-0.00616455
-247
-0.00753784
223
0.00680542
-810
-0.0247192
268
0.00817871
663
0.0202332
-173
-0.00527954
-696
-0.0212402
215
0.00656128
321
0.00979614
-93
-0.00283813
657
0.02005
447
0.0136414
-379
-0.0115662
321
0.00979614
471
0.0143738
15
0.000457764
92
0.00280762
-102
-0.00311279
142
0.0043335
80
0.00244141
-621
-0.0189514
-12
-0.000366211
1073
0.0327454
-16
-0.000488281
487
0.0148621
143
0.00436401
698
0.0213013
153
0.00466919
-10
-0.000305176
15
0.000457764
66
0.00201416
-4
-0.00012207
368
0.0112305
-162
-0.00494385
536
0.0163574
145
0.00442505
-765
-0.0233459
59
0.00180054
-52
-0.00158691
-136
-0.00415039
661
0.0201721
71
0.00216675
428
0.0130615
-74
-0.0022583
-182
-0.0055542
-127
-0.00387573
-295
-0.00900269
-67
-0.00204468
625
0.0190735
111
0.00338745
74
0.0022583
-145
-0.00442505
-129
-0.00393677
88
0.00268555
399
0.0121765
-87
-0.00265503
-568
-0.017334
-42
-0.00128174
-1115
-0.0340271
-85
-0.00259399
113
0.00344849
144
0.00439453
8
0.000244141
48
0.00146484
209
0.00637817
-80
-0.00244141
62
0.00189209
-74
-0.0022583
-377
-0.0115051
-172
-0.00524902
16
0.000488281
-130
-0.00396729
-414
-0.0126343
89
0.00271606
319
0.00973511
-104
-0.00317383
-211
-0.00643921
52
0.00158691
-463
-0.0141296
21
0.000640869
-723
-0.0220642
58
0.00177002
-467
-0.0142517
-187
-0.00570679
-253
-0.00772095
170
0.00518799
-353
-0.0107727
-205
-0.0062561
322
0.00982666
-199
-0.006073
-245
-0.00747681
305
0.00930786
808
0.0246582
-102
-0.00311279
-221
-0.00674438
-67
-0.00204468
-363
-0.0110779
14
0.000427246
-950
-0.0289917
99
0.00302124
250
0.00762939
198
0.00604248
-762
-0.0232544
-98
-0.00299072
569
0.0173645
102
0.00311279
-166
-0.00506592
-9
-0.000274658
300
0.00915527
231
0.00704956
507
0.0154724
-93
-0.00283813
-299
-0.00912476
2
6.10352e-05
321
0.00979614
207
0.00631714
340
0.010376
168
0.00512695
342
0.010437
-116
-0.00354004
-62
-0.00189209
-61
-0.00186157
561
0.0171204
14
0.000427246
-80
-0.00244141
-89
-0.00271606
-642
-0.0195923
-202
-0.00616455
271
0.00827026
-91
-0.0027771
-472
-0.0144043
343
0.0104675
278
0.00848389
252
0.00769043
-464
-0.0141602
33
0.00100708
6
0.000183105
-61
-0.00186157
-781
-0.0238342
-22
-0.000671387
497
0.0151672
-160
-0.00488281
487
0.0148621
-153
-0.00466919
-340
-0.010376
109
0.00332642
-347
-0.0105896
52
0.00158691
-12
-0.000366211
98
0.00299072
-539
-0.016449
-3
-9.15527e-05
188
0.0057373
-169
-0.00515747
-296
-0.0090332
12
0.000366211
-45
-0.00137329
-75
-0.00228882
-122
-0.00372314
-396
-0.012085
-598
-0.0182495
23
0.000701904
-448
-0.0136719
138
0.00421143
-187
-0.00570679
89
0.00271606
-48
-0.00146484
182
0.0055542
-367
-0.0112
268
0.00817871
171
0.00521851
-184
-0.00561523
-200
-0.00610352
-106
-0.00323486
-506
-0.0154419
-180
-0.00549316
-129
-0.00393677
297
0.00906372
-611
-0.0186462
-34
-0.0010376
-125
-0.0038147
70
0.00213623
819
0.0249939
-128
-0.00390625
-55
-0.00167847
-26
-0.000793457
25
0.000762939
-77
-0.00234985
-588
-0.0179443
19
0.000579834
-868
-0.0264893
371
0.011322
69
0.00210571
-9
-0.000274658
-675
-0.0205994
-136
-0.00415039
-300
-0.00915527
13
0.000396729
-110
-0.00335693
42
0.00128174
-181
-0.00552368
23
0.000701904
906
0.0276489
25
0.000762939
-24
-0.000732422
369
0.011261
1085
0.0331116
-214
-0.00653076
116
0.00354004
168
0.00512695
115
0.00350952
-117
-0.00357056
-204
-0.00622559
-138
-0.00421143
903
0.0275574
-66
-0.00201416
-316
-0.00964355
228
0.00695801
645
0.0196838
35
0.00106812
39
0.00119019
-38
-0.00115967
-33
-0.00100708
10
0.000305176
-125
-0.0038147
-61
-0.00186157
157
0.00479126
218
0.00665283
419
0.0127869
-13
-0.000396729
-674
-0.0205688
-262
-0.00799561
-119
-0.00363159
2
6.10352e-05
-186
-0.00567627
102
0.00311279
339
0.0103455
144
0.00439453
-95
-0.00289917
115
0.00350952
31
0.000946045
-146
-0.00445557
-417
-0.0127258
40
0.0012207
774
0.0236206
-9
-0.000274658
8
0.000244141
238
0.00726318
-478
-0.0145874
-174
-0.00531006
590
0.0180054
67
0.00204468
156
0.00476074
-48
-0.00146484
-339
-0.0103455
118
0.00360107
-13
-0.000396729
12
0.000366211
-653
-0.019928
241
0.00735474
109
0.00332642
70
0.00213623
-554
-0.0169067
160
0.00488281
-473
-0.0144348
49
0.00149536
305
0.00930786
97
0.00296021
75
0.00228882
11
0.000335693
-437
-0.0133362
-9
-0.000274658
-48
-0.00146484
267
0.00814819
25
0.000762939
-314
-0.00958252
123
0.00375366
55
0.00167847
327
0.00997925
86
0.00262451
317
0.00967407
-273
-0.0083313
27
0.000823975
171
0.00521851
-544
-0.0166016
-166
-0.00506592
174
0.00531006
81
0.00247192
870
0.0265503
313
0.009552
-695
-0.0212097
148
0.0045166
325
0.00991821
25
0.000762939
-281
-0.00857544
-59
-0.00180054
-551
-0.0168152
-103
-0.00314331
533
0.0162659
-196
-0.00598145
-546
-0.0166626
-116
-0.00354004
30
0.000915527
149
0.00454712
651
0.0198669
-244
-0.00744629
-916
-0.0279541
18
0.000549316
-385
-0.0117493
155
0.00473022
194
0.00592041
290
0.0088501
687
0.0209656
-128
-0.00390625
58
0.00177002
260
0.00793457
-587
-0.0179138
235
0.00717163
39
0.00119019
209
0.00637817
365
0.0111389
57
0.0017395
-433
-0.0132141
-192
-0.00585938
-651
-0.0198669
79
0.00241089
191
0.00582886
69
0.00210571
-141
-0.00430298
42
0.00128174
-39
-0.00119019
-221
-0.00674438
-466
-0.0142212
75
0.00228882
-951
-0.0290222
-121
-0.00369263
-175
-0.00534058
236
0.00720215
264
0.00805664
-180
-0.00549316
572
0.0174561
85
0.00259399
-134
-0.00408936
-130
-0.00396729
105
0.00320435
19
0.000579834
-244
-0.00744629
121
0.00369263
273
0.0083313
54
0.00164795
-350
-0.0106812
253
0.00772095
793
0.0242004
5
0.000152588
224
0.00683594
264
0.00805664
-606
-0.0184937
-103
-0.00314331
-356
-0.0108643
253
0.00772095
-241
-0.00735474
118
0.00360107
-270
-0.00823975
-31
-0.000946045
117
0.00357056
68
0.0020752
114
0.003479
85
0.00259399
634
0.0193481
197
0.00601196
353
0.0107727
144
0.00439453
29
0.00088501
-213
-0.00650024
-5
-0.000152588
-202
-0.00616455
54
0.00164795
-5
-0.000152588
312
0.00952148
-347
-0.0105896
-87
-0.00265503
173
0.00527954
-362
-0.0110474
81
0.00247192
353
0.0107727
-320
-0.00976562
110
0.00335693
25
0.000762939
523
0.0159607
-446
-0.0136108
-929
-0.0283508
250
0.00762939
166
0.00506592
127
0.00387573
-39
-0.00119019
-43
-0.00131226
-366
-0.0111694
-252
-0.00769043
577
0.0176086
57
0.0017395
665
0.0202942
-73
-0.00222778
80
0.00244141
344
0.010498
181
0.00552368
-99
-0.00302124
163
0.00497437
-233
-0.0071106
-214
-0.00653076
328
0.0100098
4
0.00012207
-39
-0.00119019
16
0.000488281
64
0.00195312
-41
-0.00125122
53
0.00161743
154
0.00469971
-184
-0.00561523
-509
-0.0155334
32
0.000976562
-376
-0.0114746
59
0.00180054
-58
-0.00177002
-64
-0.00195312
-124
-0.00378418
63
0.00192261
861
0.0262756
-255
-0.00778198
231
0.00704956
-70
-0.00213623
315
0.00961304
-232
-0.00708008
-642
-0.0195923
71
0.00216675
149
0.00454712
-190
-0.00579834
338
0.0103149
109
0.00332642
38
0.00115967
144
0.00439453
17
0.000518799
17
0.000518799
-291
-0.00888062
-20
-0.000610352
399
0.0121765
21
0.000640869
536
0.0163574
4
0.00012207
99
0.00302124
-36
-0.00109863
2
6.10352e-05
-38
-0.00115967
111
0.00338745
109
0.00332642
-430
-0.0131226
261
0.00796509
-159
-0.00485229
-227
-0.00692749
496
0.0151367
89
0.00271606
300
0.00915527
-132
-0.00402832
24
0.000732422
-47
-0.00143433
4
0.00012207
-169
-0.00515747
-261
-0.00796509
-222
-0.0067749
69
0.00210571
-207
-0.00631714
226
0.00689697
307
0.0093689
-366
-0.0111694
78
0.00238037
-864
-0.0263672
195
0.00595093
300
0.00915527
22
0.000671387
-392
-0.0119629
-235
-0.00717163
278
0.00848389
-185
-0.00564575
417
0.0127258
10
0.000305176
-147
-0.00448608
-24
-0.000732422
-270
-0.00823975
-100
-0.00305176
