307
0.0132499
-123
-0.00530859
144
0.00621493
139
0.00599914
-325
-0.0140268
-9
-0.000388433
262
0.0113077
-85
-0.00366854
238
0.0102719
20
0.000863185
-49
-0.0021148
-185
-0.00798446
-309
-0.0133362
13
0.00056107
252
0.0108761
43
0.00185585
-122
-0.00526543
3
0.000129478
45
0.00194217
48
0.00207164
-399
-0.0172205
-92
-0.00397065
-112
-0.00483384
-215
-0.00927924
-236
-0.0101856
8
0.000345274
-161
-0.00694864
31
0.00133794
-489
-0.0211049
-50
-0.00215796
-366
-0.0157963
42
0.00181269
144
0.00621493
241
0.0104014
-581
-0.0250755
-74
-0.00319379
-482
-0.0208028
106
0.00457488
-61
-0.00263271
-174
-0.00750971
-5
-0.000215796
288
0.0124299
-337
-0.0145447
-41
-0.00176953
186
0.00802762
-20
-0.000863185
-210
-0.00906344
40
0.00172637
327
0.0141131
92
0.00397065
278
0.0119983
189
0.0081571
-65
-0.00280535
18
0.000776867
97
0.00418645
212
0.00914976
-11
-0.000474752
127
0.00548123
482
0.0208028
24
0.00103582
-272
-0.0117393
-125
-0.00539491
213
0.00919292
143
0.00617177
115
0.00496331
-120
-0.00517911
207
0.00893397
-245
-0.010574
-143
-0.00617177
-85
-0.00366854
12
0.000517911
259
0.0111782
-257
-0.0110919
241
0.0104014
408
0.017609
99
0.00427277
442
0.0190764
-14
-0.00060423
-636
-0.0274493
139
0.00599914
-87
-0.00375486
98
0.00422961
-77
-0.00332326
-205
-0.00884765
395
0.0170479
-74
-0.00319379
-518
-0.0223565
-195
-0.00841606
689
0.0297367
-26
-0.00112214
-542
-0.0233923
-72
-0.00310747
97
0.00418645
16
0.000690548
-26
-0.00112214
17
0.000733707
255
0.0110056
46
0.00198533
-191
-0.00824342
39
0.00168321
272
0.0117393
9
0.000388433
155
0.00668968
106
0.00457488
98
0.00422961
68
0.00293483
487
0.0210186
147
0.00634441
172
0.00742339
-183
-0.00789814
103
0.0044454
-170
-0.00733707
-54
-0.0023306
-265
-0.0114372
292
0.0126025
4
0.000172637
-346
-0.0149331
51
0.00220112
-14
-0.00060423
223
0.00962451
-332
-0.0143289
168
0.00725076
482
0.0208028
-88
-0.00379801
268
0.0115667
-233
-0.0100561
-224
-0.00966767
-186
-0.00802762
-298
-0.0128615
60
0.00258956
533
0.0230039
199
0.00858869
96
0.00414329
-66
-0.00284851
-312
-0.0134657
-62
-0.00267587
331
0.0142857
-186
-0.00802762
-209
-0.00902028
130
0.0056107
263
0.0113509
66
0.00284851
-36
-0.00155373
5
0.000215796
145
0.00625809
-18
-0.000776867
128
0.00552438
-45
-0.00194217
439
0.0189469
35
0.00151057
316
0.0136383
22
0.000949504
198
0.00854553
-26
-0.00112214
125
0.00539491
191
0.00824342
-252
-0.0108761
-83
-0.00358222
-731
-0.0315494
-167
-0.0072076
-273
-0.0117825
82
0.00353906
-232
-0.0100129
294
0.0126888
336
0.0145015
14
0.00060423
-81
-0.0034959
-10
-0.000431593
296
0.0127751
-132
-0.00569702
201
0.00867501
-252
-0.0108761
140
0.0060423
-78
-0.00336642
149
0.00643073
4
0.000172637
-543
-0.0234355
141
0.00608546
-190
-0.00820026
32
0.0013811
-205
-0.00884765
79
0.00340958
263
0.0113509
-52
-0.00224428
-238
-0.0102719
33
0.00142426
-257
-0.0110919
288
0.0124299
-95
-0.00410013
80
0.00345274
182
0.00785498
94
0.00405697
348
0.0150194
93
0.00401381
-25
-0.00107898
12
0.000517911
21
0.000906344
-56
-0.00241692
86
0.0037117
-54
-0.0023306
12
0.000517911
87
0.00375486
344
0.0148468
-137
-0.00591282
73
0.00315063
54
0.0023306
632
0.0272767
-130
-0.0056107
-70
-0.00302115
-5
-0.000215796
-31
-0.00133794
103
0.0044454
249
0.0107467
-72
-0.00310747
-512
-0.0220975
-205
-0.00884765
-53
-0.00228744
-186
-0.00802762
74
0.00319379
-258
-0.0111351
-259
-0.0111782
147
0.00634441
-701
-0.0302546
47
0.00202849
-229
-0.00988347
194
0.0083729
-259
-0.0111782
-31
-0.00133794
518
0.0223565
169
0.00729391
312
0.0134657
-52
-0.00224428
-80
-0.00345274
141
0.00608546
-677
-0.0292188
-144
-0.00621493
-3
-0.000129478
95
0.00410013
88
0.00379801
110
0.00474752
13
0.00056107
142
0.00612861
-37
-0.00159689
144
0.00621493
212
0.00914976
-68
-0.00293483
97
0.00418645
3
0.000129478
265
0.0114372
-18
-0.000776867
-90
-0.00388433
-98
-0.00422961
-262
-0.0113077
215
0.00927924
461
0.0198964
-73
-0.00315063
219
0.00945188
-188
-0.00811394
-103
-0.0044454
118
0.00509279
-563
-0.0242987
124
0.00535175
-243
-0.0104877
-158
-0.00681916
-636
-0.0274493
-20
-0.000863185
109
0.00470436
57
0.00246008
-270
-0.011653
201
0.00867501
-279
-0.0120414
-62
-0.00267587
-92
-0.00397065
11
0.000474752
-293
-0.0126457
-215
-0.00927924
38
0.00164005
17
0.000733707
32
0.0013811
111
0.00479068
-73
-0.00315063
83
0.00358222
163
0.00703496
15
0.000647389
-129
-0.00556754
237
0.0102287
314
0.013552
-236
-0.0101856
13
0.00056107
139
0.00599914
-78
-0.00336642
20
0.000863185
179
0.00772551
-56
-0.00241692
690
0.0297799
-52
-0.00224428
64
0.00276219
186
0.00802762
199
0.00858869
-127
-0.00548123
-502
-0.0216659
-209
-0.00902028
-204
-0.00880449
30
0.00129478
-1
-4.31593e-05
87
0.00375486
-309
-0.0133362
63
0.00271903
59
0.0025464
-64
-0.00276219
-116
-0.00500647
38
0.00164005
259
0.0111782
-23
-0.000992663
16
0.000690548
26
0.00112214
-105
-0.00453172
-107
-0.00461804
-303
-0.0130773
-135
-0.0058265
-449
-0.0193785
-18
-0.000776867
596
0.0257229
-11
-0.000474752
55
0.00237376
189
0.0081571
-182
-0.00785498
-2
-8.63185e-05
-78
-0.00336642
-6
-0.000258956
358
0.015451
-71
-0.00306431
328
0.0141562
19
0.000820026
208
0.00897713
83
0.00358222
126
0.00543807
-103
-0.0044454
-473
-0.0204143
-169
-0.00729391
88
0.00379801
-166
-0.00716444
-100
-0.00431593
73
0.00315063
-60
-0.00258956
-115
-0.00496331
293
0.0126457
-10
-0.000431593
339
0.014631
-188
-0.00811394
508
0.0219249
16
0.000690548
-548
-0.0236513
73
0.00315063
9
0.000388433
125
0.00539491
239
0.0103151
-105
-0.00453172
-114
-0.00492016
-27
-0.0011653
163
0.00703496
93
0.00401381
434
0.0187311
-43
-0.00185585
354
0.0152784
-221
-0.0095382
-493
-0.0212775
16
0.000690548
117
0.00504963
70
0.00302115
457
0.0197238
-17
-0.000733707
-86
-0.0037117
-30
-0.00129478
-48
-0.00207164
-166
-0.00716444
-406
-0.0175227
126
0.00543807
-240
-0.0103582
-338
-0.0145878
428
0.0184722
21
0.000906344
-151
-0.00651705
-199
-0.00858869
103
0.0044454
210
0.00906344
-94
-0.00405697
-30
-0.00129478
-63
-0.00271903
-207
-0.00893397
-322
-0.0138973
-68
-0.00293483
307
0.0132499
427
0.018429
-12
-0.000517911
-106
-0.00457488
-326
-0.0140699
-269
-0.0116098
-88
-0.00379801
105
0.00453172
354
0.0152784
-9
-0.000388433
193
0.00832974
-44
-0.00189901
-268
-0.0115667
-54
-0.0023306
44
0.00189901
-30
-0.00129478
717
0.0309452
-159
-0.00686232
702
0.0302978
108
0.0046612
183
0.00789814
265
0.0114372
197
0.00850237
50
0.00215796
524
0.0226155
-81
-0.0034959
25
0.00107898
133
0.00574018
-201
-0.00867501
-127
-0.00548123
-16
-0.000690548
-104
-0.00448856
-42
-0.00181269
-24
-0.00103582
123
0.00530859
35
0.00151057
-464
-0.0200259
-188
-0.00811394
-321
-0.0138541
-113
-0.004877
-98
-0.00422961
-33
-0.00142426
173
0.00746655
-114
-0.00492016
-261
-0.0112646
92
0.00397065
137
0.00591282
154
0.00664653
-423
-0.0182564
-102
-0.00440224
-311
-0.0134225
33
0.00142426
37
0.00159689
-53
-0.00228744
170
0.00733707
-31
-0.00133794
-166
-0.00716444
60
0.00258956
-83
-0.00358222
6
0.000258956
293
0.0126457
42
0.00181269
356
0.0153647
-74
-0.00319379
599
0.0258524
17
0.000733707
175
0.00755287
113
0.004877
503
0.0217091
47
0.00202849
6
0.000258956
-22
-0.000949504
-429
-0.0185153
216
0.0093224
-64
-0.00276219
-44
-0.00189901
-43
-0.00185585
23
0.000992663
63
0.00271903
-55
-0.00237376
-260
-0.0112214
-250
-0.0107898
-66
-0.00284851
-222
-0.00958136
251
0.010833
-51
-0.00220112
-321
-0.0138541
-113
-0.004877
-331
-0.0142857
156
0.00673284
-392
-0.0169184
-143
-0.00617177
-128
-0.00552438
133
0.00574018
161
0.00694864
211
0.0091066
-83
-0.00358222
111
0.00479068
262
0.0113077
186
0.00802762
-269
-0.0116098
135
0.0058265
467
0.0201554
-35
-0.00151057
454
0.0195943
109
0.00470436
-174
-0.00750971
167
0.0072076
-257
-0.0110919
103
0.0044454
325
0.0140268
-34
-0.00146741
445
0.0192059
-166
-0.00716444
-336
-0.0145015
325
0.0140268
728
0.0314199
-123
-0.00530859
102
0.00440224
228
0.00984031
-187
-0.00807078
76
0.0032801
144
0.00621493
124
0.00535175
-770
-0.0332326
-296
-0.0127751
179
0.00772551
-117
-0.00504963
-574
-0.0247734
-151
-0.00651705
-6
-0.000258956
67
0.00289167
-78
-0.00336642
-47
-0.00202849
448
0.0193353
-127
-0.00548123
-679
-0.0293051
107
0.00461804
113
0.004877
-52
-0.00224428
20
0.000863185
72
0.00310747
321
0.0138541
-57
-0.00246008
274
0.0118256
-380
-0.0164005
-418
-0.0180406
-37
-0.00159689
224
0.00966767
-49
-0.0021148
-496
-0.021407
-17
-0.000733707
5
0.000215796
-136
-0.00586966
-451
-0.0194648
-238
-0.0102719
-182
-0.00785498
-159
-0.00686232
189
0.0081571
-30
-0.00129478
292
0.0126025
-75
-0.00323694
-152
-0.00656021
-58
-0.00250324
-710
-0.0306431
137
0.00591282
49
0.0021148
144
0.00621493
178
0.00768235
85
0.00366854
-520
-0.0224428
180
0.00776867
-274
-0.0118256
-131
-0.00565386
122
0.00526543
-2
-8.63185e-05
244
0.0105309
237
0.0102287
-186
-0.00802762
-134
-0.00578334
408
0.017609
325
0.0140268
-133
-0.00574018
23
0.000992663
-365
-0.0157531
24
0.00103582
355
0.0153215
-47
-0.00202849
213
0.00919292
109
0.00470436
-390
-0.0168321
184
0.0079413
114
0.00492016
-59
-0.0025464
-203
-0.00876133
256
0.0110488
281
0.0121278
-97
-0.00418645
-434
-0.0187311
-3
-0.000129478
116
0.00500647
144
0.00621493
331
0.0142857
-96
-0.00414329
-479
-0.0206733
-27
-0.0011653
-173
-0.00746655
-136
-0.00586966
-551
-0.0237808
-52
-0.00224428
-123
-0.00530859
216
0.0093224
100
0.00431593
-62
-0.00267587
476
0.0205438
-68
-0.00293483
381
0.0164437
35
0.00151057
-251
-0.010833
9
0.000388433
-272
-0.0117393
-123
-0.00530859
-238
-0.0102719
-85
-0.00366854
-105
-0.00453172
-182
-0.00785498
-262
-0.0113077
11
0.000474752
231
0.00996979
-135
-0.0058265
607
0.0261977
-62
-0.00267587
55
0.00237376
1
4.31593e-05
91
0.00392749
54
0.0023306
812
0.0350453
-83
-0.00358222
-664
-0.0286577
-3
-0.000129478
462
0.0199396
-95
-0.00410013
592
0.0255503
-6
-0.000258956
271
0.0116962
233
0.0100561
-432
-0.0186448
76
0.0032801
413
0.0178248
-116
-0.00500647
132
0.00569702
162
0.0069918
111
0.00479068
-76
-0.0032801
-380
-0.0164005
-210
-0.00906344
-81
-0.0034959
-209
-0.00902028
-48
-0.00207164
67
0.00289167
59
0.0025464
-118
-0.00509279
-80
-0.00345274
29
0.00125162
669
0.0288735
-31
-0.00133794
273
0.0117825
94
0.00405697
-121
-0.00522227
8
0.000345274
324
0.0139836
248
0.0107035
34
0.00146741
-193
-0.00832974
-777
-0.0335347
-134
-0.00578334
669
0.0288735
115
0.00496331
282
0.0121709
-74
-0.00319379
-170
-0.00733707
61
0.00263271
218
0.00940872
-121
-0.00522227
-309
-0.0133362
127
0.00548123
225
0.00971083
156
0.00673284
-336
-0.0145015
5
0.000215796
-399
-0.0172205
-65
-0.00280535
32
0.0013811
-45
-0.00194217
-188
-0.00811394
135
0.0058265
42
0.00181269
-56
-0.00241692
-195
-0.00841606
62
0.00267587
287
0.0123867
-114
-0.00492016
-441
-0.0190332
179
0.00772551
307
0.0132499
129
0.00556754
526
0.0227018
-57
-0.00246008
-309
-0.0133362
-139
-0.00599914
36
0.00155373
-76
-0.0032801
231
0.00996979
-61
-0.00263271
706
0.0304704
110
0.00474752
256
0.0110488
198
0.00854553
25
0.00107898
46
0.00198533
864
0.0372896
-33
-0.00142426
62
0.00267587
119
0.00513595
-42
-0.00181269
23
0.000992663
441
0.0190332
459
0.0198101
-20
-0.000863185
-75
-0.00323694
192
0.00828658
50
0.00215796
445
0.0192059
-150
-0.00647389
-496
-0.021407
-209
-0.00902028
264
0.011394
150
0.00647389
24
0.00103582
282
0.0121709
-186
-0.00802762
35
0.00151057
-418
-0.0180406
46
0.00198533
586
0.0252913
-34
-0.00146741
-513
-0.0221407
63
0.00271903
-225
-0.00971083
-17
-0.000733707
308
0.0132931
146
0.00630125
-267
-0.0115235
11
0.000474752
209
0.00902028
-201
-0.00867501
359
0.0154942
-3
-0.000129478
190
0.00820026
-32
-0.0013811
-229
-0.00988347
91
0.00392749
-14
-0.00060423
77
0.00332326
135
0.0058265
38
0.00164005
184
0.0079413
-46
-0.00198533
-164
-0.00707812
49
0.0021148
-121
-0.00522227
-251
-0.010833
-765
-0.0330168
-54
-0.0023306
33
0.00142426
-134
-0.00578334
-106
-0.00457488
-150
-0.00647389
-390
-0.0168321
132
0.00569702
-296
-0.0127751
-150
-0.00647389
232
0.0100129
-76
-0.0032801
-295
-0.012732
-47
-0.00202849
143
0.00617177
286
0.0123435
-453
-0.0195511
-60
-0.00258956
251
0.010833
14
0.00060423
-127
-0.00548123
-79
-0.00340958
455
0.0196375
-203
-0.00876133
364
0.01571
353
0.0152352
-642
-0.0277082
144
0.00621493
176
0.00759603
-58
-0.00250324
-209
-0.00902028
240
0.0103582
-44
-0.00189901
29
0.00125162
128
0.00552438
32
0.0013811
72
0.00310747
64
0.00276219
-92
-0.00397065
151
0.00651705
-118
-0.00509279
51
0.00220112
-191
-0.00824342
-107
-0.00461804
-462
-0.0199396
-34
-0.00146741
-101
-0.00435909
-82
-0.00353906
-256
-0.0110488
-120
-0.00517911
-309
-0.0133362
113
0.004877
285
0.0123004
-51
-0.00220112
-443
-0.0191196
45
0.00194217
232
0.0100129
-71
-0.00306431
-834
-0.0359948
-220
-0.00949504
182
0.00785498
168
0.00725076
-4
-0.000172637
-244
-0.0105309
77
0.00332326
-39
-0.00168321
-440
-0.0189901
-57
-0.00246008
64
0.00276219
-9
-0.000388433
159
0.00686232
-150
-0.00647389
-336
-0.0145015
-3
-0.000129478
-49
-0.0021148
61
0.00263271
-291
-0.0125593
235
0.0101424
217
0.00936556
27
0.0011653
434
0.0187311
-57
-0.00246008
206
0.00889081
-80
-0.00345274
111
0.00479068
21
0.000906344
292
0.0126025
-125
-0.00539491
532
0.0229607
-38
-0.00164005
373
0.0160984
137
0.00591282
-16
-0.000690548
-201
-0.00867501
-305
-0.0131636
76
0.0032801
331
0.0142857
362
0.0156237
99
0.00427277
59
0.0025464
30
0.00129478
-38
-0.00164005
-281
-0.0121278
54
0.0023306
-200
-0.00863185
-35
-0.00151057
-530
-0.0228744
-74
-0.00319379
202
0.00871817
-65
-0.00280535
-152
-0.00656021
45
0.00194217
232
0.0100129
-170
-0.00733707
584
0.025205
-53
-0.00228744
-23
-0.000992663
-147
-0.00634441
296
0.0127751
-255
-0.0110056
-138
-0.00595598
-147
-0.00634441
-156
-0.00673284
-1
-4.31593e-05
-259
-0.0111782
-32
-0.0013811
-358
-0.015451
-135
-0.0058265
-525
-0.0226586
58
0.00250324
-237
-0.0102287
206
0.00889081
-164
-0.00707812
-17
-0.000733707
137
0.00591282
219
0.00945188
78
0.00336642
70
0.00302115
-74
-0.00319379
119
0.00513595
-215
-0.00927924
244
0.0105309
266
0.0114804
26
0.00112214
268
0.0115667
-23
-0.000992663
307
0.0132499
-87
-0.00375486
-66
-0.00284851
79
0.00340958
398
0.0171774
-193
-0.00832974
186
0.00802762
140
0.0060423
137
0.00591282
-165
-0.00712128
5
0.000215796
-14
-0.00060423
-41
-0.00176953
-222
-0.00958136
-107
-0.00461804
-54
-0.0023306
83
0.00358222
-18
-0.000776867
300
0.0129478
320
0.013811
440
0.0189901
-102
-0.00440224
-120
-0.00517911
102
0.00440224
522
0.0225291
-124
-0.00535175
-358
-0.015451
0
0
264
0.011394
260
0.0112214
-497
-0.0214502
174
0.00750971
-116
-0.00500647
4
0.000172637
-95
-0.00410013
-113
-0.004877
-441
-0.0190332
-146
-0.00630125
303
0.0130773
-22
-0.000949504
333
0.014372
123
0.00530859
-398
-0.0171774
-135
-0.0058265
-168
-0.00725076
-68
-0.00293483
306
0.0132067
-143
-0.00617177
253
0.0109193
15
0.000647389
69
0.00297799
23
0.000992663
-294
-0.0126888
-111
-0.00479068
-397
-0.0171342
130
0.0056107
129
0.00556754
45
0.00194217
320
0.013811
-130
-0.0056107
-56
-0.00241692
9
0.000388433
11
0.000474752
-44
-0.00189901
154
0.00664653
-75
-0.00323694
467
0.0201554
-160
-0.00690548
584
0.025205
-93
-0.00401381
-52
-0.00224428
-17
-0.000733707
846
0.0365127
88
0.00379801
647
0.027924
241
0.0104014
427
0.018429
336
0.0145015
36
0.00155373
157
0.006776
-188
-0.00811394
-152
-0.00656021
170
0.00733707
13
0.00056107
90
0.00388433
121
0.00522227
-139
-0.00599914
-269
-0.0116098
218
0.00940872
-153
-0.00660337
20
0.000863185
-67
-0.00289167
154
0.00664653
46
0.00198533
-111
-0.00479068
-42
-0.00181269
-241
-0.0104014
-79
-0.00340958
-227
-0.00979715
118
0.00509279
292
0.0126025
98
0.00422961
393
0.0169616
-33
-0.00142426
792
0.0341821
90
0.00388433
-363
-0.0156668
-105
-0.00453172
-202
-0.00871817
-36
-0.00155373
635
0.0274061
-140
-0.0060423
159
0.00686232
170
0.00733707
-854
-0.036858
-90
-0.00388433
49
0.0021148
-116
-0.00500647
-493
-0.0212775
22
0.000949504
263
0.0113509
-18
-0.000776867
-138
-0.00595598
138
0.00595598
-116
-0.00500647
193
0.00832974
-303
-0.0130773
-69
-0.00297799
-657
-0.0283556
-4
-0.000172637
-619
-0.0267156
-126
-0.00543807
319
0.0137678
149
0.00643073
481
0.0207596
198
0.00854553
360
0.0155373
45
0.00194217
-383
-0.01653
-77
-0.00332326
-25
-0.00107898
150
0.00647389
606
0.0261545
-9
-0.000388433
-392
-0.0169184
-184
-0.0079413
221
0.0095382
168
0.00725076
-37
-0.00159689
-106
-0.00457488
-49
-0.0021148
65
0.00280535
-71
-0.00306431
37
0.00159689
-45
-0.00194217
-80
-0.00345274
-414
-0.0178679
108
0.0046612
-406
-0.0175227
-204
-0.00880449
-299
-0.0129046
-100
-0.00431593
168
0.00725076
-103
-0.0044454
291
0.0125593
-99
-0.00427277
173
0.00746655
-62
-0.00267587
-167
-0.0072076
78
0.00336642
-114
-0.00492016
-22
-0.000949504
154
0.00664653
34
0.00146741
-72
-0.00310747
27
0.0011653
-244
-0.0105309
-96
-0.00414329
776
0.0334916
300
0.0129478
-80
-0.00345274
-32
-0.0013811
228
0.00984031
234
0.0100993
591
0.0255071
39
0.00168321
-548
-0.0236513
-85
-0.00366854
215
0.00927924
-153
-0.00660337
-39
-0.00168321
-314
-0.013552
-142
-0.00612861
-162
-0.0069918
-388
-0.0167458
-270
-0.011653
470
0.0202849
183
0.00789814
125
0.00539491
110
0.00474752
182
0.00785498
104
0.00448856
19
0.000820026
131
0.00565386
-438
-0.0189038
-341
-0.0147173
-382
-0.0164868
-79
-0.00340958
329
0.0141994
-60
-0.00258956
-406
-0.0175227
266
0.0114804
-504
-0.0217523
287
0.0123867
-383
-0.01653
-12
-0.000517911
-262
-0.0113077
-31
-0.00133794
-329
-0.0141994
-88
-0.00379801
-197
-0.00850237
-331
-0.0142857
-329
-0.0141994
-18
-0.000776867
128
0.00552438
127
0.00548123
-398
-0.0171774
-30
-0.00129478
313
0.0135088
-172
-0.00742339
275
0.0118688
58
0.00250324
-642
-0.0277082
109
0.00470436
95
0.00410013
-146
-0.00630125
272
0.0117393
6
0.000258956
-380
-0.0164005
-178
-0.00768235
24
0.00103582
12
0.000517911
236
0.0101856
-100
-0.00431593
38
0.00164005
-168
-0.00725076
-382
-0.0164868
68
0.00293483
187
0.00807078
-43
-0.00185585
-449
-0.0193785
181
0.00781183
513
0.0221407
-29
-0.00125162
-566
-0.0244281
-101
-0.00435909
143
0.00617177
272
0.0117393
-233
-0.0100561
11
0.000474752
282
0.0121709
15
0.000647389
-159
-0.00686232
197
0.00850237
-195
-0.00841606
-78
-0.00336642
30
0.00129478
-85
-0.00366854
51
0.00220112
185
0.00798446
117
0.00504963
-130
-0.0056107
-244
-0.0105309
-162
-0.0069918
-221
-0.0095382
25
0.00107898
631
0.0272335
-169
-0.00729391
-441
-0.0190332
2
8.63185e-05
-476
-0.0205438
34
0.00146741
548
0.0236513
-235
-0.0101424
-170
-0.00733707
-8
-0.000345274
-140
-0.0060423
-39
-0.00168321
-180
-0.00776867
-136
-0.00586966
17
0.000733707
244
0.0105309
-96
-0.00414329
-14
-0.00060423
-77
-0.00332326
352
0.0151921
-209
-0.00902028
98
0.00422961
-396
-0.0170911
-30
-0.00129478
-166
-0.00716444
-124
-0.00535175
14
0.00060423
207
0.00893397
31
0.00133794
275
0.0118688
-579
-0.0249892
403
0.0173932
314
0.013552
-173
-0.00746655
-61
-0.00263271
235
0.0101424
-677
-0.0292188
39
0.00168321
237
0.0102287
-63
-0.00271903
143
0.00617177
165
0.00712128
-151
-0.00651705
21
0.000906344
48
0.00207164
9
0.000388433
158
0.00681916
-92
-0.00397065
45
0.00194217
218
0.00940872
483
0.0208459
-123
-0.00530859
6
0.000258956
-231
-0.00996979
234
0.0100993
222
0.00958136
125
0.00539491
83
0.00358222
532
0.0229607
-126
-0.00543807
-227
-0.00979715
-177
-0.00763919
397
0.0171342
103
0.0044454
-215
-0.00927924
-93
-0.00401381
-278
-0.0119983
-69
-0.00297799
253
0.0109193
-10
-0.000431593
-157
-0.006776
206
0.00889081
-591
-0.0255071
-47
-0.00202849
205
0.00884765
-59
-0.0025464
764
0.0329737
183
0.00789814
278
0.0119983
-4
-0.000172637
-337
-0.0145447
-64
-0.00276219
580
0.0250324
-195
-0.00841606
229
0.00988347
-459
-0.0198101
577
0.0249029
147
0.00634441
349
0.0150626
54
0.0023306
28
0.00120846
-47
-0.00202849
321
0.0138541
250
0.0107898
226
0.00975399
-332
-0.0143289
130
0.0056107
50
0.00215796
-51
-0.00220112
96
0.00414329
-117
-0.00504963
57
0.00246008
-100
-0.00431593
29
0.00125162
321
0.0138541
269
0.0116098
-259
-0.0111782
227
0.00979715
759
0.0327579
112
0.00483384
-116
-0.00500647
25
0.00107898
682
0.0294346
159
0.00686232
360
0.0155373
-83
-0.00358222
-48
-0.00207164
26
0.00112214
-74
-0.00319379
80
0.00345274
119
0.00513595
47
0.00202849
-132
-0.00569702
-188
-0.00811394
-432
-0.0186448
-147
-0.00634441
-207
-0.00893397
-95
-0.00410013
-114
-0.00492016
-139
-0.00599914
-176
-0.00759603
66
0.00284851
532
0.0229607
-84
-0.00362538
103
0.0044454
-39
-0.00168321
68
0.00293483
148
0.00638757
248
0.0107035
-138
-0.00595598
59
0.0025464
-16
-0.000690548
170
0.00733707
30
0.00129478
-61
-0.00263271
-175
-0.00755287
325
0.0140268
75
0.00323694
167
0.0072076
204
0.00880449
540
0.023306
9
0.000388433
-100
-0.00431593
-255
-0.0110056
211
0.0091066
-45
-0.00194217
-634
-0.027363
-44
-0.00189901
504
0.0217523
-52
-0.00224428
-3
-0.000129478
-85
-0.00366854
506
0.0218386
-40
-0.00172637
191
0.00824342
100
0.00431593
341
0.0147173
-234
-0.0100993
228
0.00984031
155
0.00668968
281
0.0121278
-260
-0.0112214
363
0.0156668
-132
-0.00569702
-71
-0.00306431
189
0.0081571
-30
-0.00129478
43
0.00185585
290
0.0125162
58
0.00250324
-144
-0.00621493
86
0.0037117
-207
-0.00893397
-8
-0.000345274
-167
-0.0072076
52
0.00224428
-9
-0.000388433
-8
-0.000345274
780
0.0336642
-10
-0.000431593
-31
-0.00133794
128
0.00552438
-123
-0.00530859
-5
-0.000215796
-153
-0.00660337
-119
-0.00513595
-312
-0.0134657
-118
-0.00509279
484
0.0208891
-182
-0.00785498
43
0.00185585
-61
-0.00263271
-231
-0.00996979
-79
-0.00340958
-14
-0.00060423
59
0.0025464
-96
-0.00414329
235
0.0101424
-207
-0.00893397
11
0.000474752
398
0.0171774
170
0.00733707
-8
-0.000345274
-40
-0.00172637
-391
-0.0168753
12
0.000517911
35
0.00151057
130
0.0056107
-661
-0.0285283
-17
-0.000733707
-67
-0.00289167
130
0.0056107
-232
-0.0100129
-260
-0.0112214
279
0.0120414
-12
-0.000517911
259
0.0111782
3
0.000129478
89
0.00384117
-130
-0.0056107
-34
-0.00146741
19
0.000820026
-237
-0.0102287
284
0.0122572
443
0.0191196
-115
-0.00496331
-183
-0.00789814
-128
-0.00552438
537
0.0231765
-52
-0.00224428
87
0.00375486
-160
-0.00690548
79
0.00340958
-59
-0.0025464
-36
-0.00155373
149
0.00643073
52
0.00224428
-19
-0.000820026
285
0.0123004
141
0.00608546
323
0.0139404
-4
-0.000172637
702
0.0302978
-96
-0.00414329
13
0.00056107
121
0.00522227
195
0.00841606
179
0.00772551
136
0.00586966
69
0.00297799
-407
-0.0175658
273
0.0117825
-97
-0.00418645
184
0.0079413
-523
-0.0225723
141
0.00608546
-50
-0.00215796
-69
-0.00297799
-277
-0.0119551
-189
-0.0081571
-95
-0.00410013
-36
-0.00155373
-226
-0.00975399
94
0.00405697
440
0.0189901
53
0.00228744
-402
-0.01735
-227
-0.00979715
443
0.0191196
-158
-0.00681916
1
4.31593e-05
-130
-0.0056107
336
0.0145015
-30
-0.00129478
-320
-0.013811
-63
-0.00271903
-100
-0.00431593
-75
-0.00323694
-134
-0.00578334
13
0.00056107
90
0.00388433
-20
-0.000863185
72
0.00310747
44
0.00189901
153
0.00660337
47
0.00202849
178
0.00768235
40
0.00172637
-182
-0.00785498
-220
-0.00949504
294
0.0126888
40
0.00172637
119
0.00513595
-111
-0.00479068
-283
-0.0122141
-19
-0.000820026
-36
-0.00155373
-45
-0.00194217
640
0.0276219
83
0.00358222
-122
-0.00526543
-298
-0.0128615
-429
-0.0185153
-25
-0.00107898
296
0.0127751
225
0.00971083
499
0.0215365
40
0.00172637
192
0.00828658
-76
-0.0032801
0
0
-308
-0.0132931
-314
-0.013552
95
0.00410013
-34
-0.00146741
-63
-0.00271903
-57
-0.00246008
59
0.0025464
384
0.0165732
16
0.000690548
-682
-0.0294346
-67
-0.00289167
161
0.00694864
75
0.00323694
66
0.00284851
327
0.0141131
-364
-0.01571
2
8.63185e-05
165
0.00712128
-71
-0.00306431
-286
-0.0123435
6
0.000258956
60
0.00258956
-144
-0.00621493
280
0.0120846
206
0.00889081
-252
-0.0108761
335
0.0144584
499
0.0215365
-114
-0.00492016
159
0.00686232
-105
-0.00453172
-258
-0.0111351
355
0.0153215
-158
-0.00681916
45
0.00194217
-186
-0.00802762
-204
-0.00880449
276
0.011912
323
0.0139404
-354
-0.0152784
-106
-0.00457488
-275
-0.0118688
189
0.0081571
-741
-0.031981
77
0.00332326
168
0.00725076
-237
-0.0102287
-260
-0.0112214
-268
-0.0115667
157
0.006776
-186
-0.00802762
-199
-0.00858869
88
0.00379801
256
0.0110488
83
0.00358222
-329
-0.0141994
-97
-0.00418645
-240
-0.0103582
42
0.00181269
-293
-0.0126457
-60
-0.00258956
63
0.00271903
-90
-0.00388433
-532
-0.0229607
140
0.0060423
476
0.0205438
-177
-0.00763919
280
0.0120846
142
0.00612861
61
0.00263271
24
0.00103582
-224
-0.00966767
68
0.00293483
167
0.0072076
133
0.00574018
-346
-0.0149331
-43
-0.00185585
-566
-0.0244281
-95
-0.00410013
-240
-0.0103582
124
0.00535175
-332
-0.0143289
69
0.00297799
-123
-0.00530859
-67
-0.00289167
260
0.0112214
-16
-0.000690548
124
0.00535175
-35
-0.00151057
402
0.01735
202
0.00871817
310
0.0133794
-157
-0.006776
316
0.0136383
81
0.0034959
415
0.0179111
95
0.00410013
-32
-0.0013811
-81
-0.0034959
312
0.0134657
45
0.00194217
254
0.0109625
-144
-0.00621493
540
0.023306
20
0.000863185
466
0.0201122
32
0.0013811
-601
-0.0259387
75
0.00323694
-76
-0.0032801
276
0.011912
342
0.0147605
141
0.00608546
520
0.0224428
145
0.00625809
-80
-0.00345274
-42
-0.00181269
-234
-0.0100993
-63
-0.00271903
-319
-0.0137678
130
0.0056107
-456
-0.0196806
-208
-0.00897713
554
0.0239102
25
0.00107898
152
0.00656021
-197
-0.00850237
99
0.00427277
-174
-0.00750971
118
0.00509279
-26
-0.00112214
-29
-0.00125162
2
8.63185e-05
839
0.0362106
13
0.00056107
187
0.00807078
-81
-0.0034959
285
0.0123004
-65
-0.00280535
318
0.0137246
-289
-0.012473
-183
-0.00789814
76
0.0032801
146
0.00630125
81
0.0034959
-106
-0.00457488
59
0.0025464
632
0.0272767
-50
-0.00215796
39
0.00168321
-143
-0.00617177
68
0.00293483
-100
-0.00431593
469
0.0202417
187
0.00807078
157
0.006776
-52
-0.00224428
577
0.0249029
-250
-0.0107898
-254
-0.0109625
155
0.00668968
-343
-0.0148036
-21
-0.000906344
-30
-0.00129478
-50
-0.00215796
610
0.0263271
-209
-0.00902028
81
0.0034959
-83
-0.00358222
-319
-0.0137678
101
0.00435909
-75
-0.00323694
43
0.00185585
45
0.00194217
-73
-0.00315063
665
0.0287009
-235
-0.0101424
-112
-0.00483384
-202
-0.00871817
-561
-0.0242123
48
0.00207164
-634
-0.027363
-54
-0.0023306
-48
-0.00207164
-69
-0.00297799
286
0.0123435
-123
-0.00530859
-161
-0.00694864
70
0.00302115
-332
-0.0143289
-175
-0.00755287
17
0.000733707
-266
-0.0114804
-426
-0.0183858
-6
-0.000258956
-200
-0.00863185
250
0.0107898
432
0.0186448
-41
-0.00176953
228
0.00984031
197
0.00850237
150
0.00647389
13
0.00056107
-350
-0.0151057
-131
-0.00565386
471
0.020328
88
0.00379801
-440
-0.0189901
48
0.00207164
19
0.000820026
-121
-0.00522227
-563
-0.0242987
93
0.00401381
-481
-0.0207596
-27
-0.0011653
188
0.00811394
55
0.00237376
-402
-0.01735
-127
-0.00548123
442
0.0190764
-71
-0.00306431
24
0.00103582
123
0.00530859
74
0.00319379
-73
-0.00315063
153
0.00660337
-120
-0.00517911
-172
-0.00742339
3
0.000129478
71
0.00306431
-73
-0.00315063
35
0.00151057
57
0.00246008
364
0.01571
93
0.00401381
61
0.00263271
-173
-0.00746655
-23
-0.000992663
235
0.0101424
18
0.000776867
118
0.00509279
117
0.00504963
181
0.00781183
225
0.00971083
-45
-0.00194217
-580
-0.0250324
243
0.0104877
-305
-0.0131636
-32
-0.0013811
-217
-0.00936556
-311
-0.0134225
97
0.00418645
-120
-0.00517911
-29
-0.00125162
-6
-0.000258956
0
0
-77
-0.00332326
290
0.0125162
-159
-0.00686232
79
0.00340958
-70
-0.00302115
339
0.014631
-6
-0.000258956
386
0.0166595
11
0.000474752
-483
-0.0208459
114
0.00492016
802
0.0346137
50
0.00215796
32
0.0013811
-45
-0.00194217
69
0.00297799
77
0.00332326
59
0.0025464
60
0.00258956
-705
-0.0304273
34
0.00146741
-261
-0.0112646
-266
-0.0114804
235
0.0101424
10
0.000431593
18
0.000776867
-191
-0.00824342
-609
-0.026284
230
0.00992663
449
0.0193785
-170
-0.00733707
-1
-4.31593e-05
-88
-0.00379801
-174
-0.00750971
92
0.00397065
376
0.0162279
-16
-0.000690548
302
0.0130341
223
0.00962451
501
0.0216228
74
0.00319379
-86
-0.0037117
-92
-0.00397065
189
0.0081571
252
0.0108761
509
0.0219681
-132
-0.00569702
-278
-0.0119983
91
0.00392749
625
0.0269745
-25
-0.00107898
393
0.0169616
44
0.00189901
-138
-0.00595598
-418
-0.0180406
-3
-0.000129478
140
0.0060423
302
0.0130341
-17
-0.000733707
373
0.0160984
19
0.000820026
-526
-0.0227018
-57
-0.00246008
270
0.011653
-169
-0.00729391
-501
-0.0216228
168
0.00725076
171
0.00738023
-105
-0.00453172
621
0.0268019
117
0.00504963
-242
-0.0104445
7
0.000302115
23
0.000992663
-43
-0.00185585
319
0.0137678
52
0.00224428
-139
-0.00599914
42
0.00181269
-418
-0.0180406
-54
-0.0023306
273
0.0117825
-103
-0.0044454
-75
-0.00323694
30
0.00129478
-127
-0.00548123
-112
-0.00483384
150
0.00647389
44
0.00189901
58
0.00250324
-69
-0.00297799
485
0.0209322
51
0.00220112
348
0.0150194
30
0.00129478
-493
-0.0212775
29
0.00125162
91
0.00392749
164
0.00707812
78
0.00336642
-90
-0.00388433
819
0.0353474
-265
-0.0114372
455
0.0196375
129
0.00556754
-34
-0.00146741
-34
-0.00146741
17
0.000733707
-17
-0.000733707
-143
-0.00617177
9
0.000388433
270
0.011653
-75
-0.00323694
65
0.00280535
-5
-0.000215796
-177
-0.00763919
-142
-0.00612861
-304
-0.0131204
95
0.00410013
-118
-0.00509279
5
0.000215796
295
0.012732
284
0.0122572
-118
-0.00509279
93
0.00401381
248
0.0107035
-158
-0.00681916
103
0.0044454
-85
-0.00366854
395
0.0170479
-150
-0.00647389
-639
-0.0275788
-26
-0.00112214
97
0.00418645
-154
-0.00664653
278
0.0119983
138
0.00595598
86
0.0037117
184
0.0079413
467
0.0201554
-98
-0.00422961
316
0.0136383
-58
-0.00250324
-254
-0.0109625
5
0.000215796
181
0.00781183
151
0.00651705
67
0.00289167
71
0.00306431
-146
-0.00630125
289
0.012473
-530
-0.0228744
-44
-0.00189901
-95
-0.00410013
28
0.00120846
-498
-0.0214933
12
0.000517911
-116
-0.00500647
2
8.63185e-05
-189
-0.0081571
-22
-0.000949504
-323
-0.0139404
-234
-0.0100993
-4
-0.000172637
-13
-0.00056107
-187
-0.00807078
-173
-0.00746655
79
0.00340958
-449
-0.0193785
123
0.00530859
17
0.000733707
179
0.00772551
-98
-0.00422961
292
0.0126025
-116
-0.00500647
488
0.0210617
13
0.00056107
-421
-0.01817
6
0.000258956
-32
-0.0013811
-91
-0.00392749
-34
-0.00146741
87
0.00375486
-50
-0.00215796
-124
-0.00535175
-235
-0.0101424
-117
-0.00504963
24
0.00103582
-119
-0.00513595
-248
-0.0107035
-167
-0.0072076
202
0.00871817
228
0.00984031
59
0.0025464
232
0.0100129
153
0.00660337
-161
-0.00694864
-180
-0.00776867
-152
-0.00656021
491
0.0211912
-197
-0.00850237
-602
-0.0259819
66
0.00284851
633
0.0273198
-3
-0.000129478
15
0.000647389
-95
-0.00410013
-18
-0.000776867
35
0.00151057
224
0.00966767
108
0.0046612
-289
-0.012473
176
0.00759603
-619
-0.0267156
-76
-0.0032801
-393
-0.0169616
252
0.0108761
405
0.0174795
-49
-0.0021148
-252
-0.0108761
104
0.00448856
-453
-0.0195511
39
0.00168321
67
0.00289167
-98
-0.00422961
144
0.00621493
256
0.0110488
114
0.00492016
166
0.00716444
196
0.00845921
134
0.00578334
136
0.00586966
-37
-0.00159689
266
0.0114804
-41
-0.00176953
-227
-0.00979715
195
0.00841606
231
0.00996979
-113
-0.004877
134
0.00578334
29
0.00125162
-570
-0.0246008
-131
-0.00565386
-63
-0.00271903
-155
-0.00668968
223
0.00962451
-24
-0.00103582
-81
-0.0034959
189
0.0081571
-67
-0.00289167
-41
-0.00176953
-396
-0.0170911
187
0.00807078
312
0.0134657
-192
-0.00828658
-82
-0.00353906
131
0.00565386
-275
-0.0118688
-71
-0.00306431
58
0.00250324
-84
-0.00362538
-99
-0.00427277
98
0.00422961
91
0.00392749
110
0.00474752
-192
-0.00828658
-147
-0.00634441
-341
-0.0147173
265
0.0114372
98
0.00422961
-112
-0.00483384
-284
-0.0122572
-15
-0.000647389
-230
-0.00992663
15
0.000647389
13
0.00056107
112
0.00483384
-205
-0.00884765
-163
-0.00703496
28
0.00120846
-192
-0.00828658
887
0.0382823
56
0.00241692
-124
-0.00535175
-58
-0.00250324
-196
-0.00845921
-123
-0.00530859
-151
-0.00651705
-55
-0.00237376
390
0.0168321
-138
-0.00595598
-84
-0.00362538
116
0.00500647
-371
-0.0160121
-388
-0.0167458
174
0.00750971
229
0.00988347
-318
-0.0137246
10
0.000431593
-312
-0.0134657
158
0.00681916
-332
-0.0143289
-99
-0.00427277
201
0.00867501
128
0.00552438
-148
-0.00638757
-56
-0.00241692
-335
-0.0144584
100
0.00431593
521
0.022486
-103
-0.0044454
297
0.0128183
-1
-4.31593e-05
65
0.00280535
-111
-0.00479068
-309
-0.0133362
253
0.0109193
229
0.00988347
94
0.00405697
-318
-0.0137246
44
0.00189901
-58
-0.00250324
-129
-0.00556754
130
0.0056107
78
0.00336642
-42
-0.00181269
130
0.0056107
102
0.00440224
-250
-0.0107898
867
0.0374191
41
0.00176953
195
0.00841606
-261
-0.0112646
95
0.00410013
125
0.00539491
-574
-0.0247734
-5
-0.000215796
-100
-0.00431593
-355
-0.0153215
128
0.00552438
-91
-0.00392749
-412
-0.0177816
275
0.0118688
-338
-0.0145878
-89
-0.00384117
-416
-0.0179543
-152
-0.00656021
-293
-0.0126457
181
0.00781183
-382
-0.0164868
137
0.00591282
372
0.0160552
-73
-0.00315063
254
0.0109625
158
0.00681916
668
0.0288304
325
0.0140268
161
0.00694864
23
0.000992663
-279
-0.0120414
4
0.000172637
304
0.0131204
-80
-0.00345274
-579
-0.0249892
-63
-0.00271903
165
0.00712128
13
0.00056107
-186
-0.00802762
60
0.00258956
-63
-0.00271903
-85
-0.00366854
-109
-0.00470436
-103
-0.0044454
-93
-0.00401381
-23
-0.000992663
209
0.00902028
-211
-0.0091066
63
0.00271903
102
0.00440224
246
0.0106172
-60
-0.00258956
112
0.00483384
-170
-0.00733707
-333
-0.014372
-22
-0.000949504
-295
-0.012732
-50
-0.00215796
-22
-0.000949504
49
0.0021148
-126
-0.00543807
-56
-0.00241692
382
0.0164868
43
0.00185585
-597
-0.0257661
-77
-0.00332326
208
0.00897713
75
0.00323694
-43
-0.00185585
-287
-0.0123867
27
0.0011653
134
0.00578334
-248
-0.0107035
-150
-0.00647389
521
0.022486
-36
-0.00155373
-828
-0.0357359
-482
-0.0208028
308
0.0132931
57
0.00246008
-213
-0.00919292
243
0.0104877
310
0.0133794
140
0.0060423
-206
-0.00889081
45
0.00194217
-125
-0.00539491
-127
-0.00548123
485
0.0209322
-67
-0.00289167
-36
-0.00155373
205
0.00884765
-423
-0.0182564
-28
-0.00120846
195
0.00841606
169
0.00729391
601
0.0259387
80
0.00345274
21
0.000906344
31
0.00133794
47
0.00202849
181
0.00781183
-84
-0.00362538
-39
-0.00168321
469
0.0202417
-297
-0.0128183
285
0.0123004
-87
-0.00375486
-482
-0.0208028
-32
-0.0013811
-115
-0.00496331
-295
-0.012732
-560
-0.0241692
172
0.00742339
638
0.0275356
-3
-0.000129478
166
0.00716444
102
0.00440224
191
0.00824342
-159
-0.00686232
197
0.00850237
200
0.00863185
-465
-0.0200691
20
0.000863185
-134
-0.00578334
-21
-0.000906344
466
0.0201122
79
0.00340958
-45
-0.00194217
-11
-0.000474752
275
0.0118688
93
0.00401381
-618
-0.0266724
-75
-0.00323694
98
0.00422961
-23
-0.000992663
-219
-0.00945188
44
0.00189901
-326
-0.0140699
-110
-0.00474752
-12
-0.000517911
-12
-0.000517911
49
0.0021148
95
0.00410013
133
0.00574018
50
0.00215796
-494
-0.0213207
-100
-0.00431593
-33
-0.00142426
128
0.00552438
227
0.00979715
-51
-0.00220112
-131
-0.00565386
133
0.00574018
139
0.00599914
4
0.000172637
146
0.00630125
-83
-0.00358222
104
0.00448856
-40
-0.00172637
267
0.0115235
-76
-0.0032801
-332
-0.0143289
-156
-0.00673284
108
0.0046612
-57
-0.00246008
393
0.0169616
85
0.00366854
320
0.013811
154
0.00664653
551
0.0237808
100
0.00431593
701
0.0302546
69
0.00297799
-709
-0.0305999
-111
-0.00479068
-1
-4.31593e-05
-34
-0.00146741
104
0.00448856
291
0.0125593
-244
-0.0105309
-105
-0.00453172
214
0.00923608
-46
-0.00198533
-64
-0.00276219
-113
-0.004877
-601
-0.0259387
339
0.014631
-462
-0.0199396
-372
-0.0160552
382
0.0164868
77
0.00332326
219
0.00945188
-5
-0.000215796
13
0.00056107
3
0.000129478
114
0.00492016
-27
-0.0011653
962
0.0415192
-36
-0.00155373
-88
-0.00379801
18
0.000776867
-539
-0.0232628
41
0.00176953
-10
-0.000431593
93
0.00401381
280
0.0120846
-149
-0.00643073
-123
-0.00530859
-141
-0.00608546
163
0.00703496
-79
-0.00340958
-163
-0.00703496
69
0.00297799
342
0.0147605
44
0.00189901
107
0.00461804
54
0.0023306
-191
-0.00824342
-2
-8.63185e-05
79
0.00340958
-23
-0.000992663
-167
-0.0072076
250
0.0107898
42
0.00181269
-302
-0.0130341
-697
-0.030082
31
0.00133794
-208
-0.00897713
2
8.63185e-05
-750
-0.0323694
-48
-0.00207164
-432
-0.0186448
3
0.000129478
-317
-0.0136815
26
0.00112214
66
0.00284851
-117
-0.00504963
28
0.00120846
283
0.0122141
22
0.000949504
-13
-0.00056107
193
0.00832974
-184
-0.0079413
11
0.000474752
72
0.00310747
24
0.00103582
61
0.00263271
419
0.0180837
-137
-0.00591282
-299
-0.0129046
-157
-0.006776
-545
-0.0235218
-109
-0.00470436
251
0.010833
52
0.00224428
-112
-0.00483384
-50
-0.00215796
84
0.00362538
-13
-0.00056107
411
0.0177385
95
0.00410013
438
0.0189038
161
0.00694864
-156
-0.00673284
123
0.00530859
-285
-0.0123004
-140
-0.0060423
-66
-0.00284851
56
0.00241692
102
0.00440224
-49
-0.0021148
-379
-0.0163574
-59
-0.0025464
-359
-0.0154942
-85
-0.00366854
-344
-0.0148468
-27
-0.0011653
-449
-0.0193785
-183
-0.00789814
-624
-0.0269314
155
0.00668968
-264
-0.011394
-20
-0.000863185
-106
-0.00457488
-44
-0.00189901
-77
-0.00332326
-55
-0.00237376
457
0.0197238
-165
-0.00712128
-227
-0.00979715
239
0.0103151
-38
-0.00164005
24
0.00103582
-128
-0.00552438
33
0.00142426
-116
-0.00500647
116
0.00500647
-81
-0.0034959
-240
-0.0103582
-218
-0.00940872
54
0.0023306
471
0.020328
95
0.00410013
47
0.00202849
86
0.0037117
-44
-0.00189901
-85
-0.00366854
-98
-0.00422961
21
0.000906344
-309
-0.0133362
84
0.00362538
163
0.00703496
-106
-0.00457488
-110
-0.00474752
180
0.00776867
13
0.00056107
-167
-0.0072076
-1
-4.31593e-05
61
0.00263271
92
0.00397065
42
0.00181269
331
0.0142857
-108
-0.0046612
741
0.031981
-284
-0.0122572
174
0.00750971
-32
-0.0013811
112
0.00483384
-197
-0.00850237
-125
-0.00539491
29
0.00125162
-217
-0.00936556
-123
-0.00530859
-357
-0.0154079
-278
-0.0119983
126
0.00543807
269
0.0116098
148
0.00638757
69
0.00297799
90
0.00388433
-52
-0.00224428
59
0.0025464
-207
-0.00893397
53
0.00228744
23
0.000992663
235
0.0101424
-78
-0.00336642
-329
-0.0141994
-112
-0.00483384
-263
-0.0113509
-335
-0.0144584
-241
-0.0104014
160
0.00690548
133
0.00574018
-113
-0.004877
-242
-0.0104445
-102
-0.00440224
-333
-0.014372
-14
-0.00060423
65
0.00280535
74
0.00319379
37
0.00159689
-137
-0.00591282
-71
-0.00306431
-110
-0.00474752
-390
-0.0168321
190
0.00820026
-538
-0.0232197
101
0.00435909
254
0.0109625
-50
-0.00215796
266
0.0114804
-9
-0.000388433
-56
-0.00241692
-29
-0.00125162
180
0.00776867
134
0.00578334
-556
-0.0239965
218
0.00940872
-45
-0.00194217
-213
-0.00919292
-356
-0.0153647
-243
-0.0104877
20
0.000863185
84
0.00362538
120
0.00517911
-61
-0.00263271
-122
-0.00526543
-24
-0.00103582
-181
-0.00781183
-260
-0.0112214
-526
-0.0227018
-5
-0.000215796
-756
-0.0326284
-67
-0.00289167
-181
-0.00781183
69
0.00297799
-299
-0.0129046
136
0.00586966
-661
-0.0285283
-108
-0.0046612
145
0.00625809
82
0.00353906
353
0.0152352
89
0.00384117
121
0.00522227
52
0.00224428
400
0.0172637
-34
-0.00146741
-37
-0.00159689
393
0.0169616
760
0.032801
-186
-0.00802762
38
0.00164005
-106
-0.00457488
-225
-0.00971083
70
0.00302115
80
0.00345274
-255
-0.0110056
-342
-0.0147605
20
0.000863185
251
0.010833
136
0.00586966
-157
-0.006776
75
0.00323694
382
0.0164868
-60
-0.00258956
52
0.00224428
247
0.0106603
95
0.00410013
-57
-0.00246008
310
0.0133794
-135
-0.0058265
-317
-0.0136815
-38
-0.00164005
-268
-0.0115667
109
0.00470436
-377
-0.016271
9
0.000388433
57
0.00246008
68
0.00293483
-219
-0.00945188
114
0.00492016
306
0.0132067
202
0.00871817
338
0.0145878
5
0.000215796
273
0.0117825
94
0.00405697
27
0.0011653
-128
-0.00552438
-292
-0.0126025
-103
-0.0044454
591
0.0255071
219
0.00945188
-244
-0.0105309
28
0.00120846
444
0.0191627
25
0.00107898
-248
-0.0107035
-18
-0.000776867
174
0.00750971
-2
-8.63185e-05
-175
-0.00755287
113
0.004877
103
0.0044454
81
0.0034959
-273
-0.0117825
92
0.00397065
281
0.0121278
-60
-0.00258956
-200
-0.00863185
20
0.000863185
-452
-0.019508
285
0.0123004
115
0.00496331
71
0.00306431
-151
-0.00651705
-46
-0.00198533
-72
-0.00310747
22
0.000949504
-360
-0.0155373
5
0.000215796
-72
-0.00310747
-63
-0.00271903
400
0.0172637
316
0.0136383
-471
-0.020328
74
0.00319379
-406
-0.0175227
255
0.0110056
352
0.0151921
197
0.00850237
316
0.0136383
60
0.00258956
-341
-0.0147173
-73
-0.00315063
-65
-0.00280535
4
0.000172637
-441
-0.0190332
-72
-0.00310747
112
0.00483384
-175
-0.00755287
-309
-0.0133362
5
0.000215796
291
0.0125593
167
0.0072076
-408
-0.017609
12
0.000517911
306
0.0132067
-27
-0.0011653
348
0.0150194
-118
-0.00509279
27
0.0011653
48
0.00207164
-12
-0.000517911
-56
-0.00241692
-427
-0.018429
78
0.00336642
-254
-0.0109625
-130
-0.0056107
139
0.00599914
-88
-0.00379801
253
0.0109193
57
0.00246008
-525
-0.0226586
24
0.00103582
266
0.0114804
12
0.000517911
-117
-0.00504963
-190
-0.00820026
-442
-0.0190764
139
0.00599914
-157
-0.006776
70
0.00302115
204
0.00880449
99
0.00427277
-204
-0.00880449
119
0.00513595
80
0.00345274
-265
-0.0114372
-114
-0.00492016
-153
-0.00660337
265
0.0114372
157
0.006776
124
0.00535175
6
0.000258956
-229
-0.00988347
10
0.000431593
106
0.00457488
-192
-0.00828658
348
0.0150194
-104
-0.00448856
470
0.0202849
236
0.0101856
274
0.0118256
110
0.00474752
70
0.00302115
155
0.00668968
340
0.0146741
-155
-0.00668968
274
0.0118256
143
0.00617177
-460
-0.0198533
-46
-0.00198533
156
0.00673284
-209
-0.00902028
151
0.00651705
-54
-0.0023306
175
0.00755287
150
0.00647389
-545
-0.0235218
-68
-0.00293483
68
0.00293483
-293
-0.0126457
-240
-0.0103582
87
0.00375486
83
0.00358222
-194
-0.0083729
243
0.0104877
-79
-0.00340958
263
0.0113509
276
0.011912
126
0.00543807
-318
-0.0137246
296
0.0127751
135
0.0058265
506
0.0218386
-10
-0.000431593
-184
-0.0079413
-59
-0.0025464
-329
-0.0141994
250
0.0107898
327
0.0141131
265
0.0114372
-423
-0.0182564
6
0.000258956
-156
-0.00673284
-110
-0.00474752
326
0.0140699
-197
-0.00850237
-284
-0.0122572
-20
-0.000863185
-65
-0.00280535
-90
-0.00388433
-104
-0.00448856
72
0.00310747
-183
-0.00789814
45
0.00194217
27
0.0011653
-82
-0.00353906
-395
-0.0170479
-3
-0.000129478
278
0.0119983
74
0.00319379
-67
-0.00289167
-88
-0.00379801
-564
-0.0243418
107
0.00461804
158
0.00681916
-123
-0.00530859
38
0.00164005
94
0.00405697
62
0.00267587
67
0.00289167
-320
-0.013811
87
0.00375486
-386
-0.0166595
-192
-0.00828658
40
0.00172637
-106
-0.00457488
-204
-0.00880449
157
0.006776
357
0.0154079
-247
-0.0106603
-324
-0.0139836
173
0.00746655
-69
-0.00297799
253
0.0109193
-376
-0.0162279
206
0.00889081
414
0.0178679
215
0.00927924
279
0.0120414
-35
-0.00151057
193
0.00832974
-19
-0.000820026
-419
-0.0180837
-122
-0.00526543
135
0.0058265
54
0.0023306
-373
-0.0160984
99
0.00427277
-236
-0.0101856
17
0.000733707
178
0.00768235
23
0.000992663
-44
-0.00189901
195
0.00841606
-85
-0.00366854
204
0.00880449
169
0.00729391
-131
-0.00565386
122
0.00526543
136
0.00586966
-210
-0.00906344
123
0.00530859
72
0.00310747
24
0.00103582
-414
-0.0178679
2
8.63185e-05
120
0.00517911
-56
-0.00241692
217
0.00936556
-40
-0.00172637
-250
-0.0107898
-18
-0.000776867
98
0.00422961
-253
-0.0109193
552
0.0238239
96
0.00414329
505
0.0217954
-18
-0.000776867
-355
-0.0153215
3
0.000129478
408
0.017609
-4
-0.000172637
-2
-8.63185e-05
59
0.0025464
499
0.0215365
76
0.0032801
78
0.00336642
-78
-0.00336642
45
0.00194217
-148
-0.00638757
-296
-0.0127751
-43
-0.00185585
141
0.00608546
146
0.00630125
116
0.00500647
34
0.00146741
218
0.00940872
-115
-0.00496331
225
0.00971083
-60
-0.00258956
-207
-0.00893397
31
0.00133794
-231
-0.00996979
-4
-0.000172637
-400
-0.0172637
103
0.0044454
-12
-0.000517911
-157
-0.006776
433
0.018688
50
0.00215796
-21
-0.000906344
-131
-0.00565386
311
0.0134225
-32
-0.0013811
-745
-0.0321536
-1
-4.31593e-05
-102
-0.00440224
60
0.00258956
-52
-0.00224428
162
0.0069918
411
0.0177385
-5
-0.000215796
-175
-0.00755287
-70
-0.00302115
150
0.00647389
-77
-0.00332326
-106
-0.00457488
197
0.00850237
359
0.0154942
-133
-0.00574018
-612
-0.0264135
161
0.00694864
-214
-0.00923608
107
0.00461804
-279
-0.0120414
31
0.00133794
-274
-0.0118256
269
0.0116098
46
0.00198533
243
0.0104877
275
0.0118688
176
0.00759603
194
0.0083729
-205
-0.00884765
-114
-0.00492016
25
0.00107898
-459
-0.0198101
-111
-0.00479068
304
0.0131204
114
0.00492016
361
0.0155805
63
0.00271903
-93
-0.00401381
-122
-0.00526543
-218
-0.00940872
-12
-0.000517911
-390
-0.0168321
153
0.00660337
401
0.0173069
105
0.00453172
138
0.00595598
-53
-0.00228744
-244
-0.0105309
-88
-0.00379801
-512
-0.0220975
-126
-0.00543807
-10
-0.000431593
-78
-0.00336642
83
0.00358222
-3
-0.000129478
189
0.0081571
-8
-0.000345274
-383
-0.01653
43
0.00185585
741
0.031981
-122
-0.00526543
-189
-0.0081571
-24
-0.00103582
-90
-0.00388433
-114
-0.00492016
-71
-0.00306431
-252
-0.0108761
56
0.00241692
-164
-0.00707812
236
0.0101856
86
0.0037117
-593
-0.0255934
-18
-0.000776867
-340
-0.0146741
-137
-0.00591282
-317
-0.0136815
-130
-0.0056107
-649
-0.0280104
-61
-0.00263271
481
0.0207596
-219
-0.00945188
-341
-0.0147173
178
0.00768235
630
0.0271903
-23
-0.000992663
-536
-0.0231334
4
0.000172637
-265
-0.0114372
-84
-0.00362538
423
0.0182564
46
0.00198533
-259
-0.0111782
-2
-8.63185e-05
152
0.00656021
58
0.00250324
-59
-0.0025464
-41
-0.00176953
-223
-0.00962451
-207
-0.00893397
283
0.0122141
164
0.00707812
265
0.0114372
15
0.000647389
-121
-0.00522227
-85
-0.00366854
-182
-0.00785498
85
0.00366854
-17
-0.000733707
0
0
-517
-0.0223133
-254
-0.0109625
-255
-0.0110056
86
0.0037117
337
0.0145447
205
0.00884765
-416
-0.0179543
15
0.000647389
69
0.00297799
19
0.000820026
408
0.017609
-249
-0.0107467
-111
-0.00479068
-129
-0.00556754
-48
-0.00207164
123
0.00530859
444
0.0191627
-434
-0.0187311
-61
-0.00263271
-58
-0.00250324
247
0.0106603
64
0.00276219
-279
-0.0120414
113
0.004877
361
0.0155805
54
0.0023306
-163
-0.00703496
-124
-0.00535175
-18
-0.000776867
22
0.000949504
-183
-0.00789814
-35
-0.00151057
380
0.0164005
268
0.0115667
-25
-0.00107898
-20
-0.000863185
-191
-0.00824342
105
0.00453172
-393
-0.0169616
14
0.00060423
279
0.0120414
59
0.0025464
-176
-0.00759603
24
0.00103582
660
0.0284851
132
0.00569702
-189
-0.0081571
-31
-0.00133794
420
0.0181269
-169
-0.00729391
-130
-0.0056107
-39
-0.00168321
678
0.029262
206
0.00889081
670
0.0289167
-204
-0.00880449
478
0.0206301
28
0.00120846
-533
-0.0230039
128
0.00552438
-513
-0.0221407
75
0.00323694
-433
-0.018688
106
0.00457488
-221
-0.0095382
-63
-0.00271903
-221
-0.0095382
43
0.00185585
628
0.027104
-259
-0.0111782
-195
-0.00841606
-168
-0.00725076
-370
-0.0159689
77
0.00332326
-32
-0.0013811
-103
-0.0044454
111
0.00479068
-58
-0.00250324
-55
-0.00237376
321
0.0138541
80
0.00345274
415
0.0179111
206
0.00889081
-77
-0.00332326
-385
-0.0166163
113
0.004877
112
0.00483384
-40
-0.00172637
64
0.00276219
-80
-0.00345274
-170
-0.00733707
9
0.000388433
-76
-0.0032801
-8
-0.000345274
75
0.00323694
70
0.00302115
-43
-0.00185585
-156
-0.00673284
-419
-0.0180837
-85
-0.00366854
-463
-0.0199827
-64
-0.00276219
-94
-0.00405697
16
0.000690548
103
0.0044454
-45
-0.00194217
-325
-0.0140268
44
0.00189901
-111
-0.00479068
-166
-0.00716444
-28
-0.00120846
131
0.00565386
-185
-0.00798446
151
0.00651705
-128
-0.00552438
149
0.00643073
429
0.0185153
-186
-0.00802762
738
0.0318515
-49
-0.0021148
-406
-0.0175227
-213
-0.00919292
498
0.0214933
65
0.00280535
-210
-0.00906344
45
0.00194217
136
0.00586966
180
0.00776867
174
0.00750971
36
0.00155373
-201
-0.00867501
-44
-0.00189901
414
0.0178679
-180
-0.00776867
-67
-0.00289167
-149
-0.00643073
309
0.0133362
-121
-0.00522227
-29
-0.00125162
88
0.00379801
-19
-0.000820026
84
0.00362538
-59
-0.0025464
283
0.0122141
607
0.0261977
-60
-0.00258956
171
0.00738023
-315
-0.0135952
493
0.0212775
-92
-0.00397065
578
0.0249461
26
0.00112214
539
0.0232628
46
0.00198533
-273
-0.0117825
-49
-0.0021148
139
0.00599914
213
0.00919292
106
0.00457488
68
0.00293483
-231
-0.00996979
-122
-0.00526543
143
0.00617177
74
0.00319379
207
0.00893397
-130
-0.0056107
275
0.0118688
-128
-0.00552438
-289
-0.012473
-233
-0.0100561
-27
-0.0011653
32
0.0013811
-179
-0.00772551
-26
-0.00112214
-328
-0.0141562
-87
-0.00375486
-141
-0.00608546
15
0.000647389
-225
-0.00971083
-84
-0.00362538
-237
-0.0102287
-105
-0.00453172
-73
-0.00315063
137
0.00591282
-455
-0.0196375
225
0.00971083
-291
-0.0125593
94
0.00405697
656
0.0283125
-137
-0.00591282
-100
-0.00431593
-66
-0.00284851
-295
-0.012732
-154
-0.00664653
641
0.0276651
45
0.00194217
906
0.0391023
211
0.0091066
-768
-0.0331463
220
0.00949504
-306
-0.0132067
72
0.00310747
5
0.000215796
116
0.00500647
260
0.0112214
-69
-0.00297799
281
0.0121278
-161
-0.00694864
18
0.000776867
-114
-0.00492016
-355
-0.0153215
13
0.00056107
-197
-0.00850237
-14
-0.00060423
712
0.0307294
-67
-0.00289167
244
0.0105309
6
0.000258956
-519
-0.0223997
262
0.0113077
658
0.0283988
-48
-0.00207164
-110
-0.00474752
25
0.00107898
550
0.0237376
10
0.000431593
230
0.00992663
-17
-0.000733707
-360
-0.0155373
38
0.00164005
337
0.0145447
144
0.00621493
-174
-0.00750971
220
0.00949504
-52
-0.00224428
39
0.00168321
-216
-0.0093224
-21
-0.000906344
700
0.0302115
127
0.00548123
389
0.016789
52
0.00224428
115
0.00496331
100
0.00431593
-198
-0.00854553
77
0.00332326
-104
-0.00448856
-118
-0.00509279
431
0.0186016
114
0.00492016
-228
-0.00984031
194
0.0083729
-121
-0.00522227
-115
-0.00496331
167
0.0072076
79
0.00340958
31
0.00133794
-102
-0.00440224
-11
-0.000474752
-263
-0.0113509
-553
-0.0238671
-18
-0.000776867
7
0.000302115
-75
-0.00323694
232
0.0100129
171
0.00738023
-354
-0.0152784
84
0.00362538
259
0.0111782
-258
-0.0111351
486
0.0209754
-53
-0.00228744
250
0.0107898
-100
-0.00431593
-212
-0.00914976
-182
-0.00785498
-173
-0.00746655
67
0.00289167
-267
-0.0115235
-8
-0.000345274
-401
-0.0173069
10
0.000431593
-182
-0.00785498
-284
-0.0122572
-192
-0.00828658
60
0.00258956
229
0.00988347
157
0.006776
756
0.0326284
-16
-0.000690548
-693
-0.0299094
-6
-0.000258956
178
0.00768235
111
0.00479068
-676
-0.0291757
68
0.00293483
14
0.00060423
293
0.0126457
-410
-0.0176953
78
0.00336642
128
0.00552438
-54
-0.0023306
-207
-0.00893397
224
0.00966767
-89
-0.00384117
-3
-0.000129478
18
0.000776867
13
0.00056107
401
0.0173069
-307
-0.0132499
503
0.0217091
25
0.00107898
209
0.00902028
-211
-0.0091066
820
0.0353906
-94
-0.00405697
681
0.0293915
131
0.00565386
85
0.00366854
2
8.63185e-05
542
0.0233923
122
0.00526543
-88
-0.00379801
-81
-0.0034959
-86
-0.0037117
50
0.00215796
-620
-0.0267587
165
0.00712128
-47
-0.00202849
161
0.00694864
-67
-0.00289167
-134
-0.00578334
-303
-0.0130773
-268
-0.0115667
-441
-0.0190332
-133
-0.00574018
545
0.0235218
-87
-0.00375486
61
0.00263271
-122
-0.00526543
406
0.0175227
-104
-0.00448856
280
0.0120846
-67
-0.00289167
427
0.018429
68
0.00293483
207
0.00893397
-142
-0.00612861
83
0.00358222
95
0.00410013
399
0.0172205
-53
-0.00228744
-231
-0.00996979
120
0.00517911
-193
-0.00832974
144
0.00621493
19
0.000820026
-312
-0.0134657
239
0.0103151
228
0.00984031
-513
-0.0221407
34
0.00146741
41
0.00176953
150
0.00647389
274
0.0118256
-139
-0.00599914
134
0.00578334
156
0.00673284
56
0.00241692
-114
-0.00492016
-653
-0.028183
-26
-0.00112214
-385
-0.0166163
-129
-0.00556754
65
0.00280535
5
0.000215796
217
0.00936556
-203
-0.00876133
-237
-0.0102287
29
0.00125162
191
0.00824342
38
0.00164005
-416
-0.0179543
230
0.00992663
-117
-0.00504963
52
0.00224428
249
0.0107467
115
0.00496331
-600
-0.0258956
355
0.0153215
-310
-0.0133794
58
0.00250324
-459
-0.0198101
-11
-0.000474752
511
0.0220544
208
0.00897713
-603
-0.026025
97
0.00418645
22
0.000949504
-175
-0.00755287
-179
-0.00772551
-126
-0.00543807
32
0.0013811
-7
-0.000302115
77
0.00332326
226
0.00975399
278
0.0119983
23
0.000992663
362
0.0156237
-180
-0.00776867
281
0.0121278
72
0.00310747
125
0.00539491
-170
-0.00733707
312
0.0134657
-27
-0.0011653
239
0.0103151
-240
-0.0103582
423
0.0182564
-57
-0.00246008
-441
-0.0190332
-95
-0.00410013
698
0.0301252
-220
-0.00949504
-148
-0.00638757
112
0.00483384
-27
-0.0011653
-64
-0.00276219
290
0.0125162
166
0.00716444
232
0.0100129
-125
-0.00539491
351
0.0151489
14
0.00060423
-30
-0.00129478
75
0.00323694
389
0.016789
-199
-0.00858869
-162
-0.0069918
-134
-0.00578334
-15
-0.000647389
-191
-0.00824342
4
0.000172637
-123
-0.00530859
352
0.0151921
144
0.00621493
-349
-0.0150626
4
0.000172637
111
0.00479068
-190
-0.00820026
-462
-0.0199396
-135
-0.0058265
257
0.0110919
121
0.00522227
15
0.000647389
-224
-0.00966767
-80
-0.00345274
162
0.0069918
81
0.0034959
154
0.00664653
-304
-0.0131204
123
0.00530859
55
0.00237376
121
0.00522227
-48
-0.00207164
10
0.000431593
-196
-0.00845921
-70
-0.00302115
702
0.0302978
306
0.0132067
-61
-0.00263271
-174
-0.00750971
-53
-0.00228744
-120
-0.00517911
-252
-0.0108761
-3
-0.000129478
-41
-0.00176953
100
0.00431593
-222
-0.00958136
-91
-0.00392749
31
0.00133794
180
0.00776867
-218
-0.00940872
174
0.00750971
-30
-0.00129478
-36
-0.00155373
102
0.00440224
-20
-0.000863185
555
0.0239534
74
0.00319379
256
0.0110488
69
0.00297799
-133
-0.00574018
50
0.00215796
227
0.00979715
150
0.00647389
-336
-0.0145015
87
0.00375486
-383
-0.01653
-206
-0.00889081
-39
-0.00168321
-107
-0.00461804
-237
-0.0102287
1
4.31593e-05
-27
-0.0011653
-85
-0.00366854
18
0.000776867
97
0.00418645
63
0.00271903
80
0.00345274
294
0.0126888
-154
-0.00664653
-186
-0.00802762
185
0.00798446
-210
-0.00906344
123
0.00530859
-46
-0.00198533
80
0.00345274
-305
-0.0131636
56
0.00241692
-8
-0.000345274
56
0.00241692
-116
-0.00500647
-215
-0.00927924
-177
-0.00763919
83
0.00358222
-482
-0.0208028
-71
-0.00306431
429
0.0185153
-47
-0.00202849
-124
-0.00535175
-12
-0.000517911
12
0.000517911
-20
-0.000863185
-600
-0.0258956
-34
-0.00146741
85
0.00366854
317
0.0136815
134
0.00578334
-71
-0.00306431
332
0.0143289
40
0.00172637
52
0.00224428
26
0.00112214
510
0.0220112
31
0.00133794
-47
-0.00202849
-57
-0.00246008
-264
-0.011394
-36
-0.00155373
-390
-0.0168321
-47
-0.00202849
-186
-0.00802762
98
0.00422961
-11
-0.000474752
39
0.00168321
5
0.000215796
123
0.00530859
8
0.000345274
185
0.00798446
-260
-0.0112214
-76
-0.0032801
157
0.006776
94
0.00405697
-482
-0.0208028
205
0.00884765
-20
-0.000863185
78
0.00336642
-343
-0.0148036
251
0.010833
-572
-0.0246871
-183
-0.00789814
206
0.00889081
-61
-0.00263271
-562
-0.0242555
-56
-0.00241692
428
0.0184722
196
0.00845921
-112
-0.00483384
-173
-0.00746655
-30
-0.00129478
-291
-0.0125593
37
0.00159689
-273
-0.0117825
146
0.00630125
329
0.0141994
372
0.0160552
-227
-0.00979715
343
0.0148036
48
0.00207164
159
0.00686232
-55
-0.00237376
-215
-0.00927924
157
0.006776
-16
-0.000690548
220
0.00949504
-23
-0.000992663
118
0.00509279
8
0.000345274
76
0.0032801
-486
-0.0209754
-184
-0.0079413
-445
-0.0192059
-34
-0.00146741
-268
-0.0115667
-237
-0.0102287
-345
-0.0148899
80
0.00345274
17
0.000733707
201
0.00867501
-76
-0.0032801
78
0.00336642
-287
-0.0123867
-192
-0.00828658
-476
-0.0205438
76
0.0032801
-41
-0.00176953
-2
-8.63185e-05
-184
-0.0079413
-150
-0.00647389
231
0.00996979
233
0.0100561
-629
-0.0271472
188
0.00811394
-72
-0.00310747
-98
-0.00422961
13
0.00056107
-22
-0.000949504
107
0.00461804
-5
-0.000215796
-396
-0.0170911
148
0.00638757
240
0.0103582
-64
-0.00276219
-300
-0.0129478
38
0.00164005
-502
-0.0216659
-196
-0.00845921
-6
-0.000258956
35
0.00151057
79
0.00340958
-60
-0.00258956
386
0.0166595
107
0.00461804
-150
-0.00647389
65
0.00280535
338
0.0145878
-75
-0.00323694
449
0.0193785
7
0.000302115
-21
-0.000906344
-200
-0.00863185
-263
-0.0113509
-111
-0.00479068
456
0.0196806
6
0.000258956
-276
-0.011912
-53
-0.00228744
-176
-0.00759603
-67
-0.00289167
127
0.00548123
-24
-0.00103582
253
0.0109193
31
0.00133794
-737
-0.0318084
28
0.00120846
-474
-0.0204575
-87
-0.00375486
-153
-0.00660337
-9
-0.000388433
-374
-0.0161416
-210
-0.00906344
-173
-0.00746655
101
0.00435909
74
0.00319379
6
0.000258956
110
0.00474752
147
0.00634441
211
0.0091066
-134
-0.00578334
-216
-0.0093224
-9
-0.000388433
-394
-0.0170047
-198
-0.00854553
-424
-0.0182995
-89
-0.00384117
371
0.0160121
-219
-0.00945188
617
0.0266293
-2
-8.63185e-05
-64
-0.00276219
146
0.00630125
350
0.0151057
-36
-0.00155373
-518
-0.0223565
-160
-0.00690548
664
0.0286577
-94
-0.00405697
60
0.00258956
192
0.00828658
391
0.0168753
48
0.00207164
46
0.00198533
176
0.00759603
33
0.00142426
-131
-0.00565386
203
0.00876133
-2
-8.63185e-05
88
0.00379801
-115
-0.00496331
-774
-0.0334053
-60
-0.00258956
183
0.00789814
-27
-0.0011653
-114
-0.00492016
87
0.00375486
883
0.0381096
78
0.00336642
263
0.0113509
-101
-0.00435909
-87
-0.00375486
-1
-4.31593e-05
343
0.0148036
19
0.000820026
-360
-0.0155373
189
0.0081571
274
0.0118256
-1
-4.31593e-05
-75
-0.00323694
37
0.00159689
658
0.0283988
68
0.00293483
-35
-0.00151057
-187
-0.00807078
263
0.0113509
-6
-0.000258956
45
0.00194217
-130
-0.0056107
426
0.0183858
-107
-0.00461804
279
0.0120414
57
0.00246008
-168
-0.00725076
-315
-0.0135952
302
0.0130341
-68
-0.00293483
-272
-0.0117393
158
0.00681916
-122
-0.00526543
-67
-0.00289167
505
0.0217954
-144
-0.00621493
-4
-0.000172637
-3
-0.000129478
96
0.00414329
-196
-0.00845921
-120
-0.00517911
70
0.00302115
586
0.0252913
-139
-0.00599914
184
0.0079413
-72
-0.00310747
-53
-0.00228744
-192
-0.00828658
-375
-0.0161847
-55
-0.00237376
208
0.00897713
166
0.00716444
-487
-0.0210186
-150
-0.00647389
-374
-0.0161416
-123
-0.00530859
-74
-0.00319379
83
0.00358222
-29
-0.00125162
86
0.0037117
-14
-0.00060423
54
0.0023306
49
0.0021148
45
0.00194217
288
0.0124299
193
0.00832974
362
0.0156237
-261
-0.0112646
-198
-0.00854553
-105
-0.00453172
-45
-0.00194217
-124
-0.00535175
455
0.0196375
-46
-0.00198533
210
0.00906344
-30
-0.00129478
-563
-0.0242987
123
0.00530859
259
0.0111782
-108
-0.0046612
309
0.0133362
-42
-0.00181269
-45
-0.00194217
-32
-0.0013811
-176
-0.00759603
20
0.000863185
-209
-0.00902028
91
0.00392749
-71
-0.00306431
28
0.00120846
-396
-0.0170911
-168
-0.00725076
34
0.00146741
270
0.011653
647
0.027924
154
0.00664653
-284
-0.0122572
-249
-0.0107467
244
0.0105309
101
0.00435909
-200
-0.00863185
-278
-0.0119983
-36
-0.00155373
302
0.0130341
324
0.0139836
-13
-0.00056107
-212
-0.00914976
50
0.00215796
177
0.00763919
123
0.00530859
-395
-0.0170479
261
0.0112646
341
0.0147173
-148
-0.00638757
470
0.0202849
-181
-0.00781183
213
0.00919292
-86
-0.0037117
-778
-0.0335779
135
0.0058265
323
0.0139404
24
0.00103582
-133
-0.00574018
-47
-0.00202849
338
0.0145878
178
0.00768235
248
0.0107035
-163
-0.00703496
-394
-0.0170047
111
0.00479068
579
0.0249892
-12
-0.000517911
-213
-0.00919292
188
0.00811394
-183
-0.00789814
-57
-0.00246008
337
0.0145447
-54
-0.0023306
-310
-0.0133794
-4
-0.000172637
-235
-0.0101424
-158
-0.00681916
81
0.0034959
-121
-0.00522227
102
0.00440224
-33
-0.00142426
-288
-0.0124299
-54
-0.0023306
-387
-0.0167026
37
0.00159689
435
0.0187743
-16
-0.000690548
-296
-0.0127751
-7
-0.000302115
-47
-0.00202849
101
0.00435909
-341
-0.0147173
-140
-0.0060423
184
0.0079413
-145
-0.00625809
245
0.010574
36
0.00155373
-849
-0.0366422
90
0.00388433
365
0.0157531
-7
-0.000302115
-368
-0.0158826
233
0.0100561
432
0.0186448
188
0.00811394
-425
-0.0183427
-262
-0.0113077
-338
-0.0145878
68
0.00293483
176
0.00759603
123
0.00530859
-440
-0.0189901
15
0.000647389
31
0.00133794
-44
-0.00189901
-303
-0.0130773
-291
-0.0125593
-8
-0.000345274
13
0.00056107
133
0.00574018
317
0.0136815
112
0.00483384
-9
-0.000388433
75
0.00323694
132
0.00569702
-503
-0.0217091
61
0.00263271
472
0.0203712
61
0.00263271
369
0.0159258
-126
-0.00543807
-103
-0.0044454
-194
-0.0083729
-32
-0.0013811
111
0.00479068
-115
-0.00496331
-126
-0.00543807
-455
-0.0196375
62
0.00267587
-386
-0.0166595
44
0.00189901
-414
-0.0178679
14
0.00060423
-425
-0.0183427
-42
-0.00181269
159
0.00686232
-9
-0.000388433
-327
-0.0141131
-203
-0.00876133
329
0.0141994
0
0
731
0.0315494
302
0.0130341
430
0.0185585
13
0.00056107
135
0.0058265
125
0.00539491
-550
-0.0237376
-61
-0.00263271
206
0.00889081
50
0.00215796
1
4.31593e-05
238
0.0102719
20
0.000863185
-111
-0.00479068
450
0.0194217
-34
-0.00146741
255
0.0110056
-203
-0.00876133
-403
-0.0173932
252
0.0108761
439
0.0189469
-59
-0.0025464
60
0.00258956
-81
-0.0034959
-183
-0.00789814
-350
-0.0151057
2
8.63185e-05
181
0.00781183
-483
-0.0208459
-22
-0.000949504
137
0.00591282
32
0.0013811
510
0.0220112
-182
-0.00785498
245
0.010574
155
0.00668968
-444
-0.0191627
233
0.0100561
-220
-0.00949504
33
0.00142426
453
0.0195511
102
0.00440224
-1
-4.31593e-05
164
0.00707812
-274
-0.0118256
-70
-0.00302115
633
0.0273198
-64
-0.00276219
13
0.00056107
-83
-0.00358222
92
0.00397065
4
0.000172637
-355
-0.0153215
136
0.00586966
146
0.00630125
-9
-0.000388433
101
0.00435909
-197
-0.00850237
88
0.00379801
25
0.00107898
850
0.0366854
88
0.00379801
194
0.0083729
90
0.00388433
265
0.0114372
233
0.0100561
563
0.0242987
-274
-0.0118256
42
0.00181269
11
0.000474752
-416
-0.0179543
190
0.00820026
94
0.00405697
134
0.00578334
317
0.0136815
77
0.00332326
-43
-0.00185585
-40
-0.00172637
-223
-0.00962451
47
0.00202849
533
0.0230039
-176
-0.00759603
-446
-0.019249
195
0.00841606
-292
-0.0126025
-89
-0.00384117
267
0.0115235
180
0.00776867
157
0.006776
-34
-0.00146741
271
0.0116962
-63
-0.00271903
262
0.0113077
-162
-0.0069918
-339
-0.014631
173
0.00746655
17
0.000733707
26
0.00112214
343
0.0148036
53
0.00228744
9
0.000388433
-58
-0.00250324
-206
-0.00889081
-19
-0.000820026
210
0.00906344
-82
-0.00353906
-527
-0.0227449
133
0.00574018
-374
-0.0161416
176
0.00759603
-524
-0.0226155
24
0.00103582
-197
-0.00850237
218
0.00940872
295
0.012732
19
0.000820026
113
0.004877
-26
-0.00112214
-14
-0.00060423
79
0.00340958
-410
-0.0176953
-52
-0.00224428
-172
-0.00742339
153
0.00660337
383
0.01653
-177
-0.00763919
-75
-0.00323694
-214
-0.00923608
-18
-0.000776867
21
0.000906344
-184
-0.0079413
68
0.00293483
-67
-0.00289167
-75
-0.00323694
198
0.00854553
-37
-0.00159689
59
0.0025464
95
0.00410013
663
0.0286146
-296
-0.0127751
-194
-0.0083729
55
0.00237376
84
0.00362538
-274
-0.0118256
-562
-0.0242555
-237
-0.0102287
