-12
-0.00585938
-5
-0.00244141
-2
-0.000976562
12
0.00585938
-35
-0.0170898
-10
-0.00488281
5
0.00244141
17
0.00830078
53
0.0258789
-21
-0.0102539
58
0.0283203
36
0.0175781
18
0.00878906
-61
-0.0297852
109
0.0532227
58
0.0283203
-35
-0.0170898
-75
-0.0366211
-33
-0.0161133
-30
-0.0146484
39
0.019043
-26
-0.0126953
-137
-0.0668945
43
0.0209961
98
0.0478516
1
0.000488281
-38
-0.0185547
-7
-0.00341797
-17
-0.00830078
-4
-0.00195312
7
0.00341797
14
0.00683594
65
0.0317383
21
0.0102539
3
0.00146484
-38
-0.0185547
-27
-0.0131836
4
0.00195312
75
0.0366211
2
0.000976562
-4
-0.00195312
-16
-0.0078125
81
0.0395508
-61
-0.0297852
21
0.0102539
8
0.00390625
-26
-0.0126953
-3
-0.00146484
-35
-0.0170898
17
0.00830078
22
0.0107422
-45
-0.0219727
-32
-0.015625
26
0.0126953
-24
-0.0117188
33
0.0161133
-10
-0.00488281
-22
-0.0107422
7
0.00341797
-15
-0.00732422
22
0.0107422
-76
-0.0371094
60
0.0292969
-21
-0.0102539
73
0.0356445
-10
-0.00488281
19
0.00927734
15
0.00732422
-57
-0.027832
4
0.00195312
-28
-0.0136719
-87
-0.0424805
-59
-0.0288086
-4
-0.00195312
-69
-0.0336914
-45
-0.0219727
39
0.019043
-40
-0.0195312
35
0.0170898
16
0.0078125
11
0.00537109
-44
-0.0214844
-57
-0.027832
-28
-0.0136719
-72
-0.0351562
37
0.0180664
-23
-0.0112305
-38
-0.0185547
-39
-0.019043
-37
-0.0180664
35
0.0170898
1
0.000488281
35
0.0170898
19
0.00927734
-47
-0.0229492
-25
-0.012207
18
0.00878906
-12
-0.00585938
15
0.00732422
40
0.0195312
-22
-0.0107422
-10
-0.00488281
-3
-0.00146484
37
0.0180664
-17
-0.00830078
-30
-0.0146484
-14
-0.00683594
17
0.00830078
22
0.0107422
-1
-0.000488281
60
0.0292969
-48
-0.0234375
-26
-0.0126953
-14
-0.00683594
26
0.0126953
20
0.00976562
-55
-0.0268555
28
0.0136719
-21
-0.0102539
-58
-0.0283203
4
0.00195312
-32
-0.015625
34
0.0166016
-69
-0.0336914
64
0.03125
-39
-0.019043
6
0.00292969
-28
-0.0136719
-3
-0.00146484
-22
-0.0107422
14
0.00683594
-11
-0.00537109
17
0.00830078
-28
-0.0136719
-14
-0.00683594
-32
-0.015625
50
0.0244141
23
0.0112305
-89
-0.043457
3
0.00146484
-58
-0.0283203
-39
-0.019043
-2
-0.000976562
-12
-0.00585938
17
0.00830078
22
0.0107422
36
0.0175781
18
0.00878906
-24
-0.0117188
15
0.00732422
87
0.0424805
37
0.0180664
-27
-0.0131836
96
0.046875
44
0.0214844
-83
-0.0405273
24
0.0117188
-36
-0.0175781
-18
-0.00878906
21
0.0102539
8
0.00390625
-7
-0.00341797
-13
-0.00634766
38
0.0185547
10
0.00488281
-17
-0.00830078
52
0.0253906
-32
-0.015625
45
0.0219727
80
0.0390625
-15
-0.00732422
8
0.00390625
-6
-0.00292969
-50
-0.0244141
-80
-0.0390625
11
0.00537109
18
0.00878906
-10
-0.00488281
-19
-0.00927734
89
0.043457
-39
-0.019043
31
0.0151367
35
0.0170898
-16
-0.0078125
111
0.0541992
-35
-0.0170898
-70
-0.0341797
-54
-0.0263672
37
0.0180664
4
0.00195312
51
0.0249023
-9
-0.00439453
-54
-0.0263672
43
0.0209961
17
0.00830078
-6
-0.00292969
-51
-0.0249023
-58
-0.0283203
24
0.0117188
-12
-0.00585938
44
0.0214844
-15
-0.00732422
26
0.0126953
-52
-0.0253906
70
0.0341797
29
0.0141602
-48
-0.0234375
68
0.0332031
17
0.00830078
14
0.00683594
38
0.0185547
78
0.0380859
43
0.0209961
66
0.0322266
-63
-0.0307617
22
0.0107422
-8
-0.00390625
-7
-0.00341797
31
0.0151367
20
0.00976562
36
0.0175781
25
0.012207
-13
-0.00634766
-13
-0.00634766
47
0.0229492
64
0.03125
-50
-0.0244141
16
0.0078125
21
0.0102539
17
0.00830078
42
0.0205078
49
0.0239258
25
0.012207
13
0.00634766
-4
-0.00195312
10
0.00488281
29
0.0141602
-40
-0.0195312
22
0.0107422
111
0.0541992
3
0.00146484
13
0.00634766
-47
-0.0229492
53
0.0258789
-39
-0.019043
-100
-0.0488281
-32
-0.015625
-21
-0.0102539
51
0.0249023
-92
-0.0449219
31
0.0151367
-60
-0.0292969
-45
-0.0219727
15
0.00732422
-34
-0.0166016
12
0.00585938
16
0.0078125
-39
-0.019043
-4
-0.00195312
-41
-0.0200195
11
0.00537109
-25
-0.012207
-43
-0.0209961
16
0.0078125
5
0.00244141
28
0.0136719
-55
-0.0268555
108
0.0527344
49
0.0239258
60
0.0292969
27
0.0131836
-28
-0.0136719
49
0.0239258
6
0.00292969
32
0.015625
-57
-0.027832
52
0.0253906
-13
-0.00634766
49
0.0239258
-48
-0.0234375
10
0.00488281
31
0.0151367
54
0.0263672
14
0.00683594
13
0.00634766
-22
-0.0107422
62
0.0302734
-31
-0.0151367
-29
-0.0141602
-100
-0.0488281
42
0.0205078
50
0.0244141
-35
-0.0170898
17
0.00830078
-100
-0.0488281
63
0.0307617
16
0.0078125
-16
-0.0078125
96
0.046875
-35
-0.0170898
-3
-0.00146484
5
0.00244141
10
0.00488281
58
0.0283203
-86
-0.0419922
-15
-0.00732422
-18
-0.00878906
7
0.00341797
-61
-0.0297852
-39
-0.019043
-48
-0.0234375
-6
-0.00292969
12
0.00585938
-20
-0.00976562
67
0.0327148
-23
-0.0112305
8
0.00390625
41
0.0200195
89
0.043457
-35
-0.0170898
-58
-0.0283203
-2
-0.000976562
-31
-0.0151367
36
0.0175781
-37
-0.0180664
11
0.00537109
88
0.0429688
-7
-0.00341797
10
0.00488281
-23
-0.0112305
111
0.0541992
50
0.0244141
46
0.0224609
-34
-0.0166016
66
0.0322266
26
0.0126953
-30
-0.0146484
51
0.0249023
-39
-0.019043
4
0.00195312
41
0.0200195
-20
-0.00976562
-24
-0.0117188
3
0.00146484
47
0.0229492
-32
-0.015625
-8
-0.00390625
1
0.000488281
63
0.0307617
-29
-0.0141602
-43
-0.0209961
77
0.0375977
-73
-0.0356445
26
0.0126953
-83
-0.0405273
35
0.0170898
-78
-0.0380859
-12
-0.00585938
9
0.00439453
-28
-0.0136719
29
0.0141602
-20
-0.00976562
49
0.0239258
-25
-0.012207
-16
-0.0078125
-2
-0.000976562
51
0.0249023
-47
-0.0229492
-46
-0.0224609
30
0.0146484
33
0.0161133
41
0.0200195
81
0.0395508
-42
-0.0205078
31
0.0151367
78
0.0380859
-47
-0.0229492
-46
-0.0224609
34
0.0166016
-3
-0.00146484
-46
-0.0224609
36
0.0175781
59
0.0288086
10
0.00488281
33
0.0161133
-33
-0.0161133
55
0.0268555
-21
-0.0102539
2
0.000976562
40
0.0195312
-6
-0.00292969
-35
-0.0170898
75
0.0366211
43
0.0209961
23
0.0112305
-12
-0.00585938
-37
-0.0180664
-15
-0.00732422
-65
-0.0317383
9
0.00439453
-11
-0.00537109
46
0.0224609
47
0.0229492
-6
-0.00292969
31
0.0151367
6
0.00292969
-38
-0.0185547
-14
-0.00683594
27
0.0131836
9
0.00439453
14
0.00683594
4
0.00195312
29
0.0141602
6
0.00292969
-34
-0.0166016
-3
-0.00146484
29
0.0141602
86
0.0419922
48
0.0234375
65
0.0317383
-53
-0.0258789
35
0.0170898
-80
-0.0390625
58
0.0283203
-2
-0.000976562
-28
-0.0136719
69
0.0336914
-9
-0.00439453
-18
-0.00878906
-25
-0.012207
30
0.0146484
-3
-0.00146484
86
0.0419922
9
0.00439453
-28
-0.0136719
-1
-0.000488281
113
0.0551758
-81
-0.0395508
117
0.0571289
-16
-0.0078125
-77
-0.0375977
-21
-0.0102539
1
0.000488281
-36
-0.0175781
-10
-0.00488281
39
0.019043
44
0.0214844
43
0.0209961
7
0.00341797
-18
-0.00878906
9
0.00439453
16
0.0078125
97
0.0473633
19
0.00927734
-6
-0.00292969
46
0.0224609
16
0.0078125
38
0.0185547
44
0.0214844
-1
-0.000488281
-43
-0.0209961
70
0.0341797
36
0.0175781
53
0.0258789
-45
-0.0219727
-129
-0.0629883
16
0.0078125
-88
-0.0429688
59
0.0288086
-46
-0.0224609
-32
-0.015625
-24
-0.0117188
7
0.00341797
-49
-0.0239258
4
0.00195312
-1
-0.000488281
-43
-0.0209961
-2
-0.000976562
15
0.00732422
-62
-0.0302734
37
0.0180664
-28
-0.0136719
-44
-0.0214844
-23
-0.0112305
54
0.0263672
10
0.00488281
8
0.00390625
50
0.0244141
-23
-0.0112305
39
0.019043
-45
-0.0219727
27
0.0131836
-33
-0.0161133
-8
-0.00390625
-41
-0.0200195
-64
-0.03125
70
0.0341797
32
0.015625
24
0.0117188
-9
-0.00439453
50
0.0244141
16
0.0078125
58
0.0283203
36
0.0175781
-143
-0.0698242
20
0.00976562
54
0.0263672
59
0.0288086
-76
-0.0371094
-46
-0.0224609
-20
-0.00976562
-16
-0.0078125
13
0.00634766
30
0.0146484
-30
-0.0146484
50
0.0244141
70
0.0341797
56
0.0273438
64
0.03125
-26
-0.0126953
20
0.00976562
17
0.00830078
21
0.0102539
-100
-0.0488281
41
0.0200195
10
0.00488281
-25
-0.012207
11
0.00537109
-49
-0.0239258
-20
-0.00976562
17
0.00830078
47
0.0229492
15
0.00732422
-19
-0.00927734
-52
-0.0253906
26
0.0126953
42
0.0205078
17
0.00830078
0
0
30
0.0146484
42
0.0205078
-15
-0.00732422
-4
-0.00195312
44
0.0214844
2
0.000976562
7
0.00341797
91
0.0444336
-20
-0.00976562
-30
-0.0146484
21
0.0102539
-90
-0.0439453
36
0.0175781
33
0.0161133
67
0.0327148
-36
-0.0175781
-8
-0.00390625
14
0.00683594
-44
-0.0214844
-56
-0.0273438
-57
-0.027832
-54
-0.0263672
-42
-0.0205078
48
0.0234375
11
0.00537109
-60
-0.0292969
-20
-0.00976562
-30
-0.0146484
-6
-0.00292969
-40
-0.0195312
-40
-0.0195312
-6
-0.00292969
-33
-0.0161133
-97
-0.0473633
-60
-0.0292969
10
0.00488281
19
0.00927734
-6
-0.00292969
100
0.0488281
49
0.0239258
6
0.00292969
-26
-0.0126953
-19
-0.00927734
-55
-0.0268555
9
0.00439453
2
0.000976562
10
0.00488281
18
0.00878906
-77
-0.0375977
-44
-0.0214844
44
0.0214844
-32
-0.015625
-7
-0.00341797
-12
-0.00585938
60
0.0292969
22
0.0107422
7
0.00341797
-44
-0.0214844
33
0.0161133
96
0.046875
-17
-0.00830078
21
0.0102539
-5
-0.00244141
30
0.0146484
12
0.00585938
-78
-0.0380859
-72
-0.0351562
76
0.0371094
-41
-0.0200195
-48
-0.0234375
-31
-0.0151367
-78
-0.0380859
4
0.00195312
37
0.0180664
2
0.000976562
13
0.00634766
-51
-0.0249023
0
0
10
0.00488281
18
0.00878906
-19
-0.00927734
-44
-0.0214844
22
0.0107422
-5
-0.00244141
18
0.00878906
-17
-0.00830078
-25
-0.012207
137
0.0668945
73
0.0356445
-62
-0.0302734
-2
-0.000976562
-124
-0.0605469
-1
-0.000488281
18
0.00878906
-53
-0.0258789
8
0.00390625
45
0.0219727
17
0.00830078
-13
-0.00634766
29
0.0141602
19
0.00927734
-57
-0.027832
-3
-0.00146484
2
0.000976562
-60
-0.0292969
-45
-0.0219727
20
0.00976562
5
0.00244141
8
0.00390625
-14
-0.00683594
-22
-0.0107422
-47
-0.0229492
3
0.00146484
-42
-0.0205078
16
0.0078125
77
0.0375977
97
0.0473633
-19
-0.00927734
-27
-0.0131836
-11
-0.00537109
-1
-0.000488281
-33
-0.0161133
10
0.00488281
16
0.0078125
-22
-0.0107422
38
0.0185547
27
0.0131836
26
0.0126953
42
0.0205078
-64
-0.03125
-14
-0.00683594
-82
-0.0400391
79
0.0385742
-6
-0.00292969
37
0.0180664
104
0.0507812
-23
-0.0112305
2
0.000976562
-14
-0.00683594
-61
-0.0297852
18
0.00878906
54
0.0263672
27
0.0131836
-23
-0.0112305
-44
-0.0214844
-22
-0.0107422
45
0.0219727
66
0.0322266
42
0.0205078
-60
-0.0292969
-4
-0.00195312
66
0.0322266
81
0.0395508
76
0.0371094
-9
-0.00439453
-35
-0.0170898
29
0.0141602
12
0.00585938
-5
-0.00244141
61
0.0297852
26
0.0126953
10
0.00488281
10
0.00488281
-31
-0.0151367
-37
-0.0180664
53
0.0258789
23
0.0112305
-66
-0.0322266
-5
-0.00244141
-7
-0.00341797
3
0.00146484
-16
-0.0078125
68
0.0332031
18
0.00878906
-60
-0.0292969
-40
-0.0195312
21
0.0102539
48
0.0234375
37
0.0180664
31
0.0151367
39
0.019043
20
0.00976562
0
0
9
0.00439453
22
0.0107422
-112
-0.0546875
2
0.000976562
-46
-0.0224609
61
0.0297852
-36
-0.0175781
-39
-0.019043
7
0.00341797
-39
-0.019043
-50
-0.0244141
0
0
83
0.0405273
12
0.00585938
-3
-0.00146484
72
0.0351562
78
0.0380859
-27
-0.0131836
27
0.0131836
14
0.00683594
8
0.00390625
18
0.00878906
-15
-0.00732422
23
0.0112305
116
0.0566406
-13
-0.00634766
21
0.0102539
-59
-0.0288086
39
0.019043
2
0.000976562
-21
-0.0102539
62
0.0302734
85
0.0415039
8
0.00390625
-62
-0.0302734
-11
-0.00537109
41
0.0200195
27
0.0131836
16
0.0078125
-7
-0.00341797
-41
-0.0200195
32
0.015625
29
0.0141602
-42
-0.0205078
41
0.0200195
-70
-0.0341797
32
0.015625
-47
-0.0229492
-30
-0.0146484
-14
-0.00683594
-21
-0.0102539
19
0.00927734
27
0.0131836
21
0.0102539
-39
-0.019043
-5
-0.00244141
8
0.00390625
12
0.00585938
20
0.00976562
-38
-0.0185547
16
0.0078125
-20
-0.00976562
-87
-0.0424805
-1
-0.000488281
105
0.0512695
0
0
-8
-0.00390625
-26
-0.0126953
-54
-0.0263672
-10
-0.00488281
-16
-0.0078125
34
0.0166016
35
0.0170898
-3
-0.00146484
-9
-0.00439453
69
0.0336914
-13
-0.00634766
55
0.0268555
8
0.00390625
-16
-0.0078125
-22
-0.0107422
32
0.015625
-108
-0.0527344
-19
-0.00927734
-12
-0.00585938
10
0.00488281
-13
-0.00634766
-33
-0.0161133
33
0.0161133
60
0.0292969
74
0.0361328
-24
-0.0117188
48
0.0234375
16
0.0078125
-62
-0.0302734
-62
-0.0302734
-5
-0.00244141
-20
-0.00976562
40
0.0195312
15
0.00732422
27
0.0131836
-49
-0.0239258
-47
-0.0229492
-21
-0.0102539
-30
-0.0146484
-40
-0.0195312
21
0.0102539
50
0.0244141
69
0.0336914
-13
-0.00634766
7
0.00341797
27
0.0131836
44
0.0214844
-14
-0.00683594
-88
-0.0429688
11
0.00537109
68
0.0332031
10
0.00488281
-34
-0.0166016
-50
-0.0244141
-58
-0.0283203
37
0.0180664
5
0.00244141
-29
-0.0141602
-59
-0.0288086
70
0.0341797
-29
-0.0141602
-30
-0.0146484
-17
-0.00830078
-91
-0.0444336
30
0.0146484
53
0.0258789
-51
-0.0249023
-32
-0.015625
14
0.00683594
-16
-0.0078125
25
0.012207
22
0.0107422
14
0.00683594
-39
-0.019043
24
0.0117188
18
0.00878906
26
0.0126953
43
0.0209961
19
0.00927734
64
0.03125
-23
-0.0112305
-68
-0.0332031
-35
-0.0170898
-7
-0.00341797
16
0.0078125
11
0.00537109
5
0.00244141
-68
-0.0332031
-3
-0.00146484
12
0.00585938
48
0.0234375
40
0.0195312
35
0.0170898
-25
-0.012207
17
0.00830078
69
0.0336914
-22
-0.0107422
-26
-0.0126953
48
0.0234375
-10
-0.00488281
-13
-0.00634766
11
0.00537109
-22
-0.0107422
-44
-0.0214844
-11
-0.00537109
8
0.00390625
26
0.0126953
45
0.0219727
60
0.0292969
-51
-0.0249023
-67
-0.0327148
-7
-0.00341797
5
0.00244141
-42
-0.0205078
32
0.015625
12
0.00585938
61
0.0297852
36
0.0175781
-7
-0.00341797
-2
-0.000976562
56
0.0273438
-42
-0.0205078
-26
-0.0126953
-15
-0.00732422
44
0.0214844
71
0.034668
-32
-0.015625
59
0.0288086
-10
-0.00488281
-29
-0.0141602
-32
-0.015625
20
0.00976562
-14
-0.00683594
30
0.0146484
-36
-0.0175781
-80
-0.0390625
37
0.0180664
27
0.0131836
-5
-0.00244141
-28
-0.0136719
-16
-0.0078125
12
0.00585938
-16
-0.0078125
-66
-0.0322266
-83
-0.0405273
83
0.0405273
-2
-0.000976562
4
0.00195312
45
0.0219727
-4
-0.00195312
-13
-0.00634766
3
0.00146484
-75
-0.0366211
55
0.0268555
15
0.00732422
8
0.00390625
-12
-0.00585938
7
0.00341797
67
0.0327148
1
0.000488281
-9
-0.00439453
36
0.0175781
-64
-0.03125
-20
-0.00976562
-26
-0.0126953
6
0.00292969
36
0.0175781
-18
-0.00878906
-29
-0.0141602
2
0.000976562
36
0.0175781
81
0.0395508
-1
-0.000488281
-32
-0.015625
-15
-0.00732422
-46
-0.0224609
105
0.0512695
-50
-0.0244141
-23
-0.0112305
-6
-0.00292969
-49
-0.0239258
-25
-0.012207
47
0.0229492
63
0.0307617
-33
-0.0161133
8
0.00390625
25
0.012207
-18
-0.00878906
-54
-0.0263672
29
0.0141602
-58
-0.0283203
-73
-0.0356445
-9
-0.00439453
49
0.0239258
37
0.0180664
14
0.00683594
84
0.0410156
59
0.0288086
-3
-0.00146484
41
0.0200195
25
0.012207
95
0.0463867
-30
-0.0146484
-3
-0.00146484
58
0.0283203
-48
-0.0234375
-38
-0.0185547
-24
-0.0117188
-30
-0.0146484
-99
-0.0483398
12
0.00585938
-50
-0.0244141
60
0.0292969
-36
-0.0175781
-33
-0.0161133
-5
-0.00244141
38
0.0185547
10
0.00488281
-47
-0.0229492
-35
-0.0170898
-40
-0.0195312
-25
-0.012207
-1
-0.000488281
18
0.00878906
-7
-0.00341797
25
0.012207
43
0.0209961
49
0.0239258
-82
-0.0400391
-11
-0.00537109
-54
-0.0263672
-52
-0.0253906
-48
-0.0234375
-29
-0.0141602
-51
-0.0249023
-19
-0.00927734
81
0.0395508
18
0.00878906
-27
-0.0131836
24
0.0117188
-50
-0.0244141
26
0.0126953
52
0.0253906
-17
-0.00830078
69
0.0336914
-60
-0.0292969
78
0.0380859
-8
-0.00390625
57
0.027832
-6
-0.00292969
4
0.00195312
2
0.000976562
-1
-0.000488281
-36
-0.0175781
-55
-0.0268555
-20
-0.00976562
-34
-0.0166016
-4
-0.00195312
17
0.00830078
39
0.019043
-4
-0.00195312
51
0.0249023
-8
-0.00390625
-54
-0.0263672
34
0.0166016
13
0.00634766
-40
-0.0195312
-35
-0.0170898
59
0.0288086
-116
-0.0566406
-90
-0.0439453
-41
-0.0200195
30
0.0146484
32
0.015625
45
0.0219727
-72
-0.0351562
51
0.0249023
42
0.0205078
82
0.0400391
57
0.027832
-11
-0.00537109
-5
-0.00244141
-21
-0.0102539
-17
-0.00830078
-7
-0.00341797
-19
-0.00927734
1
0.000488281
62
0.0302734
19
0.00927734
-27
-0.0131836
41
0.0200195
-23
-0.0112305
16
0.0078125
-63
-0.0307617
-31
-0.0151367
0
0
20
0.00976562
-54
-0.0263672
59
0.0288086
34
0.0166016
-36
-0.0175781
79
0.0385742
-6
-0.00292969
-3
-0.00146484
-72
-0.0351562
33
0.0161133
-55
-0.0268555
18
0.00878906
43
0.0209961
-27
-0.0131836
-52
-0.0253906
20
0.00976562
86
0.0419922
3
0.00146484
-66
-0.0322266
12
0.00585938
-6
-0.00292969
76
0.0371094
-2
-0.000976562
-42
-0.0205078
-74
-0.0361328
24
0.0117188
65
0.0317383
13
0.00634766
-71
-0.034668
10
0.00488281
64
0.03125
99
0.0483398
-7
-0.00341797
14
0.00683594
51
0.0249023
-39
-0.019043
-28
-0.0136719
8
0.00390625
28
0.0136719
43
0.0209961
36
0.0175781
-20
-0.00976562
-36
-0.0175781
-23
-0.0112305
-61
-0.0297852
-23
-0.0112305
13
0.00634766
-2
-0.000976562
-39
-0.019043
53
0.0258789
-94
-0.0458984
-48
-0.0234375
-73
-0.0356445
-56
-0.0273438
22
0.0107422
15
0.00732422
25
0.012207
-6
-0.00292969
26
0.0126953
28
0.0136719
-51
-0.0249023
15
0.00732422
58
0.0283203
-47
-0.0229492
-7
-0.00341797
-24
-0.0117188
54
0.0263672
0
0
-15
-0.00732422
-95
-0.0463867
64
0.03125
-76
-0.0371094
21
0.0102539
8
0.00390625
-16
-0.0078125
28
0.0136719
-3
-0.00146484
-60
-0.0292969
5
0.00244141
-13
-0.00634766
68
0.0332031
9
0.00439453
39
0.019043
97
0.0473633
-69
-0.0336914
8
0.00390625
-32
-0.015625
47
0.0229492
-15
-0.00732422
-6
-0.00292969
49
0.0239258
9
0.00439453
38
0.0185547
66
0.0322266
-35
-0.0170898
6
0.00292969
13
0.00634766
-4
-0.00195312
-26
-0.0126953
-21
-0.0102539
-64
-0.03125
31
0.0151367
-27
-0.0131836
35
0.0170898
-97
-0.0473633
-54
-0.0263672
79
0.0385742
-81
-0.0395508
27
0.0131836
-56
-0.0273438
-18
-0.00878906
-29
-0.0141602
40
0.0195312
1
0.000488281
-14
-0.00683594
-52
-0.0253906
-24
-0.0117188
-23
-0.0112305
-57
-0.027832
-25
-0.012207
-29
-0.0141602
7
0.00341797
-58
-0.0283203
42
0.0205078
1
0.000488281
21
0.0102539
5
0.00244141
-8
-0.00390625
-22
-0.0107422
-46
-0.0224609
11
0.00537109
50
0.0244141
44
0.0214844
45
0.0219727
-53
-0.0258789
25
0.012207
-13
-0.00634766
-53
-0.0258789
21
0.0102539
34
0.0166016
-41
-0.0200195
33
0.0161133
-63
-0.0307617
26
0.0126953
-6
-0.00292969
22
0.0107422
-21
-0.0102539
-40
-0.0195312
-27
-0.0131836
-34
-0.0166016
4
0.00195312
-38
-0.0185547
46
0.0224609
-38
-0.0185547
4
0.00195312
-23
-0.0112305
-25
-0.012207
-63
-0.0307617
-38
-0.0185547
-7
-0.00341797
-49
-0.0239258
21
0.0102539
-13
-0.00634766
11
0.00537109
-6
-0.00292969
-23
-0.0112305
67
0.0327148
10
0.00488281
-107
-0.0522461
-24
-0.0117188
37
0.0180664
-73
-0.0356445
38
0.0185547
-24
-0.0117188
78
0.0380859
42
0.0205078
1
0.000488281
20
0.00976562
-19
-0.00927734
-7
-0.00341797
-74
-0.0361328
-112
-0.0546875
14
0.00683594
27
0.0131836
43
0.0209961
-27
-0.0131836
62
0.0302734
0
0
-100
-0.0488281
-20
-0.00976562
33
0.0161133
-20
-0.00976562
-36
-0.0175781
-17
-0.00830078
22
0.0107422
64
0.03125
22
0.0107422
12
0.00585938
14
0.00683594
35
0.0170898
25
0.012207
39
0.019043
11
0.00537109
-30
-0.0146484
-19
-0.00927734
-13
-0.00634766
-19
-0.00927734
80
0.0390625
0
0
-27
-0.0131836
32
0.015625
18
0.00878906
1
0.000488281
16
0.0078125
7
0.00341797
23
0.0112305
41
0.0200195
-2
-0.000976562
30
0.0146484
11
0.00537109
17
0.00830078
-52
-0.0253906
-37
-0.0180664
58
0.0283203
22
0.0107422
-24
-0.0117188
-10
-0.00488281
31
0.0151367
2
0.000976562
15
0.00732422
-31
-0.0151367
51
0.0249023
8
0.00390625
-35
-0.0170898
-7
-0.00341797
43
0.0209961
-107
-0.0522461
-24
-0.0117188
-27
-0.0131836
-22
-0.0107422
-102
-0.0498047
-15
-0.00732422
-13
-0.00634766
-73
-0.0356445
52
0.0253906
63
0.0307617
2
0.000976562
15
0.00732422
-50
-0.0244141
36
0.0175781
-21
-0.0102539
-48
-0.0234375
5
0.00244141
108
0.0527344
-20
-0.00976562
24
0.0117188
8
0.00390625
-37
-0.0180664
-54
-0.0263672
5
0.00244141
-85
-0.0415039
-3
-0.00146484
-11
-0.00537109
-25
-0.012207
-86
-0.0419922
26
0.0126953
39
0.019043
30
0.0146484
49
0.0239258
-62
-0.0302734
37
0.0180664
16
0.0078125
0
0
77
0.0375977
-44
-0.0214844
-8
-0.00390625
80
0.0390625
-9
-0.00439453
-17
-0.00830078
-27
-0.0131836
-48
-0.0234375
4
0.00195312
26
0.0126953
-7
-0.00341797
-18
-0.00878906
4
0.00195312
34
0.0166016
-11
-0.00537109
-16
-0.0078125
13
0.00634766
17
0.00830078
83
0.0405273
10
0.00488281
-39
-0.019043
90
0.0439453
3
0.00146484
12
0.00585938
1
0.000488281
28
0.0136719
-57
-0.027832
87
0.0424805
31
0.0151367
66
0.0322266
-25
-0.012207
-45
-0.0219727
13
0.00634766
-68
-0.0332031
0
0
-57
-0.027832
25
0.012207
28
0.0136719
40
0.0195312
-20
-0.00976562
20
0.00976562
42
0.0205078
18
0.00878906
-56
-0.0273438
10
0.00488281
19
0.00927734
12
0.00585938
-25
-0.012207
19
0.00927734
-17
-0.00830078
25
0.012207
-55
-0.0268555
-19
-0.00927734
6
0.00292969
-24
-0.0117188
-69
-0.0336914
-28
-0.0136719
-46
-0.0224609
-77
-0.0375977
-11
-0.00537109
-13
-0.00634766
61
0.0297852
10
0.00488281
-14
-0.00683594
9
0.00439453
-14
-0.00683594
17
0.00830078
16
0.0078125
19
0.00927734
-2
-0.000976562
-50
-0.0244141
-48
-0.0234375
-21
-0.0102539
-66
-0.0322266
31
0.0151367
104
0.0507812
-31
-0.0151367
-20
-0.00976562
9
0.00439453
43
0.0209961
30
0.0146484
-77
-0.0375977
-7
-0.00341797
63
0.0307617
37
0.0180664
-75
-0.0366211
-9
-0.00439453
17
0.00830078
20
0.00976562
-10
-0.00488281
-17
-0.00830078
119
0.0581055
-79
-0.0385742
61
0.0297852
0
0
16
0.0078125
-27
-0.0131836
-33
-0.0161133
91
0.0444336
-115
-0.0561523
10
0.00488281
-42
-0.0205078
-43
-0.0209961
39
0.019043
0
0
-3
-0.00146484
58
0.0283203
31
0.0151367
18
0.00878906
-28
-0.0136719
-37
-0.0180664
54
0.0263672
-14
-0.00683594
-17
-0.00830078
-7
-0.00341797
25
0.012207
2
0.000976562
-30
-0.0146484
-90
-0.0439453
0
0
1
0.000488281
24
0.0117188
-27
-0.0131836
41
0.0200195
46
0.0224609
-13
-0.00634766
2
0.000976562
36
0.0175781
46
0.0224609
-10
-0.00488281
-16
-0.0078125
-20
-0.00976562
-18
-0.00878906
-39
-0.019043
-65
-0.0317383
-34
-0.0166016
6
0.00292969
47
0.0229492
26
0.0126953
13
0.00634766
11
0.00537109
-20
-0.00976562
-35
-0.0170898
10
0.00488281
54
0.0263672
80
0.0390625
-22
-0.0107422
13
0.00634766
-2
-0.000976562
3
0.00146484
36
0.0175781
4
0.00195312
9
0.00439453
-51
-0.0249023
21
0.0102539
74
0.0361328
-47
-0.0229492
35
0.0170898
22
0.0107422
-85
-0.0415039
-6
-0.00292969
14
0.00683594
18
0.00878906
7
0.00341797
-25
-0.012207
-28
-0.0136719
-33
-0.0161133
-55
-0.0268555
14
0.00683594
-16
-0.0078125
-10
-0.00488281
-1
-0.000488281
-48
-0.0234375
4
0.00195312
6
0.00292969
81
0.0395508
-12
-0.00585938
-23
-0.0112305
2
0.000976562
11
0.00537109
-20
-0.00976562
4
0.00195312
-34
-0.0166016
119
0.0581055
12
0.00585938
76
0.0371094
66
0.0322266
-1
-0.000488281
13
0.00634766
69
0.0336914
56
0.0273438
-14
-0.00683594
-2
-0.000976562
-64
-0.03125
64
0.03125
-4
-0.00195312
53
0.0258789
-16
-0.0078125
-11
-0.00537109
-24
-0.0117188
-13
-0.00634766
40
0.0195312
21
0.0102539
45
0.0219727
-3
-0.00146484
40
0.0195312
4
0.00195312
-72
-0.0351562
2
0.000976562
78
0.0380859
69
0.0336914
50
0.0244141
53
0.0258789
-18
-0.00878906
-54
-0.0263672
-115
-0.0561523
-34
-0.0166016
44
0.0214844
32
0.015625
-48
-0.0234375
9
0.00439453
-2
-0.000976562
-43
-0.0209961
0
0
-62
-0.0302734
-49
-0.0239258
24
0.0117188
7
0.00341797
-39
-0.019043
-43
-0.0209961
-15
-0.00732422
45
0.0219727
48
0.0234375
-36
-0.0175781
80
0.0390625
47
0.0229492
58
0.0283203
20
0.00976562
13
0.00634766
-19
-0.00927734
65
0.0317383
3
0.00146484
11
0.00537109
48
0.0234375
-17
-0.00830078
-28
-0.0136719
-87
-0.0424805
-29
-0.0141602
-37
-0.0180664
-28
-0.0136719
23
0.0112305
93
0.0454102
23
0.0112305
-28
-0.0136719
31
0.0151367
-82
-0.0400391
37
0.0180664
52
0.0253906
81
0.0395508
-63
-0.0307617
-9
-0.00439453
1
0.000488281
28
0.0136719
53
0.0258789
-21
-0.0102539
-8
-0.00390625
50
0.0244141
-10
-0.00488281
-1
-0.000488281
3
0.00146484
-77
-0.0375977
0
0
-78
-0.0380859
27
0.0131836
-24
-0.0117188
44
0.0214844
-5
-0.00244141
-81
-0.0395508
22
0.0107422
31
0.0151367
-26
-0.0126953
-38
-0.0185547
10
0.00488281
5
0.00244141
-59
-0.0288086
-55
-0.0268555
-10
-0.00488281
42
0.0205078
-61
-0.0297852
-55
-0.0268555
-2
-0.000976562
-7
-0.00341797
62
0.0302734
-38
-0.0185547
-32
-0.015625
-39
-0.019043
10
0.00488281
57
0.027832
79
0.0385742
74
0.0361328
15
0.00732422
-16
-0.0078125
-56
-0.0273438
-4
-0.00195312
2
0.000976562
-54
-0.0263672
10
0.00488281
-23
-0.0112305
-7
-0.00341797
33
0.0161133
-24
-0.0117188
-96
-0.046875
-64
-0.03125
19
0.00927734
-58
-0.0283203
-41
-0.0200195
47
0.0229492
9
0.00439453
-69
-0.0336914
-14
-0.00683594
52
0.0253906
99
0.0483398
-31
-0.0151367
32
0.015625
6
0.00292969
-24
-0.0117188
12
0.00585938
52
0.0253906
14
0.00683594
16
0.0078125
4
0.00195312
-16
-0.0078125
22
0.0107422
-45
-0.0219727
77
0.0375977
19
0.00927734
-11
-0.00537109
-4
-0.00195312
-36
-0.0175781
-24
-0.0117188
15
0.00732422
-63
-0.0307617
-9
-0.00439453
6
0.00292969
-47
-0.0229492
19
0.00927734
49
0.0239258
-57
-0.027832
-20
-0.00976562
47
0.0229492
-63
-0.0307617
-6
-0.00292969
4
0.00195312
79
0.0385742
-79
-0.0385742
118
0.0576172
-12
-0.00585938
9
0.00439453
-80
-0.0390625
-32
-0.015625
-38
-0.0185547
24
0.0117188
-13
-0.00634766
108
0.0527344
53
0.0258789
-81
-0.0395508
50
0.0244141
6
0.00292969
-19
-0.00927734
-59
-0.0288086
47
0.0229492
1
0.000488281
-46
-0.0224609
35
0.0170898
-5
-0.00244141
30
0.0146484
35
0.0170898
-45
-0.0219727
-38
-0.0185547
5
0.00244141
7
0.00341797
33
0.0161133
32
0.015625
-5
-0.00244141
0
0
-61
-0.0297852
-23
-0.0112305
27
0.0131836
-29
-0.0141602
-6
-0.00292969
-62
-0.0302734
15
0.00732422
-18
-0.00878906
-26
-0.0126953
-65
-0.0317383
4
0.00195312
-40
-0.0195312
27
0.0131836
94
0.0458984
65
0.0317383
55
0.0268555
-48
-0.0234375
-95
-0.0463867
51
0.0249023
15
0.00732422
-70
-0.0341797
-65
-0.0317383
43
0.0209961
32
0.015625
-10
-0.00488281
114
0.0556641
-7
-0.00341797
23
0.0112305
-63
-0.0307617
-64
-0.03125
-9
-0.00439453
-26
-0.0126953
-19
-0.00927734
-53
-0.0258789
-49
-0.0239258
21
0.0102539
13
0.00634766
-13
-0.00634766
15
0.00732422
-30
-0.0146484
-38
-0.0185547
58
0.0283203
1
0.000488281
31
0.0151367
-14
-0.00683594
-20
-0.00976562
-55
-0.0268555
44
0.0214844
-109
-0.0532227
-76
-0.0371094
33
0.0161133
30
0.0146484
-23
-0.0112305
-50
-0.0244141
-66
-0.0322266
-46
-0.0224609
22
0.0107422
-73
-0.0356445
38
0.0185547
34
0.0166016
-12
-0.00585938
94
0.0458984
-48
-0.0234375
66
0.0322266
114
0.0556641
-10
-0.00488281
-63
-0.0307617
-50
-0.0244141
83
0.0405273
-8
-0.00390625
12
0.00585938
12
0.00585938
67
0.0327148
-8
-0.00390625
27
0.0131836
-56
-0.0273438
66
0.0322266
57
0.027832
33
0.0161133
71
0.034668
26
0.0126953
35
0.0170898
8
0.00390625
20
0.00976562
-58
-0.0283203
-34
-0.0166016
-16
-0.0078125
-86
-0.0419922
-1
-0.000488281
23
0.0112305
-19
-0.00927734
4
0.00195312
-21
-0.0102539
-38
-0.0185547
25
0.012207
1
0.000488281
1
0.000488281
-61
-0.0297852
-3
-0.00146484
-26
-0.0126953
17
0.00830078
43
0.0209961
9
0.00439453
77
0.0375977
12
0.00585938
-17
-0.00830078
23
0.0112305
-41
-0.0200195
21
0.0102539
4
0.00195312
-28
-0.0136719
53
0.0258789
-9
-0.00439453
-44
-0.0214844
37
0.0180664
35
0.0170898
35
0.0170898
-45
-0.0219727
-39
-0.019043
52
0.0253906
-60
-0.0292969
-2
-0.000976562
18
0.00878906
36
0.0175781
-88
-0.0429688
-21
-0.0102539
52
0.0253906
40
0.0195312
32
0.015625
27
0.0131836
-29
-0.0141602
-22
-0.0107422
1
0.000488281
-36
-0.0175781
-50
-0.0244141
18
0.00878906
11
0.00537109
-6
-0.00292969
-67
-0.0327148
-45
-0.0219727
-10
-0.00488281
-34
-0.0166016
3
0.00146484
-9
-0.00439453
54
0.0263672
8
0.00390625
-35
-0.0170898
35
0.0170898
-8
-0.00390625
-56
-0.0273438
-2
-0.000976562
3
0.00146484
48
0.0234375
37
0.0180664
-24
-0.0117188
-19
-0.00927734
-96
-0.046875
-21
-0.0102539
97
0.0473633
-69
-0.0336914
-57
-0.027832
13
0.00634766
-25
-0.012207
36
0.0175781
-18
-0.00878906
21
0.0102539
14
0.00683594
-83
-0.0405273
2
0.000976562
-34
-0.0166016
-64
-0.03125
43
0.0209961
1
0.000488281
-21
-0.0102539
-20
-0.00976562
48
0.0234375
-41
-0.0200195
18
0.00878906
0
0
45
0.0219727
-14
-0.00683594
-71
-0.034668
66
0.0322266
2
0.000976562
21
0.0102539
96
0.046875
31
0.0151367
39
0.019043
-41
-0.0200195
-44
-0.0214844
40
0.0195312
-1
-0.000488281
-28
-0.0136719
-21
-0.0102539
-35
-0.0170898
-4
-0.00195312
-27
-0.0131836
-36
-0.0175781
108
0.0527344
30
0.0146484
-74
-0.0361328
2
0.000976562
-55
-0.0268555
-6
-0.00292969
-62
-0.0302734
-48
-0.0234375
-75
-0.0366211
83
0.0405273
44
0.0214844
7
0.00341797
-12
-0.00585938
4
0.00195312
-47
-0.0229492
41
0.0200195
49
0.0239258
-46
-0.0224609
-28
-0.0136719
20
0.00976562
-27
-0.0131836
1
0.000488281
26
0.0126953
-23
-0.0112305
42
0.0205078
1
0.000488281
10
0.00488281
-10
-0.00488281
-18
-0.00878906
-40
-0.0195312
-55
-0.0268555
-28
-0.0136719
-46
-0.0224609
-76
-0.0371094
44
0.0214844
-64
-0.03125
37
0.0180664
38
0.0185547
-2
-0.000976562
-20
-0.00976562
-12
-0.00585938
16
0.0078125
18
0.00878906
5
0.00244141
-20
-0.00976562
-35
-0.0170898
33
0.0161133
5
0.00244141
52
0.0253906
-28
-0.0136719
47
0.0229492
74
0.0361328
59
0.0288086
10
0.00488281
148
0.0722656
85
0.0415039
-43
-0.0209961
68
0.0332031
-3
-0.00146484
-5
-0.00244141
27
0.0131836
6
0.00292969
40
0.0195312
91
0.0444336
13
0.00634766
-27
-0.0131836
-3
-0.00146484
-25
-0.012207
9
0.00439453
-2
-0.000976562
-11
-0.00537109
68
0.0332031
-47
-0.0229492
4
0.00195312
-1
-0.000488281
18
0.00878906
4
0.00195312
-22
-0.0107422
14
0.00683594
-2
-0.000976562
-11
-0.00537109
11
0.00537109
2
0.000976562
-57
-0.027832
31
0.0151367
-15
-0.00732422
-31
-0.0151367
75
0.0366211
-4
-0.00195312
-40
-0.0195312
19
0.00927734
-46
-0.0224609
37
0.0180664
29
0.0141602
4
0.00195312
12
0.00585938
3
0.00146484
77
0.0375977
21
0.0102539
0
0
-40
-0.0195312
-62
-0.0302734
32
0.015625
19
0.00927734
25
0.012207
61
0.0297852
84
0.0410156
8
0.00390625
-14
-0.00683594
-12
-0.00585938
64
0.03125
-14
-0.00683594
79
0.0385742
-24
-0.0117188
61
0.0297852
40
0.0195312
-58
-0.0283203
-12
-0.00585938
-28
-0.0136719
11
0.00537109
55
0.0268555
-18
-0.00878906
78
0.0380859
-7
-0.00341797
-57
-0.027832
-12
-0.00585938
80
0.0390625
12
0.00585938
-30
-0.0146484
-63
-0.0307617
-67
-0.0327148
18
0.00878906
-99
-0.0483398
55
0.0268555
53
0.0258789
-52
-0.0253906
44
0.0214844
31
0.0151367
44
0.0214844
4
0.00195312
63
0.0307617
1
0.000488281
-81
-0.0395508
-72
-0.0351562
42
0.0205078
12
0.00585938
42
0.0205078
-75
-0.0366211
30
0.0146484
44
0.0214844
-37
-0.0180664
-8
-0.00390625
-53
-0.0258789
46
0.0224609
16
0.0078125
-41
-0.0200195
27
0.0131836
53
0.0258789
-86
-0.0419922
-54
-0.0263672
-9
-0.00439453
-7
-0.00341797
-2
-0.000976562
18
0.00878906
17
0.00830078
-120
-0.0585938
18
0.00878906
52
0.0253906
-48
-0.0234375
-25
-0.012207
-14
-0.00683594
-29
-0.0141602
0
0
2
0.000976562
33
0.0161133
-29
-0.0141602
-7
-0.00341797
4
0.00195312
3
0.00146484
22
0.0107422
-51
-0.0249023
-18
-0.00878906
-9
-0.00439453
-65
-0.0317383
-12
-0.00585938
-25
-0.012207
0
0
37
0.0180664
52
0.0253906
-6
-0.00292969
-14
-0.00683594
-44
-0.0214844
-58
-0.0283203
-41
-0.0200195
19
0.00927734
-15
-0.00732422
-25
-0.012207
11
0.00537109
8
0.00390625
39
0.019043
61
0.0297852
-12
-0.00585938
32
0.015625
-24
-0.0117188
10
0.00488281
-9
-0.00439453
42
0.0205078
8
0.00390625
-7
-0.00341797
-1
-0.000488281
-38
-0.0185547
-3
-0.00146484
-21
-0.0102539
-3
-0.00146484
-33
-0.0161133
13
0.00634766
26
0.0126953
9
0.00439453
43
0.0209961
5
0.00244141
54
0.0263672
-3
-0.00146484
-7
-0.00341797
66
0.0322266
34
0.0166016
1
0.000488281
-90
-0.0439453
-33
-0.0161133
-4
-0.00195312
-60
-0.0292969
-56
-0.0273438
63
0.0307617
-78
-0.0380859
-26
-0.0126953
-37
-0.0180664
-31
-0.0151367
31
0.0151367
-3
-0.00146484
16
0.0078125
-6
-0.00292969
69
0.0336914
-105
-0.0512695
80
0.0390625
-47
-0.0229492
-7
-0.00341797
15
0.00732422
-41
-0.0200195
-17
-0.00830078
34
0.0166016
31
0.0151367
-29
-0.0141602
-15
-0.00732422
30
0.0146484
57
0.027832
9
0.00439453
-10
-0.00488281
15
0.00732422
-34
-0.0166016
-5
-0.00244141
-16
-0.0078125
-15
-0.00732422
-45
-0.0219727
-79
-0.0385742
-26
-0.0126953
14
0.00683594
39
0.019043
14
0.00683594
-61
-0.0297852
44
0.0214844
15
0.00732422
58
0.0283203
-8
-0.00390625
17
0.00830078
30
0.0146484
-31
-0.0151367
27
0.0131836
-40
-0.0195312
18
0.00878906
-24
-0.0117188
-22
-0.0107422
60
0.0292969
28
0.0136719
-32
-0.015625
-2
-0.000976562
-70
-0.0341797
-18
-0.00878906
8
0.00390625
91
0.0444336
52
0.0253906
-49
-0.0239258
-61
-0.0297852
9
0.00439453
-28
-0.0136719
0
0
-24
-0.0117188
73
0.0356445
35
0.0170898
12
0.00585938
21
0.0102539
-22
-0.0107422
-21
-0.0102539
-7
-0.00341797
34
0.0166016
43
0.0209961
13
0.00634766
10
0.00488281
39
0.019043
39
0.019043
29
0.0141602
-25
-0.012207
-73
-0.0356445
-9
-0.00439453
-34
-0.0166016
-27
-0.0131836
55
0.0268555
18
0.00878906
-45
-0.0219727
-17
-0.00830078
86
0.0419922
-49
-0.0239258
34
0.0166016
-8
-0.00390625
-1
-0.000488281
-24
-0.0117188
-29
-0.0141602
-32
-0.015625
9
0.00439453
-10
-0.00488281
-34
-0.0166016
12
0.00585938
17
0.00830078
24
0.0117188
33
0.0161133
-55
-0.0268555
14
0.00683594
-51
-0.0249023
-105
-0.0512695
3
0.00146484
39
0.019043
-4
-0.00195312
-41
-0.0200195
-48
-0.0234375
12
0.00585938
3
0.00146484
-16
-0.0078125
-81
-0.0395508
19
0.00927734
-10
-0.00488281
-69
-0.0336914
7
0.00341797
54
0.0263672
40
0.0195312
57
0.027832
-25
-0.012207
-71
-0.034668
-71
-0.034668
24
0.0117188
48
0.0234375
-44
-0.0214844
30
0.0146484
-19
-0.00927734
-35
-0.0170898
-32
-0.015625
-13
-0.00634766
-41
-0.0200195
12
0.00585938
-25
-0.012207
30
0.0146484
-10
-0.00488281
19
0.00927734
-28
-0.0136719
36
0.0175781
68
0.0332031
-37
-0.0180664
-57
-0.027832
-61
-0.0297852
-80
-0.0390625
-22
-0.0107422
39
0.019043
5
0.00244141
-23
-0.0112305
-42
-0.0205078
11
0.00537109
3
0.00146484
-85
-0.0415039
38
0.0185547
43
0.0209961
-15
-0.00732422
48
0.0234375
-50
-0.0244141
-20
-0.00976562
109
0.0532227
49
0.0239258
-16
-0.0078125
-24
-0.0117188
24
0.0117188
-65
-0.0317383
-1
-0.000488281
-47
-0.0229492
63
0.0307617
-18
-0.00878906
6
0.00292969
-36
-0.0175781
-52
-0.0253906
-64
-0.03125
-9
-0.00439453
-50
-0.0244141
57
0.027832
-12
-0.00585938
14
0.00683594
33
0.0161133
4
0.00195312
-131
-0.0639648
29
0.0141602
-42
-0.0205078
-11
-0.00537109
-50
-0.0244141
-20
-0.00976562
26
0.0126953
-1
-0.000488281
48
0.0234375
-58
-0.0283203
-16
-0.0078125
-34
-0.0166016
121
0.059082
-36
-0.0175781
-55
-0.0268555
82
0.0400391
31
0.0151367
13
0.00634766
12
0.00585938
-23
-0.0112305
6
0.00292969
7
0.00341797
-22
-0.0107422
-4
-0.00195312
85
0.0415039
-18
-0.00878906
3
0.00146484
-28
-0.0136719
66
0.0322266
-74
-0.0361328
1
0.000488281
50
0.0244141
-29
-0.0141602
-12
-0.00585938
35
0.0170898
-26
-0.0126953
92
0.0449219
97
0.0473633
-49
-0.0239258
-10
-0.00488281
5
0.00244141
-1
-0.000488281
7
0.00341797
37
0.0180664
-5
-0.00244141
49
0.0239258
-21
-0.0102539
73
0.0356445
-23
-0.0112305
21
0.0102539
-8
-0.00390625
-11
-0.00537109
-50
-0.0244141
3
0.00146484
13
0.00634766
7
0.00341797
-18
-0.00878906
-17
-0.00830078
-11
-0.00537109
-27
-0.0131836
-3
-0.00146484
-46
-0.0224609
-21
-0.0102539
-21
-0.0102539
-20
-0.00976562
75
0.0366211
43
0.0209961
38
0.0185547
82
0.0400391
34
0.0166016
24
0.0117188
8
0.00390625
-29
-0.0141602
30
0.0146484
-8
-0.00390625
-66
-0.0322266
-44
-0.0214844
-76
-0.0371094
-37
-0.0180664
-45
-0.0219727
-40
-0.0195312
7
0.00341797
6
0.00292969
14
0.00683594
26
0.0126953
-34
-0.0166016
87
0.0424805
-5
-0.00244141
-35
-0.0170898
45
0.0219727
30
0.0146484
1
0.000488281
-58
-0.0283203
-16
-0.0078125
-81
-0.0395508
-2
-0.000976562
-55
-0.0268555
24
0.0117188
61
0.0297852
-54
-0.0263672
-26
-0.0126953
-23
-0.0112305
-1
-0.000488281
-38
-0.0185547
-23
-0.0112305
0
0
42
0.0205078
-39
-0.019043
-38
-0.0185547
11
0.00537109
65
0.0317383
-86
-0.0419922
-75
-0.0366211
-7
-0.00341797
74
0.0361328
2
0.000976562
-1
-0.000488281
-6
-0.00292969
-92
-0.0449219
21
0.0102539
10
0.00488281
-56
-0.0273438
-47
-0.0229492
40
0.0195312
21
0.0102539
-5
-0.00244141
39
0.019043
13
0.00634766
1
0.000488281
-22
-0.0107422
-18
-0.00878906
16
0.0078125
-36
-0.0175781
42
0.0205078
39
0.019043
-3
-0.00146484
45
0.0219727
36
0.0175781
-8
-0.00390625
19
0.00927734
-33
-0.0161133
26
0.0126953
-103
-0.050293
23
0.0112305
13
0.00634766
-72
-0.0351562
103
0.050293
-21
-0.0102539
-57
-0.027832
-74
-0.0361328
-71
-0.034668
-7
-0.00341797
73
0.0356445
-21
-0.0102539
-22
-0.0107422
-41
-0.0200195
69
0.0336914
28
0.0136719
-2
-0.000976562
7
0.00341797
-60
-0.0292969
-1
-0.000488281
2
0.000976562
22
0.0107422
14
0.00683594
33
0.0161133
-28
-0.0136719
15
0.00732422
-7
-0.00341797
34
0.0166016
3
0.00146484
26
0.0126953
-17
-0.00830078
-81
-0.0395508
-56
-0.0273438
-8
-0.00390625
53
0.0258789
1
0.000488281
10
0.00488281
62
0.0302734
12
0.00585938
49
0.0239258
62
0.0302734
-9
-0.00439453
-39
-0.019043
8
0.00390625
-50
-0.0244141
21
0.0102539
28
0.0136719
-11
-0.00537109
40
0.0195312
12
0.00585938
-32
-0.015625
-25
-0.012207
11
0.00537109
17
0.00830078
41
0.0200195
-16
-0.0078125
57
0.027832
-33
-0.0161133
30
0.0146484
-18
-0.00878906
-28
-0.0136719
-8
-0.00390625
72
0.0351562
-30
-0.0146484
11
0.00537109
21
0.0102539
-21
-0.0102539
17
0.00830078
51
0.0249023
-38
-0.0185547
34
0.0166016
-46
-0.0224609
-16
-0.0078125
-21
-0.0102539
1
0.000488281
-16
-0.0078125
14
0.00683594
82
0.0400391
16
0.0078125
-29
-0.0141602
-19
-0.00927734
-17
-0.00830078
-11
-0.00537109
24
0.0117188
-46
-0.0224609
6
0.00292969
-13
-0.00634766
-1
-0.000488281
-32
-0.015625
-10
-0.00488281
35
0.0170898
27
0.0131836
26
0.0126953
87
0.0424805
22
0.0107422
6
0.00292969
-3
-0.00146484
-7
-0.00341797
20
0.00976562
-71
-0.034668
78
0.0380859
-25
-0.012207
22
0.0107422
-27
-0.0131836
-72
-0.0351562
18
0.00878906
30
0.0146484
31
0.0151367
6
0.00292969
19
0.00927734
66
0.0322266
-62
-0.0302734
-61
-0.0297852
-1
-0.000488281
-5
-0.00244141
-48
-0.0234375
-112
-0.0546875
-30
-0.0146484
-22
-0.0107422
33
0.0161133
23
0.0112305
7
0.00341797
-4
-0.00195312
20
0.00976562
13
0.00634766
-1
-0.000488281
-87
-0.0424805
84
0.0410156
-54
-0.0263672
30
0.0146484
-18
-0.00878906
-78
-0.0380859
2
0.000976562
25
0.012207
29
0.0141602
-33
-0.0161133
-51
-0.0249023
-50
-0.0244141
-53
-0.0258789
-7
-0.00341797
45
0.0219727
46
0.0224609
2
0.000976562
-38
-0.0185547
-29
-0.0141602
-26
-0.0126953
101
0.0493164
-41
-0.0200195
23
0.0112305
-104
-0.0507812
69
0.0336914
-25
-0.012207
-32
-0.015625
23
0.0112305
21
0.0102539
-20
-0.00976562
24
0.0117188
-4
-0.00195312
-18
-0.00878906
-49
-0.0239258
87
0.0424805
48
0.0234375
3
0.00146484
3
0.00146484
2
0.000976562
4
0.00195312
82
0.0400391
27
0.0131836
41
0.0200195
-70
-0.0341797
11
0.00537109
-76
-0.0371094
56
0.0273438
27
0.0131836
14
0.00683594
-20
-0.00976562
-17
-0.00830078
-10
-0.00488281
-12
-0.00585938
-12
-0.00585938
-41
-0.0200195
-69
-0.0336914
17
0.00830078
-2
-0.000976562
5
0.00244141
-34
-0.0166016
-109
-0.0532227
16
0.0078125
28
0.0136719
61
0.0297852
-25
-0.012207
11
0.00537109
13
0.00634766
22
0.0107422
15
0.00732422
75
0.0366211
85
0.0415039
37
0.0180664
1
0.000488281
-93
-0.0454102
33
0.0161133
90
0.0439453
8
0.00390625
17
0.00830078
-31
-0.0151367
6
0.00292969
-40
-0.0195312
-50
-0.0244141
-21
-0.0102539
-31
-0.0151367
-45
-0.0219727
6
0.00292969
30
0.0146484
-16
-0.0078125
-12
-0.00585938
-70
-0.0341797
9
0.00439453
45
0.0219727
-1
-0.000488281
68
0.0332031
-76
-0.0371094
0
0
-54
-0.0263672
67
0.0327148
39
0.019043
3
0.00146484
61
0.0297852
-51
-0.0249023
77
0.0375977
21
0.0102539
-24
-0.0117188
15
0.00732422
-18
-0.00878906
-39
-0.019043
-66
-0.0322266
28
0.0136719
45
0.0219727
26
0.0126953
1
0.000488281
-29
-0.0141602
-57
-0.027832
-68
-0.0332031
32
0.015625
45
0.0219727
-16
-0.0078125
70
0.0341797
-3
-0.00146484
7
0.00341797
18
0.00878906
10
0.00488281
44
0.0214844
25
0.012207
2
0.000976562
-10
-0.00488281
-45
-0.0219727
-5
-0.00244141
16
0.0078125
-47
-0.0229492
39
0.019043
1
0.000488281
-31
-0.0151367
-26
-0.0126953
-24
-0.0117188
1
0.000488281
19
0.00927734
49
0.0239258
8
0.00390625
44
0.0214844
90
0.0439453
39
0.019043
-63
-0.0307617
-18
-0.00878906
49
0.0239258
9
0.00439453
4
0.00195312
-51
-0.0249023
42
0.0205078
2
0.000976562
-2
-0.000976562
8
0.00390625
19
0.00927734
2
0.000976562
1
0.000488281
41
0.0200195
65
0.0317383
-67
-0.0327148
-37
-0.0180664
58
0.0283203
-39
-0.019043
9
0.00439453
-37
-0.0180664
12
0.00585938
-6
-0.00292969
27
0.0131836
-47
-0.0229492
-43
-0.0209961
3
0.00146484
2
0.000976562
-51
-0.0249023
-52
-0.0253906
-100
-0.0488281
-44
-0.0214844
-22
-0.0107422
-63
-0.0307617
-35
-0.0170898
18
0.00878906
4
0.00195312
20
0.00976562
-35
-0.0170898
28
0.0136719
28
0.0136719
-37
-0.0180664
0
0
-14
-0.00683594
16
0.0078125
-43
-0.0209961
27
0.0131836
-42
-0.0205078
-76
-0.0371094
71
0.034668
36
0.0175781
30
0.0146484
-35
-0.0170898
6
0.00292969
67
0.0327148
22
0.0107422
-38
-0.0185547
79
0.0385742
94
0.0458984
1
0.000488281
118
0.0576172
-51
-0.0249023
11
0.00537109
-40
-0.0195312
-35
-0.0170898
4
0.00195312
53
0.0258789
-45
-0.0219727
-13
-0.00634766
-28
-0.0136719
27
0.0131836
-6
-0.00292969
29
0.0141602
-66
-0.0322266
-77
-0.0375977
8
0.00390625
31
0.0151367
-99
-0.0483398
24
0.0117188
-14
-0.00683594
-28
-0.0136719
-39
-0.019043
-20
-0.00976562
-24
-0.0117188
48
0.0234375
-52
-0.0253906
-26
-0.0126953
-5
-0.00244141
33
0.0161133
18
0.00878906
-34
-0.0166016
46
0.0224609
36
0.0175781
42
0.0205078
21
0.0102539
11
0.00537109
-22
-0.0107422
38
0.0185547
13
0.00634766
48
0.0234375
-71
-0.034668
25
0.012207
-29
-0.0141602
4
0.00195312
-20
-0.00976562
-77
-0.0375977
43
0.0209961
0
0
-33
-0.0161133
-54
-0.0263672
32
0.015625
39
0.019043
-17
-0.00830078
30
0.0146484
19
0.00927734
-18
-0.00878906
-10
-0.00488281
17
0.00830078
39
0.019043
-5
-0.00244141
-71
-0.034668
41
0.0200195
-63
-0.0307617
-42
-0.0205078
23
0.0112305
-38
-0.0185547
-36
-0.0175781
76
0.0371094
-14
-0.00683594
-20
-0.00976562
32
0.015625
-15
-0.00732422
-7
-0.00341797
-42
-0.0205078
34
0.0166016
26
0.0126953
14
0.00683594
60
0.0292969
-28
-0.0136719
-10
-0.00488281
-2
-0.000976562
65
0.0317383
25
0.012207
-12
-0.00585938
-54
-0.0263672
10
0.00488281
30
0.0146484
94
0.0458984
-13
-0.00634766
74
0.0361328
50
0.0244141
2
0.000976562
-40
-0.0195312
56
0.0273438
1
0.000488281
58
0.0283203
-10
-0.00488281
1
0.000488281
-22
-0.0107422
-51
-0.0249023
24
0.0117188
-81
-0.0395508
86
0.0419922
6
0.00292969
5
0.00244141
4
0.00195312
21
0.0102539
27
0.0131836
-18
-0.00878906
-68
-0.0332031
29
0.0141602
102
0.0498047
96
0.046875
-39
-0.019043
-29
-0.0141602
-13
-0.00634766
84
0.0410156
43
0.0209961
-10
-0.00488281
-42
-0.0205078
22
0.0107422
13
0.00634766
-33
-0.0161133
-61
-0.0297852
-22
-0.0107422
15
0.00732422
-18
-0.00878906
-26
-0.0126953
-47
-0.0229492
-38
-0.0185547
22
0.0107422
33
0.0161133
41
0.0200195
23
0.0112305
-52
-0.0253906
4
0.00195312
-55
-0.0268555
14
0.00683594
-30
-0.0146484
-23
-0.0112305
-4
-0.00195312
72
0.0351562
-10
-0.00488281
-7
-0.00341797
3
0.00146484
-3
-0.00146484
-29
-0.0141602
-53
-0.0258789
-14
-0.00683594
-11
-0.00537109
-4
-0.00195312
-7
-0.00341797
73
0.0356445
-45
-0.0219727
22
0.0107422
60
0.0292969
23
0.0112305
-104
-0.0507812
5
0.00244141
32
0.015625
-20
-0.00976562
-23
-0.0112305
-33
-0.0161133
-40
-0.0195312
-49
-0.0239258
4
0.00195312
-60
-0.0292969
-10
-0.00488281
30
0.0146484
-5
-0.00244141
-29
-0.0141602
6
0.00292969
-32
-0.015625
-63
-0.0307617
-53
-0.0258789
-16
-0.0078125
3
0.00146484
-8
-0.00390625
-17
-0.00830078
-13
-0.00634766
-8
-0.00390625
-18
-0.00878906
-48
-0.0234375
52
0.0253906
25
0.012207
26
0.0126953
-39
-0.019043
-76
-0.0371094
44
0.0214844
90
0.0439453
2
0.000976562
-43
-0.0209961
129
0.0629883
-14
-0.00683594
11
0.00537109
10
0.00488281
19
0.00927734
21
0.0102539
19
0.00927734
18
0.00878906
-29
-0.0141602
14
0.00683594
-31
-0.0151367
-5
-0.00244141
-52
-0.0253906
-31
-0.0151367
-4
-0.00195312
-24
-0.0117188
-73
-0.0356445
-11
-0.00537109
-50
-0.0244141
-33
-0.0161133
27
0.0131836
18
0.00878906
-33
-0.0161133
16
0.0078125
17
0.00830078
34
0.0166016
10
0.00488281
-30
-0.0146484
28
0.0136719
-36
-0.0175781
36
0.0175781
-22
-0.0107422
-54
-0.0263672
-1
-0.000488281
-41
-0.0200195
-3
-0.00146484
-46
-0.0224609
5
0.00244141
-55
-0.0268555
52
0.0253906
-17
-0.00830078
-14
-0.00683594
-30
-0.0146484
-59
-0.0288086
-44
-0.0214844
-19
-0.00927734
-10
-0.00488281
-60
-0.0292969
-9
-0.00439453
82
0.0400391
-12
-0.00585938
-38
-0.0185547
-19
-0.00927734
-17
-0.00830078
46
0.0224609
-19
-0.00927734
5
0.00244141
55
0.0268555
13
0.00634766
-17
-0.00830078
-9
-0.00439453
-39
-0.019043
18
0.00878906
13
0.00634766
3
0.00146484
52
0.0253906
-36
-0.0175781
-47
-0.0229492
-49
-0.0239258
-53
-0.0258789
19
0.00927734
-15
-0.00732422
-66
-0.0322266
-7
-0.00341797
-8
-0.00390625
-47
-0.0229492
-103
-0.050293
6
0.00292969
2
0.000976562
5
0.00244141
-23
-0.0112305
-10
-0.00488281
-14
-0.00683594
29
0.0141602
-20
-0.00976562
-44
-0.0214844
59
0.0288086
-24
-0.0117188
-1
-0.000488281
-15
-0.00732422
-43
-0.0209961
3
0.00146484
-33
-0.0161133
53
0.0258789
45
0.0219727
12
0.00585938
-27
-0.0131836
-20
-0.00976562
46
0.0224609
-64
-0.03125
-19
-0.00927734
5
0.00244141
31
0.0151367
54
0.0263672
21
0.0102539
-1
-0.000488281
93
0.0454102
7
0.00341797
-29
-0.0141602
-21
-0.0102539
-33
-0.0161133
53
0.0258789
-88
-0.0429688
-40
-0.0195312
27
0.0131836
-14
-0.00683594
29
0.0141602
32
0.015625
-138
-0.0673828
-58
-0.0283203
46
0.0224609
50
0.0244141
20
0.00976562
1
0.000488281
-32
-0.015625
44
0.0214844
64
0.03125
5
0.00244141
66
0.0322266
13
0.00634766
-55
-0.0268555
-1
-0.000488281
-37
-0.0180664
22
0.0107422
-69
-0.0336914
68
0.0332031
25
0.012207
58
0.0283203
-30
-0.0146484
1
0.000488281
52
0.0253906
76
0.0371094
28
0.0136719
29
0.0141602
-5
-0.00244141
-5
-0.00244141
37
0.0180664
-29
-0.0141602
-18
-0.00878906
-8
-0.00390625
20
0.00976562
63
0.0307617
59
0.0288086
54
0.0263672
52
0.0253906
62
0.0302734
-136
-0.0664062
10
0.00488281
-10
-0.00488281
-1
-0.000488281
-14
-0.00683594
38
0.0185547
115
0.0561523
23
0.0112305
58
0.0283203
26
0.0126953
-31
-0.0151367
-25
-0.012207
69
0.0336914
12
0.00585938
13
0.00634766
-12
-0.00585938
-27
-0.0131836
37
0.0180664
-41
-0.0200195
-36
-0.0175781
45
0.0219727
64
0.03125
1
0.000488281
18
0.00878906
-27
-0.0131836
38
0.0185547
-46
-0.0224609
-76
-0.0371094
-48
-0.0234375
-11
-0.00537109
74
0.0361328
-53
-0.0258789
-33
-0.0161133
-31
-0.0151367
-98
-0.0478516
6
0.00292969
-92
-0.0449219
-39
-0.019043
-21
-0.0102539
-90
-0.0439453
-21
-0.0102539
49
0.0239258
29
0.0141602
62
0.0302734
-1
-0.000488281
64
0.03125
-89
-0.043457
-35
-0.0170898
-81
-0.0395508
-36
-0.0175781
-39
-0.019043
12
0.00585938
49
0.0239258
-25
-0.012207
-1
-0.000488281
18
0.00878906
6
0.00292969
-1
-0.000488281
-4
-0.00195312
-10
-0.00488281
53
0.0258789
-26
-0.0126953
-105
-0.0512695
-37
-0.0180664
38
0.0185547
-2
-0.000976562
68
0.0332031
-9
-0.00439453
105
0.0512695
-26
-0.0126953
56
0.0273438
56
0.0273438
27
0.0131836
18
0.00878906
-12
-0.00585938
-85
-0.0415039
-39
-0.019043
-40
-0.0195312
6
0.00292969
-37
-0.0180664
-11
-0.00537109
32
0.015625
1
0.000488281
-52
-0.0253906
80
0.0390625
-9
-0.00439453
57
0.027832
-55
-0.0268555
101
0.0493164
48
0.0234375
-14
-0.00683594
14
0.00683594
-99
-0.0483398
-15
-0.00732422
50
0.0244141
25
0.012207
-30
-0.0146484
37
0.0180664
-113
-0.0551758
-24
-0.0117188
65
0.0317383
98
0.0478516
96
0.046875
-124
-0.0605469
-23
-0.0112305
45
0.0219727
-88
-0.0429688
-14
-0.00683594
21
0.0102539
-11
-0.00537109
1
0.000488281
-2
-0.000976562
28
0.0136719
-7
-0.00341797
21
0.0102539
3
0.00146484
4
0.00195312
-71
-0.034668
52
0.0253906
123
0.0600586
0
0
-5
-0.00244141
-36
-0.0175781
21
0.0102539
57
0.027832
66
0.0322266
-56
-0.0273438
-34
-0.0166016
-3
-0.00146484
29
0.0141602
64
0.03125
-36
-0.0175781
-78
-0.0380859
2
0.000976562
-3
-0.00146484
80
0.0390625
18
0.00878906
20
0.00976562
38
0.0185547
-79
-0.0385742
58
0.0283203
4
0.00195312
-26
-0.0126953
-22
-0.0107422
-37
-0.0180664
-5
-0.00244141
55
0.0268555
33
0.0161133
30
0.0146484
55
0.0268555
20
0.00976562
21
0.0102539
-31
-0.0151367
52
0.0253906
-5
-0.00244141
-13
-0.00634766
-33
-0.0161133
-5
-0.00244141
14
0.00683594
-38
-0.0185547
-33
-0.0161133
-35
-0.0170898
78
0.0380859
-5
-0.00244141
60
0.0292969
-77
-0.0375977
-15
-0.00732422
-45
-0.0219727
64
0.03125
11
0.00537109
71
0.034668
10
0.00488281
-68
-0.0332031
8
0.00390625
10
0.00488281
-88
-0.0429688
-111
-0.0541992
-46
-0.0224609
-46
-0.0224609
45
0.0219727
-31
-0.0151367
31
0.0151367
-130
-0.0634766
-36
-0.0175781
-72
-0.0351562
18
0.00878906
-92
-0.0449219
-42
-0.0205078
63
0.0307617
-21
-0.0102539
-55
-0.0268555
-5
-0.00244141
64
0.03125
32
0.015625
-12
-0.00585938
-3
-0.00146484
45
0.0219727
-14
-0.00683594
9
0.00439453
54
0.0263672
-6
-0.00292969
-63
-0.0307617
24
0.0117188
-38
-0.0185547
15
0.00732422
12
0.00585938
104
0.0507812
-46
-0.0224609
-134
-0.0654297
6
0.00292969
19
0.00927734
-6
-0.00292969
-75
-0.0366211
11
0.00537109
13
0.00634766
-22
-0.0107422
32
0.015625
-42
-0.0205078
27
0.0131836
42
0.0205078
24
0.0117188
-42
-0.0205078
-91
-0.0444336
7
0.00341797
-99
-0.0483398
-47
-0.0229492
-25
-0.012207
51
0.0249023
-14
-0.00683594
-43
-0.0209961
-15
-0.00732422
-26
-0.0126953
2
0.000976562
2
0.000976562
-73
-0.0356445
49
0.0239258
5
0.00244141
-52
-0.0253906
7
0.00341797
24
0.0117188
-25
-0.012207
-26
-0.0126953
-35
-0.0170898
-20
-0.00976562
2
0.000976562
36
0.0175781
23
0.0112305
-20
-0.00976562
11
0.00537109
-21
-0.0102539
34
0.0166016
36
0.0175781
9
0.00439453
41
0.0200195
0
0
56
0.0273438
-79
-0.0385742
59
0.0288086
11
0.00537109
-29
-0.0141602
-23
-0.0112305
-54
-0.0263672
-17
-0.00830078
29
0.0141602
41
0.0200195
15
0.00732422
31
0.0151367
-66
-0.0322266
-9
-0.00439453
10
0.00488281
14
0.00683594
-2
-0.000976562
58
0.0283203
44
0.0214844
-4
-0.00195312
72
0.0351562
60
0.0292969
56
0.0273438
25
0.012207
37
0.0180664
-26
-0.0126953
2
0.000976562
39
0.019043
68
0.0332031
17
0.00830078
-58
-0.0283203
-9
-0.00439453
-27
-0.0131836
31
0.0151367
35
0.0170898
-19
-0.00927734
-60
-0.0292969
12
0.00585938
-52
-0.0253906
-63
-0.0307617
107
0.0522461
66
0.0322266
16
0.0078125
34
0.0166016
3
0.00146484
-61
-0.0297852
18
0.00878906
25
0.012207
-65
-0.0317383
14
0.00683594
32
0.015625
-27
-0.0131836
-56
-0.0273438
14
0.00683594
2
0.000976562
-66
-0.0322266
-27
-0.0131836
68
0.0332031
103
0.050293
14
0.00683594
70
0.0341797
86
0.0419922
-11
-0.00537109
-76
-0.0371094
58
0.0283203
-19
-0.00927734
38
0.0185547
11
0.00537109
-23
-0.0112305
108
0.0527344
15
0.00732422
-30
-0.0146484
93
0.0454102
-8
-0.00390625
29
0.0141602
59
0.0288086
-9
-0.00439453
-3
-0.00146484
28
0.0136719
9
0.00439453
-22
-0.0107422
-19
-0.00927734
14
0.00683594
20
0.00976562
39
0.019043
26
0.0126953
-8
-0.00390625
-72
-0.0351562
1
0.000488281
3
0.00146484
10
0.00488281
-57
-0.027832
2
0.000976562
-15
-0.00732422
1
0.000488281
11
0.00537109
14
0.00683594
15
0.00732422
14
0.00683594
20
0.00976562
26
0.0126953
-12
-0.00585938
-40
-0.0195312
-11
-0.00537109
19
0.00927734
-7
-0.00341797
-23
-0.0112305
-34
-0.0166016
22
0.0107422
96
0.046875
-57
-0.027832
25
0.012207
-112
-0.0546875
-33
-0.0161133
-21
-0.0102539
72
0.0351562
-27
-0.0131836
52
0.0253906
16
0.0078125
25
0.012207
22
0.0107422
-46
-0.0224609
39
0.019043
-40
-0.0195312
-24
-0.0117188
34
0.0166016
-11
-0.00537109
40
0.0195312
12
0.00585938
45
0.0219727
-51
-0.0249023
-8
-0.00390625
-3
-0.00146484
-12
-0.00585938
-40
-0.0195312
-40
-0.0195312
19
0.00927734
40
0.0195312
-46
-0.0224609
1
0.000488281
21
0.0102539
25
0.012207
-42
-0.0205078
-47
-0.0229492
-14
-0.00683594
-30
-0.0146484
71
0.034668
-12
-0.00585938
-5
-0.00244141
-40
-0.0195312
-65
-0.0317383
-71
-0.034668
14
0.00683594
68
0.0332031
-45
-0.0219727
-63
-0.0307617
56
0.0273438
-16
-0.0078125
-10
-0.00488281
-39
-0.019043
60
0.0292969
-15
-0.00732422
-16
-0.0078125
-63
-0.0307617
-13
-0.00634766
52
0.0253906
46
0.0224609
-10
-0.00488281
-41
-0.0200195
5
0.00244141
58
0.0283203
5
0.00244141
-48
-0.0234375
36
0.0175781
-3
-0.00146484
10
0.00488281
2
0.000976562
9
0.00439453
-32
-0.015625
-3
-0.00146484
-9
-0.00439453
-34
-0.0166016
3
0.00146484
16
0.0078125
115
0.0561523
99
0.0483398
-29
-0.0141602
-91
-0.0444336
-44
-0.0214844
-11
-0.00537109
26
0.0126953
-48
-0.0234375
-12
-0.00585938
-48
-0.0234375
25
0.012207
14
0.00683594
4
0.00195312
-13
-0.00634766
-32
-0.015625
-86
-0.0419922
-60
-0.0292969
43
0.0209961
58
0.0283203
-54
-0.0263672
-1
-0.000488281
57
0.027832
-55
-0.0268555
-3
-0.00146484
47
0.0229492
25
0.012207
41
0.0200195
-45
-0.0219727
3
0.00146484
-34
-0.0166016
54
0.0263672
-56
-0.0273438
1
0.000488281
-41
-0.0200195
18
0.00878906
-34
-0.0166016
1
0.000488281
-63
-0.0307617
-2
-0.000976562
58
0.0283203
10
0.00488281
14
0.00683594
-43
-0.0209961
-47
-0.0229492
-12
-0.00585938
16
0.0078125
10
0.00488281
4
0.00195312
-39
-0.019043
-19
-0.00927734
-11
-0.00537109
-101
-0.0493164
-5
-0.00244141
7
0.00341797
-4
-0.00195312
-21
-0.0102539
-16
-0.0078125
6
0.00292969
3
0.00146484
-20
-0.00976562
6
0.00292969
48
0.0234375
35
0.0170898
31
0.0151367
25
0.012207
-20
-0.00976562
-24
-0.0117188
48
0.0234375
-21
-0.0102539
18
0.00878906
45
0.0219727
-52
-0.0253906
-15
-0.00732422
-100
-0.0488281
27
0.0131836
52
0.0253906
17
0.00830078
-44
-0.0214844
64
0.03125
26
0.0126953
9
0.00439453
-38
-0.0185547
61
0.0297852
-6
-0.00292969
11
0.00537109
-37
-0.0180664
-31
-0.0151367
37
0.0180664
48
0.0234375
22
0.0107422
-1
-0.000488281
57
0.027832
-6
-0.00292969
26
0.0126953
42
0.0205078
-47
-0.0229492
63
0.0307617
-38
-0.0185547
8
0.00390625
-13
-0.00634766
-25
-0.012207
-14
-0.00683594
-65
-0.0317383
-81
-0.0395508
52
0.0253906
61
0.0297852
-55
-0.0268555
-4
-0.00195312
-24
-0.0117188
52
0.0253906
-51
-0.0249023
16
0.0078125
3
0.00146484
-48
-0.0234375
21
0.0102539
-70
-0.0341797
-87
-0.0424805
-60
-0.0292969
-3
-0.00146484
54
0.0263672
50
0.0244141
43
0.0209961
-1
-0.000488281
3
0.00146484
-13
-0.00634766
31
0.0151367
30
0.0146484
-57
-0.027832
-61
-0.0297852
15
0.00732422
-1
-0.000488281
-13
-0.00634766
29
0.0141602
39
0.019043
-75
-0.0366211
12
0.00585938
-50
-0.0244141
-9
-0.00439453
-64
-0.03125
50
0.0244141
-77
-0.0375977
54
0.0263672
26
0.0126953
-105
-0.0512695
-95
-0.0463867
3
0.00146484
-89
-0.043457
1
0.000488281
69
0.0336914
1
0.000488281
79
0.0385742
-26
-0.0126953
5
0.00244141
-14
-0.00683594
-12
-0.00585938
-28
-0.0136719
34
0.0166016
-4
-0.00195312
56
0.0273438
-29
-0.0141602
-19
-0.00927734
20
0.00976562
49
0.0239258
-38
-0.0185547
1
0.000488281
72
0.0351562
8
0.00390625
-56
-0.0273438
-66
-0.0322266
13
0.00634766
-2
-0.000976562
-53
-0.0258789
17
0.00830078
42
0.0205078
61
0.0297852
4
0.00195312
-22
-0.0107422
-11
-0.00537109
0
0
-16
-0.0078125
23
0.0112305
-81
-0.0395508
42
0.0205078
-37
-0.0180664
4
0.00195312
-18
-0.00878906
-31
-0.0151367
71
0.034668
0
0
81
0.0395508
70
0.0341797
-49
-0.0239258
-8
-0.00390625
4
0.00195312
36
0.0175781
-13
-0.00634766
-15
-0.00732422
-11
-0.00537109
-32
-0.015625
-77
-0.0375977
43
0.0209961
46
0.0224609
27
0.0131836
8
0.00390625
15
0.00732422
-1
-0.000488281
7
0.00341797
42
0.0205078
15
0.00732422
17
0.00830078
-14
-0.00683594
-36
-0.0175781
-36
-0.0175781
-54
-0.0263672
4
0.00195312
-21
-0.0102539
-3
-0.00146484
-47
-0.0229492
-36
-0.0175781
43
0.0209961
31
0.0151367
51
0.0249023
-26
-0.0126953
68
0.0332031
31
0.0151367
31
0.0151367
17
0.00830078
-4
-0.00195312
40
0.0195312
35
0.0170898
-63
-0.0307617
-17
-0.00830078
-55
-0.0268555
-30
-0.0146484
2
0.000976562
91
0.0444336
-25
-0.012207
-81
-0.0395508
9
0.00439453
11
0.00537109
-14
-0.00683594
-7
-0.00341797
11
0.00537109
-98
-0.0478516
25
0.012207
101
0.0493164
-55
-0.0268555
-38
-0.0185547
-76
-0.0371094
110
0.0537109
-64
-0.03125
-58
-0.0283203
-9
-0.00439453
-5
-0.00244141
49
0.0239258
-24
-0.0117188
30
0.0146484
56
0.0273438
49
0.0239258
50
0.0244141
2
0.000976562
-61
-0.0297852
16
0.0078125
-98
-0.0478516
16
0.0078125
-31
-0.0151367
-24
-0.0117188
-15
-0.00732422
85
0.0415039
30
0.0146484
-13
-0.00634766
35
0.0170898
-77
-0.0375977
17
0.00830078
-10
-0.00488281
-11
-0.00537109
39
0.019043
68
0.0332031
-17
-0.00830078
-1
-0.000488281
2
0.000976562
12
0.00585938
-6
-0.00292969
36
0.0175781
16
0.0078125
31
0.0151367
4
0.00195312
-17
-0.00830078
-21
-0.0102539
-2
-0.000976562
57
0.027832
-26
-0.0126953
-33
-0.0161133
-35
-0.0170898
-19
-0.00927734
7
0.00341797
53
0.0258789
-34
-0.0166016
-66
-0.0322266
-54
-0.0263672
19
0.00927734
-45
-0.0219727
22
0.0107422
-38
-0.0185547
58
0.0283203
18
0.00878906
28
0.0136719
56
0.0273438
-21
-0.0102539
9
0.00439453
18
0.00878906
-20
-0.00976562
-18
-0.00878906
50
0.0244141
21
0.0102539
41
0.0200195
47
0.0229492
11
0.00537109
-22
-0.0107422
51
0.0249023
-3
-0.00146484
-45
-0.0219727
112
0.0546875
-8
-0.00390625
16
0.0078125
24
0.0117188
-15
-0.00732422
-53
-0.0258789
20
0.00976562
0
0
14
0.00683594
29
0.0141602
7
0.00341797
22
0.0107422
-50
-0.0244141
6
0.00292969
29
0.0141602
-26
-0.0126953
-20
-0.00976562
-9
-0.00439453
-24
-0.0117188
17
0.00830078
-8
-0.00390625
-52
-0.0253906
16
0.0078125
27
0.0131836
26
0.0126953
19
0.00927734
34
0.0166016
-26
-0.0126953
-35
-0.0170898
-4
-0.00195312
35
0.0170898
-39
-0.019043
63
0.0307617
-35
-0.0170898
37
0.0180664
-8
-0.00390625
-18
-0.00878906
-17
-0.00830078
35
0.0170898
25
0.012207
-33
-0.0161133
14
0.00683594
-1
-0.000488281
6
0.00292969
-26
-0.0126953
31
0.0151367
-15
-0.00732422
53
0.0258789
-3
-0.00146484
-24
-0.0117188
-40
-0.0195312
-60
-0.0292969
45
0.0219727
144
0.0703125
11
0.00537109
-53
-0.0258789
16
0.0078125
51
0.0249023
10
0.00488281
11
0.00537109
15
0.00732422
22
0.0107422
35
0.0170898
-58
-0.0283203
39
0.019043
-43
-0.0209961
5
0.00244141
