-38
-0.0262431
60
0.0414365
15
0.0103591
3
0.00207182
10
0.00690608
-43
-0.0296961
49
0.0338398
-34
-0.0234807
-16
-0.0110497
2
0.00138122
-2
-0.00138122
-21
-0.0145028
-20
-0.0138122
-11
-0.00759669
19
0.0131215
20
0.0138122
65
0.0448895
-14
-0.00966851
-43
-0.0296961
15
0.0103591
40
0.0276243
-58
-0.0400552
39
0.0269337
-5
-0.00345304
22
0.0151934
-22
-0.0151934
6
0.00414365
1
0.000690608
-71
-0.0490331
-50
-0.0345304
-35
-0.0241713
-15
-0.0103591
-31
-0.0214088
37
0.0255525
22
0.0151934
8
0.00552486
27
0.0186464
-19
-0.0131215
8
0.00552486
-12
-0.00828729
38
0.0262431
-48
-0.0331492
16
0.0110497
68
0.0469613
36
0.0248619
53
0.0366022
-9
-0.00621547
-55
-0.0379834
75
0.0517956
-25
-0.0172652
93
0.0642265
19
0.0131215
20
0.0138122
-23
-0.015884
-46
-0.031768
53
0.0366022
-16
-0.0110497
-46
-0.031768
12
0.00828729
-71
-0.0490331
-5
-0.00345304
-19
-0.0131215
36
0.0248619
34
0.0234807
-49
-0.0338398
41
0.0283149
-6
-0.00414365
-36
-0.0248619
-37
-0.0255525
34
0.0234807
31
0.0214088
0
0
16
0.0110497
-69
-0.0476519
19
0.0131215
17
0.0117403
-10
-0.00690608
-2
-0.00138122
-14
-0.00966851
-36
-0.0248619
-60
-0.0414365
-9
-0.00621547
-43
-0.0296961
-35
-0.0241713
45
0.0310773
37
0.0255525
4
0.00276243
13
0.0089779
10
0.00690608
20
0.0138122
-14
-0.00966851
-24
-0.0165746
-18
-0.0124309
-21
-0.0145028
-61
-0.0421271
24
0.0165746
-14
-0.00966851
-1
-0.000690608
-32
-0.0220994
89
0.0614641
-33
-0.0227901
-74
-0.051105
59
0.0407459
7
0.00483425
45
0.0310773
-13
-0.0089779
3
0.00207182
14
0.00966851
-48
-0.0331492
-2
-0.00138122
26
0.0179558
-63
-0.0435083
40
0.0276243
47
0.0324586
-1
-0.000690608
28
0.019337
93
0.0642265
69
0.0476519
20
0.0138122
13
0.0089779
0
0
41
0.0283149
-1
-0.000690608
2
0.00138122
40
0.0276243
36
0.0248619
-65
-0.0448895
-123
-0.0849448
17
0.0117403
10
0.00690608
34
0.0234807
-31
-0.0214088
-69
-0.0476519
-57
-0.0393646
-3
-0.00207182
-15
-0.0103591
46
0.031768
-76
-0.0524862
16
0.0110497
-51
-0.035221
55
0.0379834
-27
-0.0186464
14
0.00966851
-79
-0.054558
14
0.00966851
-18
-0.0124309
-31
-0.0214088
16
0.0110497
-47
-0.0324586
-21
-0.0145028
20
0.0138122
-44
-0.0303867
-7
-0.00483425
19
0.0131215
36
0.0248619
-17
-0.0117403
-28
-0.019337
-14
-0.00966851
10
0.00690608
27
0.0186464
11
0.00759669
49
0.0338398
-5
-0.00345304
26
0.0179558
26
0.0179558
43
0.0296961
23
0.015884
16
0.0110497
-2
-0.00138122
-29
-0.0200276
11
0.00759669
-8
-0.00552486
6
0.00414365
-22
-0.0151934
-4
-0.00276243
-23
-0.015884
-34
-0.0234807
-69
-0.0476519
-24
-0.0165746
5
0.00345304
-71
-0.0490331
-33
-0.0227901
13
0.0089779
-12
-0.00828729
-11
-0.00759669
13
0.0089779
16
0.0110497
47
0.0324586
-27
-0.0186464
-19
-0.0131215
-43
-0.0296961
-14
-0.00966851
-92
-0.0635359
26
0.0179558
-14
-0.00966851
-6
-0.00414365
24
0.0165746
-7
-0.00483425
-8
-0.00552486
42
0.0290055
-26
-0.0179558
7
0.00483425
-52
-0.0359116
-70
-0.0483425
18
0.0124309
3
0.00207182
72
0.0497238
83
0.0573204
-32
-0.0220994
39
0.0269337
-29
-0.0200276
4
0.00276243
-36
-0.0248619
-56
-0.038674
-19
-0.0131215
40
0.0276243
59
0.0407459
2
0.00138122
8
0.00552486
-23
-0.015884
-1
-0.000690608
11
0.00759669
5
0.00345304
-10
-0.00690608
8
0.00552486
-4
-0.00276243
-31
-0.0214088
10
0.00690608
28
0.019337
-8
-0.00552486
-15
-0.0103591
36
0.0248619
65
0.0448895
41
0.0283149
-28
-0.019337
-31
-0.0214088
-25
-0.0172652
8
0.00552486
34
0.0234807
-7
-0.00483425
12
0.00828729
-14
-0.00966851
14
0.00966851
29
0.0200276
67
0.0462707
44
0.0303867
-17
-0.0117403
54
0.0372928
-44
-0.0303867
3
0.00207182
-28
-0.019337
-8
-0.00552486
-93
-0.0642265
63
0.0435083
47
0.0324586
51
0.035221
20
0.0138122
-28
-0.019337
-21
-0.0145028
-12
-0.00828729
26
0.0179558
-13
-0.0089779
42
0.0290055
3
0.00207182
-61
-0.0421271
-3
-0.00207182
-18
-0.0124309
-1
-0.000690608
28
0.019337
-40
-0.0276243
29
0.0200276
51
0.035221
49
0.0338398
30
0.0207182
56
0.038674
11
0.00759669
-2
-0.00138122
50
0.0345304
-41
-0.0283149
-6
-0.00414365
-14
-0.00966851
-10
-0.00690608
-37
-0.0255525
-23
-0.015884
-23
-0.015884
-38
-0.0262431
-53
-0.0366022
28
0.019337
94
0.0649171
52
0.0359116
0
0
-4
-0.00276243
-24
-0.0165746
-11
-0.00759669
53
0.0366022
28
0.019337
16
0.0110497
38
0.0262431
3
0.00207182
8
0.00552486
-26
-0.0179558
-18
-0.0124309
8
0.00552486
9
0.00621547
11
0.00759669
15
0.0103591
9
0.00621547
-15
-0.0103591
10
0.00690608
-3
-0.00207182
21
0.0145028
-34
-0.0234807
-6
-0.00414365
43
0.0296961
-12
-0.00828729
44
0.0303867
-48
-0.0331492
-60
-0.0414365
-24
-0.0165746
-33
-0.0227901
0
0
51
0.035221
8
0.00552486
6
0.00414365
-40
-0.0276243
-10
-0.00690608
5
0.00345304
0
0
-77
-0.0531768
12
0.00828729
1
0.000690608
34
0.0234807
-9
-0.00621547
45
0.0310773
-8
-0.00552486
42
0.0290055
-11
-0.00759669
-13
-0.0089779
-8
-0.00552486
-18
-0.0124309
79
0.054558
44
0.0303867
-101
-0.0697514
10
0.00690608
23
0.015884
13
0.0089779
15
0.0103591
-9
-0.00621547
-16
-0.0110497
-41
-0.0283149
-36
-0.0248619
-50
-0.0345304
-25
-0.0172652
-2
-0.00138122
-13
-0.0089779
26
0.0179558
-36
-0.0248619
-40
-0.0276243
5
0.00345304
20
0.0138122
77
0.0531768
86
0.0593923
-15
-0.0103591
-14
-0.00966851
-4
-0.00276243
-9
-0.00621547
20
0.0138122
12
0.00828729
23
0.015884
25
0.0172652
-30
-0.0207182
-57
-0.0393646
-13
-0.0089779
11
0.00759669
-25
-0.0172652
83
0.0573204
-42
-0.0290055
12
0.00828729
-49
-0.0338398
-9
-0.00621547
-50
-0.0345304
-15
-0.0103591
75
0.0517956
71
0.0490331
43
0.0296961
-1
-0.000690608
2
0.00138122
-72
-0.0497238
18
0.0124309
14
0.00966851
-87
-0.0600829
-47
-0.0324586
-23
-0.015884
-40
-0.0276243
-8
-0.00552486
-55
-0.0379834
75
0.0517956
43
0.0296961
14
0.00966851
36
0.0248619
-23
-0.015884
-4
-0.00276243
-34
-0.0234807
-2
-0.00138122
-38
-0.0262431
21
0.0145028
-53
-0.0366022
12
0.00828729
-75
-0.0517956
18
0.0124309
-20
-0.0138122
-56
-0.038674
89
0.0614641
-68
-0.0469613
28
0.019337
-43
-0.0296961
2
0.00138122
37
0.0255525
47
0.0324586
-29
-0.0200276
11
0.00759669
-53
-0.0366022
-18
-0.0124309
-24
-0.0165746
16
0.0110497
27
0.0186464
8
0.00552486
20
0.0138122
39
0.0269337
-20
-0.0138122
36
0.0248619
32
0.0220994
-55
-0.0379834
0
0
89
0.0614641
-60
-0.0414365
-7
-0.00483425
-41
-0.0283149
-67
-0.0462707
-30
-0.0207182
13
0.0089779
4
0.00276243
-6
-0.00414365
99
0.0683702
-46
-0.031768
66
0.0455801
-114
-0.0787293
25
0.0172652
0
0
22
0.0151934
24
0.0165746
25
0.0172652
12
0.00828729
6
0.00414365
-18
-0.0124309
40
0.0276243
-1
-0.000690608
3
0.00207182
2
0.00138122
44
0.0303867
-65
-0.0448895
3
0.00207182
-44
-0.0303867
-50
-0.0345304
-16
-0.0110497
-17
-0.0117403
-33
-0.0227901
20
0.0138122
-18
-0.0124309
2
0.00138122
-8
-0.00552486
-41
-0.0283149
-23
-0.015884
30
0.0207182
-4
-0.00276243
8
0.00552486
-2
-0.00138122
12
0.00828729
-1
-0.000690608
-2
-0.00138122
-30
-0.0207182
-16
-0.0110497
15
0.0103591
-2
-0.00138122
-43
-0.0296961
5
0.00345304
49
0.0338398
-16
-0.0110497
-5
-0.00345304
-21
-0.0145028
6
0.00414365
2
0.00138122
-19
-0.0131215
-21
-0.0145028
10
0.00690608
-57
-0.0393646
6
0.00414365
-9
-0.00621547
-54
-0.0372928
-16
-0.0110497
-39
-0.0269337
54
0.0372928
-27
-0.0186464
12
0.00828729
-35
-0.0241713
9
0.00621547
15
0.0103591
8
0.00552486
23
0.015884
-19
-0.0131215
23
0.015884
-47
-0.0324586
50
0.0345304
-5
-0.00345304
-3
-0.00207182
-63
-0.0435083
-6
-0.00414365
-25
-0.0172652
23
0.015884
-98
-0.0676796
-16
-0.0110497
16
0.0110497
-9
-0.00621547
30
0.0207182
53
0.0366022
-20
-0.0138122
-22
-0.0151934
-14
-0.00966851
39
0.0269337
-29
-0.0200276
-7
-0.00483425
-23
-0.015884
-53
-0.0366022
-27
-0.0186464
35
0.0241713
-14
-0.00966851
41
0.0283149
-2
-0.00138122
65
0.0448895
-16
-0.0110497
58
0.0400552
46
0.031768
-89
-0.0614641
-36
-0.0248619
-13
-0.0089779
60
0.0414365
7
0.00483425
16
0.0110497
37
0.0255525
-3
-0.00207182
53
0.0366022
16
0.0110497
-22
-0.0151934
3
0.00207182
-26
-0.0179558
-27
-0.0186464
-28
-0.019337
-82
-0.0566298
21
0.0145028
-36
-0.0248619
39
0.0269337
-15
-0.0103591
20
0.0138122
-18
-0.0124309
16
0.0110497
9
0.00621547
-39
-0.0269337
11
0.00759669
-99
-0.0683702
-20
-0.0138122
-25
-0.0172652
-37
-0.0255525
43
0.0296961
-40
-0.0276243
13
0.0089779
19
0.0131215
16
0.0110497
-63
-0.0435083
0
0
6
0.00414365
2
0.00138122
24
0.0165746
35
0.0241713
-44
-0.0303867
-45
-0.0310773
54
0.0372928
10
0.00690608
23
0.015884
13
0.0089779
-4
-0.00276243
-4
-0.00276243
43
0.0296961
1
0.000690608
-31
-0.0214088
22
0.0151934
-24
-0.0165746
-3
-0.00207182
22
0.0151934
-25
-0.0172652
1
0.000690608
-14
-0.00966851
22
0.0151934
11
0.00759669
36
0.0248619
-42
-0.0290055
18
0.0124309
-86
-0.0593923
5
0.00345304
-39
-0.0269337
58
0.0400552
-11
-0.00759669
69
0.0476519
-25
-0.0172652
2
0.00138122
68
0.0469613
19
0.0131215
53
0.0366022
71
0.0490331
-3
-0.00207182
5
0.00345304
19
0.0131215
17
0.0117403
-31
-0.0214088
24
0.0165746
-104
-0.0718232
42
0.0290055
61
0.0421271
-3
-0.00207182
59
0.0407459
-7
-0.00483425
-23
-0.015884
24
0.0165746
25
0.0172652
67
0.0462707
12
0.00828729
-5
-0.00345304
-44
-0.0303867
-6
-0.00414365
93
0.0642265
42
0.0290055
30
0.0207182
-91
-0.0628453
9
0.00621547
-42
-0.0290055
9
0.00621547
24
0.0165746
-3
-0.00207182
-10
-0.00690608
53
0.0366022
-26
-0.0179558
-15
-0.0103591
-74
-0.051105
-24
-0.0165746
-4
-0.00276243
34
0.0234807
-10
-0.00690608
33
0.0227901
41
0.0283149
-13
-0.0089779
10
0.00690608
-4
-0.00276243
-73
-0.0504144
32
0.0220994
-6
-0.00414365
-27
-0.0186464
-9
-0.00621547
13
0.0089779
-48
-0.0331492
-27
-0.0186464
20
0.0138122
-5
-0.00345304
28
0.019337
32
0.0220994
-8
-0.00552486
-12
-0.00828729
-2
-0.00138122
17
0.0117403
-14
-0.00966851
-40
-0.0276243
-17
-0.0117403
51
0.035221
20
0.0138122
33
0.0227901
40
0.0276243
-14
-0.00966851
-36
-0.0248619
-2
-0.00138122
-24
-0.0165746
10
0.00690608
1
0.000690608
-19
-0.0131215
-43
-0.0296961
-14
-0.00966851
-20
-0.0138122
38
0.0262431
-8
-0.00552486
3
0.00207182
0
0
-29
-0.0200276
-30
-0.0207182
17
0.0117403
49
0.0338398
-8
-0.00552486
3
0.00207182
-51
-0.035221
-24
-0.0165746
17
0.0117403
-29
-0.0200276
-86
-0.0593923
-9
-0.00621547
10
0.00690608
49
0.0338398
15
0.0103591
37
0.0255525
22
0.0151934
53
0.0366022
1
0.000690608
-29
-0.0200276
37
0.0255525
46
0.031768
61
0.0421271
-12
-0.00828729
19
0.0131215
24
0.0165746
-54
-0.0372928
-10
-0.00690608
-36
-0.0248619
19
0.0131215
-9
-0.00621547
-28
-0.019337
22
0.0151934
30
0.0207182
15
0.0103591
-1
-0.000690608
-2
-0.00138122
1
0.000690608
-42
-0.0290055
33
0.0227901
-36
-0.0248619
-48
-0.0331492
2
0.00138122
4
0.00276243
-38
-0.0262431
33
0.0227901
-3
-0.00207182
-32
-0.0220994
62
0.0428177
-9
-0.00621547
3
0.00207182
45
0.0310773
-19
-0.0131215
-31
-0.0214088
26
0.0179558
-17
-0.0117403
23
0.015884
20
0.0138122
23
0.015884
51
0.035221
-54
-0.0372928
9
0.00621547
-34
-0.0234807
19
0.0131215
-48
-0.0331492
49
0.0338398
49
0.0338398
-3
-0.00207182
-17
-0.0117403
6
0.00414365
-8
-0.00552486
29
0.0200276
13
0.0089779
-30
-0.0207182
-1
-0.000690608
1
0.000690608
37
0.0255525
-63
-0.0435083
47
0.0324586
42
0.0290055
-27
-0.0186464
33
0.0227901
1
0.000690608
28
0.019337
0
0
26
0.0179558
-34
-0.0234807
41
0.0283149
6
0.00414365
-33
-0.0227901
6
0.00414365
28
0.019337
37
0.0255525
-71
-0.0490331
-42
-0.0290055
-16
-0.0110497
74
0.051105
49
0.0338398
17
0.0117403
44
0.0303867
-45
-0.0310773
2
0.00138122
-17
-0.0117403
-19
-0.0131215
21
0.0145028
-13
-0.0089779
47
0.0324586
-50
-0.0345304
10
0.00690608
41
0.0283149
29
0.0200276
-42
-0.0290055
-9
-0.00621547
-30
-0.0207182
42
0.0290055
13
0.0089779
8
0.00552486
-79
-0.054558
-25
-0.0172652
53
0.0366022
60
0.0414365
10
0.00690608
32
0.0220994
-38
-0.0262431
-23
-0.015884
-1
-0.000690608
-48
-0.0331492
-57
-0.0393646
-20
-0.0138122
14
0.00966851
-16
-0.0110497
17
0.0117403
47
0.0324586
-40
-0.0276243
11
0.00759669
-24
-0.0165746
-36
-0.0248619
38
0.0262431
-7
-0.00483425
32
0.0220994
-2
-0.00138122
2
0.00138122
-27
-0.0186464
-41
-0.0283149
45
0.0310773
11
0.00759669
72
0.0497238
-16
-0.0110497
-2
-0.00138122
-48
-0.0331492
-65
-0.0448895
-84
-0.058011
10
0.00690608
29
0.0200276
4
0.00276243
21
0.0145028
-53
-0.0366022
-26
-0.0179558
6
0.00414365
-11
-0.00759669
14
0.00966851
-40
-0.0276243
-81
-0.0559392
-15
-0.0103591
7
0.00483425
2
0.00138122
-6
-0.00414365
-25
-0.0172652
-29
-0.0200276
5
0.00345304
25
0.0172652
-87
-0.0600829
44
0.0303867
40
0.0276243
-75
-0.0517956
24
0.0165746
50
0.0345304
8
0.00552486
-27
-0.0186464
11
0.00759669
-16
-0.0110497
11
0.00759669
-16
-0.0110497
-27
-0.0186464
16
0.0110497
3
0.00207182
47
0.0324586
2
0.00138122
-13
-0.0089779
13
0.0089779
-32
-0.0220994
-6
-0.00414365
-20
-0.0138122
76
0.0524862
-72
-0.0497238
-25
-0.0172652
-38
-0.0262431
77
0.0531768
-15
-0.0103591
-6
-0.00414365
-40
-0.0276243
-20
-0.0138122
19
0.0131215
-7
-0.00483425
-18
-0.0124309
6
0.00414365
-17
-0.0117403
-38
-0.0262431
-20
-0.0138122
-58
-0.0400552
15
0.0103591
-8
-0.00552486
-27
-0.0186464
21
0.0145028
26
0.0179558
-7
-0.00483425
-3
-0.00207182
-52
-0.0359116
-33
-0.0227901
28
0.019337
25
0.0172652
-17
-0.0117403
-17
-0.0117403
8
0.00552486
18
0.0124309
20
0.0138122
-23
-0.015884
-5
-0.00345304
-28
-0.019337
16
0.0110497
54
0.0372928
14
0.00966851
-40
-0.0276243
28
0.019337
-14
-0.00966851
-47
-0.0324586
-42
-0.0290055
-4
-0.00276243
-20
-0.0138122
19
0.0131215
37
0.0255525
-6
-0.00414365
-52
-0.0359116
25
0.0172652
15
0.0103591
-27
-0.0186464
-12
-0.00828729
16
0.0110497
-54
-0.0372928
36
0.0248619
-6
-0.00414365
15
0.0103591
-74
-0.051105
5
0.00345304
-64
-0.0441989
9
0.00621547
-9
-0.00621547
27
0.0186464
2
0.00138122
34
0.0234807
23
0.015884
-3
-0.00207182
-32
-0.0220994
62
0.0428177
-22
-0.0151934
-8
-0.00552486
-46
-0.031768
6
0.00414365
-9
-0.00621547
-13
-0.0089779
-39
-0.0269337
-32
-0.0220994
9
0.00621547
30
0.0207182
-101
-0.0697514
-96
-0.0662983
28
0.019337
45
0.0310773
-40
-0.0276243
-42
-0.0290055
-32
-0.0220994
-3
-0.00207182
30
0.0207182
-63
-0.0435083
24
0.0165746
58
0.0400552
-17
-0.0117403
4
0.00276243
-48
-0.0331492
0
0
6
0.00414365
3
0.00207182
46
0.031768
-27
-0.0186464
-15
-0.0103591
39
0.0269337
12
0.00828729
33
0.0227901
-47
-0.0324586
40
0.0276243
16
0.0110497
44
0.0303867
-17
-0.0117403
-26
-0.0179558
-12
-0.00828729
-40
-0.0276243
16
0.0110497
-48
-0.0331492
-8
-0.00552486
21
0.0145028
29
0.0200276
0
0
-12
-0.00828729
19
0.0131215
-29
-0.0200276
2
0.00138122
36
0.0248619
51
0.035221
24
0.0165746
35
0.0241713
-5
-0.00345304
38
0.0262431
33
0.0227901
52
0.0359116
23
0.015884
-29
-0.0200276
90
0.0621547
-12
-0.00828729
38
0.0262431
-24
-0.0165746
-56
-0.038674
-21
-0.0145028
-44
-0.0303867
13
0.0089779
19
0.0131215
27
0.0186464
27
0.0186464
12
0.00828729
66
0.0455801
20
0.0138122
46
0.031768
-25
-0.0172652
-39
-0.0269337
40
0.0276243
61
0.0421271
43
0.0296961
-56
-0.038674
-53
-0.0366022
-31
-0.0214088
-5
-0.00345304
-28
-0.019337
-22
-0.0151934
43
0.0296961
-51
-0.035221
-59
-0.0407459
25
0.0172652
1
0.000690608
-30
-0.0207182
-53
-0.0366022
12
0.00828729
17
0.0117403
-25
-0.0172652
-89
-0.0614641
12
0.00828729
-7
-0.00483425
-12
-0.00828729
-62
-0.0428177
-12
-0.00828729
6
0.00414365
2
0.00138122
43
0.0296961
-61
-0.0421271
24
0.0165746
32
0.0220994
-10
-0.00690608
38
0.0262431
-28
-0.019337
-30
-0.0207182
65
0.0448895
-49
-0.0338398
-86
-0.0593923
2
0.00138122
19
0.0131215
-35
-0.0241713
-25
-0.0172652
-10
-0.00690608
-38
-0.0262431
-52
-0.0359116
-9
-0.00621547
16
0.0110497
-11
-0.00759669
15
0.0103591
36
0.0248619
-13
-0.0089779
38
0.0262431
19
0.0131215
-110
-0.0759669
37
0.0255525
-19
-0.0131215
20
0.0138122
24
0.0165746
-13
-0.0089779
-6
-0.00414365
41
0.0283149
-48
-0.0331492
-25
-0.0172652
38
0.0262431
58
0.0400552
64
0.0441989
-2
-0.00138122
-3
-0.00207182
0
0
-40
-0.0276243
-30
-0.0207182
-48
-0.0331492
-3
-0.00207182
-30
-0.0207182
17
0.0117403
-101
-0.0697514
16
0.0110497
-55
-0.0379834
9
0.00621547
24
0.0165746
-54
-0.0372928
-13
-0.0089779
66
0.0455801
29
0.0200276
18
0.0124309
10
0.00690608
-19
-0.0131215
23
0.015884
-18
-0.0124309
22
0.0151934
43
0.0296961
-7
-0.00483425
16
0.0110497
16
0.0110497
-48
-0.0331492
2
0.00138122
18
0.0124309
-74
-0.051105
-62
-0.0428177
28
0.019337
-73
-0.0504144
44
0.0303867
-43
-0.0296961
-30
-0.0207182
31
0.0214088
19
0.0131215
-17
-0.0117403
4
0.00276243
-4
-0.00276243
12
0.00828729
-49
-0.0338398
-34
-0.0234807
-20
-0.0138122
-29
-0.0200276
-42
-0.0290055
-15
-0.0103591
26
0.0179558
-18
-0.0124309
45
0.0310773
50
0.0345304
-21
-0.0145028
-26
-0.0179558
27
0.0186464
-25
-0.0172652
1
0.000690608
28
0.019337
-5
-0.00345304
-19
-0.0131215
-20
-0.0138122
-39
-0.0269337
-41
-0.0283149
25
0.0172652
9
0.00621547
-30
-0.0207182
3
0.00207182
57
0.0393646
27
0.0186464
5
0.00345304
47
0.0324586
24
0.0165746
-29
-0.0200276
-9
-0.00621547
68
0.0469613
31
0.0214088
-19
-0.0131215
15
0.0103591
-6
-0.00414365
48
0.0331492
-28
-0.019337
-11
-0.00759669
-10
-0.00690608
-31
-0.0214088
-41
-0.0283149
-13
-0.0089779
66
0.0455801
-7
-0.00483425
59
0.0407459
-40
-0.0276243
5
0.00345304
22
0.0151934
-51
-0.035221
137
0.0946133
6
0.00414365
-24
-0.0165746
92
0.0635359
31
0.0214088
34
0.0234807
2
0.00138122
4
0.00276243
5
0.00345304
3
0.00207182
-7
-0.00483425
-73
-0.0504144
9
0.00621547
-40
-0.0276243
78
0.0538674
-39
-0.0269337
36
0.0248619
-8
-0.00552486
12
0.00828729
-51
-0.035221
-61
-0.0421271
-5
-0.00345304
40
0.0276243
45
0.0310773
-27
-0.0186464
39
0.0269337
-46
-0.031768
-39
-0.0269337
-87
-0.0600829
-34
-0.0234807
51
0.035221
-1
-0.000690608
10
0.00690608
0
0
-30
-0.0207182
48
0.0331492
18
0.0124309
-4
-0.00276243
-13
-0.0089779
12
0.00828729
46
0.031768
2
0.00138122
-63
-0.0435083
-20
-0.0138122
48
0.0331492
-47
-0.0324586
18
0.0124309
-40
-0.0276243
57
0.0393646
5
0.00345304
-4
-0.00276243
-26
-0.0179558
-1
-0.000690608
-26
-0.0179558
-6
-0.00414365
-22
-0.0151934
-38
-0.0262431
13
0.0089779
-19
-0.0131215
-7
-0.00483425
11
0.00759669
-80
-0.0552486
70
0.0483425
-18
-0.0124309
19
0.0131215
-21
-0.0145028
-80
-0.0552486
-28
-0.019337
13
0.0089779
-21
-0.0145028
-57
-0.0393646
-30
-0.0207182
14
0.00966851
10
0.00690608
25
0.0172652
-70
-0.0483425
37
0.0255525
-41
-0.0283149
20
0.0138122
36
0.0248619
-7
-0.00483425
-12
-0.00828729
-4
-0.00276243
-46
-0.031768
46
0.031768
-16
-0.0110497
8
0.00552486
79
0.054558
16
0.0110497
-20
-0.0138122
-10
-0.00690608
-7
-0.00483425
-7
-0.00483425
-6
-0.00414365
2
0.00138122
-39
-0.0269337
-11
-0.00759669
20
0.0138122
-26
-0.0179558
-17
-0.0117403
78
0.0538674
-9
-0.00621547
-52
-0.0359116
40
0.0276243
11
0.00759669
-5
-0.00345304
-56
-0.038674
16
0.0110497
41
0.0283149
2
0.00138122
-7
-0.00483425
21
0.0145028
36
0.0248619
-13
-0.0089779
41
0.0283149
14
0.00966851
-32
-0.0220994
15
0.0103591
-4
-0.00276243
-36
-0.0248619
-6
-0.00414365
-49
-0.0338398
-23
-0.015884
8
0.00552486
-23
-0.015884
4
0.00276243
-69
-0.0476519
21
0.0145028
-29
-0.0200276
-8
-0.00552486
-44
-0.0303867
-33
-0.0227901
50
0.0345304
-28
-0.019337
-13
-0.0089779
-7
-0.00483425
-23
-0.015884
0
0
-12
-0.00828729
-56
-0.038674
21
0.0145028
-1
-0.000690608
-7
-0.00483425
-4
-0.00276243
36
0.0248619
0
0
13
0.0089779
47
0.0324586
-23
-0.015884
-54
-0.0372928
4
0.00276243
-34
-0.0234807
73
0.0504144
-63
-0.0435083
-22
-0.0151934
-2
-0.00138122
-99
-0.0683702
82
0.0566298
-3
-0.00207182
-13
-0.0089779
-24
-0.0165746
-16
-0.0110497
14
0.00966851
-25
-0.0172652
-15
-0.0103591
4
0.00276243
69
0.0476519
53
0.0366022
9
0.00621547
73
0.0504144
-52
-0.0359116
30
0.0207182
-33
-0.0227901
40
0.0276243
-1
-0.000690608
57
0.0393646
20
0.0138122
-23
-0.015884
-22
-0.0151934
-47
-0.0324586
-30
-0.0207182
-19
-0.0131215
-42
-0.0290055
-28
-0.019337
-29
-0.0200276
11
0.00759669
16
0.0110497
-28
-0.019337
43
0.0296961
-7
-0.00483425
95
0.0656077
-34
-0.0234807
22
0.0151934
37
0.0255525
-19
-0.0131215
19
0.0131215
-13
-0.0089779
17
0.0117403
-10
-0.00690608
-63
-0.0435083
-49
-0.0338398
15
0.0103591
-7
-0.00483425
-19
-0.0131215
-7
-0.00483425
-20
-0.0138122
10
0.00690608
6
0.00414365
-33
-0.0227901
-28
-0.019337
61
0.0421271
-48
-0.0331492
-29
-0.0200276
12
0.00828729
-40
-0.0276243
-22
-0.0151934
3
0.00207182
-22
-0.0151934
66
0.0455801
29
0.0200276
59
0.0407459
30
0.0207182
94
0.0649171
-8
-0.00552486
-26
-0.0179558
-8
-0.00552486
-11
-0.00759669
3
0.00207182
-52
-0.0359116
59
0.0407459
15
0.0103591
-31
-0.0214088
0
0
13
0.0089779
10
0.00690608
-2
-0.00138122
-4
-0.00276243
-12
-0.00828729
-20
-0.0138122
18
0.0124309
-1
-0.000690608
62
0.0428177
-8
-0.00552486
-28
-0.019337
78
0.0538674
-4
-0.00276243
68
0.0469613
11
0.00759669
25
0.0172652
-9
-0.00621547
25
0.0172652
-23
-0.015884
-43
-0.0296961
20
0.0138122
22
0.0151934
10
0.00690608
10
0.00690608
-10
-0.00690608
12
0.00828729
11
0.00759669
-2
-0.00138122
13
0.0089779
49
0.0338398
-30
-0.0207182
-9
-0.00621547
-15
-0.0103591
40
0.0276243
5
0.00345304
-44
-0.0303867
18
0.0124309
1
0.000690608
0
0
-40
-0.0276243
31
0.0214088
29
0.0200276
-41
-0.0283149
-32
-0.0220994
-44
-0.0303867
27
0.0186464
4
0.00276243
58
0.0400552
49
0.0338398
-20
-0.0138122
-16
-0.0110497
31
0.0214088
46
0.031768
-16
-0.0110497
-1
-0.000690608
-22
-0.0151934
19
0.0131215
5
0.00345304
3
0.00207182
9
0.00621547
-12
-0.00828729
37
0.0255525
5
0.00345304
-10
-0.00690608
-12
-0.00828729
9
0.00621547
15
0.0103591
40
0.0276243
-10
-0.00690608
-27
-0.0186464
-11
-0.00759669
36
0.0248619
50
0.0345304
53
0.0366022
-32
-0.0220994
-37
-0.0255525
-19
-0.0131215
11
0.00759669
36
0.0248619
-6
-0.00414365
-43
-0.0296961
50
0.0345304
48
0.0331492
-38
-0.0262431
-28
-0.019337
9
0.00621547
-65
-0.0448895
63
0.0435083
-46
-0.031768
18
0.0124309
2
0.00138122
67
0.0462707
13
0.0089779
-44
-0.0303867
-36
-0.0248619
-7
-0.00483425
-4
-0.00276243
-24
-0.0165746
40
0.0276243
-29
-0.0200276
39
0.0269337
-26
-0.0179558
-57
-0.0393646
30
0.0207182
29
0.0200276
-8
-0.00552486
46
0.031768
13
0.0089779
-52
-0.0359116
23
0.015884
30
0.0207182
29
0.0200276
-17
-0.0117403
-57
-0.0393646
-55
-0.0379834
34
0.0234807
-37
-0.0255525
-25
-0.0172652
30
0.0207182
7
0.00483425
8
0.00552486
-80
-0.0552486
45
0.0310773
44
0.0303867
19
0.0131215
-2
-0.00138122
-26
-0.0179558
52
0.0359116
-25
-0.0172652
7
0.00483425
37
0.0255525
-26
-0.0179558
25
0.0172652
-23
-0.015884
-19
-0.0131215
-15
-0.0103591
-10
-0.00690608
73
0.0504144
22
0.0151934
3
0.00207182
-26
-0.0179558
-10
-0.00690608
-23
-0.015884
-31
-0.0214088
16
0.0110497
11
0.00759669
-27
-0.0186464
42
0.0290055
30
0.0207182
-41
-0.0283149
-1
-0.000690608
54
0.0372928
-33
-0.0227901
-7
-0.00483425
-23
-0.015884
-12
-0.00828729
35
0.0241713
19
0.0131215
-4
-0.00276243
55
0.0379834
45
0.0310773
-71
-0.0490331
24
0.0165746
-17
-0.0117403
22
0.0151934
-45
-0.0310773
25
0.0172652
-4
-0.00276243
7
0.00483425
11
0.00759669
8
0.00552486
33
0.0227901
56
0.038674
-44
-0.0303867
48
0.0331492
7
0.00483425
18
0.0124309
78
0.0538674
-14
-0.00966851
23
0.015884
47
0.0324586
10
0.00690608
-17
-0.0117403
-21
-0.0145028
37
0.0255525
22
0.0151934
-38
-0.0262431
-2
-0.00138122
-25
-0.0172652
-12
-0.00828729
64
0.0441989
-11
-0.00759669
13
0.0089779
32
0.0220994
37
0.0255525
-35
-0.0241713
-50
-0.0345304
-7
-0.00483425
-10
-0.00690608
-70
-0.0483425
-23
-0.015884
31
0.0214088
15
0.0103591
22
0.0151934
5
0.00345304
-47
-0.0324586
31
0.0214088
26
0.0179558
38
0.0262431
17
0.0117403
28
0.019337
21
0.0145028
-24
-0.0165746
-38
-0.0262431
10
0.00690608
-17
-0.0117403
-34
-0.0234807
-26
-0.0179558
38
0.0262431
73
0.0504144
-16
-0.0110497
33
0.0227901
-43
-0.0296961
43
0.0296961
-26
-0.0179558
5
0.00345304
-19
-0.0131215
-17
-0.0117403
33
0.0227901
2
0.00138122
-51
-0.035221
41
0.0283149
15
0.0103591
-84
-0.058011
4
0.00276243
16
0.0110497
0
0
14
0.00966851
54
0.0372928
6
0.00414365
-6
-0.00414365
-18
-0.0124309
-11
-0.00759669
45
0.0310773
-10
-0.00690608
22
0.0151934
-8
-0.00552486
2
0.00138122
30
0.0207182
10
0.00690608
-27
-0.0186464
-13
-0.0089779
21
0.0145028
13
0.0089779
62
0.0428177
-1
-0.000690608
34
0.0234807
8
0.00552486
47
0.0324586
3
0.00207182
-40
-0.0276243
24
0.0165746
8
0.00552486
-42
-0.0290055
-22
-0.0151934
-32
-0.0220994
27
0.0186464
61
0.0421271
-18
-0.0124309
12
0.00828729
-33
-0.0227901
26
0.0179558
88
0.0607735
33
0.0227901
23
0.015884
-34
-0.0234807
-7
-0.00483425
-11
-0.00759669
-43
-0.0296961
-4
-0.00276243
-33
-0.0227901
-59
-0.0407459
-27
-0.0186464
-46
-0.031768
-38
-0.0262431
3
0.00207182
-10
-0.00690608
-58
-0.0400552
39
0.0269337
-18
-0.0124309
0
0
-12
-0.00828729
1
0.000690608
23
0.015884
38
0.0262431
-64
-0.0441989
21
0.0145028
56
0.038674
-10
-0.00690608
33
0.0227901
28
0.019337
-42
-0.0290055
14
0.00966851
-35
-0.0241713
-12
-0.00828729
34
0.0234807
-44
-0.0303867
-59
-0.0407459
46
0.031768
-17
-0.0117403
10
0.00690608
17
0.0117403
-10
-0.00690608
16
0.0110497
12
0.00828729
52
0.0359116
9
0.00621547
19
0.0131215
-44
-0.0303867
50
0.0345304
-61
-0.0421271
55
0.0379834
19
0.0131215
-21
-0.0145028
-34
-0.0234807
12
0.00828729
-37
-0.0255525
3
0.00207182
27
0.0186464
-52
-0.0359116
-51
-0.035221
20
0.0138122
-31
-0.0214088
-46
-0.031768
42
0.0290055
55
0.0379834
-47
-0.0324586
35
0.0241713
-19
-0.0131215
-5
-0.00345304
9
0.00621547
21
0.0145028
-12
-0.00828729
75
0.0517956
-13
-0.0089779
30
0.0207182
-38
-0.0262431
-62
-0.0428177
19
0.0131215
63
0.0435083
37
0.0255525
-19
-0.0131215
35
0.0241713
-21
-0.0145028
-40
-0.0276243
45
0.0310773
48
0.0331492
-39
-0.0269337
-37
-0.0255525
21
0.0145028
65
0.0448895
-1
-0.000690608
-8
-0.00552486
-30
-0.0207182
27
0.0186464
14
0.00966851
-1
-0.000690608
-41
-0.0283149
60
0.0414365
28
0.019337
-49
-0.0338398
38
0.0262431
-31
-0.0214088
-59
-0.0407459
-33
-0.0227901
44
0.0303867
25
0.0172652
29
0.0200276
1
0.000690608
49
0.0338398
23
0.015884
-10
-0.00690608
-7
-0.00483425
-51
-0.035221
-3
-0.00207182
-38
-0.0262431
-26
-0.0179558
3
0.00207182
-10
-0.00690608
28
0.019337
-18
-0.0124309
-50
-0.0345304
-8
-0.00552486
-15
-0.0103591
-16
-0.0110497
59
0.0407459
5
0.00345304
9
0.00621547
-3
-0.00207182
-35
-0.0241713
-1
-0.000690608
29
0.0200276
-18
-0.0124309
-72
-0.0497238
8
0.00552486
6
0.00414365
-6
-0.00414365
-39
-0.0269337
-24
-0.0165746
-6
-0.00414365
53
0.0366022
78
0.0538674
-53
-0.0366022
-31
-0.0214088
36
0.0248619
-55
-0.0379834
-3
-0.00207182
-55
-0.0379834
-4
-0.00276243
-119
-0.0821823
-2
-0.00138122
-9
-0.00621547
15
0.0103591
9
0.00621547
10
0.00690608
-49
-0.0338398
50
0.0345304
-14
-0.00966851
-15
-0.0103591
16
0.0110497
13
0.0089779
79
0.054558
19
0.0131215
-38
-0.0262431
-2
-0.00138122
13
0.0089779
-45
-0.0310773
56
0.038674
59
0.0407459
-29
-0.0200276
-24
-0.0165746
25
0.0172652
6
0.00414365
20
0.0138122
-3
-0.00207182
-1
-0.000690608
-24
-0.0165746
69
0.0476519
59
0.0407459
-49
-0.0338398
-1
-0.000690608
19
0.0131215
-15
-0.0103591
4
0.00276243
-40
-0.0276243
-7
-0.00483425
7
0.00483425
-19
-0.0131215
16
0.0110497
2
0.00138122
-44
-0.0303867
-17
-0.0117403
-103
-0.0711326
4
0.00276243
-21
-0.0145028
56
0.038674
53
0.0366022
-45
-0.0310773
11
0.00759669
33
0.0227901
11
0.00759669
20
0.0138122
71
0.0490331
-30
-0.0207182
-8
-0.00552486
-41
-0.0283149
25
0.0172652
26
0.0179558
58
0.0400552
61
0.0421271
-43
-0.0296961
-30
-0.0207182
8
0.00552486
-59
-0.0407459
43
0.0296961
-19
-0.0131215
34
0.0234807
26
0.0179558
-43
-0.0296961
43
0.0296961
-56
-0.038674
-6
-0.00414365
88
0.0607735
-38
-0.0262431
-40
-0.0276243
25
0.0172652
16
0.0110497
-9
-0.00621547
-36
-0.0248619
65
0.0448895
-82
-0.0566298
55
0.0379834
-74
-0.051105
10
0.00690608
-24
-0.0165746
6
0.00414365
36
0.0248619
81
0.0559392
15
0.0103591
-16
-0.0110497
-69
-0.0476519
68
0.0469613
-57
-0.0393646
-16
-0.0110497
-2
-0.00138122
-30
-0.0207182
12
0.00828729
-7
-0.00483425
12
0.00828729
34
0.0234807
10
0.00690608
1
0.000690608
-18
-0.0124309
20
0.0138122
11
0.00759669
6
0.00414365
6
0.00414365
25
0.0172652
36
0.0248619
-49
-0.0338398
-21
-0.0145028
17
0.0117403
-19
-0.0131215
-13
-0.0089779
-5
-0.00345304
10
0.00690608
12
0.00828729
13
0.0089779
13
0.0089779
5
0.00345304
55
0.0379834
46
0.031768
-54
-0.0372928
-6
-0.00414365
-3
-0.00207182
6
0.00414365
-20
-0.0138122
38
0.0262431
-33
-0.0227901
-21
-0.0145028
0
0
34
0.0234807
37
0.0255525
-35
-0.0241713
-53
-0.0366022
-30
-0.0207182
-21
-0.0145028
42
0.0290055
8
0.00552486
58
0.0400552
-8
-0.00552486
55
0.0379834
-3
-0.00207182
9
0.00621547
32
0.0220994
0
0
33
0.0227901
69
0.0476519
-9
-0.00621547
48
0.0331492
-37
-0.0255525
-37
-0.0255525
4
0.00276243
-8
-0.00552486
-27
-0.0186464
-41
-0.0283149
-47
-0.0324586
29
0.0200276
12
0.00828729
-31
-0.0214088
28
0.019337
47
0.0324586
27
0.0186464
9
0.00621547
12
0.00828729
-44
-0.0303867
-17
-0.0117403
-3
-0.00207182
41
0.0283149
18
0.0124309
23
0.015884
10
0.00690608
12
0.00828729
-30
-0.0207182
12
0.00828729
-20
-0.0138122
-21
-0.0145028
-89
-0.0614641
14
0.00966851
0
0
-54
-0.0372928
-36
-0.0248619
1
0.000690608
29
0.0200276
24
0.0165746
-15
-0.0103591
37
0.0255525
-6
-0.00414365
-50
-0.0345304
7
0.00483425
-3
-0.00207182
-7
-0.00483425
-12
-0.00828729
-12
-0.00828729
-11
-0.00759669
62
0.0428177
-53
-0.0366022
-53
-0.0366022
-81
-0.0559392
16
0.0110497
22
0.0151934
18
0.0124309
-75
-0.0517956
5
0.00345304
-6
-0.00414365
21
0.0145028
10
0.00690608
-35
-0.0241713
-66
-0.0455801
-12
-0.00828729
24
0.0165746
-51
-0.035221
-3
-0.00207182
-12
-0.00828729
-36
-0.0248619
5
0.00345304
7
0.00483425
-26
-0.0179558
56
0.038674
-40
-0.0276243
-53
-0.0366022
13
0.0089779
-31
-0.0214088
49
0.0338398
24
0.0165746
-91
-0.0628453
16
0.0110497
-11
-0.00759669
50
0.0345304
22
0.0151934
-30
-0.0207182
28
0.019337
42
0.0290055
1
0.000690608
0
0
76
0.0524862
51
0.035221
25
0.0172652
-62
-0.0428177
54
0.0372928
-10
-0.00690608
-37
-0.0255525
33
0.0227901
-49
-0.0338398
9
0.00621547
29
0.0200276
79
0.054558
-8
-0.00552486
11
0.00759669
-37
-0.0255525
-58
-0.0400552
-24
-0.0165746
48
0.0331492
-72
-0.0497238
-18
-0.0124309
43
0.0296961
-12
-0.00828729
-25
-0.0172652
22
0.0151934
-19
-0.0131215
28
0.019337
6
0.00414365
-14
-0.00966851
-29
-0.0200276
-8
-0.00552486
32
0.0220994
0
0
-45
-0.0310773
-25
-0.0172652
4
0.00276243
-49
-0.0338398
-48
-0.0331492
37
0.0255525
-23
-0.015884
-12
-0.00828729
4
0.00276243
-15
-0.0103591
55
0.0379834
-20
-0.0138122
46
0.031768
23
0.015884
-47
-0.0324586
-41
-0.0283149
21
0.0145028
-51
-0.035221
-43
-0.0296961
-9
-0.00621547
-1
-0.000690608
-38
-0.0262431
38
0.0262431
2
0.00138122
-80
-0.0552486
31
0.0214088
2
0.00138122
11
0.00759669
26
0.0179558
12
0.00828729
-7
-0.00483425
-4
-0.00276243
61
0.0421271
8
0.00552486
46
0.031768
-69
-0.0476519
35
0.0241713
-41
-0.0283149
-20
-0.0138122
10
0.00690608
37
0.0255525
-30
-0.0207182
52
0.0359116
5
0.00345304
20
0.0138122
-10
-0.00690608
-37
-0.0255525
38
0.0262431
-17
-0.0117403
38
0.0262431
-20
-0.0138122
24
0.0165746
-48
-0.0331492
-21
-0.0145028
45
0.0310773
82
0.0566298
36
0.0248619
-9
-0.00621547
-6
-0.00414365
36
0.0248619
-56
-0.038674
6
0.00414365
32
0.0220994
-29
-0.0200276
70
0.0483425
-13
-0.0089779
1
0.000690608
-2
-0.00138122
-28
-0.019337
52
0.0359116
19
0.0131215
-5
-0.00345304
32
0.0220994
55
0.0379834
64
0.0441989
-16
-0.0110497
-4
-0.00276243
-4
-0.00276243
12
0.00828729
4
0.00276243
-1
-0.000690608
0
0
-70
-0.0483425
-10
-0.00690608
-18
-0.0124309
54
0.0372928
-27
-0.0186464
8
0.00552486
-9
-0.00621547
12
0.00828729
-27
-0.0186464
23
0.015884
-22
-0.0151934
26
0.0179558
9
0.00621547
-17
-0.0117403
-38
-0.0262431
-17
-0.0117403
30
0.0207182
-43
-0.0296961
31
0.0214088
-15
-0.0103591
-69
-0.0476519
-21
-0.0145028
10
0.00690608
3
0.00207182
-57
-0.0393646
-19
-0.0131215
-1
-0.000690608
-29
-0.0200276
-3
-0.00207182
-42
-0.0290055
49
0.0338398
35
0.0241713
49
0.0338398
-11
-0.00759669
0
0
-24
-0.0165746
-47
-0.0324586
22
0.0151934
10
0.00690608
-9
-0.00621547
-6
-0.00414365
-69
-0.0476519
-78
-0.0538674
-37
-0.0255525
40
0.0276243
30
0.0207182
-74
-0.051105
-73
-0.0504144
-56
-0.038674
-18
-0.0124309
-2
-0.00138122
-1
-0.000690608
14
0.00966851
18
0.0124309
-31
-0.0214088
17
0.0117403
-5
-0.00345304
44
0.0303867
-1
-0.000690608
-17
-0.0117403
-17
-0.0117403
-51
-0.035221
7
0.00483425
-15
-0.0103591
63
0.0435083
0
0
43
0.0296961
25
0.0172652
-16
-0.0110497
-7
-0.00483425
-111
-0.0766575
46
0.031768
-46
-0.031768
-17
-0.0117403
14
0.00966851
-14
-0.00966851
63
0.0435083
9
0.00621547
5
0.00345304
12
0.00828729
16
0.0110497
14
0.00966851
-30
-0.0207182
-19
-0.0131215
53
0.0366022
-20
-0.0138122
10
0.00690608
4
0.00276243
-46
-0.031768
51
0.035221
-11
-0.00759669
-5
-0.00345304
5
0.00345304
48
0.0331492
36
0.0248619
-1
-0.000690608
-1
-0.000690608
-35
-0.0241713
-18
-0.0124309
-11
-0.00759669
-8
-0.00552486
23
0.015884
96
0.0662983
8
0.00552486
-49
-0.0338398
7
0.00483425
11
0.00759669
-10
-0.00690608
45
0.0310773
22
0.0151934
38
0.0262431
-37
-0.0255525
2
0.00138122
-48
-0.0331492
-34
-0.0234807
52
0.0359116
-71
-0.0490331
28
0.019337
56
0.038674
69
0.0476519
-65
-0.0448895
-28
-0.019337
-32
-0.0220994
-5
-0.00345304
22
0.0151934
-38
-0.0262431
-60
-0.0414365
12
0.00828729
23
0.015884
-48
-0.0331492
-76
-0.0524862
35
0.0241713
87
0.0600829
-51
-0.035221
23
0.015884
1
0.000690608
-73
-0.0504144
-32
-0.0220994
-31
-0.0214088
-22
-0.0151934
37
0.0255525
-48
-0.0331492
2
0.00138122
11
0.00759669
-25
-0.0172652
-25
-0.0172652
-36
-0.0248619
-44
-0.0303867
-3
-0.00207182
-19
-0.0131215
-3
-0.00207182
10
0.00690608
15
0.0103591
18
0.0124309
-5
-0.00345304
-17
-0.0117403
-65
-0.0448895
12
0.00828729
32
0.0220994
-28
-0.019337
39
0.0269337
1
0.000690608
-6
-0.00414365
27
0.0186464
-11
-0.00759669
-60
-0.0414365
53
0.0366022
9
0.00621547
-30
-0.0207182
5
0.00345304
1
0.000690608
-21
-0.0145028
-25
-0.0172652
-3
-0.00207182
-79
-0.054558
20
0.0138122
-74
-0.051105
-11
-0.00759669
3
0.00207182
26
0.0179558
-48
-0.0331492
-4
-0.00276243
-5
-0.00345304
6
0.00414365
-5
-0.00345304
-23
-0.015884
-54
-0.0372928
-51
-0.035221
-65
-0.0448895
-55
-0.0379834
20
0.0138122
-5
-0.00345304
40
0.0276243
-16
-0.0110497
-21
-0.0145028
30
0.0207182
23
0.015884
4
0.00276243
-41
-0.0283149
60
0.0414365
-78
-0.0538674
5
0.00345304
-26
-0.0179558
-2
-0.00138122
1
0.000690608
48
0.0331492
26
0.0179558
44
0.0303867
-30
-0.0207182
25
0.0172652
-50
-0.0345304
14
0.00966851
-98
-0.0676796
-44
-0.0303867
-20
-0.0138122
-49
-0.0338398
-4
-0.00276243
-5
-0.00345304
1
0.000690608
-24
-0.0165746
-30
-0.0207182
-14
-0.00966851
-32
-0.0220994
-6
-0.00414365
47
0.0324586
-19
-0.0131215
-96
-0.0662983
37
0.0255525
18
0.0124309
-26
-0.0179558
-23
-0.015884
-29
-0.0200276
32
0.0220994
23
0.015884
-91
-0.0628453
-104
-0.0718232
9
0.00621547
31
0.0214088
-26
-0.0179558
64
0.0441989
-18
-0.0124309
62
0.0428177
53
0.0366022
36
0.0248619
-44
-0.0303867
-34
-0.0234807
45
0.0310773
33
0.0227901
26
0.0179558
-9
-0.00621547
43
0.0296961
18
0.0124309
85
0.0587017
-11
-0.00759669
37
0.0255525
7
0.00483425
-36
-0.0248619
-46
-0.031768
14
0.00966851
-23
-0.015884
15
0.0103591
5
0.00345304
-6
-0.00414365
-9
-0.00621547
-24
-0.0165746
-9
-0.00621547
-7
-0.00483425
-10
-0.00690608
-4
-0.00276243
3
0.00207182
42
0.0290055
16
0.0110497
15
0.0103591
-16
-0.0110497
50
0.0345304
1
0.000690608
-4
-0.00276243
37
0.0255525
-24
-0.0165746
16
0.0110497
-65
-0.0448895
-50
-0.0345304
-49
-0.0338398
11
0.00759669
-30
-0.0207182
-70
-0.0483425
-87
-0.0600829
43
0.0296961
-26
-0.0179558
46
0.031768
-53
-0.0366022
12
0.00828729
35
0.0241713
14
0.00966851
41
0.0283149
-17
-0.0117403
-51
-0.035221
5
0.00345304
-13
-0.0089779
13
0.0089779
-46
-0.031768
61
0.0421271
-22
-0.0151934
62
0.0428177
43
0.0296961
-24
-0.0165746
86
0.0593923
10
0.00690608
4
0.00276243
29
0.0200276
-7
-0.00483425
-4
-0.00276243
-48
-0.0331492
56
0.038674
3
0.00207182
20
0.0138122
-46
-0.031768
39
0.0269337
-11
-0.00759669
-10
-0.00690608
38
0.0262431
27
0.0186464
8
0.00552486
25
0.0172652
-23
-0.015884
-29
-0.0200276
-45
-0.0310773
-66
-0.0455801
38
0.0262431
-34
-0.0234807
53
0.0366022
-17
-0.0117403
21
0.0145028
48
0.0331492
9
0.00621547
-2
-0.00138122
-15
-0.0103591
37
0.0255525
-38
-0.0262431
-9
-0.00621547
20
0.0138122
11
0.00759669
-24
-0.0165746
7
0.00483425
-57
-0.0393646
-3
-0.00207182
-23
-0.015884
30
0.0207182
5
0.00345304
-22
-0.0151934
2
0.00138122
28
0.019337
-24
-0.0165746
-39
-0.0269337
-17
-0.0117403
-78
-0.0538674
-20
-0.0138122
2
0.00138122
-40
-0.0276243
-10
-0.00690608
41
0.0283149
28
0.019337
40
0.0276243
-16
-0.0110497
17
0.0117403
82
0.0566298
3
0.00207182
17
0.0117403
0
0
44
0.0303867
-93
-0.0642265
44
0.0303867
11
0.00759669
-9
-0.00621547
17
0.0117403
37
0.0255525
32
0.0220994
22
0.0151934
9
0.00621547
24
0.0165746
49
0.0338398
11
0.00759669
47
0.0324586
-16
-0.0110497
36
0.0248619
-46
-0.031768
-16
-0.0110497
-36
-0.0248619
-81
-0.0559392
-69
-0.0476519
-62
-0.0428177
-36
-0.0248619
95
0.0656077
9
0.00621547
6
0.00414365
7
0.00483425
0
0
58
0.0400552
1
0.000690608
14
0.00966851
-54
-0.0372928
7
0.00483425
-32
-0.0220994
-32
-0.0220994
-1
-0.000690608
18
0.0124309
8
0.00552486
-37
-0.0255525
-7
-0.00483425
18
0.0124309
-2
-0.00138122
13
0.0089779
-56
-0.038674
-20
-0.0138122
-45
-0.0310773
-37
-0.0255525
-10
-0.00690608
-19
-0.0131215
17
0.0117403
-30
-0.0207182
-38
-0.0262431
-9
-0.00621547
49
0.0338398
-51
-0.035221
4
0.00276243
42
0.0290055
-46
-0.031768
-47
-0.0324586
-77
-0.0531768
15
0.0103591
53
0.0366022
-48
-0.0331492
3
0.00207182
13
0.0089779
30
0.0207182
22
0.0151934
27
0.0186464
15
0.0103591
-21
-0.0145028
6
0.00414365
-92
-0.0635359
40
0.0276243
57
0.0393646
0
0
-33
-0.0227901
-34
-0.0234807
17
0.0117403
13
0.0089779
-17
-0.0117403
9
0.00621547
-31
-0.0214088
-21
-0.0145028
-2
-0.00138122
20
0.0138122
-5
-0.00345304
-16
-0.0110497
-21
-0.0145028
-29
-0.0200276
-5
-0.00345304
33
0.0227901
29
0.0200276
35
0.0241713
29
0.0200276
29
0.0200276
0
0
-35
-0.0241713
-2
-0.00138122
58
0.0400552
-44
-0.0303867
-14
-0.00966851
-16
-0.0110497
-11
-0.00759669
-12
-0.00828729
46
0.031768
-52
-0.0359116
55
0.0379834
-16
-0.0110497
7
0.00483425
17
0.0117403
6
0.00414365
-12
-0.00828729
32
0.0220994
-13
-0.0089779
-25
-0.0172652
-2
-0.00138122
18
0.0124309
-4
-0.00276243
-47
-0.0324586
-18
-0.0124309
92
0.0635359
-16
-0.0110497
4
0.00276243
-42
-0.0290055
20
0.0138122
-26
-0.0179558
-3
-0.00207182
53
0.0366022
11
0.00759669
-6
-0.00414365
-66
-0.0455801
0
0
13
0.0089779
60
0.0414365
-1
-0.000690608
-27
-0.0186464
17
0.0117403
67
0.0462707
-9
-0.00621547
66
0.0455801
44
0.0303867
-37
-0.0255525
20
0.0138122
-32
-0.0220994
11
0.00759669
-1
-0.000690608
14
0.00966851
-18
-0.0124309
-12
-0.00828729
9
0.00621547
-33
-0.0227901
-4
-0.00276243
-5
-0.00345304
19
0.0131215
3
0.00207182
-117
-0.0808011
-35
-0.0241713
-13
-0.0089779
-1
-0.000690608
-3
-0.00207182
-41
-0.0283149
-44
-0.0303867
-20
-0.0138122
-88
-0.0607735
30
0.0207182
-31
-0.0214088
-26
-0.0179558
40
0.0276243
-2
-0.00138122
34
0.0234807
-14
-0.00966851
9
0.00621547
-41
-0.0283149
52
0.0359116
-44
-0.0303867
-19
-0.0131215
12
0.00828729
3
0.00207182
-37
-0.0255525
-35
-0.0241713
-33
-0.0227901
3
0.00207182
-43
-0.0296961
-64
-0.0441989
-11
-0.00759669
23
0.015884
9
0.00621547
-73
-0.0504144
-27
-0.0186464
-2
-0.00138122
-23
-0.015884
-9
-0.00621547
24
0.0165746
13
0.0089779
-23
-0.015884
-68
-0.0469613
39
0.0269337
-18
-0.0124309
18
0.0124309
-9
-0.00621547
-11
-0.00759669
78
0.0538674
18
0.0124309
-42
-0.0290055
-19
-0.0131215
61
0.0421271
3
0.00207182
-29
-0.0200276
-68
-0.0469613
22
0.0151934
27
0.0186464
-10
-0.00690608
-31
-0.0214088
-46
-0.031768
7
0.00483425
56
0.038674
56
0.038674
13
0.0089779
-55
-0.0379834
-10
-0.00690608
27
0.0186464
-51
-0.035221
28
0.019337
13
0.0089779
8
0.00552486
-48
-0.0331492
-6
-0.00414365
-8
-0.00552486
5
0.00345304
119
0.0821823
20
0.0138122
-8
-0.00552486
-58
-0.0400552
-15
-0.0103591
25
0.0172652
-35
-0.0241713
20
0.0138122
20
0.0138122
-9
-0.00621547
3
0.00207182
46
0.031768
87
0.0600829
30
0.0207182
7
0.00483425
-37
-0.0255525
-42
-0.0290055
-6
-0.00414365
48
0.0331492
10
0.00690608
14
0.00966851
5
0.00345304
77
0.0531768
-31
-0.0214088
8
0.00552486
-27
-0.0186464
-45
-0.0310773
-7
-0.00483425
-28
-0.019337
-24
-0.0165746
13
0.0089779
36
0.0248619
-11
-0.00759669
31
0.0214088
-28
-0.019337
9
0.00621547
32
0.0220994
3
0.00207182
-106
-0.0732044
23
0.015884
82
0.0566298
-28
-0.019337
49
0.0338398
22
0.0151934
-22
-0.0151934
31
0.0214088
15
0.0103591
49
0.0338398
-65
-0.0448895
-44
-0.0303867
-51
-0.035221
22
0.0151934
-37
-0.0255525
-75
-0.0517956
-63
-0.0435083
-18
-0.0124309
49
0.0338398
-2
-0.00138122
-12
-0.00828729
22
0.0151934
42
0.0290055
43
0.0296961
-2
-0.00138122
-5
-0.00345304
17
0.0117403
57
0.0393646
58
0.0400552
36
0.0248619
28
0.019337
11
0.00759669
57
0.0393646
-2
-0.00138122
-42
-0.0290055
-4
-0.00276243
-69
-0.0476519
-25
-0.0172652
0
0
-34
-0.0234807
-3
-0.00207182
14
0.00966851
-9
-0.00621547
7
0.00483425
-18
-0.0124309
18
0.0124309
14
0.00966851
-40
-0.0276243
67
0.0462707
6
0.00414365
-1
-0.000690608
-10
-0.00690608
48
0.0331492
5
0.00345304
3
0.00207182
-6
-0.00414365
-4
-0.00276243
-13
-0.0089779
-41
-0.0283149
48
0.0331492
23
0.015884
-16
-0.0110497
-27
-0.0186464
-21
-0.0145028
-10
-0.00690608
16
0.0110497
-48
-0.0331492
-8
-0.00552486
-12
-0.00828729
-10
-0.00690608
18
0.0124309
5
0.00345304
-8
-0.00552486
14
0.00966851
5
0.00345304
-15
-0.0103591
27
0.0186464
16
0.0110497
-72
-0.0497238
-14
-0.00966851
48
0.0331492
-33
-0.0227901
-36
-0.0248619
-33
-0.0227901
30
0.0207182
14
0.00966851
67
0.0462707
34
0.0234807
29
0.0200276
-24
-0.0165746
5
0.00345304
1
0.000690608
-39
-0.0269337
-33
-0.0227901
-23
-0.015884
23
0.015884
3
0.00207182
7
0.00483425
-47
-0.0324586
-3
-0.00207182
-4
-0.00276243
0
0
-39
-0.0269337
27
0.0186464
-51
-0.035221
-84
-0.058011
18
0.0124309
13
0.0089779
56
0.038674
7
0.00483425
31
0.0214088
-12
-0.00828729
15
0.0103591
22
0.0151934
-31
-0.0214088
7
0.00483425
-17
-0.0117403
-3
-0.00207182
-5
-0.00345304
-24
-0.0165746
4
0.00276243
42
0.0290055
-31
-0.0214088
-39
-0.0269337
-27
-0.0186464
39
0.0269337
10
0.00690608
-28
-0.019337
-103
-0.0711326
-47
-0.0324586
52
0.0359116
-3
-0.00207182
-15
-0.0103591
17
0.0117403
-12
-0.00828729
-7
-0.00483425
-17
-0.0117403
-37
-0.0255525
19
0.0131215
11
0.00759669
-34
-0.0234807
73
0.0504144
43
0.0296961
64
0.0441989
6
0.00414365
-26
-0.0179558
-29
-0.0200276
-25
-0.0172652
4
0.00276243
-25
-0.0172652
-13
-0.0089779
2
0.00138122
-34
-0.0234807
-5
-0.00345304
20
0.0138122
35
0.0241713
-53
-0.0366022
-10
-0.00690608
43
0.0296961
-30
-0.0207182
30
0.0207182
-9
-0.00621547
-16
-0.0110497
-21
-0.0145028
-23
-0.015884
14
0.00966851
59
0.0407459
-62
-0.0428177
-74
-0.051105
26
0.0179558
56
0.038674
41
0.0283149
-3
-0.00207182
-37
-0.0255525
0
0
-65
-0.0448895
-5
-0.00345304
27
0.0186464
44
0.0303867
-46
-0.031768
37
0.0255525
54
0.0372928
20
0.0138122
-13
-0.0089779
-22
-0.0151934
-26
-0.0179558
71
0.0490331
-14
-0.00966851
-26
-0.0179558
13
0.0089779
30
0.0207182
-61
-0.0421271
0
0
-62
-0.0428177
14
0.00966851
24
0.0165746
-22
-0.0151934
-21
-0.0145028
-11
-0.00759669
19
0.0131215
-32
-0.0220994
-10
-0.00690608
29
0.0200276
-6
-0.00414365
4
0.00276243
-11
-0.00759669
-23
-0.015884
52
0.0359116
-63
-0.0435083
-22
-0.0151934
27
0.0186464
-1
-0.000690608
-97
-0.066989
14
0.00966851
74
0.051105
-42
-0.0290055
-36
-0.0248619
14
0.00966851
-11
-0.00759669
22
0.0151934
61
0.0421271
-33
-0.0227901
-40
-0.0276243
12
0.00828729
33
0.0227901
-31
-0.0214088
-54
-0.0372928
-24
-0.0165746
34
0.0234807
-40
-0.0276243
63
0.0435083
0
0
-5
-0.00345304
-23
-0.015884
-15
-0.0103591
1
0.000690608
-40
-0.0276243
9
0.00621547
-3
-0.00207182
-69
-0.0476519
12
0.00828729
16
0.0110497
21
0.0145028
8
0.00552486
17
0.0117403
-9
-0.00621547
11
0.00759669
22
0.0151934
42
0.0290055
-5
-0.00345304
13
0.0089779
44
0.0303867
-8
-0.00552486
14
0.00966851
62
0.0428177
5
0.00345304
-34
-0.0234807
-30
-0.0207182
7
0.00483425
-42
-0.0290055
7
0.00483425
-16
-0.0110497
-2
-0.00138122
-3
-0.00207182
-52
-0.0359116
-2
-0.00138122
-43
-0.0296961
-6
-0.00414365
-11
-0.00759669
40
0.0276243
-38
-0.0262431
-33
-0.0227901
37
0.0255525
47
0.0324586
11
0.00759669
12
0.00828729
-11
-0.00759669
4
0.00276243
43
0.0296961
-16
-0.0110497
-24
-0.0165746
-3
-0.00207182
22
0.0151934
-14
-0.00966851
-69
-0.0476519
-28
-0.019337
7
0.00483425
58
0.0400552
39
0.0269337
25
0.0172652
-77
-0.0531768
-2
-0.00138122
45
0.0310773
38
0.0262431
-83
-0.0573204
-42
-0.0290055
0
0
-28
-0.019337
-37
-0.0255525
-75
-0.0517956
20
0.0138122
21
0.0145028
-20
-0.0138122
19
0.0131215
-59
-0.0407459
-1
-0.000690608
5
0.00345304
10
0.00690608
5
0.00345304
-35
-0.0241713
48
0.0331492
5
0.00345304
-11
-0.00759669
63
0.0435083
-16
-0.0110497
37
0.0255525
11
0.00759669
-56
-0.038674
17
0.0117403
-4
-0.00276243
4
0.00276243
-72
-0.0497238
-3
-0.00207182
39
0.0269337
-63
-0.0435083
12
0.00828729
18
0.0124309
17
0.0117403
-12
-0.00828729
-9
-0.00621547
-33
-0.0227901
15
0.0103591
-43
-0.0296961
56
0.038674
38
0.0262431
-28
-0.019337
53
0.0366022
5
0.00345304
9
0.00621547
39
0.0269337
-7
-0.00483425
7
0.00483425
-16
-0.0110497
-39
-0.0269337
28
0.019337
-37
-0.0255525
-49
-0.0338398
50
0.0345304
-25
-0.0172652
37
0.0255525
-36
-0.0248619
16
0.0110497
-11
-0.00759669
6
0.00414365
24
0.0165746
9
0.00621547
-51
-0.035221
46
0.031768
-14
-0.00966851
13
0.0089779
6
0.00414365
45
0.0310773
-50
-0.0345304
16
0.0110497
38
0.0262431
42
0.0290055
-14
-0.00966851
-27
-0.0186464
93
0.0642265
52
0.0359116
23
0.015884
7
0.00483425
-32
-0.0220994
-33
-0.0227901
-2
-0.00138122
-12
-0.00828729
3
0.00207182
11
0.00759669
-34
-0.0234807
-8
-0.00552486
32
0.0220994
25
0.0172652
-80
-0.0552486
52
0.0359116
-9
-0.00621547
29
0.0200276
-30
-0.0207182
28
0.019337
-60
-0.0414365
-36
-0.0248619
56
0.038674
5
0.00345304
103
0.0711326
-9
-0.00621547
33
0.0227901
-1
-0.000690608
-10
-0.00690608
11
0.00759669
-26
-0.0179558
41
0.0283149
29
0.0200276
14
0.00966851
1
0.000690608
-25
-0.0172652
9
0.00621547
51
0.035221
-49
-0.0338398
26
0.0179558
-117
-0.0808011
22
0.0151934
-37
-0.0255525
21
0.0145028
38
0.0262431
24
0.0165746
-18
-0.0124309
12
0.00828729
-13
-0.0089779
-48
-0.0331492
4
0.00276243
10
0.00690608
36
0.0248619
-37
-0.0255525
30
0.0207182
11
0.00759669
3
0.00207182
43
0.0296961
39
0.0269337
-43
-0.0296961
-41
-0.0283149
39
0.0269337
58
0.0400552
-56
-0.038674
34
0.0234807
63
0.0435083
-18
-0.0124309
13
0.0089779
30
0.0207182
15
0.0103591
25
0.0172652
-4
-0.00276243
21
0.0145028
-33
-0.0227901
60
0.0414365
11
0.00759669
0
0
57
0.0393646
59
0.0407459
13
0.0089779
-1
-0.000690608
-55
-0.0379834
-21
-0.0145028
-12
-0.00828729
35
0.0241713
-17
-0.0117403
-81
-0.0559392
1
0.000690608
66
0.0455801
26
0.0179558
3
0.00207182
-32
-0.0220994
-27
-0.0186464
0
0
43
0.0296961
5
0.00345304
33
0.0227901
-31
-0.0214088
-1
-0.000690608
5
0.00345304
-1
-0.000690608
-20
-0.0138122
24
0.0165746
6
0.00414365
-60
-0.0414365
12
0.00828729
28
0.019337
6
0.00414365
-47
-0.0324586
20
0.0138122
15
0.0103591
2
0.00138122
-28
-0.019337
17
0.0117403
8
0.00552486
-11
-0.00759669
9
0.00621547
39
0.0269337
-16
-0.0110497
-7
-0.00483425
16
0.0110497
-20
-0.0138122
38
0.0262431
-7
-0.00483425
-51
-0.035221
17
0.0117403
10
0.00690608
1
0.000690608
60
0.0414365
-16
-0.0110497
35
0.0241713
-19
-0.0131215
32
0.0220994
-14
-0.00966851
-64
-0.0441989
22
0.0151934
-32
-0.0220994
23
0.015884
-39
-0.0269337
-60
-0.0414365
-45
-0.0310773
9
0.00621547
-67
-0.0462707
8
0.00552486
60
0.0414365
9
0.00621547
-23
-0.015884
-1
-0.000690608
56
0.038674
54
0.0372928
5
0.00345304
-22
-0.0151934
79
0.054558
14
0.00966851
-5
-0.00345304
66
0.0455801
0
0
-24
-0.0165746
48
0.0331492
22
0.0151934
37
0.0255525
13
0.0089779
-14
-0.00966851
25
0.0172652
14
0.00966851
7
0.00483425
-18
-0.0124309
-18
-0.0124309
35
0.0241713
9
0.00621547
21
0.0145028
-60
-0.0414365
-7
-0.00483425
-44
-0.0303867
39
0.0269337
-14
-0.00966851
-9
-0.00621547
12
0.00828729
-10
-0.00690608
87
0.0600829
3
0.00207182
-5
-0.00345304
-1
-0.000690608
-24
-0.0165746
44
0.0303867
-57
-0.0393646
20
0.0138122
21
0.0145028
-96
-0.0662983
55
0.0379834
19
0.0131215
-22
-0.0151934
15
0.0103591
17
0.0117403
53
0.0366022
22
0.0151934
1
0.000690608
16
0.0110497
-19
-0.0131215
0
0
71
0.0490331
6
0.00414365
-18
-0.0124309
-22
-0.0151934
110
0.0759669
3
0.00207182
0
0
34
0.0234807
14
0.00966851
-32
-0.0220994
-62
-0.0428177
32
0.0220994
41
0.0283149
30
0.0207182
9
0.00621547
10
0.00690608
-36
-0.0248619
-6
-0.00414365
10
0.00690608
51
0.035221
25
0.0172652
17
0.0117403
38
0.0262431
18
0.0124309
84
0.058011
13
0.0089779
-17
-0.0117403
30
0.0207182
-28
-0.019337
20
0.0138122
-39
-0.0269337
-50
-0.0345304
14
0.00966851
-19
-0.0131215
27
0.0186464
41
0.0283149
-44
-0.0303867
16
0.0110497
-23
-0.015884
-5
-0.00345304
-49
-0.0338398
-63
-0.0435083
21
0.0145028
22
0.0151934
-7
-0.00483425
41
0.0283149
-8
-0.00552486
-17
-0.0117403
-15
-0.0103591
9
0.00621547
69
0.0476519
41
0.0283149
45
0.0310773
-57
-0.0393646
0
0
36
0.0248619
-43
-0.0296961
35
0.0241713
52
0.0359116
22
0.0151934
43
0.0296961
30
0.0207182
-21
-0.0145028
-2
-0.00138122
30
0.0207182
5
0.00345304
28
0.019337
20
0.0138122
8
0.00552486
29
0.0200276
-19
-0.0131215
41
0.0283149
-34
-0.0234807
-70
-0.0483425
-29
-0.0200276
2
0.00138122
52
0.0359116
-13
-0.0089779
47
0.0324586
10
0.00690608
25
0.0172652
9
0.00621547
3
0.00207182
-22
-0.0151934
-84
-0.058011
-34
-0.0234807
64
0.0441989
-33
-0.0227901
-23
-0.015884
-29
-0.0200276
33
0.0227901
-5
-0.00345304
-16
-0.0110497
-29
-0.0200276
25
0.0172652
28
0.019337
42
0.0290055
36
0.0248619
7
0.00483425
-70
-0.0483425
-44
-0.0303867
-14
-0.00966851
-14
-0.00966851
20
0.0138122
20
0.0138122
-8
-0.00552486
70
0.0483425
35
0.0241713
-3
-0.00207182
-21
-0.0145028
-8
-0.00552486
-19
-0.0131215
-23
-0.015884
5
0.00345304
2
0.00138122
46
0.031768
11
0.00759669
7
0.00483425
6
0.00414365
39
0.0269337
-65
-0.0448895
-14
-0.00966851
-37
-0.0255525
64
0.0441989
-50
-0.0345304
-29
-0.0200276
35
0.0241713
-20
-0.0138122
-22
-0.0151934
-43
-0.0296961
-4
-0.00276243
26
0.0179558
81
0.0559392
-17
-0.0117403
29
0.0200276
-31
-0.0214088
-2
-0.00138122
4
0.00276243
44
0.0303867
-23
-0.015884
-59
-0.0407459
-44
-0.0303867
-13
-0.0089779
-6
-0.00414365
-21
-0.0145028
-66
-0.0455801
11
0.00759669
66
0.0455801
4
0.00276243
21
0.0145028
-27
-0.0186464
74
0.051105
-71
-0.0490331
3
0.00207182
-22
-0.0151934
-16
-0.0110497
-33
-0.0227901
29
0.0200276
34
0.0234807
-65
-0.0448895
-24
-0.0165746
-21
-0.0145028
-9
-0.00621547
17
0.0117403
40
0.0276243
47
0.0324586
-66
-0.0455801
40
0.0276243
-121
-0.0835635
-12
-0.00828729
56
0.038674
-2
-0.00138122
27
0.0186464
-27
-0.0186464
-32
-0.0220994
12
0.00828729
16
0.0110497
-29
-0.0200276
55
0.0379834
2
0.00138122
13
0.0089779
12
0.00828729
68
0.0469613
-44
-0.0303867
-45
-0.0310773
36
0.0248619
-14
-0.00966851
65
0.0448895
-4
-0.00276243
-51
-0.035221
-11
-0.00759669
10
0.00690608
22
0.0151934
-36
-0.0248619
-40
-0.0276243
-37
-0.0255525
-50
-0.0345304
-15
-0.0103591
-8
-0.00552486
4
0.00276243
-78
-0.0538674
7
0.00483425
-20
-0.0138122
28
0.019337
33
0.0227901
-2
-0.00138122
16
0.0110497
28
0.019337
17
0.0117403
-6
-0.00414365
-9
-0.00621547
-13
-0.0089779
22
0.0151934
6
0.00414365
-48
-0.0331492
-46
-0.031768
96
0.0662983
-11
-0.00759669
64
0.0441989
-4
-0.00276243
8
0.00552486
-4
-0.00276243
6
0.00414365
-16
-0.0110497
-9
-0.00621547
88
0.0607735
26
0.0179558
-37
-0.0255525
-20
-0.0138122
-20
-0.0138122
1
0.000690608
15
0.0103591
38
0.0262431
5
0.00345304
-8
-0.00552486
13
0.0089779
-14
-0.00966851
47
0.0324586
-36
-0.0248619
82
0.0566298
59
0.0407459
54
0.0372928
-66
-0.0455801
56
0.038674
25
0.0172652
49
0.0338398
25
0.0172652
-23
-0.015884
32
0.0220994
-3
-0.00207182
68
0.0469613
1
0.000690608
-36
-0.0248619
-20
-0.0138122
-5
-0.00345304
-8
-0.00552486
-42
-0.0290055
37
0.0255525
53
0.0366022
-42
-0.0290055
10
0.00690608
-9
-0.00621547
45
0.0310773
-8
-0.00552486
-77
-0.0531768
-3
-0.00207182
-35
-0.0241713
-18
-0.0124309
16
0.0110497
-35
-0.0241713
21
0.0145028
-66
-0.0455801
-73
-0.0504144
36
0.0248619
2
0.00138122
17
0.0117403
-3
-0.00207182
22
0.0151934
3
0.00207182
74
0.051105
4
0.00276243
10
0.00690608
24
0.0165746
1
0.000690608
48
0.0331492
19
0.0131215
7
0.00483425
-22
-0.0151934
-69
-0.0476519
-37
-0.0255525
-62
-0.0428177
-23
-0.015884
-3
-0.00207182
-1
-0.000690608
10
0.00690608
5
0.00345304
4
0.00276243
34
0.0234807
23
0.015884
-3
-0.00207182
22
0.0151934
-24
-0.0165746
60
0.0414365
45
0.0310773
24
0.0165746
4
0.00276243
-89
-0.0614641
-36
-0.0248619
34
0.0234807
20
0.0138122
25
0.0172652
30
0.0207182
33
0.0227901
-49
-0.0338398
-28
-0.019337
-7
-0.00483425
0
0
38
0.0262431
3
0.00207182
63
0.0435083
21
0.0145028
-25
-0.0172652
13
0.0089779
-20
-0.0138122
-17
-0.0117403
-104
-0.0718232
-52
-0.0359116
-12
-0.00828729
-17
-0.0117403
25
0.0172652
28
0.019337
0
0
-5
-0.00345304
-47
-0.0324586
-31
-0.0214088
3
0.00207182
7
0.00483425
-34
-0.0234807
-12
-0.00828729
-32
-0.0220994
15
0.0103591
13
0.0089779
-9
-0.00621547
14
0.00966851
28
0.019337
-35
-0.0241713
-50
-0.0345304
0
0
93
0.0642265
-37
-0.0255525
9
0.00621547
-13
-0.0089779
-3
-0.00207182
35
0.0241713
27
0.0186464
24
0.0165746
19
0.0131215
24
0.0165746
-21
-0.0145028
-28
-0.019337
-18
-0.0124309
1
0.000690608
13
0.0089779
1
0.000690608
20
0.0138122
6
0.00414365
5
0.00345304
25
0.0172652
-4
-0.00276243
-14
-0.00966851
27
0.0186464
-27
-0.0186464
23
0.015884
8
0.00552486
8
0.00552486
-43
-0.0296961
3
0.00207182
-1
-0.000690608
57
0.0393646
6
0.00414365
3
0.00207182
16
0.0110497
7
0.00483425
-55
-0.0379834
-35
-0.0241713
-27
-0.0186464
16
0.0110497
-1
-0.000690608
-17
-0.0117403
17
0.0117403
-2
-0.00138122
-43
-0.0296961
-5
-0.00345304
-1
-0.000690608
-9
-0.00621547
-50
-0.0345304
4
0.00276243
2
0.00138122
37
0.0255525
4
0.00276243
-53
-0.0366022
-3
-0.00207182
-47
-0.0324586
49
0.0338398
9
0.00621547
-6
-0.00414365
8
0.00552486
-78
-0.0538674
-45
-0.0310773
-57
-0.0393646
50
0.0345304
19
0.0131215
26
0.0179558
-61
-0.0421271
11
0.00759669
-1
-0.000690608
13
0.0089779
13
0.0089779
25
0.0172652
41
0.0283149
75
0.0517956
16
0.0110497
7
0.00483425
-52
-0.0359116
7
0.00483425
-6
-0.00414365
37
0.0255525
-35
-0.0241713
69
0.0476519
-62
-0.0428177
40
0.0276243
-46
-0.031768
56
0.038674
-19
-0.0131215
17
0.0117403
-30
-0.0207182
19
0.0131215
1
0.000690608
-24
-0.0165746
-47
-0.0324586
-11
-0.00759669
8
0.00552486
-27
-0.0186464
-84
-0.058011
-51
-0.035221
30
0.0207182
-87
-0.0600829
-27
-0.0186464
44
0.0303867
-13
-0.0089779
-17
-0.0117403
43
0.0296961
2
0.00138122
15
0.0103591
40
0.0276243
-5
-0.00345304
48
0.0331492
7
0.00483425
88
0.0607735
24
0.0165746
-23
-0.015884
35
0.0241713
14
0.00966851
7
0.00483425
71
0.0490331
-22
-0.0151934
-43
-0.0296961
-25
-0.0172652
-21
-0.0145028
30
0.0207182
41
0.0283149
-21
-0.0145028
-56
-0.038674
-7
-0.00483425
34
0.0234807
-10
-0.00690608
51
0.035221
6
0.00414365
28
0.019337
-57
-0.0393646
-148
-0.10221
-53
-0.0366022
14
0.00966851
53
0.0366022
-31
-0.0214088
17
0.0117403
39
0.0269337
-33
-0.0227901
-19
-0.0131215
50
0.0345304
1
0.000690608
-2
-0.00138122
-76
-0.0524862
31
0.0214088
73
0.0504144
-48
-0.0331492
11
0.00759669
30
0.0207182
14
0.00966851
-14
-0.00966851
7
0.00483425
-65
-0.0448895
-12
-0.00828729
12
0.00828729
12
0.00828729
17
0.0117403
-30
-0.0207182
-44
-0.0303867
2
0.00138122
17
0.0117403
-15
-0.0103591
-55
-0.0379834
-23
-0.015884
-24
-0.0165746
3
0.00207182
8
0.00552486
-4
-0.00276243
-20
-0.0138122
-18
-0.0124309
-49
-0.0338398
38
0.0262431
5
0.00345304
-36
-0.0248619
-13
-0.0089779
62
0.0428177
-10
-0.00690608
12
0.00828729
-13
-0.0089779
25
0.0172652
-6
-0.00414365
-95
-0.0656077
21
0.0145028
-54
-0.0372928
-5
-0.00345304
16
0.0110497
4
0.00276243
50
0.0345304
23
0.015884
-12
-0.00828729
-27
-0.0186464
-7
-0.00483425
23
0.015884
-15
-0.0103591
-59
-0.0407459
41
0.0283149
-5
-0.00345304
5
0.00345304
-25
-0.0172652
-122
-0.0842541
-27
-0.0186464
23
0.015884
40
0.0276243
-6
-0.00414365
73
0.0504144
-51
-0.035221
-19
-0.0131215
12
0.00828729
23
0.015884
-9
-0.00621547
8
0.00552486
29
0.0200276
-26
-0.0179558
10
0.00690608
31
0.0214088
-48
-0.0331492
-27
-0.0186464
-18
-0.0124309
36
0.0248619
24
0.0165746
-2
-0.00138122
-30
-0.0207182
44
0.0303867
-1
-0.000690608
42
0.0290055
13
0.0089779
48
0.0331492
29
0.0200276
18
0.0124309
-24
-0.0165746
57
0.0393646
33
0.0227901
15
0.0103591
-71
-0.0490331
0
0
-39
-0.0269337
-6
-0.00414365
-29
-0.0200276
21
0.0145028
23
0.015884
38
0.0262431
-15
-0.0103591
-58
-0.0400552
