452
0.019508
-259
-0.0111782
541
0.0233492
199
0.00858869
-400
-0.0172637
-99
-0.00427277
-117
-0.00504963
70
0.00302115
-319
-0.0137678
-26
-0.00112214
-415
-0.0179111
-275
-0.0118688
-203
-0.00876133
78
0.00336642
-615
-0.0265429
-79
-0.00340958
-136
-0.00586966
299
0.0129046
429
0.0185153
110
0.00474752
360
0.0155373
-7
-0.000302115
-246
-0.0106172
-8
-0.000345274
-138
-0.00595598
-56
-0.00241692
405
0.0174795
65
0.00280535
-164
-0.00707812
207
0.00893397
-267
-0.0115235
-155
-0.00668968
-63
-0.00271903
-164
-0.00707812
383
0.01653
-247
-0.0106603
351
0.0151489
-104
-0.00448856
343
0.0148036
356
0.0153647
-68
-0.00293483
164
0.00707812
67
0.00289167
129
0.00556754
-413
-0.0178248
247
0.0106603
166
0.00716444
-196
-0.00845921
671
0.0289599
-244
-0.0105309
411
0.0177385
154
0.00664653
-508
-0.0219249
-95
-0.00410013
-659
-0.028442
-52
-0.00224428
326
0.0140699
13
0.00056107
405
0.0174795
79
0.00340958
238
0.0102719
-167
-0.0072076
166
0.00716444
-288
-0.0124299
-370
-0.0159689
327
0.0141131
-147
-0.00634441
-37
-0.00159689
359
0.0154942
83
0.00358222
115
0.00496331
91
0.00392749
386
0.0166595
180
0.00776867
21
0.000906344
1
4.31593e-05
228
0.00984031
142
0.00612861
-218
-0.00940872
-112
-0.00483384
150
0.00647389
93
0.00401381
270
0.011653
53
0.00228744
102
0.00440224
-18
-0.000776867
-286
-0.0123435
-78
-0.00336642
-631
-0.0272335
119
0.00513595
318
0.0137246
48
0.00207164
-38
-0.00164005
335
0.0144584
-135
-0.0058265
154
0.00664653
159
0.00686232
109
0.00470436
207
0.00893397
-25
-0.00107898
385
0.0166163
-287
-0.0123867
-96
-0.00414329
149
0.00643073
130
0.0056107
63
0.00271903
255
0.0110056
-65
-0.00280535
-55
-0.00237376
231
0.00996979
101
0.00435909
-185
-0.00798446
276
0.011912
-44
-0.00189901
-271
-0.0116962
235
0.0101424
44
0.00189901
-340
-0.0146741
-190
-0.00820026
36
0.00155373
295
0.012732
23
0.000992663
-147
-0.00634441
5
0.000215796
157
0.006776
259
0.0111782
80
0.00345274
28
0.00120846
238
0.0102719
47
0.00202849
361
0.0155805
2
8.63185e-05
192
0.00828658
-222
-0.00958136
-665
-0.0287009
-114
-0.00492016
122
0.00526543
-78
-0.00336642
450
0.0194217
82
0.00353906
-404
-0.0174363
196
0.00845921
281
0.0121278
149
0.00643073
-168
-0.00725076
278
0.0119983
-57
-0.00246008
-69
-0.00297799
429
0.0185153
136
0.00586966
-351
-0.0151489
131
0.00565386
-480
-0.0207164
-76
-0.0032801
252
0.0108761
-90
-0.00388433
841
0.0362969
63
0.00271903
-227
-0.00979715
178
0.00768235
-91
-0.00392749
74
0.00319379
-188
-0.00811394
-144
-0.00621493
3
0.000129478
-46
-0.00198533
109
0.00470436
-133
-0.00574018
-321
-0.0138541
-2
-8.63185e-05
-580
-0.0250324
240
0.0103582
-222
-0.00958136
83
0.00358222
169
0.00729391
-34
-0.00146741
149
0.00643073
0
0
123
0.00530859
63
0.00271903
-519
-0.0223997
374
0.0161416
-19
-0.000820026
11
0.000474752
176
0.00759603
228
0.00984031
-56
-0.00241692
9
0.000388433
409
0.0176521
326
0.0140699
-449
-0.0193785
148
0.00638757
-443
-0.0191196
278
0.0119983
76
0.0032801
-174
-0.00750971
124
0.00535175
19
0.000820026
-56
-0.00241692
-31
-0.00133794
-18
-0.000776867
-5
-0.000215796
287
0.0123867
74
0.00319379
-59
-0.0025464
-136
-0.00586966
123
0.00530859
123
0.00530859
13
0.00056107
-66
-0.00284851
378
0.0163142
276
0.011912
-266
-0.0114804
-135
-0.0058265
45
0.00194217
-11
-0.000474752
-125
-0.00539491
-176
-0.00759603
331
0.0142857
-280
-0.0120846
-288
-0.0124299
-43
-0.00185585
-290
-0.0125162
-3
-0.000129478
-447
-0.0192922
-18
-0.000776867
396
0.0170911
-190
-0.00820026
-317
-0.0136815
-156
-0.00673284
4
0.000172637
-37
-0.00159689
200
0.00863185
151
0.00651705
607
0.0261977
69
0.00297799
-417
-0.0179974
-61
-0.00263271
179
0.00772551
199
0.00858869
-14
-0.00060423
272
0.0117393
-93
-0.00401381
-117
-0.00504963
-76
-0.0032801
65
0.00280535
-270
-0.011653
17
0.000733707
-4
-0.000172637
117
0.00504963
-332
-0.0143289
130
0.0056107
388
0.0167458
190
0.00820026
-24
-0.00103582
-84
-0.00362538
-64
-0.00276219
24
0.00103582
-390
-0.0168321
-120
-0.00517911
-130
-0.0056107
50
0.00215796
-249
-0.0107467
-81
-0.0034959
-4
-0.000172637
164
0.00707812
-34
-0.00146741
46
0.00198533
-374
-0.0161416
-119
-0.00513595
77
0.00332326
-65
-0.00280535
-259
-0.0111782
191
0.00824342
153
0.00660337
55
0.00237376
-220
-0.00949504
42
0.00181269
-73
-0.00315063
-50
-0.00215796
326
0.0140699
74
0.00319379
-29
-0.00125162
-96
-0.00414329
-444
-0.0191627
25
0.00107898
-753
-0.0324989
-137
-0.00591282
164
0.00707812
-193
-0.00832974
37
0.00159689
8
0.000345274
-292
-0.0126025
-6
-0.000258956
173
0.00746655
64
0.00276219
-549
-0.0236944
139
0.00599914
-367
-0.0158394
-110
-0.00474752
363
0.0156668
-134
-0.00578334
300
0.0129478
119
0.00513595
15
0.000647389
-50
-0.00215796
-942
-0.040656
23
0.000992663
-169
-0.00729391
223
0.00962451
209
0.00902028
218
0.00940872
-89
-0.00384117
-70
-0.00302115
-267
-0.0115235
15
0.000647389
-55
-0.00237376
-16
-0.000690548
-176
-0.00759603
42
0.00181269
-434
-0.0187311
-84
-0.00362538
140
0.0060423
-205
-0.00884765
-336
-0.0145015
-179
-0.00772551
127
0.00548123
63
0.00271903
102
0.00440224
-243
-0.0104877
-432
-0.0186448
36
0.00155373
-240
-0.0103582
-91
-0.00392749
-68
-0.00293483
-185
-0.00798446
415
0.0179111
-204
-0.00880449
-93
-0.00401381
55
0.00237376
-275
-0.0118688
518
0.0223565
-299
-0.0129046
-16
-0.000690548
82
0.00353906
-152
-0.00656021
361
0.0155805
-150
-0.00647389
60
0.00258956
289
0.012473
422
0.0182132
291
0.0125593
510
0.0220112
-6
-0.000258956
300
0.0129478
-458
-0.0197669
415
0.0179111
-257
-0.0110919
35
0.00151057
103
0.0044454
-476
-0.0205438
0
0
6
0.000258956
-291
-0.0125593
-76
-0.0032801
-15
-0.000647389
-421
-0.01817
-29
-0.00125162
-130
-0.0056107
55
0.00237376
-128
-0.00552438
-291
-0.0125593
-276
-0.011912
54
0.0023306
64
0.00276219
461
0.0198964
-71
-0.00306431
170
0.00733707
-687
-0.0296504
286
0.0123435
256
0.0110488
33
0.00142426
-666
-0.0287441
-32
-0.0013811
390
0.0168321
59
0.0025464
67
0.00289167
-51
-0.00220112
-107
-0.00461804
144
0.00621493
101
0.00435909
-88
-0.00379801
-388
-0.0167458
-37
-0.00159689
-237
-0.0102287
81
0.0034959
-148
-0.00638757
-78
-0.00336642
-522
-0.0225291
56
0.00241692
-172
-0.00742339
-73
-0.00315063
166
0.00716444
23
0.000992663
-988
-0.0426413
57
0.00246008
-91
-0.00392749
-64
-0.00276219
-94
-0.00405697
2
8.63185e-05
169
0.00729391
33
0.00142426
345
0.0148899
62
0.00267587
-100
-0.00431593
-174
-0.00750971
-230
-0.00992663
115
0.00496331
336
0.0145015
163
0.00703496
-134
-0.00578334
325
0.0140268
-32
-0.0013811
-173
-0.00746655
172
0.00742339
-126
-0.00543807
420
0.0181269
-20
-0.000863185
-705
-0.0304273
59
0.0025464
69
0.00297799
184
0.0079413
127
0.00548123
-99
-0.00427277
134
0.00578334
49
0.0021148
40
0.00172637
-396
-0.0170911
150
0.00647389
-85
-0.00366854
200
0.00863185
-61
-0.00263271
91
0.00392749
33
0.00142426
395
0.0170479
105
0.00453172
52
0.00224428
-100
-0.00431593
432
0.0186448
-205
-0.00884765
-330
-0.0142426
199
0.00858869
-173
-0.00746655
49
0.0021148
327
0.0141131
157
0.006776
47
0.00202849
-30
-0.00129478
-204
-0.00880449
-153
-0.00660337
-247
-0.0106603
-169
-0.00729391
-331
-0.0142857
60
0.00258956
262
0.0113077
-41
-0.00176953
427
0.018429
-139
-0.00599914
39
0.00168321
-24
-0.00103582
-115
-0.00496331
149
0.00643073
124
0.00535175
168
0.00725076
212
0.00914976
187
0.00807078
-325
-0.0140268
91
0.00392749
-482
-0.0208028
-17
-0.000733707
-319
-0.0137678
-71
-0.00306431
-146
-0.00630125
298
0.0128615
-26
-0.00112214
-355
-0.0153215
-277
-0.0119551
16
0.000690548
-151
-0.00651705
64
0.00276219
587
0.0253345
90
0.00388433
-235
-0.0101424
-300
-0.0129478
27
0.0011653
90
0.00388433
-285
-0.0123004
-42
-0.00181269
-228
-0.00984031
82
0.00353906
375
0.0161847
158
0.00681916
-94
-0.00405697
144
0.00621493
-163
-0.00703496
154
0.00664653
-104
-0.00448856
107
0.00461804
546
0.023565
-262
-0.0113077
-19
-0.000820026
-21
-0.000906344
-309
-0.0133362
-150
-0.00647389
-147
-0.00634441
387
0.0167026
-113
-0.004877
-102
-0.00440224
514
0.0221839
25
0.00107898
464
0.0200259
-144
-0.00621493
-302
-0.0130341
-10
-0.000431593
-141
-0.00608546
-97
-0.00418645
-246
-0.0106172
189
0.0081571
-327
-0.0141131
270
0.011653
-89
-0.00384117
69
0.00297799
4
0.000172637
-34
-0.00146741
349
0.0150626
57
0.00246008
100
0.00431593
-3
-0.000129478
-39
-0.00168321
147
0.00634441
29
0.00125162
144
0.00621493
-329
-0.0141994
184
0.0079413
432
0.0186448
-182
-0.00785498
-83
-0.00358222
276
0.011912
202
0.00871817
-107
-0.00461804
-110
-0.00474752
24
0.00103582
-130
-0.0056107
-106
-0.00457488
-93
-0.00401381
35
0.00151057
-150
-0.00647389
-37
-0.00159689
502
0.0216659
-151
-0.00651705
473
0.0204143
-139
-0.00599914
220
0.00949504
-483
-0.0208459
-67
-0.00289167
-119
-0.00513595
94
0.00405697
-147
-0.00634441
-653
-0.028183
56
0.00241692
-473
-0.0204143
-209
-0.00902028
-303
-0.0130773
-209
-0.00902028
-415
-0.0179111
-58
-0.00250324
81
0.0034959
86
0.0037117
167
0.0072076
-13
-0.00056107
-194
-0.0083729
-40
-0.00172637
614
0.0264998
-61
-0.00263271
-67
-0.00289167
-6
-0.000258956
-1
-4.31593e-05
-270
-0.011653
79
0.00340958
39
0.00168321
236
0.0101856
-12
-0.000517911
-178
-0.00768235
245
0.010574
318
0.0137246
-511
-0.0220544
139
0.00599914
200
0.00863185
436
0.0188174
189
0.0081571
-22
-0.000949504
41
0.00176953
105
0.00453172
231
0.00996979
373
0.0160984
96
0.00414329
83
0.00358222
20
0.000863185
-229
-0.00988347
218
0.00940872
95
0.00410013
-308
-0.0132931
-29
-0.00125162
47
0.00202849
114
0.00492016
-73
-0.00315063
-339
-0.014631
-366
-0.0157963
430
0.0185585
-50
-0.00215796
185
0.00798446
-180
-0.00776867
69
0.00297799
-8
-0.000345274
-294
-0.0126888
64
0.00276219
-370
-0.0159689
21
0.000906344
540
0.023306
-296
-0.0127751
-160
-0.00690548
-74
-0.00319379
174
0.00750971
284
0.0122572
243
0.0104877
137
0.00591282
-32
-0.0013811
160
0.00690548
597
0.0257661
-8
-0.000345274
538
0.0232197
-129
-0.00556754
-214
-0.00923608
134
0.00578334
-809
-0.0349158
184
0.0079413
-49
-0.0021148
316
0.0136383
-247
-0.0106603
52
0.00224428
229
0.00988347
49
0.0021148
-36
-0.00155373
-271
-0.0116962
61
0.00263271
136
0.00586966
193
0.00832974
170
0.00733707
81
0.0034959
-309
-0.0133362
43
0.00185585
123
0.00530859
405
0.0174795
-58
-0.00250324
-148
-0.00638757
103
0.0044454
-185
-0.00798446
-26
-0.00112214
-442
-0.0190764
-17
-0.000733707
-152
-0.00656021
-103
-0.0044454
342
0.0147605
68
0.00293483
90
0.00388433
-223
-0.00962451
-201
-0.00867501
-49
-0.0021148
-410
-0.0176953
185
0.00798446
-300
-0.0129478
-72
-0.00310747
80
0.00345274
183
0.00789814
-260
-0.0112214
134
0.00578334
-387
-0.0167026
205
0.00884765
-473
-0.0204143
-153
-0.00660337
-399
-0.0172205
155
0.00668968
273
0.0117825
187
0.00807078
251
0.010833
-170
-0.00733707
-498
-0.0214933
222
0.00958136
62
0.00267587
124
0.00535175
583
0.0251618
37
0.00159689
-53
-0.00228744
-51
-0.00220112
82
0.00353906
-215
-0.00927924
14
0.00060423
-287
-0.0123867
-385
-0.0166163
263
0.0113509
-215
-0.00927924
-177
-0.00763919
-115
-0.00496331
-62
-0.00267587
-1
-4.31593e-05
-186
-0.00802762
224
0.00966767
-147
-0.00634441
236
0.0101856
-98
-0.00422961
-126
-0.00543807
183
0.00789814
357
0.0154079
174
0.00750971
-319
-0.0137678
236
0.0101856
-385
-0.0166163
404
0.0174363
6
0.000258956
63
0.00271903
-59
-0.0025464
29
0.00125162
766
0.03306
-194
-0.0083729
395
0.0170479
-199
-0.00858869
-769
-0.0331895
-61
-0.00263271
210
0.00906344
271
0.0116962
-503
-0.0217091
107
0.00461804
97
0.00418645
-151
-0.00651705
666
0.0287441
-114
-0.00492016
416
0.0179543
-169
-0.00729391
-492
-0.0212344
46
0.00198533
49
0.0021148
167
0.0072076
-31
-0.00133794
-21
-0.000906344
626
0.0270177
-17
-0.000733707
-295
-0.012732
-164
-0.00707812
265
0.0114372
84
0.00362538
493
0.0212775
-81
-0.0034959
308
0.0132931
-78
-0.00336642
54
0.0023306
244
0.0105309
-62
-0.00267587
-198
-0.00854553
389
0.016789
9
0.000388433
-448
-0.0193353
-9
-0.000388433
-418
-0.0180406
263
0.0113509
-630
-0.0271903
-318
-0.0137246
-237
-0.0102287
-51
-0.00220112
-612
-0.0264135
-26
-0.00112214
77
0.00332326
-193
-0.00832974
186
0.00802762
-63
-0.00271903
568
0.0245145
-140
-0.0060423
-796
-0.0343548
326
0.0140699
128
0.00552438
56
0.00241692
14
0.00060423
-399
-0.0172205
442
0.0190764
-23
-0.000992663
63
0.00271903
121
0.00522227
-27
-0.0011653
150
0.00647389
-113
-0.004877
18
0.000776867
-83
-0.00358222
30
0.00129478
476
0.0205438
-108
-0.0046612
258
0.0111351
179
0.00772551
263
0.0113509
-9
-0.000388433
430
0.0185585
37
0.00159689
-392
-0.0169184
18
0.000776867
271
0.0116962
-256
-0.0110488
513
0.0221407
147
0.00634441
126
0.00543807
93
0.00401381
-174
-0.00750971
33
0.00142426
-303
-0.0130773
-8
-0.000345274
-804
-0.0347
-100
-0.00431593
-802
-0.0346137
-141
-0.00608546
343
0.0148036
104
0.00448856
273
0.0117825
-430
-0.0185585
119
0.00513595
12
0.000517911
-302
-0.0130341
64
0.00276219
331
0.0142857
-151
-0.00651705
248
0.0107035
186
0.00802762
75
0.00323694
-156
-0.00673284
-82
-0.00353906
-131
-0.00565386
16
0.000690548
64
0.00276219
-545
-0.0235218
-54
-0.0023306
20
0.000863185
65
0.00280535
123
0.00530859
27
0.0011653
1
4.31593e-05
-136
-0.00586966
-128
-0.00552438
116
0.00500647
72
0.00310747
4
0.000172637
492
0.0212344
17
0.000733707
40
0.00172637
-27
-0.0011653
-549
-0.0236944
-117
-0.00504963
46
0.00198533
-28
-0.00120846
-560
-0.0241692
42
0.00181269
-78
-0.00336642
-118
-0.00509279
265
0.0114372
-13
-0.00056107
-282
-0.0121709
124
0.00535175
-206
-0.00889081
-172
-0.00742339
40
0.00172637
-59
-0.0025464
-100
-0.00431593
145
0.00625809
236
0.0101856
-269
-0.0116098
486
0.0209754
27
0.0011653
264
0.011394
78
0.00336642
390
0.0168321
-67
-0.00289167
281
0.0121278
-114
-0.00492016
-646
-0.0278809
88
0.00379801
-518
-0.0223565
-157
-0.006776
166
0.00716444
-195
-0.00841606
-601
-0.0259387
-161
-0.00694864
254
0.0109625
-193
-0.00832974
-342
-0.0147605
-107
-0.00461804
-517
-0.0223133
-6
-0.000258956
-97
-0.00418645
-44
-0.00189901
374
0.0161416
-44
-0.00189901
341
0.0147173
-368
-0.0158826
91
0.00392749
345
0.0148899
313
0.0135088
-230
-0.00992663
-457
-0.0197238
10
0.000431593
-102
-0.00440224
-30
-0.00129478
-401
-0.0173069
-20
-0.000863185
-73
-0.00315063
56
0.00241692
97
0.00418645
75
0.00323694
-76
-0.0032801
62
0.00267587
542
0.0233923
-26
-0.00112214
-57
-0.00246008
-64
-0.00276219
-442
-0.0190764
295
0.012732
-290
-0.0125162
-31
-0.00133794
120
0.00517911
-123
-0.00530859
489
0.0211049
-243
-0.0104877
60
0.00258956
234
0.0100993
374
0.0161416
304
0.0131204
-380
-0.0164005
-20
-0.000863185
93
0.00401381
65
0.00280535
284
0.0122572
141
0.00608546
111
0.00479068
106
0.00457488
-266
-0.0114804
-217
-0.00936556
819
0.0353474
-233
-0.0100561
-213
-0.00919292
-90
-0.00388433
-457
-0.0197238
177
0.00763919
-34
-0.00146741
286
0.0123435
224
0.00966767
-22
-0.000949504
-324
-0.0139836
190
0.00820026
-527
-0.0227449
114
0.00492016
392
0.0169184
259
0.0111782
78
0.00336642
19
0.000820026
-7
-0.000302115
-131
-0.00565386
339
0.014631
83
0.00358222
-484
-0.0208891
-101
-0.00435909
-415
-0.0179111
-20
-0.000863185
55
0.00237376
129
0.00556754
27
0.0011653
203
0.00876133
369
0.0159258
71
0.00306431
-448
-0.0193353
-219
-0.00945188
-194
-0.0083729
71
0.00306431
3
0.000129478
77
0.00332326
-90
-0.00388433
-96
-0.00414329
219
0.00945188
-29
-0.00125162
-76
-0.0032801
-120
-0.00517911
-16
-0.000690548
217
0.00936556
107
0.00461804
-293
-0.0126457
66
0.00284851
77
0.00332326
-414
-0.0178679
-45
-0.00194217
-345
-0.0148899
-90
-0.00388433
101
0.00435909
-187
-0.00807078
-425
-0.0183427
-240
-0.0103582
199
0.00858869
-87
-0.00375486
-151
-0.00651705
-69
-0.00297799
282
0.0121709
-46
-0.00198533
-44
-0.00189901
-315
-0.0135952
-141
-0.00608546
-16
-0.000690548
14
0.00060423
-109
-0.00470436
-356
-0.0153647
140
0.0060423
85
0.00366854
45
0.00194217
102
0.00440224
-16
-0.000690548
258
0.0111351
-70
-0.00302115
-279
-0.0120414
399
0.0172205
-793
-0.0342253
22
0.000949504
301
0.0129909
-128
-0.00552438
43
0.00185585
-147
-0.00634441
29
0.00125162
-217
-0.00936556
-321
-0.0138541
-202
-0.00871817
-214
-0.00923608
-193
-0.00832974
172
0.00742339
299
0.0129046
126
0.00543807
202
0.00871817
-68
-0.00293483
118
0.00509279
-163
-0.00703496
-105
-0.00453172
11
0.000474752
132
0.00569702
8
0.000345274
51
0.00220112
-452
-0.019508
-443
-0.0191196
102
0.00440224
6
0.000258956
-415
-0.0179111
20
0.000863185
462
0.0199396
266
0.0114804
595
0.0256798
89
0.00384117
208
0.00897713
17
0.000733707
67
0.00289167
-13
-0.00056107
-168
-0.00725076
228
0.00984031
-750
-0.0323694
93
0.00401381
220
0.00949504
-118
-0.00509279
218
0.00940872
246
0.0106172
-178
-0.00768235
-16
-0.000690548
305
0.0131636
238
0.0102719
-117
-0.00504963
4
0.000172637
556
0.0239965
128
0.00552438
274
0.0118256
7
0.000302115
403
0.0173932
181
0.00781183
256
0.0110488
-139
-0.00599914
-350
-0.0151057
-61
-0.00263271
70
0.00302115
-244
-0.0105309
773
0.0333621
13
0.00056107
-717
-0.0309452
198
0.00854553
-435
-0.0187743
138
0.00595598
63
0.00271903
20
0.000863185
-177
-0.00763919
199
0.00858869
-73
-0.00315063
-47
-0.00202849
-23
-0.000992663
-28
-0.00120846
294
0.0126888
47
0.00202849
-513
-0.0221407
263
0.0113509
-300
-0.0129478
69
0.00297799
199
0.00858869
152
0.00656021
-311
-0.0134225
223
0.00962451
108
0.0046612
227
0.00979715
65
0.00280535
76
0.0032801
124
0.00535175
-306
-0.0132067
-177
-0.00763919
91
0.00392749
732
0.0315926
206
0.00889081
-643
-0.0277514
37
0.00159689
-56
-0.00241692
158
0.00681916
-116
-0.00500647
-181
-0.00781183
363
0.0156668
-160
-0.00690548
298
0.0128615
-13
-0.00056107
-368
-0.0158826
-467
-0.0201554
480
0.0207164
41
0.00176953
116
0.00500647
28
0.00120846
-337
-0.0145447
90
0.00388433
-248
-0.0107035
-98
-0.00422961
-222
-0.00958136
1
4.31593e-05
-188
-0.00811394
114
0.00492016
-169
-0.00729391
-3
-0.000129478
301
0.0129909
249
0.0107467
-186
-0.00802762
175
0.00755287
108
0.0046612
-114
-0.00492016
351
0.0151489
-86
-0.0037117
-78
-0.00336642
-34
-0.00146741
-576
-0.0248597
152
0.00656021
55
0.00237376
-126
-0.00543807
-19
-0.000820026
-228
-0.00984031
609
0.026284
-372
-0.0160552
-338
-0.0145878
-43
-0.00185585
-143
-0.00617177
-202
-0.00871817
184
0.0079413
50
0.00215796
731
0.0315494
290
0.0125162
-27
-0.0011653
109
0.00470436
-313
-0.0135088
291
0.0125593
-23
-0.000992663
-43
-0.00185585
548
0.0236513
-230
-0.00992663
587
0.0253345
201
0.00867501
-397
-0.0171342
257
0.0110919
-75
-0.00323694
-116
-0.00500647
-261
-0.0112646
-97
-0.00418645
61
0.00263271
284
0.0122572
454
0.0195943
162
0.0069918
-331
-0.0142857
-285
-0.0123004
266
0.0114804
114
0.00492016
164
0.00707812
77
0.00332326
-18
-0.000776867
-46
-0.00198533
463
0.0199827
123
0.00530859
-422
-0.0182132
-306
-0.0132067
279
0.0120414
-74
-0.00319379
68
0.00293483
-124
-0.00535175
201
0.00867501
-64
-0.00276219
-125
-0.00539491
81
0.0034959
-216
-0.0093224
-178
-0.00768235
-292
-0.0126025
-88
-0.00379801
160
0.00690548
77
0.00332326
-632
-0.0272767
14
0.00060423
4
0.000172637
-247
-0.0106603
197
0.00850237
27
0.0011653
451
0.0194648
123
0.00530859
117
0.00504963
72
0.00310747
-9
-0.000388433
19
0.000820026
497
0.0214502
-183
-0.00789814
170
0.00733707
-152
-0.00656021
235
0.0101424
-67
-0.00289167
42
0.00181269
-80
-0.00345274
-182
-0.00785498
-188
-0.00811394
599
0.0258524
-50
-0.00215796
-213
-0.00919292
175
0.00755287
-66
-0.00284851
295
0.012732
-132
-0.00569702
109
0.00470436
78
0.00336642
-228
-0.00984031
-561
-0.0242123
196
0.00845921
-466
-0.0201122
63
0.00271903
222
0.00958136
33
0.00142426
87
0.00375486
93
0.00401381
-287
-0.0123867
-77
-0.00332326
343
0.0148036
-311
-0.0134225
-5
-0.000215796
-106
-0.00457488
126
0.00543807
-180
-0.00776867
-395
-0.0170479
-336
-0.0145015
402
0.01735
122
0.00526543
528
0.0227881
89
0.00384117
542
0.0233923
-277
-0.0119551
-192
-0.00828658
53
0.00228744
-261
-0.0112646
-129
-0.00556754
317
0.0136815
-28
-0.00120846
-50
-0.00215796
-108
-0.0046612
306
0.0132067
-315
-0.0135952
-62
-0.00267587
12
0.000517911
638
0.0275356
48
0.00207164
111
0.00479068
-292
-0.0126025
-504
-0.0217523
145
0.00625809
292
0.0126025
-274
-0.0118256
-204
-0.00880449
60
0.00258956
247
0.0106603
-234
-0.0100993
-291
-0.0125593
-96
-0.00414329
20
0.000863185
102
0.00440224
-696
-0.0300388
-212
-0.00914976
565
0.024385
-156
-0.00673284
-186
-0.00802762
157
0.006776
-378
-0.0163142
53
0.00228744
-97
-0.00418645
-173
-0.00746655
130
0.0056107
154
0.00664653
59
0.0025464
-36
-0.00155373
-18
-0.000776867
28
0.00120846
-210
-0.00906344
-85
-0.00366854
112
0.00483384
-7
-0.000302115
27
0.0011653
121
0.00522227
-286
-0.0123435
-29
-0.00125162
50
0.00215796
-10
-0.000431593
-619
-0.0267156
51
0.00220112
-253
-0.0109193
220
0.00949504
-461
-0.0198964
-73
-0.00315063
336
0.0145015
-179
-0.00772551
-208
-0.00897713
59
0.0025464
-355
-0.0153215
87
0.00375486
-231
-0.00996979
-20
-0.000863185
-659
-0.028442
90
0.00388433
31
0.00133794
-80
-0.00345274
-224
-0.00966767
-119
-0.00513595
263
0.0113509
161
0.00694864
-142
-0.00612861
250
0.0107898
-600
-0.0258956
109
0.00470436
23
0.000992663
111
0.00479068
-142
-0.00612861
-245
-0.010574
-150
-0.00647389
29
0.00125162
-405
-0.0174795
114
0.00492016
-290
-0.0125162
230
0.00992663
47
0.00202849
-256
-0.0110488
113
0.004877
-107
-0.00461804
315
0.0135952
51
0.00220112
128
0.00552438
-37
-0.00159689
-215
-0.00927924
-101
-0.00435909
-159
-0.00686232
93
0.00401381
455
0.0196375
-197
-0.00850237
48
0.00207164
46
0.00198533
-66
-0.00284851
34
0.00146741
-53
-0.00228744
73
0.00315063
-381
-0.0164437
-77
-0.00332326
-106
-0.00457488
45
0.00194217
34
0.00146741
70
0.00302115
-22
-0.000949504
-123
-0.00530859
-267
-0.0115235
-25
-0.00107898
-390
-0.0168321
-62
-0.00267587
-15
-0.000647389
-147
-0.00634441
-269
-0.0116098
-17
-0.000733707
562
0.0242555
138
0.00595598
-986
-0.042555
-157
-0.006776
-276
-0.011912
227
0.00979715
116
0.00500647
177
0.00763919
406
0.0175227
-184
-0.0079413
-529
-0.0228312
-66
-0.00284851
-179
-0.00772551
-295
-0.012732
146
0.00630125
-35
-0.00151057
-2
-8.63185e-05
-233
-0.0100561
41
0.00176953
-44
-0.00189901
322
0.0138973
-32
-0.0013811
-19
-0.000820026
79
0.00340958
461
0.0198964
181
0.00781183
54
0.0023306
-16
-0.000690548
-291
-0.0125593
149
0.00643073
363
0.0156668
224
0.00966767
-586
-0.0252913
191
0.00824342
112
0.00483384
122
0.00526543
211
0.0091066
-167
-0.0072076
113
0.004877
35
0.00151057
178
0.00768235
-140
-0.0060423
-403
-0.0173932
-94
-0.00405697
-102
-0.00440224
95
0.00410013
80
0.00345274
136
0.00586966
-391
-0.0168753
135
0.0058265
91
0.00392749
-275
-0.0118688
178
0.00768235
-31
-0.00133794
164
0.00707812
-189
-0.0081571
175
0.00755287
199
0.00858869
-250
-0.0107898
-28
-0.00120846
-220
-0.00949504
304
0.0131204
-234
-0.0100993
-188
-0.00811394
500
0.0215796
-109
-0.00470436
551
0.0237808
-127
-0.00548123
372
0.0160552
-191
-0.00824342
-66
-0.00284851
-239
-0.0103151
-408
-0.017609
-39
-0.00168321
-95
-0.00410013
28
0.00120846
-513
-0.0221407
-50
-0.00215796
-183
-0.00789814
118
0.00509279
-538
-0.0232197
47
0.00202849
-105
-0.00453172
109
0.00470436
306
0.0132067
132
0.00569702
-573
-0.0247303
-10
-0.000431593
458
0.0197669
-175
-0.00755287
-263
-0.0113509
-219
-0.00945188
224
0.00966767
185
0.00798446
-224
-0.00966767
-184
-0.0079413
-571
-0.0246439
49
0.0021148
-574
-0.0247734
-5
-0.000215796
320
0.013811
-140
-0.0060423
219
0.00945188
-45
-0.00194217
194
0.0083729
-65
-0.00280535
-120
-0.00517911
-61
-0.00263271
-219
-0.00945188
62
0.00267587
-255
-0.0110056
156
0.00673284
-416
-0.0179543
7
0.000302115
-243
-0.0104877
30
0.00129478
279
0.0120414
156
0.00673284
194
0.0083729
-7
-0.000302115
-205
-0.00884765
120
0.00517911
444
0.0191627
114
0.00492016
-118
-0.00509279
110
0.00474752
-483
-0.0208459
293
0.0126457
-12
-0.000517911
312
0.0134657
31
0.00133794
-92
-0.00397065
525
0.0226586
-27
-0.0011653
-45
-0.00194217
-70
-0.00302115
173
0.00746655
94
0.00405697
-378
-0.0163142
-166
-0.00716444
579
0.0249892
106
0.00457488
-316
-0.0136383
-50
-0.00215796
-408
-0.017609
85
0.00366854
-30
-0.00129478
-21
-0.000906344
1006
0.0434182
86
0.0037117
133
0.00574018
336
0.0145015
80
0.00345274
45
0.00194217
-139
-0.00599914
177
0.00763919
353
0.0152352
15
0.000647389
-164
-0.00707812
-84
-0.00362538
263
0.0113509
130
0.0056107
-195
-0.00841606
-16
-0.000690548
-423
-0.0182564
99
0.00427277
-292
-0.0126025
-39
-0.00168321
289
0.012473
165
0.00712128
-220
-0.00949504
-112
-0.00483384
352
0.0151921
194
0.0083729
-4
-0.000172637
-70
-0.00302115
-67
-0.00289167
125
0.00539491
-601
-0.0259387
147
0.00634441
268
0.0115667
-108
-0.0046612
429
0.0185153
-23
-0.000992663
-251
-0.010833
161
0.00694864
-200
-0.00863185
20
0.000863185
-44
-0.00189901
-8
-0.000345274
172
0.00742339
350
0.0151057
49
0.0021148
-160
-0.00690548
157
0.006776
19
0.000820026
2
8.63185e-05
-21
-0.000906344
455
0.0196375
35
0.00151057
-375
-0.0161847
44
0.00189901
81
0.0034959
140
0.0060423
200
0.00863185
234
0.0100993
-134
-0.00578334
125
0.00539491
313
0.0135088
-342
-0.0147605
-786
-0.0339232
22
0.000949504
105
0.00453172
-39
-0.00168321
36
0.00155373
144
0.00621493
380
0.0164005
273
0.0117825
-84
-0.00362538
-30
-0.00129478
269
0.0116098
96
0.00414329
-152
-0.00656021
316
0.0136383
193
0.00832974
283
0.0122141
-490
-0.021148
156
0.00673284
-240
-0.0103582
138
0.00595598
1061
0.045792
-253
-0.0109193
182
0.00785498
14
0.00060423
-42
-0.00181269
33
0.00142426
368
0.0158826
-192
-0.00828658
245
0.010574
22
0.000949504
-211
-0.0091066
360
0.0155373
483
0.0208459
115
0.00496331
-270
-0.011653
225
0.00971083
-138
-0.00595598
-232
-0.0100129
-69
-0.00297799
-15
-0.000647389
526
0.0227018
-178
-0.00768235
-18
-0.000776867
-15
-0.000647389
-184
-0.0079413
92
0.00397065
-96
-0.00414329
-198
-0.00854553
673
0.0290462
-215
-0.00927924
-35
-0.00151057
113
0.004877
456
0.0196806
-71
-0.00306431
-337
-0.0145447
87
0.00375486
-160
-0.00690548
25
0.00107898
385
0.0166163
-26
-0.00112214
-14
-0.00060423
142
0.00612861
203
0.00876133
-3
-0.000129478
-78
-0.00336642
-3
-0.000129478
358
0.015451
-61
-0.00263271
-373
-0.0160984
113
0.004877
-9
-0.000388433
-41
-0.00176953
297
0.0128183
197
0.00850237
-88
-0.00379801
-22
-0.000949504
-394
-0.0170047
118
0.00509279
-58
-0.00250324
78
0.00336642
220
0.00949504
-40
-0.00172637
-34
-0.00146741
-168
-0.00725076
80
0.00345274
-140
-0.0060423
-723
-0.0312041
-189
-0.0081571
-688
-0.0296936
140
0.0060423
399
0.0172205
-123
-0.00530859
-45
-0.00194217
133
0.00574018
110
0.00474752
160
0.00690548
-31
-0.00133794
-116
-0.00500647
477
0.020587
-283
-0.0122141
-145
-0.00625809
-310
-0.0133794
-451
-0.0194648
-56
-0.00241692
-431
-0.0186016
-100
-0.00431593
-141
-0.00608546
2
8.63185e-05
-199
-0.00858869
279
0.0120414
-315
-0.0135952
68
0.00293483
147
0.00634441
244
0.0105309
432
0.0186448
102
0.00440224
97
0.00418645
83
0.00358222
280
0.0120846
85
0.00366854
369
0.0159258
256
0.0110488
380
0.0164005
-305
-0.0131636
-219
-0.00945188
-143
-0.00617177
-42
-0.00181269
22
0.000949504
9
0.000388433
82
0.00353906
-140
-0.0060423
118
0.00509279
81
0.0034959
54
0.0023306
-179
-0.00772551
192
0.00828658
524
0.0226155
308
0.0132931
214
0.00923608
-193
-0.00832974
-96
-0.00414329
-90
-0.00388433
-168
-0.00725076
50
0.00215796
164
0.00707812
305
0.0131636
-302
-0.0130341
174
0.00750971
292
0.0126025
415
0.0179111
-240
-0.0103582
17
0.000733707
325
0.0140268
295
0.012732
-213
-0.00919292
80
0.00345274
-631
-0.0272335
321
0.0138541
208
0.00897713
29
0.00125162
-4
-0.000172637
136
0.00586966
272
0.0117393
73
0.00315063
-281
-0.0121278
-255
-0.0110056
-189
-0.0081571
-56
-0.00241692
-14
-0.00060423
-149
-0.00643073
174
0.00750971
283
0.0122141
-346
-0.0149331
198
0.00854553
56
0.00241692
21
0.000906344
-294
-0.0126888
-258
-0.0111351
12
0.000517911
190
0.00820026
529
0.0228312
-93
-0.00401381
424
0.0182995
-73
-0.00315063
55
0.00237376
-264
-0.011394
-452
-0.019508
-16
-0.000690548
-629
-0.0271472
169
0.00729391
162
0.0069918
107
0.00461804
-136
-0.00586966
-86
-0.0037117
-308
-0.0132931
-138
-0.00595598
-464
-0.0200259
176
0.00759603
268
0.0115667
-68
-0.00293483
110
0.00474752
-182
-0.00785498
-158
-0.00681916
-202
-0.00871817
560
0.0241692
122
0.00526543
-148
-0.00638757
-211
-0.0091066
-59
-0.0025464
142
0.00612861
-52
-0.00224428
-3
-0.000129478
94
0.00405697
-175
-0.00755287
176
0.00759603
-102
-0.00440224
-29
-0.00125162
107
0.00461804
-220
-0.00949504
-78
-0.00336642
260
0.0112214
9
0.000388433
-108
-0.0046612
-99
-0.00427277
316
0.0136383
-117
-0.00504963
718
0.0309883
-147
-0.00634441
-82
-0.00353906
-133
-0.00574018
-83
-0.00358222
24
0.00103582
182
0.00785498
230
0.00992663
-134
-0.00578334
-185
-0.00798446
-127
-0.00548123
126
0.00543807
-324
-0.0139836
144
0.00621493
808
0.0348727
105
0.00453172
345
0.0148899
-95
-0.00410013
-294
-0.0126888
-186
-0.00802762
125
0.00539491
64
0.00276219
79
0.00340958
335
0.0144584
270
0.011653
-122
-0.00526543
285
0.0123004
-133
-0.00574018
-161
-0.00694864
-24
-0.00103582
-55
-0.00237376
-58
-0.00250324
150
0.00647389
-149
-0.00643073
-780
-0.0336642
-226
-0.00975399
4
0.000172637
-107
-0.00461804
444
0.0191627
-17
-0.000733707
174
0.00750971
80
0.00345274
-82
-0.00353906
-91
-0.00392749
-54
-0.0023306
-77
-0.00332326
8
0.000345274
-194
-0.0083729
-379
-0.0163574
-25
-0.00107898
372
0.0160552
6
0.000258956
-56
-0.00241692
10
0.000431593
0
0
-40
-0.00172637
-93
-0.00401381
-63
-0.00271903
150
0.00647389
4
0.000172637
39
0.00168321
23
0.000992663
113
0.004877
28
0.00120846
-252
-0.0108761
231
0.00996979
-482
-0.0208028
-107
-0.00461804
-194
-0.0083729
207
0.00893397
-214
-0.00923608
-60
-0.00258956
-151
-0.00651705
2
8.63185e-05
547
0.0236081
-155
-0.00668968
162
0.0069918
-17
-0.000733707
-204
-0.00880449
151
0.00651705
-634
-0.027363
116
0.00500647
-157
-0.006776
-2
-8.63185e-05
97
0.00418645
-163
-0.00703496
313
0.0135088
163
0.00703496
-633
-0.0273198
-161
-0.00694864
314
0.013552
-149
-0.00643073
-242
-0.0104445
44
0.00189901
221
0.0095382
-88
-0.00379801
40
0.00172637
89
0.00384117
-504
-0.0217523
-47
-0.00202849
36
0.00155373
195
0.00841606
-76
-0.0032801
-85
-0.00366854
-468
-0.0201985
-6
-0.000258956
63
0.00271903
-70
-0.00302115
-125
-0.00539491
43
0.00185585
-170
-0.00733707
7
0.000302115
-835
-0.036038
137
0.00591282
242
0.0104445
-114
-0.00492016
-112
-0.00483384
-44
-0.00189901
1
4.31593e-05
-26
-0.00112214
-716
-0.030902
-120
-0.00517911
-195
-0.00841606
50
0.00215796
-153
-0.00660337
-158
-0.00681916
-483
-0.0208459
99
0.00427277
-227
-0.00979715
-278
-0.0119983
215
0.00927924
71
0.00306431
-463
-0.0199827
40
0.00172637
298
0.0128615
-108
-0.0046612
174
0.00750971
-194
-0.0083729
-557
-0.0240397
19
0.000820026
82
0.00353906
161
0.00694864
-604
-0.0260682
-133
-0.00574018
-166
-0.00716444
-83
-0.00358222
-303
-0.0130773
-169
-0.00729391
-26
-0.00112214
-177
-0.00763919
669
0.0288735
-210
-0.00906344
-149
-0.00643073
-11
-0.000474752
-179
-0.00772551
-67
-0.00289167
149
0.00643073
-39
-0.00168321
114
0.00492016
63
0.00271903
-110
-0.00474752
17
0.000733707
190
0.00820026
-238
-0.0102719
-327
-0.0141131
-361
-0.0155805
137
0.00591282
92
0.00397065
246
0.0106172
-85
-0.00366854
1
4.31593e-05
61
0.00263271
-158
-0.00681916
31
0.00133794
544
0.0234786
-191
-0.00824342
-312
-0.0134657
5
0.000215796
-127
-0.00548123
-11
-0.000474752
135
0.0058265
-6
-0.000258956
-584
-0.025205
-95
-0.00410013
-524
-0.0226155
41
0.00176953
855
0.0369012
-93
-0.00401381
-76
-0.0032801
-57
-0.00246008
411
0.0177385
-322
-0.0138973
-95
-0.00410013
-83
-0.00358222
163
0.00703496
-108
-0.0046612
-89
-0.00384117
124
0.00535175
-374
-0.0161416
102
0.00440224
-304
-0.0131204
-147
-0.00634441
-301
-0.0129909
61
0.00263271
200
0.00863185
421
0.01817
-948
-0.040915
44
0.00189901
317
0.0136815
-292
-0.0126025
58
0.00250324
279
0.0120414
22
0.000949504
-82
-0.00353906
47
0.00202849
-26
-0.00112214
-17
-0.000733707
-129
-0.00556754
568
0.0245145
-34
-0.00146741
325
0.0140268
229
0.00988347
169
0.00729391
-71
-0.00306431
-186
-0.00802762
1
4.31593e-05
206
0.00889081
-29
-0.00125162
29
0.00125162
-141
-0.00608546
-224
-0.00966767
50
0.00215796
-226
-0.00975399
16
0.000690548
-466
-0.0201122
100
0.00431593
-95
-0.00410013
232
0.0100129
-34
-0.00146741
40
0.00172637
29
0.00125162
-40
-0.00172637
1084
0.0467846
-94
-0.00405697
-234
-0.0100993
55
0.00237376
-446
-0.019249
-3
-0.000129478
527
0.0227449
87
0.00375486
198
0.00854553
237
0.0102287
174
0.00750971
98
0.00422961
-36
-0.00155373
39
0.00168321
-134
-0.00578334
-229
-0.00988347
89
0.00384117
16
0.000690548
245
0.010574
-43
-0.00185585
199
0.00858869
111
0.00479068
-280
-0.0120846
61
0.00263271
-188
-0.00811394
67
0.00289167
-130
-0.0056107
-195
-0.00841606
420
0.0181269
-185
-0.00798446
-283
-0.0122141
214
0.00923608
-489
-0.0211049
146
0.00630125
-280
-0.0120846
-52
-0.00224428
39
0.00168321
-220
-0.00949504
535
0.0230902
-102
-0.00440224
-712
-0.0307294
-236
-0.0101856
293
0.0126457
-54
-0.0023306
109
0.00470436
44
0.00189901
128
0.00552438
186
0.00802762
139
0.00599914
-332
-0.0143289
108
0.0046612
-41
-0.00176953
-293
-0.0126457
-194
-0.0083729
191
0.00824342
-92
-0.00397065
506
0.0218386
64
0.00276219
129
0.00556754
-49
-0.0021148
-44
-0.00189901
361
0.0155805
30
0.00129478
233
0.0100561
-210
-0.00906344
71
0.00306431
-103
-0.0044454
-86
-0.0037117
196
0.00845921
130
0.0056107
224
0.00966767
-60
-0.00258956
295
0.012732
274
0.0118256
-464
-0.0200259
347
0.0149763
741
0.031981
-18
-0.000776867
292
0.0126025
-82
-0.00353906
-209
-0.00902028
223
0.00962451
622
0.0268451
-276
-0.011912
650
0.0280535
136
0.00586966
-129
-0.00556754
-4
-0.000172637
-371
-0.0160121
-29
-0.00125162
-317
-0.0136815
-125
-0.00539491
357
0.0154079
145
0.00625809
77
0.00332326
-26
-0.00112214
405
0.0174795
-42
-0.00181269
180
0.00776867
-228
-0.00984031
220
0.00949504
144
0.00621493
-257
-0.0110919
-267
-0.0115235
-333
-0.014372
-126
-0.00543807
24
0.00103582
-162
-0.0069918
252
0.0108761
283
0.0122141
288
0.0124299
70
0.00302115
-114
-0.00492016
81
0.0034959
5
0.000215796
67
0.00289167
553
0.0238671
-51
-0.00220112
-242
-0.0104445
263
0.0113509
0
0
-190
-0.00820026
9
0.000388433
103
0.0044454
214
0.00923608
249
0.0107467
41
0.00176953
-62
-0.00267587
109
0.00470436
50
0.00215796
168
0.00725076
171
0.00738023
-565
-0.024385
148
0.00638757
285
0.0123004
-145
-0.00625809
-491
-0.0211912
-45
-0.00194217
97
0.00418645
-275
-0.0118688
165
0.00712128
190
0.00820026
146
0.00630125
-135
-0.0058265
-440
-0.0189901
71
0.00306431
100
0.00431593
-123
-0.00530859
-536
-0.0231334
46
0.00198533
-141
-0.00608546
-179
-0.00772551
88
0.00379801
-36
-0.00155373
116
0.00500647
-76
-0.0032801
527
0.0227449
310
0.0133794
-282
-0.0121709
-18
-0.000776867
-244
-0.0105309
6
0.000258956
-39
-0.00168321
143
0.00617177
74
0.00319379
-43
-0.00185585
-589
-0.0254208
-174
-0.00750971
621
0.0268019
89
0.00384117
402
0.01735
-252
-0.0108761
449
0.0193785
-282
-0.0121709
227
0.00979715
8
0.000345274
-271
-0.0116962
40
0.00172637
419
0.0180837
137
0.00591282
-257
-0.0110919
-16
-0.000690548
-119
-0.00513595
-33
-0.00142426
-319
-0.0137678
220
0.00949504
-222
-0.00958136
26
0.00112214
445
0.0192059
-48
-0.00207164
128
0.00552438
62
0.00267587
139
0.00599914
-77
-0.00332326
-376
-0.0162279
-93
-0.00401381
458
0.0197669
90
0.00388433
-524
-0.0226155
-80
-0.00345274
-482
-0.0208028
-52
-0.00224428
147
0.00634441
-52
-0.00224428
20
0.000863185
114
0.00492016
141
0.00608546
211
0.0091066
32
0.0013811
-26
-0.00112214
-341
-0.0147173
-185
-0.00798446
269
0.0116098
120
0.00517911
-390
-0.0168321
-29
-0.00125162
28
0.00120846
13
0.00056107
-217
-0.00936556
-226
-0.00975399
150
0.00647389
-178
-0.00768235
137
0.00591282
-40
-0.00172637
-45
-0.00194217
-176
-0.00759603
-4
-0.000172637
18
0.000776867
-574
-0.0247734
150
0.00647389
-225
-0.00971083
32
0.0013811
-332
-0.0143289
154
0.00664653
339
0.014631
12
0.000517911
-200
-0.00863185
123
0.00530859
8
0.000345274
-69
-0.00297799
-164
-0.00707812
-156
-0.00673284
226
0.00975399
-156
-0.00673284
832
0.0359085
107
0.00461804
-618
-0.0266724
-101
-0.00435909
237
0.0102287
25
0.00107898
101
0.00435909
154
0.00664653
-313
-0.0135088
79
0.00340958
238
0.0102719
-302
-0.0130341
466
0.0201122
-168
-0.00725076
-491
-0.0211912
-185
-0.00798446
422
0.0182132
-222
-0.00958136
95
0.00410013
-135
-0.0058265
-77
-0.00332326
-51
-0.00220112
-120
-0.00517911
-10
-0.000431593
-536
-0.0231334
-330
-0.0142426
-131
-0.00565386
141
0.00608546
361
0.0155805
175
0.00755287
508
0.0219249
-186
-0.00802762
-772
-0.0333189
7
0.000302115
-377
-0.016271
-281
-0.0121278
-660
-0.0284851
249
0.0107467
133
0.00574018
172
0.00742339
514
0.0221839
277
0.0119551
-352
-0.0151921
2
8.63185e-05
243
0.0104877
142
0.00612861
-104
-0.00448856
99
0.00427277
-232
-0.0100129
-169
-0.00729391
-123
-0.00530859
101
0.00435909
-674
-0.0290893
-303
-0.0130773
550
0.0237376
-257
-0.0110919
3
0.000129478
405
0.0174795
334
0.0144152
-106
-0.00457488
458
0.0197669
338
0.0145878
93
0.00401381
-3
-0.000129478
-13
-0.00056107
-161
-0.00694864
151
0.00651705
-38
-0.00164005
-337
-0.0145447
81
0.0034959
-76
-0.0032801
59
0.0025464
194
0.0083729
72
0.00310747
412
0.0177816
34
0.00146741
-150
-0.00647389
-107
-0.00461804
-126
-0.00543807
-9
-0.000388433
-75
-0.00323694
-206
-0.00889081
-639
-0.0275788
195
0.00841606
-22
-0.000949504
11
0.000474752
59
0.0025464
223
0.00962451
-437
-0.0188606
273
0.0117825
-161
-0.00694864
89
0.00384117
72
0.00310747
-110
-0.00474752
-335
-0.0144584
269
0.0116098
-22
-0.000949504
-106
-0.00457488
625
0.0269745
-40
-0.00172637
48
0.00207164
30
0.00129478
317
0.0136815
-43
-0.00185585
106
0.00457488
82
0.00353906
-37
-0.00159689
-62
-0.00267587
195
0.00841606
-38
-0.00164005
-6
-0.000258956
199
0.00858869
403
0.0173932
235
0.0101424
121
0.00522227
-96
-0.00414329
-104
-0.00448856
11
0.000474752
209
0.00902028
-171
-0.00738023
250
0.0107898
234
0.0100993
254
0.0109625
-413
-0.0178248
218
0.00940872
-15
-0.000647389
-609
-0.026284
184
0.0079413
496
0.021407
315
0.0135952
82
0.00353906
-232
-0.0100129
105
0.00453172
-56
-0.00241692
-487
-0.0210186
122
0.00526543
-345
-0.0148899
16
0.000690548
336
0.0145015
-261
-0.0112646
-172
-0.00742339
-103
-0.0044454
-277
-0.0119551
134
0.00578334
-4
-0.000172637
221
0.0095382
-434
-0.0187311
-148
-0.00638757
-534
-0.023047
276
0.011912
-42
-0.00181269
2
8.63185e-05
321
0.0138541
189
0.0081571
383
0.01653
-6
-0.000258956
14
0.00060423
-132
-0.00569702
-145
-0.00625809
179
0.00772551
192
0.00828658
-95
-0.00410013
-387
-0.0167026
-76
-0.0032801
131
0.00565386
110
0.00474752
10
0.000431593
-417
-0.0179974
-319
-0.0137678
-250
-0.0107898
-359
-0.0154942
166
0.00716444
18
0.000776867
173
0.00746655
-301
-0.0129909
285
0.0123004
94
0.00405697
-30
-0.00129478
-49
-0.0021148
-112
-0.00483384
-331
-0.0142857
137
0.00591282
219
0.00945188
-25
-0.00107898
-186
-0.00802762
-139
-0.00599914
438
0.0189038
79
0.00340958
356
0.0153647
-52
-0.00224428
-94
-0.00405697
-29
-0.00125162
198
0.00854553
68
0.00293483
172
0.00742339
143
0.00617177
-64
-0.00276219
51
0.00220112
-50
-0.00215796
-15
-0.000647389
174
0.00750971
290
0.0125162
165
0.00712128
81
0.0034959
-498
-0.0214933
533
0.0230039
235
0.0101424
-233
-0.0100561
556
0.0239965
-9
-0.000388433
-288
-0.0124299
-57
-0.00246008
-106
-0.00457488
-185
-0.00798446
-267
-0.0115235
-52
-0.00224428
-337
-0.0145447
-97
-0.00418645
428
0.0184722
18
0.000776867
272
0.0117393
-138
-0.00595598
112
0.00483384
128
0.00552438
560
0.0241692
171
0.00738023
385
0.0166163
-48
-0.00207164
-95
-0.00410013
150
0.00647389
282
0.0121709
102
0.00440224
541
0.0233492
-261
-0.0112646
18
0.000776867
105
0.00453172
75
0.00323694
-80
-0.00345274
-174
-0.00750971
-122
-0.00526543
137
0.00591282
247
0.0106603
-168
-0.00725076
-10
-0.000431593
-61
-0.00263271
-148
-0.00638757
-353
-0.0152352
121
0.00522227
543
0.0234355
150
0.00647389
100
0.00431593
-5
-0.000215796
25
0.00107898
121
0.00522227
164
0.00707812
-4
-0.000172637
531
0.0229176
42
0.00181269
-145
-0.00625809
52
0.00224428
-46
-0.00198533
200
0.00863185
-237
-0.0102287
31
0.00133794
-590
-0.025464
-118
-0.00509279
207
0.00893397
416
0.0179543
298
0.0128615
51
0.00220112
224
0.00966767
-226
-0.00975399
-156
-0.00673284
32
0.0013811
272
0.0117393
161
0.00694864
159
0.00686232
-33
-0.00142426
-541
-0.0233492
-343
-0.0148036
-121
-0.00522227
12
0.000517911
-86
-0.0037117
-81
-0.0034959
-666
-0.0287441
-25
-0.00107898
-134
-0.00578334
241
0.0104014
320
0.013811
203
0.00876133
105
0.00453172
-198
-0.00854553
82
0.00353906
-15
-0.000647389
-73
-0.00315063
237
0.0102287
-578
-0.0249461
-64
-0.00276219
183
0.00789814
-175
-0.00755287
-485
-0.0209322
-230
-0.00992663
20
0.000863185
26
0.00112214
-405
-0.0174795
42
0.00181269
386
0.0166595
15
0.000647389
523
0.0225723
155
0.00668968
146
0.00630125
-165
-0.00712128
-236
-0.0101856
112
0.00483384
-248
-0.0107035
5
0.000215796
-330
-0.0142426
57
0.00246008
168
0.00725076
282
0.0121709
-167
-0.0072076
294
0.0126888
-569
-0.0245576
75
0.00323694
-61
-0.00263271
-178
-0.00768235
227
0.00979715
-431
-0.0186016
822
0.0354769
-193
-0.00832974
-104
-0.00448856
-2
-8.63185e-05
252
0.0108761
117
0.00504963
-363
-0.0156668
-157
-0.006776
150
0.00647389
-275
-0.0118688
-249
-0.0107467
-120
-0.00517911
-406
-0.0175227
173
0.00746655
0
0
-232
-0.0100129
-251
-0.010833
-165
-0.00712128
-356
-0.0153647
202
0.00871817
193
0.00832974
7
0.000302115
-305
-0.0131636
190
0.00820026
-288
-0.0124299
-9
-0.000388433
-75
-0.00323694
233
0.0100561
-26
-0.00112214
-225
-0.00971083
-136
-0.00586966
-206
-0.00889081
-376
-0.0162279
92
0.00397065
-218
-0.00940872
-30
-0.00129478
94
0.00405697
-88
-0.00379801
-664
-0.0286577
97
0.00418645
-494
-0.0213207
-91
-0.00392749
176
0.00759603
112
0.00483384
-212
-0.00914976
12
0.000517911
105
0.00453172
-173
-0.00746655
-215
-0.00927924
-175
-0.00755287
-290
-0.0125162
-81
-0.0034959
254
0.0109625
7
0.000302115
-606
-0.0261545
174
0.00750971
321
0.0138541
-64
-0.00276219
-374
-0.0161416
-254
-0.0109625
221
0.0095382
37
0.00159689
63
0.00271903
-70
-0.00302115
325
0.0140268
-194
-0.0083729
328
0.0141562
-2
-8.63185e-05
426
0.0183858
17
0.000733707
19
0.000820026
24
0.00103582
26
0.00112214
30
0.00129478
470
0.0202849
30
0.00129478
172
0.00742339
175
0.00755287
-17
-0.000733707
-187
-0.00807078
-443
-0.0191196
-12
-0.000517911
-44
-0.00189901
-103
-0.0044454
88
0.00379801
76
0.0032801
111
0.00479068
-123
-0.00530859
104
0.00448856
73
0.00315063
103
0.0044454
195
0.00841606
54
0.0023306
-13
-0.00056107
89
0.00384117
72
0.00310747
144
0.00621493
-230
-0.00992663
223
0.00962451
72
0.00310747
-116
-0.00500647
-110
-0.00474752
-205
-0.00884765
-51
-0.00220112
125
0.00539491
39
0.00168321
-576
-0.0248597
-61
-0.00263271
-12
-0.000517911
-45
-0.00194217
547
0.0236081
-170
-0.00733707
34
0.00146741
174
0.00750971
-296
-0.0127751
-26
-0.00112214
-92
-0.00397065
-92
-0.00397065
106
0.00457488
10
0.000431593
-250
-0.0107898
-242
-0.0104445
-274
-0.0118256
-82
-0.00353906
193
0.00832974
110
0.00474752
83
0.00358222
-59
-0.0025464
-334
-0.0144152
-31
-0.00133794
-434
-0.0187311
60
0.00258956
-591
-0.0255071
-26
-0.00112214
-39
-0.00168321
42
0.00181269
315
0.0135952
-87
-0.00375486
-316
-0.0136383
145
0.00625809
-159
-0.00686232
-310
-0.0133794
-85
-0.00366854
-92
-0.00397065
-427
-0.018429
88
0.00379801
-636
-0.0274493
-93
-0.00401381
-4
-0.000172637
-100
-0.00431593
156
0.00673284
311
0.0134225
-552
-0.0238239
155
0.00668968
-488
-0.0210617
157
0.006776
567
0.0244713
152
0.00656021
184
0.0079413
101
0.00435909
407
0.0175658
147
0.00634441
406
0.0175227
-294
-0.0126888
-190
-0.00820026
-101
-0.00435909
175
0.00755287
27
0.0011653
-25
-0.00107898
28
0.00120846
-93
-0.00401381
241
0.0104014
24
0.00103582
-60
-0.00258956
144
0.00621493
-107
-0.00461804
221
0.0095382
-210
-0.00906344
-317
-0.0136815
58
0.00250324
160
0.00690548
-126
-0.00543807
30
0.00129478
-80
-0.00345274
-15
-0.000647389
70
0.00302115
92
0.00397065
-161
-0.00694864
326
0.0140699
-210
-0.00906344
14
0.00060423
-130
-0.0056107
-164
-0.00707812
-154
-0.00664653
-208
-0.00897713
303
0.0130773
990
0.0427277
301
0.0129909
-2
-8.63185e-05
148
0.00638757
83
0.00358222
165
0.00712128
84
0.00362538
26
0.00112214
-14
-0.00060423
-30
-0.00129478
-514
-0.0221839
135
0.0058265
-313
-0.0135088
217
0.00936556
36
0.00155373
-298
-0.0128615
98
0.00422961
4
0.000172637
180
0.00776867
272
0.0117393
507
0.0218817
212
0.00914976
440
0.0189901
-83
-0.00358222
-118
-0.00509279
186
0.00802762
-355
-0.0153215
165
0.00712128
-139
-0.00599914
-266
-0.0114804
-558
-0.0240829
-135
-0.0058265
-428
-0.0184722
45
0.00194217
550
0.0237376
-153
-0.00660337
64
0.00276219
-69
-0.00297799
-55
-0.00237376
-87
-0.00375486
48
0.00207164
-8
-0.000345274
323
0.0139404
57
0.00246008
-202
-0.00871817
305
0.0131636
103
0.0044454
44
0.00189901
-622
-0.0268451
-145
-0.00625809
-218
-0.00940872
70
0.00302115
-471
-0.020328
333
0.014372
67
0.00289167
-183
-0.00789814
-275
-0.0118688
82
0.00353906
77
0.00332326
378
0.0163142
487
0.0210186
65
0.00280535
-224
-0.00966767
54
0.0023306
189
0.0081571
-54
-0.0023306
-126
-0.00543807
166
0.00716444
-22
-0.000949504
-25
-0.00107898
115
0.00496331
-57
-0.00246008
143
0.00617177
-18
-0.000776867
126
0.00543807
-74
-0.00319379
-658
-0.0283988
32
0.0013811
441
0.0190332
-148
-0.00638757
-87
-0.00375486
-189
-0.0081571
493
0.0212775
32
0.0013811
52
0.00224428
-42
-0.00181269
-80
-0.00345274
-165
-0.00712128
-502
-0.0216659
-78
-0.00336642
26
0.00112214
-17
-0.000733707
-8
-0.000345274
14
0.00060423
362
0.0156237
-7
-0.000302115
290
0.0125162
-73
-0.00315063
-288
-0.0124299
-69
-0.00297799
159
0.00686232
149
0.00643073
-247
-0.0106603
232
0.0100129
277
0.0119551
-80
-0.00345274
105
0.00453172
50
0.00215796
152
0.00656021
145
0.00625809
292
0.0126025
152
0.00656021
-454
-0.0195943
-103
-0.0044454
-181
-0.00781183
73
0.00315063
-788
-0.0340095
274
0.0118256
403
0.0173932
-215
-0.00927924
-164
-0.00707812
138
0.00595598
-350
-0.0151057
257
0.0110919
283
0.0122141
230
0.00992663
488
0.0210617
384
0.0165732
266
0.0114804
-225
-0.00971083
-640
-0.0276219
78
0.00336642
-307
-0.0132499
-141
-0.00608546
491
0.0211912
143
0.00617177
36
0.00155373
190
0.00820026
-168
-0.00725076
-326
-0.0140699
-271
-0.0116962
300
0.0129478
-16
-0.000690548
-27
-0.0011653
-176
-0.00759603
19
0.000820026
-356
-0.0153647
-101
-0.00435909
-36
-0.00155373
76
0.0032801
-73
-0.00315063
-46
-0.00198533
360
0.0155373
-161
-0.00694864
-151
-0.00651705
155
0.00668968
79
0.00340958
-184
-0.0079413
185
0.00798446
-33
-0.00142426
428
0.0184722
-132
-0.00569702
520
0.0224428
-60
-0.00258956
296
0.0127751
8
0.000345274
192
0.00828658
-166
-0.00716444
250
0.0107898
-143
-0.00617177
-115
-0.00496331
163
0.00703496
283
0.0122141
27
0.0011653
-326
-0.0140699
53
0.00228744
-58
-0.00250324
-48
-0.00207164
-9
-0.000388433
196
0.00845921
200
0.00863185
232
0.0100129
-206
-0.00889081
25
0.00107898
-261
-0.0112646
211
0.0091066
189
0.0081571
134
0.00578334
110
0.00474752
37
0.00159689
25
0.00107898
430
0.0185585
-345
-0.0148899
-143
-0.00617177
26
0.00112214
-150
-0.00647389
-27
-0.0011653
241
0.0104014
-68
-0.00293483
208
0.00897713
-278
-0.0119983
-9
-0.000388433
-330
-0.0142426
158
0.00681916
370
0.0159689
14
0.00060423
265
0.0114372
1
4.31593e-05
286
0.0123435
-50
-0.00215796
285
0.0123004
102
0.00440224
495
0.0213638
-1
-4.31593e-05
-249
-0.0107467
107
0.00461804
486
0.0209754
-281
-0.0121278
138
0.00595598
306
0.0132067
-31
-0.00133794
-207
-0.00893397
38
0.00164005
146
0.00630125
-781
-0.0337074
-78
-0.00336642
56
0.00241692
221
0.0095382
390
0.0168321
141
0.00608546
232
0.0100129
112
0.00483384
-136
-0.00586966
163
0.00703496
173
0.00746655
-98
-0.00422961
-196
-0.00845921
119
0.00513595
-126
-0.00543807
-68
-0.00293483
-153
-0.00660337
182
0.00785498
-1043
-0.0450151
145
0.00625809
163
0.00703496
122
0.00526543
66
0.00284851
-249
-0.0107467
-217
-0.00936556
226
0.00975399
466
0.0201122
67
0.00289167
-443
-0.0191196
132
0.00569702
81
0.0034959
-42
-0.00181269
1034
0.0446267
12
0.000517911
52
0.00224428
53
0.00228744
126
0.00543807
-1
-4.31593e-05
112
0.00483384
-382
-0.0164868
-446
-0.019249
3
0.000129478
60
0.00258956
39
0.00168321
-230
-0.00992663
61
0.00263271
260
0.0112214
-5
-0.000215796
-506
-0.0218386
-25
-0.00107898
513
0.0221407
14
0.00060423
-374
-0.0161416
-60
-0.00258956
-73
-0.00315063
-97
-0.00418645
-369
-0.0159258
0
0
40
0.00172637
-245
-0.010574
-260
-0.0112214
65
0.00280535
80
0.00345274
-98
-0.00422961
453
0.0195511
-36
-0.00155373
-354
-0.0152784
32
0.0013811
669
0.0288735
4
0.000172637
-54
-0.0023306
-46
-0.00198533
-821
-0.0354338
37
0.00159689
108
0.0046612
135
0.0058265
-111
-0.00479068
209
0.00902028
165
0.00712128
8
0.000345274
-277
-0.0119551
-3
-0.000129478
343
0.0148036
-65
-0.00280535
-324
-0.0139836
-37
-0.00159689
403
0.0173932
-105
-0.00453172
605
0.0261114
-88
-0.00379801
80
0.00345274
116
0.00500647
-361
-0.0155805
14
0.00060423
-497
-0.0214502
19
0.000820026
-168
-0.00725076
72
0.00310747
19
0.000820026
12
0.000517911
-304
-0.0131204
156
0.00673284
-163
-0.00703496
-126
-0.00543807
172
0.00742339
-298
-0.0128615
562
0.0242555
-65
-0.00280535
-473
-0.0204143
307
0.0132499
-45
-0.00194217
-123
-0.00530859
9
0.000388433
78
0.00336642
-97
-0.00418645
11
0.000474752
-424
-0.0182995
210
0.00906344
427
0.018429
-226
-0.00975399
-213
-0.00919292
-168
-0.00725076
27
0.0011653
129
0.00556754
-629
-0.0271472
78
0.00336642
-405
-0.0174795
-104
-0.00448856
-782
-0.0337505
-51
-0.00220112
379
0.0163574
-144
-0.00621493
81
0.0034959
-162
-0.0069918
302
0.0130341
-86
-0.0037117
-100
-0.00431593
-317
-0.0136815
-565
-0.024385
-6
-0.000258956
198
0.00854553
-240
-0.0103582
239
0.0103151
-91
-0.00392749
382
0.0164868
-228
-0.00984031
24
0.00103582
445
0.0192059
333
0.014372
116
0.00500647
68
0.00293483
1
4.31593e-05
-62
-0.00267587
102
0.00440224
-254
-0.0109625
-265
-0.0114372
-399
-0.0172205
271
0.0116962
-259
-0.0111782
49
0.0021148
-113
-0.004877
-57
-0.00246008
40
0.00172637
66
0.00284851
312
0.0134657
276
0.011912
335
0.0144584
-99
-0.00427277
-295
-0.012732
-13
-0.00056107
672
0.029003
-29
-0.00125162
305
0.0131636
-127
-0.00548123
355
0.0153215
187
0.00807078
-400
-0.0172637
32
0.0013811
208
0.00897713
-14
-0.00060423
344
0.0148468
-43
-0.00185585
638
0.0275356
176
0.00759603
66
0.00284851
234
0.0100993
416
0.0179543
-48
-0.00207164
140
0.0060423
279
0.0120414
62
0.00267587
406
0.0175227
162
0.0069918
-150
-0.00647389
71
0.00306431
185
0.00798446
281
0.0121278
-44
-0.00189901
-120
-0.00517911
-131
-0.00565386
98
0.00422961
88
0.00379801
81
0.0034959
73
0.00315063
-201
-0.00867501
-128
-0.00552438
23
0.000992663
184
0.0079413
-335
-0.0144584
-195
-0.00841606
-755
-0.0325852
-199
-0.00858869
212
0.00914976
-90
-0.00388433
230
0.00992663
127
0.00548123
-86
-0.0037117
6
0.000258956
183
0.00789814
100
0.00431593
-162
-0.0069918
-45
-0.00194217
231
0.00996979
-199
-0.00858869
-537
-0.0231765
-156
-0.00673284
411
0.0177385
-210
-0.00906344
485
0.0209322
98
0.00422961
-52
-0.00224428
-135
-0.0058265
-254
-0.0109625
-167
-0.0072076
0
0
-180
-0.00776867
-253
-0.0109193
243
0.0104877
-175
-0.00755287
-18
-0.000776867
267
0.0115235
-53
-0.00228744
-20
-0.000863185
166
0.00716444
283
0.0122141
-171
-0.00738023
491
0.0211912
112
0.00483384
-11
-0.000474752
-131
-0.00565386
387
0.0167026
-131
-0.00565386
387
0.0167026
231
0.00996979
97
0.00418645
-38
-0.00164005
-392
-0.0169184
67
0.00289167
-1016
-0.0438498
25
0.00107898
161
0.00694864
321
0.0138541
408
0.017609
26
0.00112214
344
0.0148468
62
0.00267587
-79
-0.00340958
180
0.00776867
53
0.00228744
-75
-0.00323694
-7
-0.000302115
134
0.00578334
158
0.00681916
126
0.00543807
315
0.0135952
-68
-0.00293483
34
0.00146741
-160
-0.00690548
361
0.0155805
196
0.00845921
-57
-0.00246008
-15
-0.000647389
299
0.0129046
38
0.00164005
-161
-0.00694864
440
0.0189901
413
0.0178248
188
0.00811394
-556
-0.0239965
-78
-0.00336642
-230
-0.00992663
103
0.0044454
-81
-0.0034959
-389
-0.016789
76
0.0032801
-102
-0.00440224
66
0.00284851
-28
-0.00120846
-218
-0.00940872
-10
-0.000431593
-177
-0.00763919
-32
-0.0013811
-150
-0.00647389
-129
-0.00556754
-206
-0.00889081
-255
-0.0110056
779
0.0336211
147
0.00634441
469
0.0202417
277
0.0119551
-372
-0.0160552
-161
-0.00694864
-67
-0.00289167
289
0.012473
139
0.00599914
38
0.00164005
-601
-0.0259387
-104
-0.00448856
-528
-0.0227881
-204
-0.00880449
-283
-0.0122141
3
0.000129478
-42
-0.00181269
-33
-0.00142426
372
0.0160552
-63
-0.00271903
-455
-0.0196375
77
0.00332326
-197
-0.00850237
5
0.000215796
-125
-0.00539491
-31
-0.00133794
212
0.00914976
-80
-0.00345274
-182
-0.00785498
323
0.0139404
440
0.0189901
260
0.0112214
-62
-0.00267587
72
0.00310747
393
0.0169616
-135
-0.0058265
308
0.0132931
36
0.00155373
-338
-0.0145878
-123
-0.00530859
225
0.00971083
123
0.00530859
373
0.0160984
-174
-0.00750971
-183
-0.00789814
1
4.31593e-05
-268
-0.0115667
81
0.0034959
-278
-0.0119983
-33
-0.00142426
232
0.0100129
94
0.00405697
-342
-0.0147605
118
0.00509279
290
0.0125162
196
0.00845921
112
0.00483384
-51
-0.00220112
293
0.0126457
177
0.00763919
101
0.00435909
-25
-0.00107898
408
0.017609
102
0.00440224
-84
-0.00362538
-11
-0.000474752
-332
-0.0143289
-233
-0.0100561
-503
-0.0217091
-151
-0.00651705
-174
-0.00750971
-142
-0.00612861
123
0.00530859
-26
-0.00112214
442
0.0190764
35
0.00151057
-306
-0.0132067
126
0.00543807
274
0.0118256
-12
-0.000517911
709
0.0305999
-335
-0.0144584
602
0.0259819
25
0.00107898
74
0.00319379
-116
-0.00500647
582
0.0251187
-196
-0.00845921
-249
-0.0107467
-176
-0.00759603
-66
-0.00284851
307
0.0132499
256
0.0110488
93
0.00401381
-413
-0.0178248
-189
-0.0081571
-244
-0.0105309
120
0.00517911
-177
-0.00763919
40
0.00172637
478
0.0206301
-248
-0.0107035
608
0.0262408
-163
-0.00703496
-438
-0.0189038
130
0.0056107
262
0.0113077
4
0.000172637
351
0.0151489
2
8.63185e-05
108
0.0046612
307
0.0132499
-285
-0.0123004
312
0.0134657
134
0.00578334
-165
-0.00712128
407
0.0175658
436
0.0188174
-676
-0.0291757
17
0.000733707
-259
-0.0111782
-207
-0.00893397
62
0.00267587
157
0.006776
-727
-0.0313768
-41
-0.00176953
222
0.00958136
-87
-0.00375486
302
0.0130341
-6
-0.000258956
-355
-0.0153215
97
0.00418645
216
0.0093224
143
0.00617177
-338
-0.0145878
-246
-0.0106172
-46
-0.00198533
103
0.0044454
93
0.00401381
-108
-0.0046612
-72
-0.00310747
-116
-0.00500647
130
0.0056107
114
0.00492016
181
0.00781183
-141
-0.00608546
132
0.00569702
20
0.000863185
300
0.0129478
34
0.00146741
-745
-0.0321536
65
0.00280535
195
0.00841606
-182
-0.00785498
-71
-0.00306431
-92
-0.00397065
393
0.0169616
82
0.00353906
-357
-0.0154079
121
0.00522227
-214
-0.00923608
-73
-0.00315063
-19
-0.000820026
232
0.0100129
-191
-0.00824342
67
0.00289167
37
0.00159689
26
0.00112214
-201
-0.00867501
-126
-0.00543807
-585
-0.0252482
-76
-0.0032801
61
0.00263271
16
0.000690548
-248
-0.0107035
-222
-0.00958136
-113
-0.004877
-253
-0.0109193
-943
-0.0406992
16
0.000690548
-216
-0.0093224
133
0.00574018
-260
-0.0112214
-100
-0.00431593
404
0.0174363
-156
-0.00673284
270
0.011653
-49
-0.0021148
-759
-0.0327579
-196
-0.00845921
-63
-0.00271903
97
0.00418645
104
0.00448856
173
0.00746655
-164
-0.00707812
-108
-0.0046612
-579
-0.0249892
-172
-0.00742339
220
0.00949504
-154
-0.00664653
288
0.0124299
179
0.00772551
294
0.0126888
25
0.00107898
-377
-0.016271
130
0.0056107
289
0.012473
-30
-0.00129478
477
0.020587
-32
-0.0013811
-272
-0.0117393
-195
-0.00841606
-173
-0.00746655
-176
-0.00759603
-207
-0.00893397
-97
-0.00418645
-640
-0.0276219
-3
-0.000129478
-419
-0.0180837
-79
-0.00340958
275
0.0118688
-415
-0.0179111
146
0.00630125
31
0.00133794
-593
-0.0255934
-217
-0.00936556
396
0.0170911
228
0.00984031
-12
-0.000517911
103
0.0044454
-272
-0.0117393
-38
-0.00164005
-188
-0.00811394
149
0.00643073
-415
-0.0179111
-59
-0.0025464
202
0.00871817
34
0.00146741
257
0.0110919
-209
-0.00902028
308
0.0132931
-40
-0.00172637
-207
-0.00893397
145
0.00625809
-208
-0.00897713
-106
-0.00457488
166
0.00716444
-267
-0.0115235
462
0.0199396
189
0.0081571
-170
-0.00733707
-114
-0.00492016
351
0.0151489
-229
-0.00988347
-33
-0.00142426
-324
-0.0139836
-188
-0.00811394
-86
-0.0037117
-110
-0.00474752
3
0.000129478
-561
-0.0242123
-116
-0.00500647
-80
-0.00345274
-43
-0.00185585
270
0.011653
-100
-0.00431593
84
0.00362538
37
0.00159689
44
0.00189901
-316
-0.0136383
38
0.00164005
-80
-0.00345274
-407
-0.0175658
89
0.00384117
-231
-0.00996979
121
0.00522227
-16
-0.000690548
-342
-0.0147605
173
0.00746655
-2
-8.63185e-05
-526
-0.0227018
40
0.00172637
-97
-0.00418645
177
0.00763919
382
0.0164868
4
0.000172637
-366
-0.0157963
-56
-0.00241692
-391
-0.0168753
-10
-0.000431593
9
0.000388433
265
0.0114372
708
0.0305568
268
0.0115667
-5
-0.000215796
-13
-0.00056107
253
0.0109193
-207
-0.00893397
405
0.0174795
104
0.00448856
-96
-0.00414329
-220
-0.00949504
-10
-0.000431593
-15
-0.000647389
-888
-0.0383254
-297
-0.0128183
-9
-0.000388433
-49
-0.0021148
-238
-0.0102719
141
0.00608546
175
0.00755287
119
0.00513595
-127
-0.00548123
-183
-0.00789814
-176
-0.00759603
-129
-0.00556754
-191
-0.00824342
9
0.000388433
-101
-0.00435909
-113
-0.004877
-150
-0.00647389
136
0.00586966
-48
-0.00207164
-52
-0.00224428
49
0.0021148
-35
-0.00151057
207
0.00893397
20
0.000863185
-309
-0.0133362
-218
-0.00940872
526
0.0227018
-180
-0.00776867
-124
-0.00535175
-86
-0.0037117
-135
-0.0058265
-197
-0.00850237
-92
-0.00397065
-193
-0.00832974
720
0.0310747
-150
-0.00647389
-133
-0.00574018
7
0.000302115
-576
-0.0248597
-56
-0.00241692
-573
-0.0247303
-124
-0.00535175
304
0.0131204
-129
-0.00556754
248
0.0107035
116
0.00500647
169
0.00729391
225
0.00971083
112
0.00483384
-92
-0.00397065
292
0.0126025
259
0.0111782
38
0.00164005
190
0.00820026
-603
-0.026025
57
0.00246008
-404
-0.0174363
17
0.000733707
844
0.0364264
-167
-0.0072076
-17
-0.000733707
-152
-0.00656021
-242
-0.0104445
347
0.0149763
-262
-0.0113077
-103
-0.0044454
51
0.00220112
36
0.00155373
413
0.0178248
200
0.00863185
-237
-0.0102287
-330
-0.0142426
-538
-0.0232197
-40
-0.00172637
129
0.00556754
51
0.00220112
130
0.0056107
-101
-0.00435909
94
0.00405697
70
0.00302115
-19
-0.000820026
75
0.00323694
-709
-0.0305999
-210
-0.00906344
-226
-0.00975399
-118
-0.00509279
372
0.0160552
-116
-0.00500647
-173
-0.00746655
-2
-8.63185e-05
-171
-0.00738023
-332
-0.0143289
-665
-0.0287009
244
0.0105309
-47
-0.00202849
275
0.0118688
-393
-0.0169616
57
0.00246008
254
0.0109625
143
0.00617177
199
0.00858869
-195
-0.00841606
-76
-0.0032801
97
0.00418645
-87
-0.00375486
97
0.00418645
233
0.0100561
-124
-0.00535175
-415
-0.0179111
121
0.00522227
-151
-0.00651705
-144
-0.00621493
168
0.00725076
100
0.00431593
149
0.00643073
228
0.00984031
100
0.00431593
179
0.00772551
322
0.0138973
-171
-0.00738023
-342
-0.0147605
-5
-0.000215796
310
0.0133794
-232
-0.0100129
-154
-0.00664653
-144
-0.00621493
87
0.00375486
11
0.000474752
577
0.0249029
31
0.00133794
-136
-0.00586966
-1
-4.31593e-05
280
0.0120846
274
0.0118256
143
0.00617177
-75
-0.00323694
45
0.00194217
-36
-0.00155373
-29
-0.00125162
-255
-0.0110056
-165
-0.00712128
129
0.00556754
114
0.00492016
51
0.00220112
97
0.00418645
-117
-0.00504963
-444
-0.0191627
84
0.00362538
-127
-0.00548123
113
0.004877
26
0.00112214
-120
-0.00517911
103
0.0044454
234
0.0100993
149
0.00643073
61
0.00263271
22
0.000949504
228
0.00984031
448
0.0193353
-365
-0.0157531
141
0.00608546
107
0.00461804
145
0.00625809
-205
-0.00884765
406
0.0175227
-56
-0.00241692
165
0.00712128
38
0.00164005
-28
-0.00120846
-83
-0.00358222
456
0.0196806
207
0.00893397
127
0.00548123
-9
-0.000388433
4
0.000172637
139
0.00599914
-582
-0.0251187
-132
-0.00569702
399
0.0172205
155
0.00668968
199
0.00858869
184
0.0079413
-312
-0.0134657
206
0.00889081
-210
-0.00906344
-121
-0.00522227
-74
-0.00319379
-266
-0.0114804
-560
-0.0241692
119
0.00513595
1
4.31593e-05
16
0.000690548
-112
-0.00483384
166
0.00716444
70
0.00302115
80
0.00345274
-325
-0.0140268
-17
-0.000733707
-183
-0.00789814
-9
-0.000388433
245
0.010574
290
0.0125162
246
0.0106172
330
0.0142426
-181
-0.00781183
-4
-0.000172637
-356
-0.0153647
160
0.00690548
568
0.0245145
38
0.00164005
496
0.021407
-37
-0.00159689
233
0.0100561
73
0.00315063
-445
-0.0192059
-84
-0.00362538
-25
-0.00107898
-44
-0.00189901
-100
-0.00431593
-76
-0.0032801
-200
-0.00863185
-223
-0.00962451
-154
-0.00664653
208
0.00897713
-331
-0.0142857
-59
-0.0025464
49
0.0021148
-147
-0.00634441
-260
-0.0112214
184
0.0079413
599
0.0258524
34
0.00146741
191
0.00824342
342
0.0147605
92
0.00397065
-189
-0.0081571
22
0.000949504
-100
-0.00431593
-56
-0.00241692
-171
-0.00738023
-585
-0.0252482
-63
-0.00271903
-705
-0.0304273
234
0.0100993
-436
-0.0188174
93
0.00401381
597
0.0257661
-3
-0.000129478
73
0.00315063
-308
-0.0132931
107
0.00461804
118
0.00509279
263
0.0113509
-77
-0.00332326
162
0.0069918
132
0.00569702
-535
-0.0230902
133
0.00574018
154
0.00664653
-4
-0.000172637
-319
-0.0137678
36
0.00155373
-715
-0.0308589
-265
-0.0114372
338
0.0145878
-208
-0.00897713
-240
-0.0103582
-218
-0.00940872
143
0.00617177
92
0.00397065
-85
-0.00366854
-188
-0.00811394
-217
-0.00936556
32
0.0013811
-145
-0.00625809
59
0.0025464
126
0.00543807
-193
-0.00832974
202
0.00871817
100
0.00431593
-91
-0.00392749
-84
-0.00362538
-25
-0.00107898
94
0.00405697
-332
-0.0143289
50
0.00215796
-177
-0.00763919
-142
-0.00612861
79
0.00340958
144
0.00621493
126
0.00543807
-134
-0.00578334
-134
-0.00578334
176
0.00759603
-194
-0.0083729
-207
-0.00893397
374
0.0161416
352
0.0151921
320
0.013811
-122
-0.00526543
228
0.00984031
72
0.00310747
-554
-0.0239102
-195
-0.00841606
-263
-0.0113509
155
0.00668968
621
0.0268019
170
0.00733707
502
0.0216659
-136
-0.00586966
-483
-0.0208459
265
0.0114372
