-24
-0.0331492
-5
-0.00690608
-11
-0.0151934
11
0.0151934
4
0.00552486
-10
-0.0138122
9
0.0124309
17
0.0234807
30
0.0414365
25
0.0345304
-12
-0.0165746
-20
-0.0276243
18
0.0248619
21
0.0290055
14
0.019337
-24
-0.0331492
38
0.0524862
16
0.0220994
-15
-0.0207182
14
0.019337
-13
-0.0179558
8
0.0110497
-32
-0.0441989
-27
-0.0372928
-18
-0.0248619
-11
-0.0151934
-19
-0.0262431
36
0.0497238
45
0.0621547
26
0.0359116
10
0.0138122
-23
-0.031768
-14
-0.019337
2
0.00276243
34
0.0469613
23
0.031768
10
0.0138122
0
0
-4
-0.00552486
-28
-0.038674
45
0.0621547
-18
-0.0248619
31
0.0428177
34
0.0469613
-22
-0.0303867
-36
-0.0497238
0
0
35
0.0483425
16
0.0220994
10
0.0138122
-2
-0.00276243
30
0.0414365
35
0.0483425
42
0.058011
28
0.038674
5
0.00690608
3
0.00414365
-50
-0.0690608
-22
-0.0303867
3
0.00414365
42
0.058011
10
0.0138122
-14
-0.019337
5
0.00690608
17
0.0234807
64
0.0883978
-17
-0.0234807
-12
-0.0165746
-21
-0.0290055
-8
-0.0110497
-24
-0.0331492
8
0.0110497
-4
-0.00552486
-6
-0.00828729
5
0.00690608
-12
-0.0165746
16
0.0220994
-7
-0.00966851
-27
-0.0372928
-15
-0.0207182
-40
-0.0552486
3
0.00414365
26
0.0359116
3
0.00414365
29
0.0400552
17
0.0234807
14
0.019337
-24
-0.0331492
-22
-0.0303867
-25
-0.0345304
-34
-0.0469613
-8
-0.0110497
-8
-0.0110497
-8
-0.0110497
-2
-0.00276243
7
0.00966851
8
0.0110497
10
0.0138122
-14
-0.019337
-36
-0.0497238
-27
-0.0372928
6
0.00828729
13
0.0179558
31
0.0428177
-54
-0.0745856
-7
-0.00966851
-3
-0.00414365
3
0.00414365
21
0.0290055
11
0.0151934
-13
-0.0179558
15
0.0207182
7
0.00966851
0
0
22
0.0303867
23
0.031768
6
0.00828729
19
0.0262431
-37
-0.051105
-7
-0.00966851
-17
-0.0234807
7
0.00966851
-10
-0.0138122
13
0.0179558
-7
-0.00966851
-16
-0.0220994
47
0.0649171
-33
-0.0455801
7
0.00966851
18
0.0248619
19
0.0262431
-32
-0.0441989
-12
-0.0165746
-6
-0.00828729
55
0.0759669
-2
-0.00276243
-7
-0.00966851
-37
-0.051105
7
0.00966851
-20
-0.0276243
1
0.00138122
45
0.0621547
-37
-0.051105
-9
-0.0124309
-10
-0.0138122
15
0.0207182
17
0.0234807
-24
-0.0331492
-81
-0.111878
26
0.0359116
-27
-0.0372928
-4
-0.00552486
4
0.00552486
-4
-0.00552486
-1
-0.00138122
22
0.0303867
-9
-0.0124309
46
0.0635359
-21
-0.0290055
35
0.0483425
-30
-0.0414365
24
0.0331492
18
0.0248619
-1
-0.00138122
-18
-0.0248619
7
0.00966851
-28
-0.038674
-59
-0.0814917
-18
-0.0248619
18
0.0248619
25
0.0345304
-8
-0.0110497
-3
-0.00414365
-3
-0.00414365
8
0.0110497
4
0.00552486
-21
-0.0290055
-17
-0.0234807
-30
-0.0414365
49
0.0676796
8
0.0110497
-29
-0.0400552
-16
-0.0220994
8
0.0110497
-4
-0.00552486
-9
-0.0124309
48
0.0662983
59
0.0814917
8
0.0110497
-21
-0.0290055
20
0.0276243
5
0.00690608
-4
-0.00552486
-24
-0.0331492
-7
-0.00966851
8
0.0110497
-7
-0.00966851
-21
-0.0290055
0
0
12
0.0165746
-20
-0.0276243
29
0.0400552
12
0.0165746
-5
-0.00690608
40
0.0552486
16
0.0220994
46
0.0635359
29
0.0400552
37
0.051105
40
0.0552486
-7
-0.00966851
8
0.0110497
25
0.0345304
-25
-0.0345304
-8
-0.0110497
-40
-0.0552486
-22
-0.0303867
-12
-0.0165746
-19
-0.0262431
-5
-0.00690608
-5
-0.00690608
5
0.00690608
-24
-0.0331492
6
0.00828729
26
0.0359116
21
0.0290055
5
0.00690608
-7
-0.00966851
-1
-0.00138122
14
0.019337
-46
-0.0635359
5
0.00690608
-21
-0.0290055
-31
-0.0428177
20
0.0276243
29
0.0400552
15
0.0207182
16
0.0220994
-11
-0.0151934
12
0.0165746
35
0.0483425
29
0.0400552
24
0.0331492
10
0.0138122
-57
-0.0787293
-22
-0.0303867
-50
-0.0690608
21
0.0290055
11
0.0151934
-25
-0.0345304
10
0.0138122
8
0.0110497
-17
-0.0234807
0
0
29
0.0400552
-14
-0.019337
29
0.0400552
-3
-0.00414365
-9
-0.0124309
-7
-0.00966851
-10
-0.0138122
-37
-0.051105
-45
-0.0621547
-26
-0.0359116
-18
-0.0248619
-29
-0.0400552
-14
-0.019337
-13
-0.0179558
-13
-0.0179558
-9
-0.0124309
19
0.0262431
29
0.0400552
7
0.00966851
3
0.00414365
11
0.0151934
0
0
-9
-0.0124309
38
0.0524862
-6
-0.00828729
-74
-0.10221
-41
-0.0566298
22
0.0303867
-6
-0.00828729
-5
-0.00690608
-6
-0.00828729
13
0.0179558
-10
-0.0138122
9
0.0124309
2
0.00276243
20
0.0276243
0
0
-12
-0.0165746
55
0.0759669
-28
-0.038674
-12
-0.0165746
-3
-0.00414365
30
0.0414365
-50
-0.0690608
-32
-0.0441989
21
0.0290055
4
0.00552486
12
0.0165746
3
0.00414365
15
0.0207182
25
0.0345304
3
0.00414365
-52
-0.0718232
21
0.0290055
-3
-0.00414365
-21
-0.0290055
56
0.0773481
-14
-0.019337
30
0.0414365
62
0.0856354
-72
-0.0994475
12
0.0165746
18
0.0248619
1
0.00138122
18
0.0248619
14
0.019337
24
0.0331492
11
0.0151934
-26
-0.0359116
13
0.0179558
-12
-0.0165746
-1
-0.00138122
-2
-0.00276243
9
0.0124309
-25
-0.0345304
0
0
-17
-0.0234807
9
0.0124309
1
0.00138122
-42
-0.058011
22
0.0303867
33
0.0455801
-8
-0.0110497
-3
-0.00414365
-2
-0.00276243
32
0.0441989
5
0.00690608
-2
-0.00276243
17
0.0234807
17
0.0234807
13
0.0179558
51
0.070442
9
0.0124309
13
0.0179558
42
0.058011
-1
-0.00138122
37
0.051105
-7
-0.00966851
13
0.0179558
-7
-0.00966851
-34
-0.0469613
-7
-0.00966851
17
0.0234807
-2
-0.00276243
2
0.00276243
-24
-0.0331492
23
0.031768
4
0.00552486
-27
-0.0372928
-6
-0.00828729
42
0.058011
-20
-0.0276243
-1
-0.00138122
-1
-0.00138122
-13
-0.0179558
17
0.0234807
8
0.0110497
30
0.0414365
-34
-0.0469613
-19
-0.0262431
1
0.00138122
25
0.0345304
16
0.0220994
14
0.019337
26
0.0359116
-9
-0.0124309
16
0.0220994
-18
-0.0248619
-6
-0.00828729
9
0.0124309
-9
-0.0124309
-6
-0.00828729
18
0.0248619
4
0.00552486
-22
-0.0303867
-1
-0.00138122
-17
-0.0234807
-23
-0.031768
7
0.00966851
16
0.0220994
-6
-0.00828729
16
0.0220994
5
0.00690608
20
0.0276243
6
0.00828729
50
0.0690608
4
0.00552486
20
0.0276243
-44
-0.0607735
-23
-0.031768
12
0.0165746
32
0.0441989
23
0.031768
-14
-0.019337
-53
-0.0732044
-12
-0.0165746
12
0.0165746
5
0.00690608
-9
-0.0124309
-16
-0.0220994
-32
-0.0441989
13
0.0179558
-12
-0.0165746
34
0.0469613
-32
-0.0441989
4
0.00552486
-28
-0.038674
38
0.0524862
36
0.0497238
8
0.0110497
28
0.038674
12
0.0165746
5
0.00690608
-1
-0.00138122
48
0.0662983
-31
-0.0428177
27
0.0372928
12
0.0165746
-16
-0.0220994
-20
-0.0276243
46
0.0635359
8
0.0110497
35
0.0483425
3
0.00414365
-15
-0.0207182
-6
-0.00828729
10
0.0138122
-1
-0.00138122
1
0.00138122
15
0.0207182
-40
-0.0552486
-10
-0.0138122
-51
-0.070442
-20
-0.0276243
-36
-0.0497238
-5
-0.00690608
34
0.0469613
7
0.00966851
-21
-0.0290055
46
0.0635359
-23
-0.031768
3
0.00414365
-24
-0.0331492
40
0.0552486
16
0.0220994
-24
-0.0331492
-33
-0.0455801
-3
-0.00414365
4
0.00552486
10
0.0138122
-16
-0.0220994
-3
-0.00414365
49
0.0676796
4
0.00552486
22
0.0303867
22
0.0303867
45
0.0621547
-29
-0.0400552
31
0.0428177
-12
-0.0165746
9
0.0124309
-6
-0.00828729
-32
-0.0441989
22
0.0303867
-21
-0.0290055
13
0.0179558
3
0.00414365
6
0.00828729
18
0.0248619
-13
-0.0179558
44
0.0607735
-10
-0.0138122
11
0.0151934
1
0.00138122
-23
-0.031768
17
0.0234807
2
0.00276243
4
0.00552486
58
0.0801105
12
0.0165746
5
0.00690608
-13
-0.0179558
22
0.0303867
0
0
2
0.00276243
-6
-0.00828729
28
0.038674
36
0.0497238
-9
-0.0124309
-22
-0.0303867
17
0.0234807
26
0.0359116
16
0.0220994
36
0.0497238
-33
-0.0455801
6
0.00828729
29
0.0400552
0
0
64
0.0883978
-4
-0.00552486
-28
-0.038674
8
0.0110497
-19
-0.0262431
28
0.038674
1
0.00138122
10
0.0138122
-6
-0.00828729
-55
-0.0759669
-21
-0.0290055
6
0.00828729
-43
-0.0593923
5
0.00690608
13
0.0179558
4
0.00552486
-9
-0.0124309
0
0
22
0.0303867
29
0.0400552
-15
-0.0207182
-18
-0.0248619
-21
-0.0290055
37
0.051105
-44
-0.0607735
-14
-0.019337
-41
-0.0566298
-8
-0.0110497
31
0.0428177
25
0.0345304
-29
-0.0400552
23
0.031768
-2
-0.00276243
-10
-0.0138122
11
0.0151934
31
0.0428177
-29
-0.0400552
-16
-0.0220994
-39
-0.0538674
-45
-0.0621547
17
0.0234807
14
0.019337
2
0.00276243
42
0.058011
32
0.0441989
-8
-0.0110497
44
0.0607735
-23
-0.031768
19
0.0262431
-9
-0.0124309
3
0.00414365
-18
-0.0248619
17
0.0234807
0
0
17
0.0234807
-26
-0.0359116
8
0.0110497
16
0.0220994
-6
-0.00828729
2
0.00276243
-12
-0.0165746
-2
-0.00276243
19
0.0262431
47
0.0649171
-18
-0.0248619
3
0.00414365
33
0.0455801
18
0.0248619
6
0.00828729
-6
-0.00828729
-7
-0.00966851
43
0.0593923
18
0.0248619
12
0.0165746
-5
-0.00690608
12
0.0165746
9
0.0124309
-15
-0.0207182
-6
-0.00828729
9
0.0124309
19
0.0262431
-18
-0.0248619
-21
-0.0290055
-9
-0.0124309
-3
-0.00414365
6
0.00828729
22
0.0303867
19
0.0262431
-1
-0.00138122
17
0.0234807
13
0.0179558
-8
-0.0110497
-42
-0.058011
-9
-0.0124309
19
0.0262431
1
0.00138122
-16
-0.0220994
-8
-0.0110497
-25
-0.0345304
12
0.0165746
3
0.00414365
-4
-0.00552486
-22
-0.0303867
22
0.0303867
-9
-0.0124309
4
0.00552486
-12
-0.0165746
16
0.0220994
31
0.0428177
7
0.00966851
-18
-0.0248619
-15
-0.0207182
-10
-0.0138122
-5
-0.00690608
-22
-0.0303867
18
0.0248619
25
0.0345304
12
0.0165746
-6
-0.00828729
-22
-0.0303867
-31
-0.0428177
16
0.0220994
-19
-0.0262431
25
0.0345304
8
0.0110497
11
0.0151934
3
0.00414365
19
0.0262431
-7
-0.00966851
11
0.0151934
-21
-0.0290055
43
0.0593923
-3
-0.00414365
-62
-0.0856354
-27
-0.0372928
20
0.0276243
6
0.00828729
15
0.0207182
-6
-0.00828729
23
0.031768
15
0.0207182
-6
-0.00828729
15
0.0207182
-6
-0.00828729
-5
-0.00690608
3
0.00414365
35
0.0483425
10
0.0138122
15
0.0207182
-10
-0.0138122
-2
-0.00276243
37
0.051105
9
0.0124309
18
0.0248619
-11
-0.0151934
-6
-0.00828729
-31
-0.0428177
-27
-0.0372928
-16
-0.0220994
-18
-0.0248619
12
0.0165746
-8
-0.0110497
-21
-0.0290055
-80
-0.110497
-18
-0.0248619
-33
-0.0455801
2
0.00276243
17
0.0234807
-12
-0.0165746
27
0.0372928
-31
-0.0428177
-50
-0.0690608
-35
-0.0483425
2
0.00276243
32
0.0441989
5
0.00690608
48
0.0662983
28
0.038674
5
0.00690608
-11
-0.0151934
27
0.0372928
-24
-0.0331492
0
0
21
0.0290055
18
0.0248619
-20
-0.0276243
-3
-0.00414365
-7
-0.00966851
-25
-0.0345304
-2
-0.00276243
1
0.00138122
18
0.0248619
-32
-0.0441989
1
0.00138122
-35
-0.0483425
-32
-0.0441989
-24
-0.0331492
34
0.0469613
5
0.00690608
-39
-0.0538674
-4
-0.00552486
28
0.038674
-39
-0.0538674
-21
-0.0290055
-11
-0.0151934
24
0.0331492
53
0.0732044
44
0.0607735
34
0.0469613
-15
-0.0207182
-41
-0.0566298
-11
-0.0151934
-8
-0.0110497
-18
-0.0248619
57
0.0787293
21
0.0290055
55
0.0759669
20
0.0276243
-6
-0.00828729
10
0.0138122
19
0.0262431
33
0.0455801
-4
-0.00552486
-23
-0.031768
-25
-0.0345304
10
0.0138122
50
0.0690608
4
0.00552486
-6
-0.00828729
-19
-0.0262431
-26
-0.0359116
9
0.0124309
11
0.0151934
17
0.0234807
-6
-0.00828729
-17
-0.0234807
-13
-0.0179558
-8
-0.0110497
13
0.0179558
-30
-0.0414365
-24
-0.0331492
-3
-0.00414365
41
0.0566298
-16
-0.0220994
-1
-0.00138122
16
0.0220994
4
0.00552486
-2
-0.00276243
-15
-0.0207182
-4
-0.00552486
-5
-0.00690608
4
0.00552486
14
0.019337
-15
-0.0207182
-28
-0.038674
-47
-0.0649171
-28
-0.038674
1
0.00138122
11
0.0151934
-11
-0.0151934
4
0.00552486
7
0.00966851
5
0.00690608
12
0.0165746
-28
-0.038674
-1
-0.00138122
-20
-0.0276243
-2
-0.00276243
-29
-0.0400552
-4
-0.00552486
-6
-0.00828729
-33
-0.0455801
18
0.0248619
6
0.00828729
-10
-0.0138122
10
0.0138122
8
0.0110497
-45
-0.0621547
21
0.0290055
13
0.0179558
17
0.0234807
1
0.00138122
-27
-0.0372928
16
0.0220994
1
0.00138122
-24
-0.0331492
-3
-0.00414365
-23
-0.031768
-28
-0.038674
-28
-0.038674
-43
-0.0593923
-3
-0.00414365
-66
-0.0911602
-4
-0.00552486
-9
-0.0124309
30
0.0414365
16
0.0220994
-27
-0.0372928
-26
-0.0359116
14
0.019337
-33
-0.0455801
14
0.019337
-11
-0.0151934
1
0.00138122
-13
-0.0179558
-19
-0.0262431
20
0.0276243
7
0.00966851
-14
-0.019337
8
0.0110497
19
0.0262431
-6
-0.00828729
48
0.0662983
25
0.0345304
-30
-0.0414365
10
0.0138122
-8
-0.0110497
22
0.0303867
30
0.0414365
-30
-0.0414365
-17
-0.0234807
41
0.0566298
14
0.019337
-23
-0.031768
12
0.0165746
-11
-0.0151934
-42
-0.058011
-15
-0.0207182
6
0.00828729
-8
-0.0110497
-6
-0.00828729
-37
-0.051105
32
0.0441989
-6
-0.00828729
10
0.0138122
-21
-0.0290055
34
0.0469613
-2
-0.00276243
12
0.0165746
5
0.00690608
15
0.0207182
-11
-0.0151934
-2
-0.00276243
8
0.0110497
-14
-0.019337
32
0.0441989
2
0.00276243
6
0.00828729
18
0.0248619
2
0.00276243
19
0.0262431
-3
-0.00414365
6
0.00828729
32
0.0441989
16
0.0220994
-24
-0.0331492
-16
-0.0220994
36
0.0497238
13
0.0179558
15
0.0207182
8
0.0110497
26
0.0359116
-26
-0.0359116
-22
-0.0303867
28
0.038674
-59
-0.0814917
17
0.0234807
-12
-0.0165746
-40
-0.0552486
19
0.0262431
80
0.110497
0
0
20
0.0276243
-25
-0.0345304
-5
-0.00690608
-3
-0.00414365
22
0.0303867
11
0.0151934
9
0.0124309
0
0
12
0.0165746
-4
-0.00552486
-21
-0.0290055
19
0.0262431
8
0.0110497
-9
-0.0124309
40
0.0552486
30
0.0414365
-61
-0.0842541
-11
-0.0151934
-12
-0.0165746
0
0
-10
-0.0138122
14
0.019337
-9
-0.0124309
-9
-0.0124309
0
0
-9
-0.0124309
-42
-0.058011
0
0
-8
-0.0110497
8
0.0110497
22
0.0303867
20
0.0276243
-28
-0.038674
-9
-0.0124309
1
0.00138122
48
0.0662983
-18
-0.0248619
-14
-0.019337
-30
-0.0414365
-16
-0.0220994
12
0.0165746
-14
-0.019337
-12
-0.0165746
-34
-0.0469613
-27
-0.0372928
-32
-0.0441989
-8
-0.0110497
45
0.0621547
1
0.00138122
-1
-0.00138122
-49
-0.0676796
-3
-0.00414365
23
0.031768
19
0.0262431
26
0.0359116
-2
-0.00276243
-4
-0.00552486
-43
-0.0593923
-7
-0.00966851
-2
-0.00276243
2
0.00276243
10
0.0138122
32
0.0441989
-30
-0.0414365
-88
-0.121547
24
0.0331492
15
0.0207182
22
0.0303867
24
0.0331492
47
0.0649171
-23
-0.031768
11
0.0151934
15
0.0207182
3
0.00414365
19
0.0262431
-11
-0.0151934
50
0.0690608
-16
-0.0220994
9
0.0124309
-44
-0.0607735
-42
-0.058011
6
0.00828729
7
0.00966851
28
0.038674
-16
-0.0220994
-39
-0.0538674
28
0.038674
-30
-0.0414365
4
0.00552486
-24
-0.0331492
-34
-0.0469613
5
0.00690608
0
0
-2
-0.00276243
-30
-0.0414365
3
0.00414365
-13
-0.0179558
-22
-0.0303867
20
0.0276243
-55
-0.0759669
-30
-0.0414365
-18
-0.0248619
-6
-0.00828729
5
0.00690608
-5
-0.00690608
23
0.031768
-40
-0.0552486
52
0.0718232
4
0.00552486
19
0.0262431
41
0.0566298
14
0.019337
-9
-0.0124309
5
0.00690608
43
0.0593923
-17
-0.0234807
-29
-0.0400552
-12
-0.0165746
-18
-0.0248619
-18
-0.0248619
-19
-0.0262431
-34
-0.0469613
-38
-0.0524862
10
0.0138122
1
0.00138122
-8
-0.0110497
11
0.0151934
1
0.00138122
11
0.0151934
0
0
-32
-0.0441989
8
0.0110497
9
0.0124309
5
0.00690608
-18
-0.0248619
11
0.0151934
-27
-0.0372928
24
0.0331492
-27
-0.0372928
-43
-0.0593923
40
0.0552486
16
0.0220994
-10
-0.0138122
21
0.0290055
-12
-0.0165746
-32
-0.0441989
18
0.0248619
50
0.0690608
3
0.00414365
-40
-0.0552486
16
0.0220994
14
0.019337
-18
-0.0248619
-19
-0.0262431
-17
-0.0234807
-2
-0.00276243
-32
-0.0441989
41
0.0566298
-10
-0.0138122
-41
-0.0566298
-16
-0.0220994
-5
-0.00690608
0
0
-2
-0.00276243
12
0.0165746
-12
-0.0165746
-4
-0.00552486
-29
-0.0400552
-15
-0.0207182
-9
-0.0124309
4
0.00552486
-34
-0.0469613
-11
-0.0151934
16
0.0220994
55
0.0759669
9
0.0124309
6
0.00828729
-30
-0.0414365
9
0.0124309
-28
-0.038674
-6
-0.00828729
9
0.0124309
35
0.0483425
-47
-0.0649171
51
0.070442
26
0.0359116
48
0.0662983
3
0.00414365
-19
-0.0262431
4
0.00552486
-12
-0.0165746
-7
-0.00966851
5
0.00690608
-23
-0.031768
28
0.038674
20
0.0276243
4
0.00552486
-20
-0.0276243
-37
-0.051105
24
0.0331492
-14
-0.019337
-32
-0.0441989
57
0.0787293
-2
-0.00276243
-17
-0.0234807
23
0.031768
-21
-0.0290055
10
0.0138122
-5
-0.00690608
-40
-0.0552486
10
0.0138122
1
0.00138122
21
0.0290055
-9
-0.0124309
3
0.00414365
18
0.0248619
4
0.00552486
-19
-0.0262431
-20
-0.0276243
8
0.0110497
20
0.0276243
17
0.0234807
-32
-0.0441989
18
0.0248619
-17
-0.0234807
-11
-0.0151934
22
0.0303867
1
0.00138122
21
0.0290055
44
0.0607735
-3
-0.00414365
24
0.0331492
14
0.019337
-43
-0.0593923
-10
-0.0138122
-32
-0.0441989
-35
-0.0483425
27
0.0372928
7
0.00966851
-23
-0.031768
4
0.00552486
-39
-0.0538674
-4
-0.00552486
-8
-0.0110497
54
0.0745856
-2
-0.00276243
-6
-0.00828729
19
0.0262431
56
0.0773481
6
0.00828729
17
0.0234807
-21
-0.0290055
20
0.0276243
14
0.019337
-49
-0.0676796
-19
-0.0262431
-25
-0.0345304
10
0.0138122
61
0.0842541
40
0.0552486
-23
-0.031768
6
0.00828729
23
0.031768
-4
-0.00552486
8
0.0110497
7
0.00966851
2
0.00276243
4
0.00552486
8
0.0110497
-32
-0.0441989
-19
-0.0262431
-4
-0.00552486
-33
-0.0455801
-9
-0.0124309
12
0.0165746
17
0.0234807
-5
-0.00690608
-7
-0.00966851
-26
-0.0359116
-4
-0.00552486
-39
-0.0538674
0
0
-7
-0.00966851
7
0.00966851
65
0.089779
-18
-0.0248619
36
0.0497238
-11
-0.0151934
25
0.0345304
-6
-0.00828729
-7
-0.00966851
-22
-0.0303867
-42
-0.058011
-11
-0.0151934
14
0.019337
-26
-0.0359116
-1
-0.00138122
-60
-0.0828729
14
0.019337
19
0.0262431
13
0.0179558
-55
-0.0759669
38
0.0524862
-6
-0.00828729
-15
-0.0207182
1
0.00138122
-23
-0.031768
-20
-0.0276243
6
0.00828729
-9
-0.0124309
42
0.058011
-40
-0.0552486
0
0
2
0.00276243
-27
-0.0372928
-39
-0.0538674
-9
-0.0124309
15
0.0207182
1
0.00138122
-6
-0.00828729
4
0.00552486
-24
-0.0331492
19
0.0262431
4
0.00552486
0
0
6
0.00828729
-37
-0.051105
-11
-0.0151934
10
0.0138122
4
0.00552486
0
0
39
0.0538674
-11
-0.0151934
15
0.0207182
0
0
29
0.0400552
-12
-0.0165746
-3
-0.00414365
-9
-0.0124309
-20
-0.0276243
-12
-0.0165746
-17
-0.0234807
-48
-0.0662983
4
0.00552486
9
0.0124309
10
0.0138122
-43
-0.0593923
33
0.0455801
12
0.0165746
19
0.0262431
-22
-0.0303867
30
0.0414365
-23
-0.031768
14
0.019337
8
0.0110497
20
0.0276243
22
0.0303867
23
0.031768
15
0.0207182
-26
-0.0359116
20
0.0276243
7
0.00966851
14
0.019337
-21
-0.0290055
20
0.0276243
9
0.0124309
0
0
69
0.0953039
3
0.00414365
23
0.031768
15
0.0207182
-5
-0.00690608
3
0.00414365
8
0.0110497
-2
-0.00276243
-32
-0.0441989
0
0
5
0.00690608
-18
-0.0248619
-37
-0.051105
-2
-0.00276243
-41
-0.0566298
7
0.00966851
23
0.031768
-8
-0.0110497
1
0.00138122
-12
-0.0165746
-5
-0.00690608
-40
-0.0552486
-4
-0.00552486
15
0.0207182
11
0.0151934
-34
-0.0469613
-13
-0.0179558
-20
-0.0276243
9
0.0124309
50
0.0690608
1
0.00138122
-28
-0.038674
14
0.019337
23
0.031768
-38
-0.0524862
14
0.019337
7
0.00966851
19
0.0262431
-45
-0.0621547
-3
-0.00414365
27
0.0372928
13
0.0179558
-29
-0.0400552
30
0.0414365
-26
-0.0359116
10
0.0138122
-39
-0.0538674
-4
-0.00552486
0
0
-34
-0.0469613
-9
-0.0124309
0
0
28
0.038674
-17
-0.0234807
-18
-0.0248619
-8
-0.0110497
17
0.0234807
-1
-0.00138122
-35
-0.0483425
-45
-0.0621547
10
0.0138122
0
0
48
0.0662983
-8
-0.0110497
-1
-0.00138122
72
0.0994475
28
0.038674
-14
-0.019337
3
0.00414365
23
0.031768
-62
-0.0856354
-21
-0.0290055
-17
-0.0234807
-6
-0.00828729
-8
-0.0110497
8
0.0110497
-11
-0.0151934
9
0.0124309
-13
-0.0179558
13
0.0179558
-10
-0.0138122
1
0.00138122
20
0.0276243
4
0.00552486
23
0.031768
57
0.0787293
-31
-0.0428177
-17
-0.0234807
23
0.031768
0
0
-4
-0.00552486
-2
-0.00276243
-11
-0.0151934
1
0.00138122
-23
-0.031768
31
0.0428177
-3
-0.00414365
20
0.0276243
-40
-0.0552486
-9
-0.0124309
2
0.00276243
12
0.0165746
-8
-0.0110497
-9
-0.0124309
-26
-0.0359116
25
0.0345304
13
0.0179558
-29
-0.0400552
-33
-0.0455801
42
0.058011
14
0.019337
25
0.0345304
-6
-0.00828729
25
0.0345304
-21
-0.0290055
-1
-0.00138122
-14
-0.019337
-28
-0.038674
5
0.00690608
-17
-0.0234807
-44
-0.0607735
-27
-0.0372928
-16
-0.0220994
47
0.0649171
-13
-0.0179558
-35
-0.0483425
30
0.0414365
-4
-0.00552486
-11
-0.0151934
-23
-0.031768
13
0.0179558
36
0.0497238
-66
-0.0911602
-58
-0.0801105
0
0
9
0.0124309
21
0.0290055
-14
-0.019337
8
0.0110497
24
0.0331492
-24
-0.0331492
36
0.0497238
-10
-0.0138122
-1
-0.00138122
15
0.0207182
-13
-0.0179558
-10
-0.0138122
4
0.00552486
-46
-0.0635359
-33
-0.0455801
14
0.019337
49
0.0676796
7
0.00966851
-58
-0.0801105
30
0.0414365
3
0.00414365
13
0.0179558
19
0.0262431
16
0.0220994
52
0.0718232
11
0.0151934
46
0.0635359
-37
-0.051105
-30
-0.0414365
-43
-0.0593923
25
0.0345304
-9
-0.0124309
-13
-0.0179558
-4
-0.00552486
-24
-0.0331492
-16
-0.0220994
45
0.0621547
51
0.070442
-12
-0.0165746
-7
-0.00966851
-14
-0.019337
-22
-0.0303867
39
0.0538674
-18
-0.0248619
42
0.058011
-4
-0.00552486
0
0
-31
-0.0428177
-29
-0.0400552
14
0.019337
37
0.051105
39
0.0538674
-6
-0.00828729
18
0.0248619
27
0.0372928
14
0.019337
-29
-0.0400552
35
0.0483425
-52
-0.0718232
-5
-0.00690608
-1
-0.00138122
-10
-0.0138122
4
0.00552486
29
0.0400552
-36
-0.0497238
12
0.0165746
14
0.019337
28
0.038674
-17
-0.0234807
8
0.0110497
-21
-0.0290055
30
0.0414365
-38
-0.0524862
14
0.019337
-11
-0.0151934
-11
-0.0151934
-2
-0.00276243
45
0.0621547
-23
-0.031768
-4
-0.00552486
-18
-0.0248619
-10
-0.0138122
51
0.070442
-25
-0.0345304
-7
-0.00966851
-9
-0.0124309
4
0.00552486
28
0.038674
6
0.00828729
-10
-0.0138122
-26
-0.0359116
1
0.00138122
-34
-0.0469613
21
0.0290055
11
0.0151934
-4
-0.00552486
7
0.00966851
33
0.0455801
11
0.0151934
-12
-0.0165746
-20
-0.0276243
25
0.0345304
19
0.0262431
-10
-0.0138122
9
0.0124309
-41
-0.0566298
33
0.0455801
-51
-0.070442
-16
-0.0220994
-29
-0.0400552
-10
-0.0138122
-17
-0.0234807
-14
-0.019337
-16
-0.0220994
-23
-0.031768
-3
-0.00414365
-3
-0.00414365
21
0.0290055
29
0.0400552
15
0.0207182
-30
-0.0414365
-6
-0.00828729
-14
-0.019337
5
0.00690608
-34
-0.0469613
6
0.00828729
22
0.0303867
3
0.00414365
-10
-0.0138122
15
0.0207182
11
0.0151934
-4
-0.00552486
-22
-0.0303867
-14
-0.019337
-4
-0.00552486
33
0.0455801
-24
-0.0331492
-5
-0.00690608
1
0.00138122
-20
-0.0276243
-36
-0.0497238
2
0.00276243
31
0.0428177
45
0.0621547
4
0.00552486
30
0.0414365
12
0.0165746
-15
-0.0207182
-19
-0.0262431
-6
-0.00828729
-3
-0.00414365
-14
-0.019337
-5
-0.00690608
-15
-0.0207182
24
0.0331492
-12
-0.0165746
10
0.0138122
10
0.0138122
-1
-0.00138122
-1
-0.00138122
9
0.0124309
7
0.00966851
53
0.0732044
0
0
26
0.0359116
6
0.00828729
-41
-0.0566298
-28
-0.038674
25
0.0345304
-30
-0.0414365
29
0.0400552
-11
-0.0151934
-17
-0.0234807
12
0.0165746
-2
-0.00276243
-23
-0.031768
6
0.00828729
23
0.031768
20
0.0276243
12
0.0165746
21
0.0290055
40
0.0552486
-8
-0.0110497
-56
-0.0773481
-44
-0.0607735
-22
-0.0303867
11
0.0151934
-6
-0.00828729
32
0.0441989
10
0.0138122
-20
-0.0276243
-4
-0.00552486
35
0.0483425
11
0.0151934
16
0.0220994
-47
-0.0649171
7
0.00966851
18
0.0248619
-23
-0.031768
-20
-0.0276243
4
0.00552486
4
0.00552486
-1
-0.00138122
-1
-0.00138122
-11
-0.0151934
-23
-0.031768
26
0.0359116
-2
-0.00276243
-6
-0.00828729
-9
-0.0124309
12
0.0165746
6
0.00828729
-4
-0.00552486
10
0.0138122
19
0.0262431
-38
-0.0524862
10
0.0138122
-27
-0.0372928
31
0.0428177
-21
-0.0290055
8
0.0110497
49
0.0676796
77
0.106354
-61
-0.0842541
28
0.038674
5
0.00690608
-28
-0.038674
-18
-0.0248619
-18
-0.0248619
-4
-0.00552486
-24
-0.0331492
-1
-0.00138122
-3
-0.00414365
6
0.00828729
-17
-0.0234807
16
0.0220994
-15
-0.0207182
-4
-0.00552486
27
0.0372928
-4
-0.00552486
-17
-0.0234807
-59
-0.0814917
33
0.0455801
-14
-0.019337
48
0.0662983
-8
-0.0110497
23
0.031768
22
0.0303867
2
0.00276243
8
0.0110497
-20
-0.0276243
5
0.00690608
7
0.00966851
3
0.00414365
37
0.051105
19
0.0262431
5
0.00690608
-38
-0.0524862
-26
-0.0359116
-33
-0.0455801
13
0.0179558
-16
-0.0220994
33
0.0455801
-53
-0.0732044
0
0
10
0.0138122
10
0.0138122
-5
-0.00690608
-42
-0.058011
-8
-0.0110497
-20
-0.0276243
9
0.0124309
-1
-0.00138122
-7
-0.00966851
11
0.0151934
-7
-0.00966851
11
0.0151934
8
0.0110497
-37
-0.051105
33
0.0455801
27
0.0372928
7
0.00966851
-45
-0.0621547
-27
-0.0372928
30
0.0414365
20
0.0276243
-10
-0.0138122
-6
-0.00828729
-20
-0.0276243
14
0.019337
28
0.038674
39
0.0538674
6
0.00828729
19
0.0262431
-23
-0.031768
-24
-0.0331492
20
0.0276243
11
0.0151934
29
0.0400552
15
0.0207182
17
0.0234807
-13
-0.0179558
-21
-0.0290055
-32
-0.0441989
15
0.0207182
4
0.00552486
-2
-0.00276243
-36
-0.0497238
-4
-0.00552486
-58
-0.0801105
-33
-0.0455801
-12
-0.0165746
35
0.0483425
-31
-0.0428177
24
0.0331492
-3
-0.00414365
-31
-0.0428177
13
0.0179558
22
0.0303867
29
0.0400552
39
0.0538674
5
0.00690608
-1
-0.00138122
-15
-0.0207182
6
0.00828729
7
0.00966851
-14
-0.019337
-2
-0.00276243
35
0.0483425
-17
-0.0234807
-11
-0.0151934
22
0.0303867
-1
-0.00138122
39
0.0538674
0
0
-20
-0.0276243
-27
-0.0372928
19
0.0262431
-16
-0.0220994
-21
-0.0290055
7
0.00966851
22
0.0303867
27
0.0372928
38
0.0524862
1
0.00138122
-32
-0.0441989
-23
-0.031768
-65
-0.089779
-81
-0.111878
-14
-0.019337
-58
-0.0801105
-48
-0.0662983
6
0.00828729
-5
-0.00690608
-10
-0.0138122
35
0.0483425
6
0.00828729
-22
-0.0303867
23
0.031768
14
0.019337
30
0.0414365
-21
-0.0290055
-14
-0.019337
-7
-0.00966851
14
0.019337
6
0.00828729
1
0.00138122
-43
-0.0593923
-92
-0.127072
8
0.0110497
34
0.0469613
25
0.0345304
3
0.00414365
22
0.0303867
42
0.058011
7
0.00966851
-7
-0.00966851
6
0.00828729
-36
-0.0497238
-36
-0.0497238
-16
-0.0220994
-15
-0.0207182
-7
-0.00966851
26
0.0359116
6
0.00828729
6
0.00828729
19
0.0262431
21
0.0290055
-6
-0.00828729
-22
-0.0303867
0
0
-2
-0.00276243
45
0.0621547
11
0.0151934
-5
-0.00690608
39
0.0538674
-20
-0.0276243
22
0.0303867
15
0.0207182
-5
-0.00690608
24
0.0331492
7
0.00966851
-26
-0.0359116
-8
-0.0110497
25
0.0345304
-15
-0.0207182
-13
-0.0179558
-2
-0.00276243
33
0.0455801
3
0.00414365
3
0.00414365
-32
-0.0441989
15
0.0207182
21
0.0290055
9
0.0124309
-37
-0.051105
-47
-0.0649171
-35
-0.0483425
11
0.0151934
10
0.0138122
3
0.00414365
-21
-0.0290055
-19
-0.0262431
43
0.0593923
6
0.00828729
-36
-0.0497238
34
0.0469613
16
0.0220994
-10
-0.0138122
-14
-0.019337
-1
-0.00138122
-45
-0.0621547
18
0.0248619
7
0.00966851
-8
-0.0110497
9
0.0124309
5
0.00690608
-24
-0.0331492
-68
-0.0939227
3
0.00414365
4
0.00552486
-2
-0.00276243
-36
-0.0497238
35
0.0483425
5
0.00690608
-11
-0.0151934
-34
-0.0469613
22
0.0303867
-56
-0.0773481
17
0.0234807
44
0.0607735
6
0.00828729
-21
-0.0290055
-1
-0.00138122
-61
-0.0842541
10
0.0138122
19
0.0262431
-6
-0.00828729
8
0.0110497
-33
-0.0455801
-25
-0.0345304
-15
-0.0207182
-43
-0.0593923
-12
-0.0165746
-21
-0.0290055
-3
-0.00414365
7
0.00966851
14
0.019337
-23
-0.031768
-24
-0.0331492
32
0.0441989
12
0.0165746
-35
-0.0483425
1
0.00138122
-4
-0.00552486
21
0.0290055
3
0.00414365
28
0.038674
27
0.0372928
22
0.0303867
-12
-0.0165746
50
0.0690608
31
0.0428177
35
0.0483425
59
0.0814917
5
0.00690608
-25
-0.0345304
12
0.0165746
-27
-0.0372928
-18
-0.0248619
-2
-0.00276243
-62
-0.0856354
6
0.00828729
30
0.0414365
4
0.00552486
-21
-0.0290055
-13
-0.0179558
-6
-0.00828729
-2
-0.00276243
4
0.00552486
35
0.0483425
-9
-0.0124309
10
0.0138122
24
0.0331492
3
0.00414365
26
0.0359116
17
0.0234807
-8
-0.0110497
3
0.00414365
-38
-0.0524862
5
0.00690608
1
0.00138122
32
0.0441989
-18
-0.0248619
-1
-0.00138122
-27
-0.0372928
-30
-0.0414365
15
0.0207182
-50
-0.0690608
15
0.0207182
-1
-0.00138122
-13
-0.0179558
27
0.0372928
-9
-0.0124309
22
0.0303867
29
0.0400552
43
0.0593923
3
0.00414365
-19
-0.0262431
-15
-0.0207182
-27
-0.0372928
-17
-0.0234807
38
0.0524862
-24
-0.0331492
32
0.0441989
-33
-0.0455801
28
0.038674
24
0.0331492
1
0.00138122
14
0.019337
48
0.0662983
26
0.0359116
-29
-0.0400552
-55
-0.0759669
-40
-0.0552486
21
0.0290055
-3
-0.00414365
-8
-0.0110497
-17
-0.0234807
17
0.0234807
51
0.070442
-23
-0.031768
-33
-0.0455801
9
0.0124309
-8
-0.0110497
-20
-0.0276243
55
0.0759669
39
0.0538674
26
0.0359116
-53
-0.0732044
-21
-0.0290055
14
0.019337
12
0.0165746
24
0.0331492
7
0.00966851
12
0.0165746
1
0.00138122
2
0.00276243
-13
-0.0179558
-14
-0.019337
8
0.0110497
-7
-0.00966851
39
0.0538674
-29
-0.0400552
-42
-0.058011
-14
-0.019337
19
0.0262431
30
0.0414365
-36
-0.0497238
-15
-0.0207182
21
0.0290055
12
0.0165746
-27
-0.0372928
-76
-0.104972
-2
-0.00276243
-3
-0.00414365
16
0.0220994
-34
-0.0469613
5
0.00690608
27
0.0372928
-15
-0.0207182
37
0.051105
32
0.0441989
-5
-0.00690608
14
0.019337
21
0.0290055
-42
-0.058011
0
0
7
0.00966851
13
0.0179558
-26
-0.0359116
-27
-0.0372928
14
0.019337
7
0.00966851
-33
-0.0455801
-13
-0.0179558
20
0.0276243
30
0.0414365
-11
-0.0151934
-13
-0.0179558
52
0.0718232
3
0.00414365
-26
-0.0359116
-8
-0.0110497
-45
-0.0621547
1
0.00138122
-32
-0.0441989
17
0.0234807
56
0.0773481
-50
-0.0690608
-5
-0.00690608
27
0.0372928
-15
-0.0207182
-12
-0.0165746
58
0.0801105
-16
-0.0220994
1
0.00138122
18
0.0248619
2
0.00276243
-10
-0.0138122
-33
-0.0455801
25
0.0345304
-18
-0.0248619
-17
-0.0234807
-22
-0.0303867
-24
-0.0331492
20
0.0276243
-24
-0.0331492
15
0.0207182
-5
-0.00690608
11
0.0151934
-31
-0.0428177
44
0.0607735
-10
-0.0138122
-14
-0.019337
31
0.0428177
21
0.0290055
-12
-0.0165746
-27
-0.0372928
24
0.0331492
22
0.0303867
-29
-0.0400552
15
0.0207182
-47
-0.0649171
-27
-0.0372928
11
0.0151934
-7
-0.00966851
-19
-0.0262431
10
0.0138122
-43
-0.0593923
-7
-0.00966851
31
0.0428177
15
0.0207182
-52
-0.0718232
-28
-0.038674
-7
-0.00966851
-2
-0.00276243
-26
-0.0359116
19
0.0262431
-26
-0.0359116
7
0.00966851
-64
-0.0883978
24
0.0331492
12
0.0165746
-15
-0.0207182
25
0.0345304
66
0.0911602
36
0.0497238
-35
-0.0483425
5
0.00690608
-42
-0.058011
6
0.00828729
2
0.00276243
-30
-0.0414365
-25
-0.0345304
5
0.00690608
-18
-0.0248619
1
0.00138122
5
0.00690608
-5
-0.00690608
9
0.0124309
4
0.00552486
18
0.0248619
-20
-0.0276243
4
0.00552486
25
0.0345304
-24
-0.0331492
-51
-0.070442
-9
-0.0124309
20
0.0276243
-16
-0.0220994
-27
-0.0372928
-48
-0.0662983
-4
-0.00552486
14
0.019337
-3
-0.00414365
-4
-0.00552486
1
0.00138122
1
0.00138122
20
0.0276243
2
0.00276243
13
0.0179558
5
0.00690608
-12
-0.0165746
28
0.038674
46
0.0635359
-2
-0.00276243
7
0.00966851
21
0.0290055
1
0.00138122
9
0.0124309
-33
-0.0455801
9
0.0124309
63
0.0870166
7
0.00966851
28
0.038674
-18
-0.0248619
0
0
6
0.00828729
-5
-0.00690608
-15
-0.0207182
41
0.0566298
8
0.0110497
2
0.00276243
1
0.00138122
8
0.0110497
-30
-0.0414365
-25
-0.0345304
-7
-0.00966851
-4
-0.00552486
45
0.0621547
15
0.0207182
28
0.038674
-32
-0.0441989
36
0.0497238
9
0.0124309
4
0.00552486
3
0.00414365
-1
-0.00138122
5
0.00690608
28
0.038674
5
0.00690608
-5
-0.00690608
-10
-0.0138122
11
0.0151934
1
0.00138122
13
0.0179558
-18
-0.0248619
17
0.0234807
12
0.0165746
31
0.0428177
16
0.0220994
-10
-0.0138122
-11
-0.0151934
-12
-0.0165746
22
0.0303867
0
0
-4
-0.00552486
0
0
-52
-0.0718232
-26
-0.0359116
-26
-0.0359116
-23
-0.031768
-43
-0.0593923
0
0
7
0.00966851
-14
-0.019337
56
0.0773481
-42
-0.058011
16
0.0220994
28
0.038674
13
0.0179558
7
0.00966851
33
0.0455801
-18
-0.0248619
26
0.0359116
-4
-0.00552486
6
0.00828729
62
0.0856354
3
0.00414365
-10
-0.0138122
8
0.0110497
-20
-0.0276243
25
0.0345304
60
0.0828729
27
0.0372928
9
0.0124309
-24
-0.0331492
14
0.019337
14
0.019337
-64
-0.0883978
38
0.0524862
47
0.0649171
-3
-0.00414365
-78
-0.107735
6
0.00828729
62
0.0856354
-21
-0.0290055
6
0.00828729
8
0.0110497
-26
-0.0359116
-25
-0.0345304
30
0.0414365
-16
-0.0220994
59
0.0814917
-9
-0.0124309
14
0.019337
-1
-0.00138122
11
0.0151934
40
0.0552486
-22
-0.0303867
-10
-0.0138122
43
0.0593923
-31
-0.0428177
-32
-0.0441989
13
0.0179558
-5
-0.00690608
0
0
-4
-0.00552486
6
0.00828729
-34
-0.0469613
-18
-0.0248619
-10
-0.0138122
18
0.0248619
-31
-0.0428177
-20
-0.0276243
30
0.0414365
29
0.0400552
-4
-0.00552486
-23
-0.031768
2
0.00276243
-47
-0.0649171
-16
-0.0220994
-31
-0.0428177
12
0.0165746
-27
-0.0372928
35
0.0483425
21
0.0290055
17
0.0234807
-4
-0.00552486
-27
-0.0372928
1
0.00138122
-45
-0.0621547
9
0.0124309
15
0.0207182
29
0.0400552
1
0.00138122
40
0.0552486
2
0.00276243
33
0.0455801
13
0.0179558
5
0.00690608
22
0.0303867
43
0.0593923
28
0.038674
0
0
-29
-0.0400552
18
0.0248619
-9
-0.0124309
21
0.0290055
19
0.0262431
35
0.0483425
-26
-0.0359116
-9
-0.0124309
4
0.00552486
-14
-0.019337
23
0.031768
-14
-0.019337
-18
-0.0248619
-6
-0.00828729
107
0.14779
6
0.00828729
14
0.019337
-14
-0.019337
30
0.0414365
23
0.031768
42
0.058011
-48
-0.0662983
16
0.0220994
44
0.0607735
16
0.0220994
-6
-0.00828729
-7
-0.00966851
36
0.0497238
-26
-0.0359116
10
0.0138122
14
0.019337
27
0.0372928
16
0.0220994
3
0.00414365
23
0.031768
-8
-0.0110497
-32
-0.0441989
3
0.00414365
-19
-0.0262431
-4
-0.00552486
-33
-0.0455801
29
0.0400552
18
0.0248619
23
0.031768
-17
-0.0234807
-31
-0.0428177
-22
-0.0303867
3
0.00414365
-34
-0.0469613
-33
-0.0455801
20
0.0276243
-10
-0.0138122
17
0.0234807
-20
-0.0276243
34
0.0469613
2
0.00276243
-26
-0.0359116
-24
-0.0331492
4
0.00552486
4
0.00552486
-3
-0.00414365
-7
-0.00966851
18
0.0248619
4
0.00552486
65
0.089779
8
0.0110497
-17
-0.0234807
62
0.0856354
-30
-0.0414365
-6
-0.00828729
4
0.00552486
-4
-0.00552486
-75
-0.103591
44
0.0607735
3
0.00414365
35
0.0483425
-9
-0.0124309
-40
-0.0552486
-9
-0.0124309
-27
-0.0372928
-16
-0.0220994
23
0.031768
-19
-0.0262431
-8
-0.0110497
7
0.00966851
-9
-0.0124309
2
0.00276243
8
0.0110497
12
0.0165746
-20
-0.0276243
-14
-0.019337
-19
-0.0262431
3
0.00414365
28
0.038674
38
0.0524862
-12
-0.0165746
83
0.114641
10
0.0138122
-9
-0.0124309
-18
-0.0248619
-8
-0.0110497
20
0.0276243
20
0.0276243
-9
-0.0124309
8
0.0110497
-5
-0.00690608
-1
-0.00138122
-17
-0.0234807
-19
-0.0262431
39
0.0538674
32
0.0441989
23
0.031768
20
0.0276243
10
0.0138122
-5
-0.00690608
-14
-0.019337
10
0.0138122
27
0.0372928
-4
-0.00552486
-21
-0.0290055
-23
-0.031768
20
0.0276243
22
0.0303867
-28
-0.038674
-18
-0.0248619
3
0.00414365
52
0.0718232
7
0.00966851
2
0.00276243
7
0.00966851
-27
-0.0372928
-3
-0.00414365
10
0.0138122
8
0.0110497
10
0.0138122
2
0.00276243
-2
-0.00276243
30
0.0414365
-11
-0.0151934
-22
-0.0303867
-41
-0.0566298
2
0.00276243
-31
-0.0428177
-14
-0.019337
28
0.038674
6
0.00828729
-10
-0.0138122
-5
-0.00690608
-9
-0.0124309
24
0.0331492
-8
-0.0110497
22
0.0303867
-35
-0.0483425
-12
-0.0165746
21
0.0290055
11
0.0151934
41
0.0566298
4
0.00552486
22
0.0303867
10
0.0138122
-6
-0.00828729
-8
-0.0110497
11
0.0151934
15
0.0207182
0
0
-66
-0.0911602
0
0
-9
-0.0124309
24
0.0331492
24
0.0331492
-22
-0.0303867
12
0.0165746
-12
-0.0165746
26
0.0359116
10
0.0138122
-42
-0.058011
16
0.0220994
11
0.0151934
-24
-0.0331492
-3
-0.00414365
29
0.0400552
-20
-0.0276243
-55
-0.0759669
8
0.0110497
-13
-0.0179558
7
0.00966851
-26
-0.0359116
1
0.00138122
2
0.00276243
-16
-0.0220994
33
0.0455801
-21
-0.0290055
1
0.00138122
-9
-0.0124309
24
0.0331492
-5
-0.00690608
-5
-0.00690608
-8
-0.0110497
-17
-0.0234807
-23
-0.031768
40
0.0552486
25
0.0345304
-19
-0.0262431
-58
-0.0801105
-40
-0.0552486
-12
-0.0165746
4
0.00552486
6
0.00828729
-23
-0.031768
-11
-0.0151934
103
0.142265
-30
-0.0414365
-11
-0.0151934
28
0.038674
-2
-0.00276243
8
0.0110497
2
0.00276243
39
0.0538674
6
0.00828729
-34
-0.0469613
18
0.0248619
13
0.0179558
16
0.0220994
12
0.0165746
7
0.00966851
5
0.00690608
-42
-0.058011
-15
-0.0207182
28
0.038674
6
0.00828729
8
0.0110497
27
0.0372928
-41
-0.0566298
15
0.0207182
-33
-0.0455801
-20
-0.0276243
-12
-0.0165746
0
0
35
0.0483425
-1
-0.00138122
-56
-0.0773481
5
0.00690608
16
0.0220994
6
0.00828729
-10
-0.0138122
-4
-0.00552486
1
0.00138122
-11
-0.0151934
-29
-0.0400552
8
0.0110497
23
0.031768
-19
-0.0262431
-25
-0.0345304
14
0.019337
10
0.0138122
-5
-0.00690608
9
0.0124309
-15
-0.0207182
55
0.0759669
-18
-0.0248619
33
0.0455801
-9
-0.0124309
-9
-0.0124309
6
0.00828729
-5
-0.00690608
-12
-0.0165746
-41
-0.0566298
-4
-0.00552486
15
0.0207182
20
0.0276243
14
0.019337
-24
-0.0331492
9
0.0124309
-29
-0.0400552
5
0.00690608
-27
-0.0372928
-30
-0.0414365
0
0
54
0.0745856
0
0
-12
-0.0165746
-5
-0.00690608
14
0.019337
37
0.051105
-7
-0.00966851
-8
-0.0110497
13
0.0179558
-25
-0.0345304
18
0.0248619
22
0.0303867
-70
-0.0966851
12
0.0165746
-38
-0.0524862
13
0.0179558
-8
-0.0110497
-14
-0.019337
16
0.0220994
1
0.00138122
-4
-0.00552486
8
0.0110497
10
0.0138122
-5
-0.00690608
3
0.00414365
-9
-0.0124309
-25
-0.0345304
-1
-0.00138122
33
0.0455801
-25
-0.0345304
-55
-0.0759669
18
0.0248619
-19
-0.0262431
-8
-0.0110497
-4
-0.00552486
-9
-0.0124309
-5
-0.00690608
-4
-0.00552486
-4
-0.00552486
16
0.0220994
25
0.0345304
-28
-0.038674
4
0.00552486
54
0.0745856
26
0.0359116
38
0.0524862
22
0.0303867
2
0.00276243
-24
-0.0331492
-22
-0.0303867
-12
-0.0165746
25
0.0345304
23
0.031768
15
0.0207182
-26
-0.0359116
9
0.0124309
-32
-0.0441989
-3
-0.00414365
-18
-0.0248619
2
0.00276243
-4
-0.00552486
7
0.00966851
-5
-0.00690608
18
0.0248619
-20
-0.0276243
-68
-0.0939227
-32
-0.0441989
23
0.031768
-24
-0.0331492
-9
-0.0124309
-22
-0.0303867
-1
-0.00138122
-14
-0.019337
-32
-0.0441989
3
0.00414365
22
0.0303867
11
0.0151934
17
0.0234807
13
0.0179558
6
0.00828729
20
0.0276243
-5
-0.00690608
-5
-0.00690608
10
0.0138122
-12
-0.0165746
10
0.0138122
-5
-0.00690608
-3
-0.00414365
-1
-0.00138122
3
0.00414365
33
0.0455801
-1
-0.00138122
-18
-0.0248619
-3
-0.00414365
-8
-0.0110497
-28
-0.038674
-22
-0.0303867
-9
-0.0124309
10
0.0138122
-20
-0.0276243
-35
-0.0483425
4
0.00552486
0
0
-17
-0.0234807
-21
-0.0290055
-14
-0.019337
-19
-0.0262431
-15
-0.0207182
10
0.0138122
16
0.0220994
20
0.0276243
25
0.0345304
-12
-0.0165746
-33
-0.0455801
36
0.0497238
-14
-0.019337
-13
-0.0179558
18
0.0248619
27
0.0372928
49
0.0676796
-29
-0.0400552
-28
-0.038674
-48
-0.0662983
-10
-0.0138122
1
0.00138122
-15
-0.0207182
25
0.0345304
8
0.0110497
23
0.031768
9
0.0124309
37
0.051105
-13
-0.0179558
-55
-0.0759669
-3
-0.00414365
-14
-0.019337
-2
-0.00276243
38
0.0524862
34
0.0469613
2
0.00276243
5
0.00690608
-23
-0.031768
-24
-0.0331492
-3
-0.00414365
-14
-0.019337
60
0.0828729
-40
-0.0552486
40
0.0552486
4
0.00552486
53
0.0732044
22
0.0303867
7
0.00966851
-6
-0.00828729
-10
-0.0138122
16
0.0220994
-30
-0.0414365
-26
-0.0359116
-15
-0.0207182
-2
-0.00276243
6
0.00828729
-38
-0.0524862
35
0.0483425
7
0.00966851
2
0.00276243
48
0.0662983
-20
-0.0276243
34
0.0469613
1
0.00138122
29
0.0400552
8
0.0110497
-36
-0.0497238
-9
-0.0124309
-10
-0.0138122
18
0.0248619
19
0.0262431
22
0.0303867
-10
-0.0138122
22
0.0303867
20
0.0276243
6
0.00828729
-36
-0.0497238
-25
-0.0345304
-30
-0.0414365
-5
-0.00690608
-30
-0.0414365
29
0.0400552
30
0.0414365
-7
-0.00966851
-10
-0.0138122
1
0.00138122
24
0.0331492
-23
-0.031768
-46
-0.0635359
12
0.0165746
-2
-0.00276243
66
0.0911602
17
0.0234807
-10
-0.0138122
-10
-0.0138122
-22
-0.0303867
-18
-0.0248619
18
0.0248619
-12
-0.0165746
21
0.0290055
7
0.00966851
2
0.00276243
7
0.00966851
-17
-0.0234807
15
0.0207182
-3
-0.00414365
3
0.00414365
12
0.0165746
1
0.00138122
-11
-0.0151934
23
0.031768
-26
-0.0359116
-43
-0.0593923
-12
-0.0165746
-13
-0.0179558
-25
-0.0345304
-4
-0.00552486
-1
-0.00138122
45
0.0621547
4
0.00552486
1
0.00138122
35
0.0483425
-1
-0.00138122
0
0
-4
-0.00552486
41
0.0566298
1
0.00138122
-34
-0.0469613
14
0.019337
-28
-0.038674
40
0.0552486
37
0.051105
-18
-0.0248619
2
0.00276243
-8
-0.0110497
32
0.0441989
-14
-0.019337
-40
-0.0552486
5
0.00690608
-30
-0.0414365
12
0.0165746
-27
-0.0372928
-23
-0.031768
10
0.0138122
-8
-0.0110497
2
0.00276243
-6
-0.00828729
-40
-0.0552486
-21
-0.0290055
-19
-0.0262431
66
0.0911602
-32
-0.0441989
-29
-0.0400552
10
0.0138122
-5
-0.00690608
-27
-0.0372928
0
0
-27
-0.0372928
26
0.0359116
39
0.0538674
-23
-0.031768
3
0.00414365
-23
-0.031768
-21
-0.0290055
-3
-0.00414365
13
0.0179558
-39
-0.0538674
12
0.0165746
-24
-0.0331492
-25
-0.0345304
14
0.019337
21
0.0290055
6
0.00828729
-8
-0.0110497
-16
-0.0220994
6
0.00828729
-21
-0.0290055
-23
-0.031768
-20
-0.0276243
-56
-0.0773481
3
0.00414365
-33
-0.0455801
-9
-0.0124309
-13
-0.0179558
30
0.0414365
-22
-0.0303867
32
0.0441989
-7
-0.00966851
-14
-0.019337
-30
-0.0414365
45
0.0621547
34
0.0469613
-28
-0.038674
13
0.0179558
9
0.0124309
-2
-0.00276243
-2
-0.00276243
-17
-0.0234807
-4
-0.00552486
-14
-0.019337
23
0.031768
14
0.019337
14
0.019337
-41
-0.0566298
-43
-0.0593923
-21
-0.0290055
4
0.00552486
68
0.0939227
16
0.0220994
10
0.0138122
0
0
-13
-0.0179558
22
0.0303867
-45
-0.0621547
0
0
-25
-0.0345304
27
0.0372928
13
0.0179558
14
0.019337
33
0.0455801
23
0.031768
10
0.0138122
-27
-0.0372928
-26
-0.0359116
14
0.019337
12
0.0165746
-11
-0.0151934
-30
-0.0414365
-37
-0.051105
-11
-0.0151934
12
0.0165746
-23
-0.031768
11
0.0151934
13
0.0179558
-42
-0.058011
7
0.00966851
14
0.019337
29
0.0400552
12
0.0165746
19
0.0262431
-12
-0.0165746
10
0.0138122
22
0.0303867
-21
-0.0290055
-1
-0.00138122
-3
-0.00414365
-8
-0.0110497
-13
-0.0179558
-3
-0.00414365
48
0.0662983
-13
-0.0179558
47
0.0649171
-2
-0.00276243
-6
-0.00828729
-36
-0.0497238
-10
-0.0138122
2
0.00276243
-37
-0.051105
20
0.0276243
-4
-0.00552486
-48
-0.0662983
-46
-0.0635359
-5
-0.00690608
39
0.0538674
20
0.0276243
-2
-0.00276243
3
0.00414365
19
0.0262431
37
0.051105
-13
-0.0179558
-18
-0.0248619
19
0.0262431
9
0.0124309
10
0.0138122
25
0.0345304
-15
-0.0207182
-24
-0.0331492
-36
-0.0497238
-44
-0.0607735
-48
-0.0662983
-2
-0.00276243
26
0.0359116
-22
-0.0303867
-10
-0.0138122
-28
-0.038674
12
0.0165746
19
0.0262431
-12
-0.0165746
-6
-0.00828729
7
0.00966851
-14
-0.019337
12
0.0165746
4
0.00552486
67
0.0925414
-18
-0.0248619
-19
-0.0262431
-4
-0.00552486
-13
-0.0179558
-27
-0.0372928
-8
-0.0110497
5
0.00690608
34
0.0469613
5
0.00690608
-12
-0.0165746
-13
-0.0179558
15
0.0207182
-26
-0.0359116
4
0.00552486
-13
-0.0179558
-3
-0.00414365
47
0.0649171
-14
-0.019337
15
0.0207182
-10
-0.0138122
-3
-0.00414365
10
0.0138122
-36
-0.0497238
3
0.00414365
-29
-0.0400552
-20
-0.0276243
18
0.0248619
30
0.0414365
-3
-0.00414365
-3
-0.00414365
-17
-0.0234807
-10
-0.0138122
-5
-0.00690608
33
0.0455801
-9
-0.0124309
18
0.0248619
-28
-0.038674
-9
-0.0124309
11
0.0151934
-12
-0.0165746
18
0.0248619
-19
-0.0262431
28
0.038674
-8
-0.0110497
24
0.0331492
-16
-0.0220994
11
0.0151934
12
0.0165746
40
0.0552486
31
0.0428177
-7
-0.00966851
3
0.00414365
31
0.0428177
-10
-0.0138122
18
0.0248619
25
0.0345304
-36
-0.0497238
-33
-0.0455801
29
0.0400552
-24
-0.0331492
10
0.0138122
2
0.00276243
-19
-0.0262431
24
0.0331492
13
0.0179558
8
0.0110497
-12
-0.0165746
-29
-0.0400552
-61
-0.0842541
-18
-0.0248619
-16
-0.0220994
27
0.0372928
17
0.0234807
8
0.0110497
18
0.0248619
-21
-0.0290055
-23
-0.031768
17
0.0234807
1
0.00138122
28
0.038674
-15
-0.0207182
21
0.0290055
21
0.0290055
9
0.0124309
4
0.00552486
1
0.00138122
13
0.0179558
23
0.031768
-27
-0.0372928
23
0.031768
22
0.0303867
13
0.0179558
10
0.0138122
23
0.031768
13
0.0179558
-15
-0.0207182
-19
-0.0262431
20
0.0276243
16
0.0220994
2
0.00276243
16
0.0220994
16
0.0220994
-9
-0.0124309
9
0.0124309
35
0.0483425
8
0.0110497
0
0
-57
-0.0787293
-6
-0.00828729
-9
-0.0124309
-17
-0.0234807
10
0.0138122
-11
-0.0151934
19
0.0262431
-66
-0.0911602
-17
-0.0234807
11
0.0151934
24
0.0331492
-27
-0.0372928
-37
-0.051105
9
0.0124309
-51
-0.070442
37
0.051105
-9
-0.0124309
-3
-0.00414365
41
0.0566298
-5
-0.00690608
25
0.0345304
9
0.0124309
11
0.0151934
-7
-0.00966851
29
0.0400552
1
0.00138122
83
0.114641
2
0.00276243
-58
-0.0801105
12
0.0165746
-34
-0.0469613
-28
-0.038674
-25
-0.0345304
25
0.0345304
-12
-0.0165746
4
0.00552486
-12
-0.0165746
2
0.00276243
-16
-0.0220994
13
0.0179558
-15
-0.0207182
-49
-0.0676796
4
0.00552486
23
0.031768
27
0.0372928
55
0.0759669
-33
-0.0455801
3
0.00414365
-47
-0.0649171
-7
-0.00966851
0
0
-23
-0.031768
17
0.0234807
-17
-0.0234807
39
0.0538674
-1
-0.00138122
7
0.00966851
21
0.0290055
14
0.019337
18
0.0248619
34
0.0469613
-13
-0.0179558
19
0.0262431
-17
-0.0234807
28
0.038674
-14
-0.019337
35
0.0483425
28
0.038674
23
0.031768
0
0
-2
-0.00276243
-7
-0.00966851
19
0.0262431
-19
-0.0262431
-9
-0.0124309
18
0.0248619
-2
-0.00276243
-13
-0.0179558
27
0.0372928
5
0.00690608
-45
-0.0621547
-23
-0.031768
-12
-0.0165746
8
0.0110497
13
0.0179558
-26
-0.0359116
7
0.00966851
9
0.0124309
-18
-0.0248619
-7
-0.00966851
12
0.0165746
-1
-0.00138122
1
0.00138122
32
0.0441989
56
0.0773481
5
0.00690608
41
0.0566298
37
0.051105
-9
-0.0124309
6
0.00828729
10
0.0138122
-18
-0.0248619
17
0.0234807
-9
-0.0124309
10
0.0138122
9
0.0124309
-48
-0.0662983
-24
-0.0331492
-12
-0.0165746
-22
-0.0303867
-23
-0.031768
-2
-0.00276243
11
0.0151934
9
0.0124309
29
0.0400552
29
0.0400552
44
0.0607735
16
0.0220994
-20
-0.0276243
17
0.0234807
26
0.0359116
-5
-0.00690608
-11
-0.0151934
-4
-0.00552486
-43
-0.0593923
21
0.0290055
18
0.0248619
-24
-0.0331492
4
0.00552486
0
0
14
0.019337
-19
-0.0262431
4
0.00552486
1
0.00138122
-29
-0.0400552
38
0.0524862
8
0.0110497
12
0.0165746
5
0.00690608
17
0.0234807
-38
-0.0524862
-6
-0.00828729
22
0.0303867
-8
-0.0110497
25
0.0345304
-13
-0.0179558
17
0.0234807
-21
-0.0290055
22
0.0303867
-64
-0.0883978
-30
-0.0414365
-11
-0.0151934
7
0.00966851
21
0.0290055
60
0.0828729
31
0.0428177
23
0.031768
0
0
0
0
28
0.038674
38
0.0524862
-38
-0.0524862
55
0.0759669
-29
-0.0400552
-1
-0.00138122
-8
-0.0110497
-32
-0.0441989
0
0
58
0.0801105
-48
-0.0662983
-23
-0.031768
13
0.0179558
-19
-0.0262431
13
0.0179558
-41
-0.0566298
26
0.0359116
-11
-0.0151934
10
0.0138122
-5
-0.00690608
-12
-0.0165746
11
0.0151934
-54
-0.0745856
-29
-0.0400552
23
0.031768
50
0.0690608
-14
-0.019337
-3
-0.00414365
32
0.0441989
-13
-0.0179558
-10
-0.0138122
-38
-0.0524862
19
0.0262431
4
0.00552486
13
0.0179558
2
0.00276243
24
0.0331492
-2
-0.00276243
-4
-0.00552486
40
0.0552486
-26
-0.0359116
-18
-0.0248619
-23
-0.031768
-60
-0.0828729
54
0.0745856
-6
-0.00828729
23
0.031768
-19
-0.0262431
-22
-0.0303867
-6
-0.00828729
2
0.00276243
31
0.0428177
-7
-0.00966851
-9
-0.0124309
-20
-0.0276243
22
0.0303867
7
0.00966851
-19
-0.0262431
28
0.038674
1
0.00138122
-3
-0.00414365
0
0
-14
-0.019337
-27
-0.0372928
-11
-0.0151934
42
0.058011
10
0.0138122
-22
-0.0303867
-3
-0.00414365
-46
-0.0635359
-7
-0.00966851
8
0.0110497
-39
-0.0538674
17
0.0234807
51
0.070442
-17
-0.0234807
3
0.00414365
-2
-0.00276243
-34
-0.0469613
24
0.0331492
35
0.0483425
-18
-0.0248619
30
0.0414365
12
0.0165746
38
0.0524862
-6
-0.00828729
-50
-0.0690608
25
0.0345304
-33
-0.0455801
-25
-0.0345304
18
0.0248619
24
0.0331492
-10
-0.0138122
-8
-0.0110497
-43
-0.0593923
20
0.0276243
-1
-0.00138122
-15
-0.0207182
-3
-0.00414365
-25
-0.0345304
32
0.0441989
-18
-0.0248619
8
0.0110497
-6
-0.00828729
-34
-0.0469613
-12
-0.0165746
21
0.0290055
30
0.0414365
8
0.0110497
-17
-0.0234807
54
0.0745856
-40
-0.0552486
-12
-0.0165746
-37
-0.051105
-10
-0.0138122
29
0.0400552
-8
-0.0110497
29
0.0400552
0
0
-8
-0.0110497
29
0.0400552
-1
-0.00138122
-31
-0.0428177
-10
-0.0138122
42
0.058011
-14
-0.019337
-6
-0.00828729
-24
-0.0331492
-4
-0.00552486
38
0.0524862
34
0.0469613
6
0.00828729
-30
-0.0414365
16
0.0220994
40
0.0552486
-17
-0.0234807
6
0.00828729
6
0.00828729
-23
-0.031768
26
0.0359116
6
0.00828729
-11
-0.0151934
30
0.0414365
38
0.0524862
20
0.0276243
15
0.0207182
2
0.00276243
8
0.0110497
-25
-0.0345304
-5
-0.00690608
-15
-0.0207182
-23
-0.031768
32
0.0441989
51
0.070442
8
0.0110497
-25
-0.0345304
-27
-0.0372928
-2
-0.00276243
20
0.0276243
-30
-0.0414365
20
0.0276243
36
0.0497238
25
0.0345304
-38
-0.0524862
4
0.00552486
-18
-0.0248619
-54
-0.0745856
47
0.0649171
-15
-0.0207182
-23
-0.031768
8
0.0110497
-16
-0.0220994
-2
-0.00276243
-17
-0.0234807
17
0.0234807
-28
-0.038674
-2
-0.00276243
-20
-0.0276243
-30
-0.0414365
-32
-0.0441989
-2
-0.00276243
-17
-0.0234807
-4
-0.00552486
37
0.051105
53
0.0732044
10
0.0138122
-31
-0.0428177
-20
-0.0276243
-20
-0.0276243
-9
-0.0124309
49
0.0676796
-33
-0.0455801
-13
-0.0179558
2
0.00276243
-11
-0.0151934
2
0.00276243
18
0.0248619
18
0.0248619
-21
-0.0290055
10
0.0138122
-6
-0.00828729
-26
-0.0359116
-32
-0.0441989
-12
-0.0165746
10
0.0138122
-18
-0.0248619
0
0
-63
-0.0870166
25
0.0345304
-21
-0.0290055
-23
-0.031768
-9
-0.0124309
-25
-0.0345304
9
0.0124309
-6
-0.00828729
46
0.0635359
2
0.00276243
-11
-0.0151934
17
0.0234807
-42
-0.058011
6
0.00828729
-27
-0.0372928
0
0
-17
-0.0234807
9
0.0124309
35
0.0483425
8
0.0110497
13
0.0179558
-32
-0.0441989
9
0.0124309
51
0.070442
25
0.0345304
-38
-0.0524862
-70
-0.0966851
-26
-0.0359116
46
0.0635359
-30
-0.0414365
-21
-0.0290055
-13
-0.0179558
-52
-0.0718232
-24
-0.0331492
52
0.0718232
-20
-0.0276243
0
0
-4
-0.00552486
-15
-0.0207182
-6
-0.00828729
25
0.0345304
-1
-0.00138122
-7
-0.00966851
8
0.0110497
12
0.0165746
-16
-0.0220994
-42
-0.058011
53
0.0732044
14
0.019337
-1
-0.00138122
5
0.00690608
-5
-0.00690608
31
0.0428177
-26
-0.0359116
29
0.0400552
12
0.0165746
-27
-0.0372928
-35
-0.0483425
3
0.00414365
5
0.00690608
4
0.00552486
-25
-0.0345304
38
0.0524862
7
0.00966851
-1
-0.00138122
15
0.0207182
33
0.0455801
-27
-0.0372928
18
0.0248619
-11
-0.0151934
12
0.0165746
-17
-0.0234807
-27
-0.0372928
20
0.0276243
10
0.0138122
5
0.00690608
0
0
3
0.00414365
-13
-0.0179558
33
0.0455801
32
0.0441989
-21
-0.0290055
8
0.0110497
-12
-0.0165746
-14
-0.019337
12
0.0165746
-21
-0.0290055
-28
-0.038674
5
0.00690608
-23
-0.031768
28
0.038674
-26
-0.0359116
27
0.0372928
-9
-0.0124309
-35
-0.0483425
2
0.00276243
10
0.0138122
15
0.0207182
20
0.0276243
4
0.00552486
37
0.051105
52
0.0718232
-2
-0.00276243
-37
-0.051105
18
0.0248619
-1
-0.00138122
-10
-0.0138122
-12
-0.0165746
-17
-0.0234807
2
0.00276243
-14
-0.019337
-33
-0.0455801
27
0.0372928
51
0.070442
-15
-0.0207182
-57
-0.0787293
17
0.0234807
-23
-0.031768
-36
-0.0497238
-36
-0.0497238
4
0.00552486
15
0.0207182
25
0.0345304
23
0.031768
-2
-0.00276243
10
0.0138122
14
0.019337
-26
-0.0359116
48
0.0662983
-15
-0.0207182
12
0.0165746
-4
-0.00552486
7
0.00966851
-5
-0.00690608
13
0.0179558
-12
-0.0165746
-11
-0.0151934
-45
-0.0621547
7
0.00966851
-49
-0.0676796
-4
-0.00552486
-37
-0.051105
-24
-0.0331492
0
0
0
0
29
0.0400552
43
0.0593923
12
0.0165746
34
0.0469613
24
0.0331492
53
0.0732044
-29
-0.0400552
2
0.00276243
-40
-0.0552486
-9
-0.0124309
-7
-0.00966851
-29
-0.0400552
-18
-0.0248619
29
0.0400552
-37
-0.051105
-77
-0.106354
8
0.0110497
-5
-0.00690608
4
0.00552486
-24
-0.0331492
20
0.0276243
-35
-0.0483425
-25
-0.0345304
-8
-0.0110497
14
0.019337
43
0.0593923
-36
-0.0497238
-12
-0.0165746
58
0.0801105
-12
-0.0165746
-4
-0.00552486
36
0.0497238
-30
-0.0414365
15
0.0207182
-45
-0.0621547
-2
-0.00276243
16
0.0220994
33
0.0455801
-13
-0.0179558
-25
-0.0345304
0
0
0
0
10
0.0138122
-10
-0.0138122
29
0.0400552
-27
-0.0372928
-6
-0.00828729
-11
-0.0151934
16
0.0220994
-19
-0.0262431
10
0.0138122
-29
-0.0400552
47
0.0649171
11
0.0151934
12
0.0165746
-1
-0.00138122
47
0.0649171
57
0.0787293
-31
-0.0428177
-58
-0.0801105
14
0.019337
3
0.00414365
-50
-0.0690608
-21
-0.0290055
19
0.0262431
-20
-0.0276243
-4
-0.00552486
43
0.0593923
-25
-0.0345304
36
0.0497238
0
0
-22
-0.0303867
-1
-0.00138122
-12
-0.0165746
11
0.0151934
-2
-0.00276243
-5
-0.00690608
24
0.0331492
-29
-0.0400552
32
0.0441989
7
0.00966851
-58
-0.0801105
-21
-0.0290055
27
0.0372928
-15
-0.0207182
-9
-0.0124309
28
0.038674
20
0.0276243
-5
-0.00690608
-51
-0.070442
-6
-0.00828729
3
0.00414365
-49
-0.0676796
-9
-0.0124309
79
0.109116
-5
-0.00690608
9
0.0124309
29
0.0400552
24
0.0331492
-8
-0.0110497
16
0.0220994
-29
-0.0400552
19
0.0262431
-13
-0.0179558
-14
-0.019337
29
0.0400552
18
0.0248619
-19
-0.0262431
-16
-0.0220994
-15
-0.0207182
7
0.00966851
-40
-0.0552486
52
0.0718232
-8
-0.0110497
2
0.00276243
-32
-0.0441989
0
0
-39
-0.0538674
0
0
18
0.0248619
-8
-0.0110497
2
0.00276243
6
0.00828729
-49
-0.0676796
-4
-0.00552486
-23
-0.031768
13
0.0179558
-1
-0.00138122
-10
-0.0138122
-4
-0.00552486
18
0.0248619
-14
-0.019337
-3
-0.00414365
1
0.00138122
3
0.00414365
-34
-0.0469613
-28
-0.038674
20
0.0276243
27
0.0372928
-19
-0.0262431
26
0.0359116
16
0.0220994
-39
-0.0538674
9
0.0124309
15
0.0207182
2
0.00276243
-14
-0.019337
-15
-0.0207182
-31
-0.0428177
58
0.0801105
-11
-0.0151934
3
0.00414365
-1
-0.00138122
11
0.0151934
3
0.00414365
21
0.0290055
-56
-0.0773481
41
0.0566298
39
0.0538674
-11
-0.0151934
17
0.0234807
47
0.0649171
-26
-0.0359116
-18
-0.0248619
22
0.0303867
-26
-0.0359116
-2
-0.00276243
22
0.0303867
-15
-0.0207182
-26
-0.0359116
25
0.0345304
-6
-0.00828729
24
0.0331492
17
0.0234807
-4
-0.00552486
23
0.031768
10
0.0138122
13
0.0179558
26
0.0359116
-31
-0.0428177
5
0.00690608
36
0.0497238
-16
-0.0220994
9
0.0124309
-21
-0.0290055
-5
-0.00690608
-14
-0.019337
35
0.0483425
-1
-0.00138122
-5
-0.00690608
3
0.00414365
-8
-0.0110497
65
0.089779
-45
-0.0621547
-18
-0.0248619
-2
-0.00276243
0
0
84
0.116022
-5
-0.00690608
-3
-0.00414365
-8
-0.0110497
-32
-0.0441989
-16
-0.0220994
10
0.0138122
30
0.0414365
-36
-0.0497238
-10
-0.0138122
9
0.0124309
-31
-0.0428177
39
0.0538674
8
0.0110497
-54
-0.0745856
2
0.00276243
-5
-0.00690608
-24
-0.0331492
3
0.00414365
16
0.0220994
-44
-0.0607735
34
0.0469613
1
0.00138122
11
0.0151934
-2
-0.00276243
20
0.0276243
-9
-0.0124309
-6
-0.00828729
14
0.019337
-24
-0.0331492
45
0.0621547
8
0.0110497
-13
-0.0179558
-1
-0.00138122
-4
-0.00552486
17
0.0234807
17
0.0234807
-57
-0.0787293
24
0.0331492
-22
-0.0303867
-28
-0.038674
17
0.0234807
-32
-0.0441989
2
0.00276243
30
0.0414365
28
0.038674
13
0.0179558
25
0.0345304
5
0.00690608
1
0.00138122
-49
-0.0676796
16
0.0220994
-15
-0.0207182
-7
-0.00966851
-6
-0.00828729
-2
-0.00276243
-25
-0.0345304
1
0.00138122
25
0.0345304
-10
-0.0138122
-47
-0.0649171
8
0.0110497
-26
-0.0359116
-27
-0.0372928
21
0.0290055
33
0.0455801
-24
-0.0331492
4
0.00552486
-27
-0.0372928
1
0.00138122
-32
-0.0441989
8
0.0110497
13
0.0179558
10
0.0138122
-2
-0.00276243
-41
-0.0566298
-29
-0.0400552
8
0.0110497
-27
-0.0372928
45
0.0621547
-14
-0.019337
23
0.031768
19
0.0262431
-5
-0.00690608
-20
-0.0276243
-2
-0.00276243
1
0.00138122
3
0.00414365
25
0.0345304
-10
-0.0138122
-16
-0.0220994
-21
-0.0290055
-31
-0.0428177
18
0.0248619
-30
-0.0414365
-11
-0.0151934
16
0.0220994
28
0.038674
-5
-0.00690608
-12
-0.0165746
18
0.0248619
-33
-0.0455801
21
0.0290055
35
0.0483425
-39
-0.0538674
15
0.0207182
-31
-0.0428177
15
0.0207182
-5
-0.00690608
3
0.00414365
23
0.031768
-24
-0.0331492
-33
-0.0455801
2
0.00276243
-11
-0.0151934
31
0.0428177
6
0.00828729
-23
-0.031768
-2
-0.00276243
27
0.0372928
-16
-0.0220994
29
0.0400552
-16
-0.0220994
-57
-0.0787293
9
0.0124309
14
0.019337
-6
-0.00828729
13
0.0179558
-18
-0.0248619
3
0.00414365
11
0.0151934
-11
-0.0151934
-20
-0.0276243
14
0.019337
2
0.00276243
-25
-0.0345304
5
0.00690608
-25
-0.0345304
14
0.019337
18
0.0248619
27
0.0372928
-29
-0.0400552
-36
-0.0497238
-24
-0.0331492
15
0.0207182
17
0.0234807
-13
-0.0179558
12
0.0165746
-14
-0.019337
44
0.0607735
49
0.0676796
12
0.0165746
-2
-0.00276243
6
0.00828729
8
0.0110497
24
0.0331492
26
0.0359116
4
0.00552486
3
0.00414365
20
0.0276243
4
0.00552486
8
0.0110497
-13
-0.0179558
-6
-0.00828729
-10
-0.0138122
10
0.0138122
20
0.0276243
-4
-0.00552486
-14
-0.019337
-14
-0.019337
-19
-0.0262431
12
0.0165746
-17
-0.0234807
-1
-0.00138122
8
0.0110497
-37
-0.051105
8
0.0110497
2
0.00276243
-2
-0.00276243
-22
-0.0303867
-1
-0.00138122
9
0.0124309
-30
-0.0414365
9
0.0124309
-24
-0.0331492
-26
-0.0359116
-9
-0.0124309
-35
-0.0483425
-14
-0.019337
14
0.019337
9
0.0124309
-17
-0.0234807
-8
-0.0110497
25
0.0345304
45
0.0621547
1
0.00138122
-24
-0.0331492
-25
-0.0345304
19
0.0262431
25
0.0345304
18
0.0248619
16
0.0220994
-2
-0.00276243
-24
-0.0331492
28
0.038674
-11
-0.0151934
26
0.0359116
-32
-0.0441989
53
0.0732044
2
0.00276243
2
0.00276243
19
0.0262431
-1
-0.00138122
-21
-0.0290055
53
0.0732044
-16
-0.0220994
5
0.00690608
2
0.00276243
-27
-0.0372928
30
0.0414365
-10
-0.0138122
16
0.0220994
10
0.0138122
-18
-0.0248619
3
0.00414365
20
0.0276243
-19
-0.0262431
29
0.0400552
-1
-0.00138122
-12
-0.0165746
-3
-0.00414365
-3
-0.00414365
3
0.00414365
19
0.0262431
3
0.00414365
-17
-0.0234807
-49
-0.0676796
-7
-0.00966851
28
0.038674
-38
-0.0524862
12
0.0165746
-18
-0.0248619
-13
-0.0179558
45
0.0621547
0
0
3
0.00414365
-26
-0.0359116
13
0.0179558
-13
-0.0179558
11
0.0151934
-71
-0.0980663
31
0.0428177
34
0.0469613
45
0.0621547
-17
-0.0234807
-1
-0.00138122
-4
-0.00552486
13
0.0179558
