378
0.0326284
-184
-0.0158826
53
0.00457488
-50
-0.00431593
-419
-0.0361675
207
0.0178679
115
0.00992663
-67
-0.00578334
-152
-0.0131204
121
0.0104445
247
0.0213207
-159
-0.0137246
26
0.00224428
-168
-0.0145015
73
0.00630125
14
0.00120846
-260
-0.0224428
-7
-0.00060423
-182
-0.01571
229
0.0197669
25
0.00215796
51
0.00440224
48
0.00414329
36
0.00310747
416
0.0359085
-80
-0.00690548
200
0.0172637
-67
-0.00578334
-132
-0.011394
129
0.0111351
63
0.00543807
25
0.00215796
208
0.0179543
192
0.0165732
-258
-0.0222702
223
0.019249
-175
-0.0151057
-59
-0.00509279
15
0.00129478
91
0.00785498
-44
-0.00379801
7
0.00060423
27
0.0023306
2
0.000172637
238
0.0205438
120
0.0103582
-137
-0.0118256
78
0.00673284
284
0.0245145
-108
-0.0093224
-89
-0.00768235
84
0.00725076
-25
-0.00215796
-117
-0.0100993
-251
-0.0216659
33
0.00284851
278
0.0239965
-83
-0.00716444
62
0.00535175
-41
-0.00353906
110
0.00949504
-47
-0.00405697
347
0.0299525
-146
-0.0126025
123
0.0106172
-164
-0.0141562
75
0.00647389
-158
-0.0136383
-222
-0.0191627
-75
-0.00647389
-329
-0.0283988
140
0.0120846
-40
-0.00345274
-198
-0.0170911
0
0
-23
-0.00198533
196
0.0169184
130
0.0112214
82
0.00707812
-29
-0.00250324
5
0.000431593
-56
-0.00483384
-34
-0.00293483
-67
-0.00578334
56
0.00483384
33
0.00284851
10
0.000863185
71
0.00612861
-296
-0.0255503
-172
-0.0148468
10
0.000863185
77
0.00664653
-36
-0.00310747
12
0.00103582
379
0.0327147
-172
-0.0148468
267
0.023047
123
0.0106172
-236
-0.0203712
-70
-0.0060423
66
0.00569702
-15
-0.00129478
44
0.00379801
-142
-0.0122572
252
0.0217523
4
0.000345274
240
0.0207164
-87
-0.00750971
219
0.0189038
-39
-0.00336642
96
0.00828658
-121
-0.0104445
-91
-0.00785498
-130
-0.0112214
7
0.00060423
-17
-0.00146741
174
0.0150194
177
0.0152784
-110
-0.00949504
226
0.019508
164
0.0141562
28
0.00241692
0
0
-17
-0.00146741
69
0.00595598
46
0.00397065
36
0.00310747
20
0.00172637
128
0.0110488
127
0.0109625
-16
-0.0013811
3
0.000258956
48
0.00414329
19
0.00164005
14
0.00120846
66
0.00569702
27
0.0023306
-101
-0.00871817
-144
-0.0124299
116
0.0100129
-91
-0.00785498
-31
-0.00267587
445
0.0384117
-176
-0.0151921
-228
-0.0196806
10
0.000863185
185
0.0159689
104
0.00897713
23
0.00198533
31
0.00267587
-44
-0.00379801
57
0.00492016
-280
-0.0241692
-143
-0.0123435
127
0.0109625
-290
-0.0250324
-168
-0.0145015
-75
-0.00647389
-236
-0.0203712
-87
-0.00750971
-460
-0.0397065
196
0.0169184
-252
-0.0217523
-23
-0.00198533
204
0.017609
-28
-0.00241692
314
0.027104
-11
-0.000949504
337
0.0290893
59
0.00509279
-80
-0.00690548
-59
-0.00509279
204
0.017609
88
0.00759603
125
0.0107898
-75
-0.00647389
39
0.00336642
-12
-0.00103582
-365
-0.0315063
39
0.00336642
413
0.0356495
-47
-0.00405697
89
0.00768235
166
0.0143289
229
0.0197669
-140
-0.0120846
36
0.00310747
-9
-0.000776867
95
0.00820026
109
0.00940872
70
0.0060423
-78
-0.00673284
209
0.0180406
-89
-0.00768235
-465
-0.0401381
-37
-0.00319379
-58
-0.00500647
12
0.00103582
-19
-0.00164005
54
0.0046612
10
0.000863185
11
0.000949504
27
0.0023306
2
0.000172637
7
0.00060423
98
0.00845921
36
0.00310747
-18
-0.00155373
4
0.000345274
19
0.00164005
-141
-0.0121709
115
0.00992663
-234
-0.0201985
-16
-0.0013811
-40
-0.00345274
-93
-0.00802762
175
0.0151057
54
0.0046612
-146
-0.0126025
1
8.63185e-05
331
0.0285714
122
0.0105309
175
0.0151057
-12
-0.00103582
-62
-0.00535175
-102
-0.00880449
256
0.0220975
182
0.01571
-162
-0.0139836
127
0.0109625
121
0.0104445
17
0.00146741
496
0.042814
-11
-0.000949504
-132
-0.011394
117
0.0100993
-82
-0.00707812
-141
-0.0121709
-296
-0.0255503
50
0.00431593
77
0.00664653
-38
-0.0032801
395
0.0340958
-46
-0.00397065
-74
-0.00638757
111
0.00958136
306
0.0264135
18
0.00155373
116
0.0100129
-129
-0.0111351
16
0.0013811
-125
-0.0107898
7
0.00060423
121
0.0104445
216
0.0186448
-78
-0.00673284
-181
-0.0156237
-141
-0.0121709
112
0.00966767
69
0.00595598
-183
-0.0157963
-209
-0.0180406
-36
-0.00310747
319
0.0275356
-61
-0.00526543
85
0.00733707
60
0.00517911
24
0.00207164
-203
-0.0175227
-27
-0.0023306
-36
-0.00310747
-147
-0.0126888
138
0.011912
-21
-0.00181269
-67
-0.00578334
-126
-0.0108761
-48
-0.00414329
211
0.0182132
-324
-0.0279672
-47
-0.00405697
6
0.000517911
-22
-0.00189901
197
0.0170047
-119
-0.0102719
-69
-0.00595598
72
0.00621493
118
0.0101856
3
0.000258956
-172
-0.0148468
97
0.0083729
251
0.0216659
54
0.0046612
-316
-0.0272767
170
0.0146741
-206
-0.0177816
-15
-0.00129478
-80
-0.00690548
-20
-0.00172637
-413
-0.0356495
0
0
111
0.00958136
-14
-0.00120846
46
0.00397065
1
8.63185e-05
-224
-0.0193353
125
0.0107898
194
0.0167458
-130
-0.0112214
103
0.00889081
125
0.0107898
-18
-0.00155373
-97
-0.0083729
-129
-0.0111351
-15
-0.00129478
-72
-0.00621493
68
0.00586966
-18
-0.00155373
-132
-0.011394
76
0.00656021
0
0
-7
-0.00060423
162
0.0139836
14
0.00120846
-78
-0.00673284
45
0.00388433
84
0.00725076
91
0.00785498
51
0.00440224
-85
-0.00733707
129
0.0111351
-186
-0.0160552
-220
-0.0189901
-209
-0.0180406
27
0.0023306
-124
-0.0107035
-37
-0.00319379
207
0.0178679
-81
-0.0069918
-150
-0.0129478
72
0.00621493
-54
-0.0046612
40
0.00345274
-319
-0.0275356
85
0.00733707
56
0.00483384
207
0.0178679
220
0.0189901
-40
-0.00345274
-150
-0.0129478
44
0.00379801
203
0.0175227
-71
-0.00612861
116
0.0100129
-130
-0.0112214
-56
-0.00483384
8
0.000690548
95
0.00820026
-249
-0.0214933
-232
-0.0200259
-65
-0.0056107
-484
-0.0417782
-9
-0.000776867
-261
-0.0225291
-46
-0.00397065
-31
-0.00267587
91
0.00785498
-253
-0.0218386
-181
-0.0156237
203
0.0175227
-61
-0.00526543
53
0.00457488
262
0.0226155
105
0.00906344
233
0.0201122
259
0.0223565
-106
-0.00914976
-192
-0.0165732
44
0.00379801
-362
-0.0312473
33
0.00284851
89
0.00768235
47
0.00405697
346
0.0298662
136
0.0117393
-99
-0.00854553
37
0.00319379
223
0.019249
-222
-0.0191627
176
0.0151921
-259
-0.0223565
198
0.0170911
-69
-0.00595598
42
0.00362538
176
0.0151921
-115
-0.00992663
-85
-0.00733707
-91
-0.00785498
-12
-0.00103582
77
0.00664653
2
0.000172637
-165
-0.0142426
-22
-0.00189901
-282
-0.0243418
-14
-0.00120846
132
0.011394
53
0.00457488
138
0.011912
-11
-0.000949504
103
0.00889081
135
0.011653
-328
-0.0283125
-83
-0.00716444
-10
-0.000863185
-63
-0.00543807
270
0.023306
80
0.00690548
-81
-0.0069918
-45
-0.00388433
-219
-0.0189038
137
0.0118256
-295
-0.025464
-41
-0.00353906
-150
-0.0129478
-89
-0.00768235
-82
-0.00707812
-220
-0.0189901
314
0.027104
24
0.00207164
-117
-0.0100993
77
0.00664653
-16
-0.0013811
-255
-0.0220112
-140
-0.0120846
3
0.000258956
-469
-0.0404834
-61
-0.00526543
201
0.01735
-19
-0.00164005
60
0.00517911
-111
-0.00958136
-8
-0.000690548
220
0.0189901
-38
-0.0032801
34
0.00293483
-189
-0.0163142
9
0.000776867
-164
-0.0141562
27
0.0023306
-293
-0.0252913
-15
-0.00129478
5
0.000431593
-91
-0.00785498
-63
-0.00543807
-64
-0.00552438
-118
-0.0101856
-59
-0.00509279
-140
-0.0120846
16
0.0013811
-49
-0.00422961
-92
-0.0079413
309
0.0266724
101
0.00871817
-130
-0.0112214
-92
-0.0079413
-2
-0.000172637
21
0.00181269
257
0.0221839
79
0.00681916
-122
-0.0105309
-102
-0.00880449
-119
-0.0102719
-6
-0.000517911
-342
-0.0295209
-23
-0.00198533
136
0.0117393
109
0.00940872
-13
-0.00112214
-76
-0.00656021
10
0.000863185
27
0.0023306
-110
-0.00949504
18
0.00155373
237
0.0204575
-35
-0.00302115
244
0.0210617
-72
-0.00621493
-258
-0.0222702
3
0.000258956
-134
-0.0115667
-80
-0.00690548
36
0.00310747
-62
-0.00535175
-317
-0.027363
14
0.00120846
16
0.0013811
17
0.00146741
405
0.034959
-85
-0.00733707
395
0.0340958
-61
-0.00526543
66
0.00569702
-46
-0.00397065
40
0.00345274
-23
-0.00198533
62
0.00535175
-27
-0.0023306
105
0.00906344
-28
-0.00241692
78
0.00673284
-49
-0.00422961
-44
-0.00379801
115
0.00992663
-113
-0.00975399
59
0.00509279
128
0.0110488
-38
-0.0032801
154
0.0132931
143
0.0123435
29
0.00250324
-149
-0.0128615
135
0.011653
54
0.0046612
-81
-0.0069918
63
0.00543807
5
0.000431593
163
0.0140699
83
0.00716444
-48
-0.00414329
-91
-0.00785498
72
0.00621493
360
0.0310747
-20
-0.00172637
-94
-0.00811394
-68
-0.00586966
136
0.0117393
7
0.00060423
17
0.00146741
72
0.00621493
-126
-0.0108761
-72
-0.00621493
-9
-0.000776867
-4
-0.000345274
56
0.00483384
-129
-0.0111351
-49
-0.00422961
103
0.00889081
547
0.0472162
72
0.00621493
-25
-0.00215796
140
0.0120846
-28
-0.00241692
-33
-0.00284851
-150
-0.0129478
112
0.00966767
230
0.0198533
47
0.00405697
-124
-0.0107035
-57
-0.00492016
306
0.0264135
114
0.00984031
-4
-0.000345274
-62
-0.00535175
67
0.00578334
-99
-0.00854553
-19
-0.00164005
30
0.00258956
175
0.0151057
92
0.0079413
115
0.00992663
-49
-0.00422961
38
0.0032801
77
0.00664653
75
0.00647389
13
0.00112214
-173
-0.0149331
-123
-0.0106172
-105
-0.00906344
-92
-0.0079413
-19
-0.00164005
-181
-0.0156237
32
0.00276219
126
0.0108761
-328
-0.0283125
63
0.00543807
349
0.0301252
112
0.00966767
72
0.00621493
-3
-0.000258956
196
0.0169184
-26
-0.00224428
244
0.0210617
-61
-0.00526543
-145
-0.0125162
187
0.0161416
-47
-0.00405697
28
0.00241692
9
0.000776867
72
0.00621493
41
0.00353906
-120
-0.0103582
156
0.0134657
117
0.0100993
-87
-0.00750971
-167
-0.0144152
-269
-0.0232197
-64
-0.00552438
72
0.00621493
-189
-0.0163142
-339
-0.029262
-70
-0.0060423
71
0.00612861
38
0.0032801
161
0.0138973
187
0.0161416
161
0.0138973
53
0.00457488
-109
-0.00940872
-65
-0.0056107
196
0.0169184
-112
-0.00966767
55
0.00474752
76
0.00656021
232
0.0200259
-195
-0.0168321
-190
-0.0164005
-87
-0.00750971
16
0.0013811
-43
-0.0037117
81
0.0069918
62
0.00535175
102
0.00880449
68
0.00586966
129
0.0111351
-124
-0.0107035
-341
-0.0294346
140
0.0120846
247
0.0213207
-5
-0.000431593
242
0.0208891
-46
-0.00397065
-253
-0.0218386
-102
-0.00880449
293
0.0252913
12
0.00103582
-450
-0.0388433
131
0.0113077
164
0.0141562
-14
-0.00120846
404
0.0348727
-79
-0.00681916
-152
-0.0131204
-35
-0.00302115
128
0.0110488
51
0.00440224
95
0.00820026
-40
-0.00345274
122
0.0105309
-29
-0.00250324
-54
-0.0046612
36
0.00310747
3
0.000258956
88
0.00759603
76
0.00656021
-159
-0.0137246
-65
-0.0056107
-201
-0.01735
-114
-0.00984031
-36
-0.00310747
281
0.0242555
-89
-0.00768235
23
0.00198533
-66
-0.00569702
107
0.00923608
-107
-0.00923608
-241
-0.0208028
132
0.011394
-2
-0.000172637
-52
-0.00448856
-32
-0.00276219
34
0.00293483
-103
-0.00889081
-100
-0.00863185
-139
-0.0119983
137
0.0118256
-231
-0.0199396
-24
-0.00207164
65
0.0056107
11
0.000949504
147
0.0126888
84
0.00725076
20
0.00172637
-11
-0.000949504
276
0.0238239
-113
-0.00975399
-379
-0.0327147
4
0.000345274
-193
-0.0166595
-128
-0.0110488
105
0.00906344
-48
-0.00414329
-220
-0.0189901
100
0.00863185
-27
-0.0023306
-99
-0.00854553
164
0.0141562
-51
-0.00440224
-97
-0.0083729
157
0.013552
77
0.00664653
49
0.00422961
241
0.0208028
-117
-0.0100993
-106
-0.00914976
-161
-0.0138973
-106
-0.00914976
6
0.000517911
28
0.00241692
31
0.00267587
-199
-0.0171774
146
0.0126025
82
0.00707812
9
0.000776867
13
0.00112214
-145
-0.0125162
-153
-0.0132067
150
0.0129478
-212
-0.0182995
-110
-0.00949504
299
0.0258092
96
0.00828658
-25
-0.00215796
82
0.00707812
-82
-0.00707812
-26
-0.00224428
-201
-0.01735
-94
-0.00811394
-135
-0.011653
-65
-0.0056107
50
0.00431593
-111
-0.00958136
-83
-0.00716444
68
0.00586966
-77
-0.00664653
119
0.0102719
-252
-0.0217523
112
0.00966767
437
0.0377212
-40
-0.00345274
-262
-0.0226155
103
0.00889081
403
0.0347864
-186
-0.0160552
-525
-0.0453172
-111
-0.00958136
128
0.0110488
-53
-0.00457488
-23
-0.00198533
-50
-0.00431593
-155
-0.0133794
123
0.0106172
52
0.00448856
-155
-0.0133794
357
0.0308157
17
0.00146741
103
0.00889081
128
0.0110488
-184
-0.0158826
74
0.00638757
228
0.0196806
-58
-0.00500647
-143
-0.0123435
275
0.0237376
-317
-0.027363
-12
-0.00103582
198
0.0170911
-112
-0.00966767
-239
-0.0206301
-61
-0.00526543
326
0.0281398
-15
-0.00129478
88
0.00759603
-38
-0.0032801
250
0.0215796
-18
-0.00155373
-176
-0.0151921
211
0.0182132
-129
-0.0111351
131
0.0113077
124
0.0107035
-5
-0.000431593
37
0.00319379
34
0.00293483
-109
-0.00940872
-100
-0.00863185
108
0.0093224
26
0.00224428
-46
-0.00397065
-93
-0.00802762
-322
-0.0277946
-41
-0.00353906
-153
-0.0132067
-20
-0.00172637
268
0.0231334
-49
-0.00422961
-151
-0.0130341
74
0.00638757
274
0.0236513
-40
-0.00345274
-60
-0.00517911
141
0.0121709
-192
-0.0165732
-67
-0.00578334
149
0.0128615
-1
-8.63185e-05
-441
-0.0380665
-65
-0.0056107
-19
-0.00164005
18
0.00155373
-111
-0.00958136
-50
-0.00431593
-130
-0.0112214
237
0.0204575
-197
-0.0170047
-19
-0.00164005
-26
-0.00224428
-111
-0.00958136
6
0.000517911
-17
-0.00146741
-132
-0.011394
-10
-0.000863185
-143
-0.0123435
-88
-0.00759603
69
0.00595598
-147
-0.0126888
33
0.00284851
67
0.00578334
143
0.0123435
-264
-0.0227881
137
0.0118256
-24
-0.00207164
308
0.0265861
-182
-0.01571
185
0.0159689
244
0.0210617
-4
-0.000345274
196
0.0169184
-232
-0.0200259
80
0.00690548
-106
-0.00914976
-71
-0.00612861
50
0.00431593
5
0.000431593
108
0.0093224
-58
-0.00500647
-87
-0.00750971
-11
-0.000949504
404
0.0348727
65
0.0056107
148
0.0127751
87
0.00750971
70
0.0060423
65
0.0056107
-157
-0.013552
-38
-0.0032801
123
0.0106172
-153
-0.0132067
-81
-0.0069918
33
0.00284851
-9
-0.000776867
62
0.00535175
-105
-0.00906344
73
0.00630125
-44
-0.00379801
127
0.0109625
69
0.00595598
-77
-0.00664653
-322
-0.0277946
92
0.0079413
-92
-0.0079413
-36
-0.00310747
-226
-0.019508
-69
-0.00595598
152
0.0131204
-6
-0.000517911
-54
-0.0046612
41
0.00353906
-26
-0.00224428
120
0.0103582
81
0.0069918
-123
-0.0106172
-129
-0.0111351
-27
-0.0023306
55
0.00474752
115
0.00992663
-164
-0.0141562
43
0.0037117
269
0.0232197
-85
-0.00733707
-121
-0.0104445
98
0.00845921
19
0.00164005
193
0.0166595
171
0.0147605
3
0.000258956
-20
-0.00172637
-127
-0.0109625
-214
-0.0184722
-5
-0.000431593
-82
-0.00707812
6
0.000517911
-56
-0.00483384
-89
-0.00768235
237
0.0204575
-249
-0.0214933
43
0.0037117
-51
-0.00440224
-53
-0.00457488
-142
-0.0122572
4
0.000345274
169
0.0145878
-75
-0.00647389
169
0.0145878
-65
-0.0056107
-75
-0.00647389
-46
-0.00397065
15
0.00129478
-238
-0.0205438
-6
-0.000517911
-56
-0.00483384
105
0.00906344
308
0.0265861
-29
-0.00250324
-141
-0.0121709
1
8.63185e-05
413
0.0356495
-62
-0.00535175
449
0.038757
-95
-0.00820026
-85
-0.00733707
-51
-0.00440224
63
0.00543807
-69
-0.00595598
119
0.0102719
-84
-0.00725076
-60
-0.00517911
-17
-0.00146741
-216
-0.0186448
37
0.00319379
125
0.0107898
12
0.00103582
-196
-0.0169184
-3
-0.000258956
-206
-0.0177816
15
0.00129478
-72
-0.00621493
-66
-0.00569702
-46
-0.00397065
10
0.000863185
320
0.0276219
64
0.00552438
78
0.00673284
-21
-0.00181269
-179
-0.015451
72
0.00621493
47
0.00405697
107
0.00923608
90
0.00776867
-107
-0.00923608
-228
-0.0196806
102
0.00880449
-49
-0.00422961
-62
-0.00535175
-106
-0.00914976
78
0.00673284
-266
-0.0229607
-91
-0.00785498
-58
-0.00500647
-122
-0.0105309
85
0.00733707
-165
-0.0142426
150
0.0129478
77
0.00664653
77
0.00664653
-63
-0.00543807
-35
-0.00302115
-103
-0.00889081
107
0.00923608
-222
-0.0191627
-156
-0.0134657
-124
-0.0107035
-208
-0.0179543
93
0.00802762
11
0.000949504
-101
-0.00871817
97
0.0083729
-86
-0.00742339
-173
-0.0149331
-36
-0.00310747
-79
-0.00681916
-227
-0.0195943
-62
-0.00535175
37
0.00319379
-39
-0.00336642
53
0.00457488
94
0.00811394
-84
-0.00725076
-251
-0.0216659
135
0.011653
10
0.000863185
-139
-0.0119983
105
0.00906344
161
0.0138973
65
0.0056107
-108
-0.0093224
245
0.021148
-6
-0.000517911
-99
-0.00854553
143
0.0123435
48
0.00414329
-41
-0.00353906
109
0.00940872
121
0.0104445
-157
-0.013552
-59
-0.00509279
142
0.0122572
99
0.00854553
13
0.00112214
-108
-0.0093224
181
0.0156237
-53
-0.00457488
-29
-0.00250324
156
0.0134657
29
0.00250324
-25
-0.00215796
-32
-0.00276219
55
0.00474752
217
0.0187311
79
0.00681916
-190
-0.0164005
-119
-0.0102719
-84
-0.00725076
0
0
-53
-0.00457488
-16
-0.0013811
35
0.00302115
31
0.00267587
134
0.0115667
-17
-0.00146741
-45
-0.00388433
38
0.0032801
13
0.00112214
95
0.00820026
-112
-0.00966767
75
0.00647389
29
0.00250324
-40
-0.00345274
248
0.021407
-230
-0.0198533
130
0.0112214
97
0.0083729
-307
-0.0264998
-88
-0.00759603
103
0.00889081
-94
-0.00811394
-35
-0.00302115
152
0.0131204
249
0.0214933
-24
-0.00207164
149
0.0128615
-25
-0.00215796
-22
-0.00189901
-108
-0.0093224
-162
-0.0139836
86
0.00742339
-67
-0.00578334
-171
-0.0147605
-54
-0.0046612
74
0.00638757
43
0.0037117
13
0.00112214
-285
-0.0246008
184
0.0158826
-295
-0.025464
49
0.00422961
134
0.0115667
100
0.00863185
-112
-0.00966767
-28
-0.00241692
-124
-0.0107035
40
0.00345274
442
0.0381528
-11
-0.000949504
129
0.0111351
-18
-0.00155373
-39
-0.00336642
131
0.0113077
162
0.0139836
-104
-0.00897713
-323
-0.0278809
88
0.00759603
79
0.00681916
6
0.000517911
-247
-0.0213207
62
0.00535175
-140
-0.0120846
4
0.000345274
-207
-0.0178679
-130
-0.0112214
-71
-0.00612861
-118
-0.0101856
-352
-0.0303841
29
0.00250324
182
0.01571
256
0.0220975
306
0.0264135
144
0.0124299
95
0.00820026
59
0.00509279
103
0.00889081
-34
-0.00293483
-179
-0.015451
6
0.000517911
20
0.00172637
-112
-0.00966767
-159
-0.0137246
22
0.00189901
31
0.00267587
46
0.00397065
-152
-0.0131204
63
0.00543807
176
0.0151921
2
0.000172637
-125
-0.0107898
42
0.00362538
-136
-0.0117393
50
0.00431593
216
0.0186448
97
0.0083729
115
0.00992663
-97
-0.0083729
204
0.017609
-108
-0.0093224
114
0.00984031
199
0.0171774
-351
-0.0302978
-49
-0.00422961
160
0.013811
-108
-0.0093224
-209
-0.0180406
-227
-0.0195943
-222
-0.0191627
18
0.00155373
-35
-0.00302115
-325
-0.0280535
0
0
-55
-0.00474752
-8
-0.000690548
55
0.00474752
23
0.00198533
-116
-0.0100129
-5
-0.000431593
-2
-0.000172637
58
0.00500647
59
0.00509279
214
0.0184722
6
0.000517911
-352
-0.0303841
-115
-0.00992663
216
0.0186448
-90
-0.00776867
268
0.0231334
-4
-0.000345274
-207
-0.0178679
-135
-0.011653
-66
-0.00569702
13
0.00112214
43
0.0037117
-33
-0.00284851
-38
-0.0032801
13
0.00112214
-102
-0.00880449
207
0.0178679
-47
-0.00405697
-133
-0.0114804
-256
-0.0220975
72
0.00621493
154
0.0132931
41
0.00353906
291
0.0251187
-23
-0.00198533
109
0.00940872
-53
-0.00457488
246
0.0212344
85
0.00733707
147
0.0126888
59
0.00509279
447
0.0385844
-61
-0.00526543
-303
-0.0261545
174
0.0150194
83
0.00716444
-204
-0.017609
201
0.01735
44
0.00379801
-177
-0.0152784
90
0.00776867
-35
-0.00302115
-53
-0.00457488
-236
-0.0203712
-47
-0.00405697
10
0.000863185
36
0.00310747
26
0.00224428
-92
-0.0079413
259
0.0223565
-64
-0.00552438
-247
-0.0213207
-23
-0.00198533
163
0.0140699
54
0.0046612
-36
-0.00310747
65
0.0056107
59
0.00509279
62
0.00535175
-112
-0.00966767
-181
-0.0156237
9
0.000776867
-122
-0.0105309
3
0.000258956
188
0.0162279
7
0.00060423
15
0.00129478
-20
-0.00172637
64
0.00552438
196
0.0169184
-46
-0.00397065
214
0.0184722
-85
-0.00733707
255
0.0220112
-1
-8.63185e-05
67
0.00578334
-102
-0.00880449
-108
-0.0093224
-134
-0.0115667
105
0.00906344
76
0.00656021
-27
-0.0023306
-149
-0.0128615
-414
-0.0357359
-80
-0.00690548
167
0.0144152
18
0.00155373
-110
-0.00949504
-53
-0.00457488
98
0.00845921
110
0.00949504
-189
-0.0163142
234
0.0201985
-166
-0.0143289
91
0.00785498
22
0.00189901
37
0.00319379
142
0.0122572
-86
-0.00742339
-211
-0.0182132
-80
-0.00690548
-172
-0.0148468
-25
-0.00215796
143
0.0123435
101
0.00871817
-367
-0.0316789
37
0.00319379
215
0.0185585
1
8.63185e-05
132
0.011394
-99
-0.00854553
-21
-0.00181269
-60
-0.00517911
71
0.00612861
-196
-0.0169184
-43
-0.0037117
102
0.00880449
364
0.0314199
-137
-0.0118256
-218
-0.0188174
-38
-0.0032801
-77
-0.00664653
-41
-0.00353906
-64
-0.00552438
6
0.000517911
-87
-0.00750971
-64
-0.00552438
-185
-0.0159689
-88
-0.00759603
188
0.0162279
-110
-0.00949504
165
0.0142426
-40
-0.00345274
200
0.0172637
145
0.0125162
-189
-0.0163142
57
0.00492016
261
0.0225291
90
0.00776867
125
0.0107898
-111
-0.00958136
-258
-0.0222702
200
0.0172637
-231
-0.0199396
126
0.0108761
30
0.00258956
-70
-0.0060423
135
0.011653
192
0.0165732
-106
-0.00914976
56
0.00483384
-49
-0.00422961
74
0.00638757
83
0.00716444
34
0.00293483
-420
-0.0362538
14
0.00120846
7
0.00060423
19
0.00164005
74
0.00638757
17
0.00146741
10
0.000863185
46
0.00397065
84
0.00725076
-56
-0.00483384
152
0.0131204
-11
-0.000949504
319
0.0275356
-142
-0.0122572
320
0.0276219
1
8.63185e-05
-122
-0.0105309
84
0.00725076
-24
-0.00207164
-91
-0.00785498
-94
-0.00811394
103
0.00889081
-219
-0.0189038
120
0.0103582
108
0.0093224
-191
-0.0164868
223
0.019249
-12
-0.00103582
202
0.0174363
74
0.00638757
-99
-0.00854553
93
0.00802762
-56
-0.00483384
218
0.0188174
166
0.0143289
209
0.0180406
-196
-0.0169184
-5
-0.000431593
46
0.00397065
-38
-0.0032801
87
0.00750971
-62
-0.00535175
199
0.0171774
-54
-0.0046612
225
0.0194217
-151
-0.0130341
386
0.0333189
39
0.00336642
-151
-0.0130341
-113
-0.00975399
-17
-0.00146741
-80
-0.00690548
61
0.00526543
-75
-0.00647389
-237
-0.0204575
-56
-0.00483384
-265
-0.0228744
85
0.00733707
-291
-0.0251187
-109
-0.00940872
-5
-0.000431593
-106
-0.00914976
194
0.0167458
21
0.00181269
66
0.00569702
5
0.000431593
170
0.0146741
83
0.00716444
145
0.0125162
127
0.0109625
-1
-8.63185e-05
207
0.0178679
-58
-0.00500647
-60
-0.00517911
-77
-0.00664653
-11
-0.000949504
49
0.00422961
3
0.000258956
12
0.00103582
-136
-0.0117393
9
0.000776867
119
0.0102719
141
0.0121709
-246
-0.0212344
228
0.0196806
59
0.00509279
139
0.0119983
184
0.0158826
210
0.0181269
-23
-0.00198533
169
0.0145878
4
0.000345274
-39
-0.00336642
-7
-0.00060423
70
0.0060423
-159
-0.0137246
191
0.0164868
13
0.00112214
87
0.00750971
322
0.0277946
202
0.0174363
-86
-0.00742339
-75
-0.00647389
47
0.00405697
216
0.0186448
294
0.0253776
72
0.00621493
-21
-0.00181269
20
0.00172637
30
0.00258956
-49
-0.00422961
60
0.00517911
-190
-0.0164005
-30
-0.00258956
55
0.00474752
-151
-0.0130341
-309
-0.0266724
19
0.00164005
-1
-8.63185e-05
-200
-0.0172637
32
0.00276219
9
0.000776867
80
0.00690548
-192
-0.0165732
65
0.0056107
-103
-0.00889081
-226
-0.019508
-30
-0.00258956
-125
-0.0107898
2
0.000172637
320
0.0276219
2
0.000172637
-336
-0.029003
-118
-0.0101856
45
0.00388433
2
0.000172637
-50
-0.00431593
31
0.00267587
-164
-0.0141562
-90
-0.00776867
-250
-0.0215796
11
0.000949504
271
0.0233923
-126
-0.0108761
-125
-0.0107898
-15
-0.00129478
-210
-0.0181269
-41
-0.00353906
-46
-0.00397065
-106
-0.00914976
78
0.00673284
26
0.00224428
156
0.0134657
236
0.0203712
133
0.0114804
124
0.0107035
-44
-0.00379801
50
0.00431593
-53
-0.00457488
26
0.00224428
-11
-0.000949504
20
0.00172637
-183
-0.0157963
150
0.0129478
2
0.000172637
-121
-0.0104445
121
0.0104445
-120
-0.0103582
17
0.00146741
-18
-0.00155373
455
0.0392749
-41
-0.00353906
-7
-0.00060423
174
0.0150194
-66
-0.00569702
48
0.00414329
146
0.0126025
38
0.0032801
184
0.0158826
-60
-0.00517911
141
0.0121709
-75
-0.00647389
-157
-0.013552
-68
-0.00586966
-118
-0.0101856
74
0.00638757
316
0.0272767
-34
-0.00293483
220
0.0189901
-187
-0.0161416
112
0.00966767
16
0.0013811
29
0.00250324
20
0.00172637
109
0.00940872
-105
-0.00906344
74
0.00638757
162
0.0139836
88
0.00759603
-132
-0.011394
-122
-0.0105309
-137
-0.0118256
-121
-0.0104445
89
0.00768235
276
0.0238239
-173
-0.0149331
-306
-0.0264135
-94
-0.00811394
153
0.0132067
24
0.00207164
-130
-0.0112214
71
0.00612861
232
0.0200259
-182
-0.01571
271
0.0233923
25
0.00215796
39
0.00336642
-89
-0.00768235
2
0.000172637
-106
-0.00914976
-161
-0.0138973
-75
-0.00647389
-31
-0.00267587
188
0.0162279
15
0.00129478
129
0.0111351
99
0.00854553
-6
-0.000517911
24
0.00207164
-45
-0.00388433
-81
-0.0069918
-115
-0.00992663
-3
-0.000258956
59
0.00509279
-24
-0.00207164
109
0.00940872
35
0.00302115
-22
-0.00189901
240
0.0207164
-147
-0.0126888
3
0.000258956
-11
-0.000949504
69
0.00595598
-61
-0.00526543
188
0.0162279
28
0.00241692
-99
-0.00854553
-73
-0.00630125
-10
-0.000863185
-86
-0.00742339
282
0.0243418
-27
-0.0023306
185
0.0159689
44
0.00379801
14
0.00120846
-46
-0.00397065
267
0.023047
54
0.0046612
100
0.00863185
-40
-0.00345274
372
0.0321105
-89
-0.00768235
109
0.00940872
56
0.00483384
62
0.00535175
24
0.00207164
-142
-0.0122572
122
0.0105309
-86
-0.00742339
-10
-0.000863185
-282
-0.0243418
37
0.00319379
183
0.0157963
-133
-0.0114804
-396
-0.0341821
195
0.0168321
166
0.0143289
40
0.00345274
-102
-0.00880449
79
0.00681916
-68
-0.00586966
58
0.00500647
177
0.0152784
40
0.00345274
166
0.0143289
89
0.00768235
-7
-0.00060423
173
0.0149331
231
0.0199396
-16
-0.0013811
-142
-0.0122572
48
0.00414329
-204
-0.017609
69
0.00595598
249
0.0214933
-134
-0.0115667
-133
-0.0114804
133
0.0114804
-6
-0.000517911
119
0.0102719
-23
-0.00198533
-27
-0.0023306
31
0.00267587
-161
-0.0138973
324
0.0279672
55
0.00474752
250
0.0215796
-36
-0.00310747
12
0.00103582
-27
-0.0023306
89
0.00768235
-89
-0.00768235
-49
-0.00422961
155
0.0133794
136
0.0117393
-104
-0.00897713
102
0.00880449
-72
-0.00621493
118
0.0101856
-75
-0.00647389
109
0.00940872
101
0.00871817
207
0.0178679
-158
-0.0136383
6
0.000517911
-132
-0.011394
-112
-0.00966767
131
0.0113077
87
0.00750971
-153
-0.0132067
-75
-0.00647389
-100
-0.00863185
-151
-0.0130341
-78
-0.00673284
10
0.000863185
-109
-0.00940872
41
0.00353906
-80
-0.00690548
-4
-0.000345274
62
0.00535175
112
0.00966767
110
0.00949504
-205
-0.0176953
-187
-0.0161416
-131
-0.0113077
19
0.00164005
-48
-0.00414329
-33
-0.00284851
-200
-0.0172637
-23
-0.00198533
35
0.00302115
24
0.00207164
-156
-0.0134657
21
0.00181269
-261
-0.0225291
-115
-0.00992663
55
0.00474752
39
0.00336642
-67
-0.00578334
-87
-0.00750971
311
0.0268451
39
0.00336642
498
0.0429866
52
0.00448856
80
0.00690548
72
0.00621493
31
0.00267587
-87
-0.00750971
-150
-0.0129478
-107
-0.00923608
-74
-0.00638757
-242
-0.0208891
16
0.0013811
72
0.00621493
46
0.00397065
-25
-0.00215796
211
0.0182132
63
0.00543807
-156
-0.0134657
-161
-0.0138973
35
0.00302115
144
0.0124299
367
0.0316789
11
0.000949504
-128
-0.0110488
62
0.00535175
61
0.00526543
78
0.00673284
29
0.00250324
-14
-0.00120846
377
0.0325421
122
0.0105309
116
0.0100129
-168
-0.0145015
-54
-0.0046612
50
0.00431593
-17
-0.00146741
-118
-0.0101856
-7
-0.00060423
75
0.00647389
-153
-0.0132067
21
0.00181269
41
0.00353906
99
0.00854553
-384
-0.0331463
23
0.00198533
-182
-0.01571
-58
-0.00500647
-147
-0.0126888
17
0.00146741
32
0.00276219
-67
-0.00578334
-192
-0.0165732
-34
-0.00293483
-172
-0.0148468
-10
-0.000863185
-168
-0.0145015
76
0.00656021
48
0.00414329
-80
-0.00690548
-260
-0.0224428
-33
-0.00284851
-26
-0.00224428
-51
-0.00440224
58
0.00500647
96
0.00828658
-156
-0.0134657
169
0.0145878
102
0.00880449
-26
-0.00224428
278
0.0239965
-4
-0.000345274
-146
-0.0126025
14
0.00120846
-119
-0.0102719
4
0.000345274
103
0.00889081
26
0.00224428
114
0.00984031
88
0.00759603
10
0.000863185
307
0.0264998
227
0.0195943
132
0.011394
35
0.00302115
-58
-0.00500647
252
0.0217523
-109
-0.00940872
-156
-0.0134657
-45
-0.00388433
-27
-0.0023306
50
0.00431593
39
0.00336642
-41
-0.00353906
-174
-0.0150194
-132
-0.011394
155
0.0133794
-68
-0.00586966
288
0.0248597
56
0.00483384
-172
-0.0148468
167
0.0144152
323
0.0278809
11
0.000949504
110
0.00949504
-166
-0.0143289
1
8.63185e-05
138
0.011912
-459
-0.0396202
72
0.00621493
95
0.00820026
-57
-0.00492016
72
0.00621493
-59
-0.00509279
-93
-0.00802762
0
0
112
0.00966767
51
0.00440224
-56
-0.00483384
162
0.0139836
44
0.00379801
-164
-0.0141562
121
0.0104445
284
0.0245145
-74
-0.00638757
-7
-0.00060423
143
0.0123435
175
0.0151057
353
0.0304704
78
0.00673284
-92
-0.0079413
-19
-0.00164005
122
0.0105309
106
0.00914976
-124
-0.0107035
-99
-0.00854553
-107
-0.00923608
71
0.00612861
228
0.0196806
23
0.00198533
70
0.0060423
-47
-0.00405697
17
0.00146741
44
0.00379801
-161
-0.0138973
-66
-0.00569702
-89
-0.00768235
-40
-0.00345274
210
0.0181269
137
0.0118256
-58
-0.00500647
59
0.00509279
462
0.0398792
386
0.0333189
139
0.0119983
-116
-0.0100129
-144
-0.0124299
-256
-0.0220975
-54
-0.0046612
-11
-0.000949504
188
0.0162279
100
0.00863185
40
0.00345274
-61
-0.00526543
-32
-0.00276219
8
0.000690548
-59
-0.00509279
169
0.0145878
-74
-0.00638757
54
0.0046612
-100
-0.00863185
-49
-0.00422961
113
0.00975399
87
0.00750971
130
0.0112214
120
0.0103582
181
0.0156237
-218
-0.0188174
115
0.00992663
86
0.00742339
-332
-0.0286577
-139
-0.0119983
-35
-0.00302115
2
0.000172637
121
0.0104445
-16
-0.0013811
-61
-0.00526543
-78
-0.00673284
-52
-0.00448856
-184
-0.0158826
-284
-0.0245145
-15
-0.00129478
89
0.00768235
-190
-0.0164005
241
0.0208028
-16
-0.0013811
-111
-0.00958136
-157
-0.013552
17
0.00146741
5
0.000431593
-109
-0.00940872
33
0.00284851
378
0.0326284
31
0.00267587
-104
-0.00897713
-185
-0.0159689
-67
-0.00578334
-103
-0.00889081
73
0.00630125
-24
-0.00207164
132
0.011394
-88
-0.00759603
-210
-0.0181269
93
0.00802762
116
0.0100129
-6
-0.000517911
104
0.00897713
-27
-0.0023306
-20
-0.00172637
49
0.00422961
-36
-0.00310747
62
0.00535175
258
0.0222702
-171
-0.0147605
-162
-0.0139836
46
0.00397065
67
0.00578334
-221
-0.0190764
137
0.0118256
-48
-0.00414329
-102
-0.00880449
13
0.00112214
272
0.0234786
153
0.0132067
212
0.0182995
-111
-0.00958136
-180
-0.0155373
101
0.00871817
-120
-0.0103582
-154
-0.0132931
-85
-0.00733707
103
0.00889081
67
0.00578334
-91
-0.00785498
265
0.0228744
-72
-0.00621493
-71
-0.00612861
-15
-0.00129478
34
0.00293483
24
0.00207164
154
0.0132931
24
0.00207164
-92
-0.0079413
-21
-0.00181269
-42
-0.00362538
-55
-0.00474752
-115
-0.00992663
-105
-0.00906344
-328
-0.0283125
-74
-0.00638757
-60
-0.00517911
88
0.00759603
160
0.013811
70
0.0060423
1
8.63185e-05
20
0.00172637
70
0.0060423
149
0.0128615
66
0.00569702
59
0.00509279
97
0.0083729
158
0.0136383
-25
-0.00215796
25
0.00215796
-229
-0.0197669
90
0.00776867
-71
-0.00612861
-89
-0.00768235
348
0.0300388
74
0.00638757
-280
-0.0241692
-162
-0.0139836
47
0.00405697
-274
-0.0236513
281
0.0242555
-14
-0.00120846
-330
-0.0284851
54
0.0046612
-76
-0.00656021
16
0.0013811
88
0.00759603
-185
-0.0159689
237
0.0204575
18
0.00155373
195
0.0168321
162
0.0139836
8
0.000690548
46
0.00397065
-154
-0.0132931
14
0.00120846
-78
-0.00673284
-42
-0.00362538
-212
-0.0182995
45
0.00388433
70
0.0060423
18
0.00155373
-45
-0.00388433
73
0.00630125
91
0.00785498
154
0.0132931
-52
-0.00448856
-36
-0.00310747
206
0.0177816
63
0.00543807
-46
-0.00397065
-62
-0.00535175
-279
-0.0240829
25
0.00215796
-112
-0.00966767
-200
-0.0172637
218
0.0188174
14
0.00120846
2
0.000172637
-130
-0.0112214
41
0.00353906
72
0.00621493
-145
-0.0125162
91
0.00785498
-94
-0.00811394
121
0.0104445
159
0.0137246
114
0.00984031
-48
-0.00414329
176
0.0151921
-125
-0.0107898
-216
-0.0186448
59
0.00509279
-8
-0.000690548
-173
-0.0149331
37
0.00319379
-252
-0.0217523
-5
-0.000431593
200
0.0172637
-89
-0.00768235
57
0.00492016
-166
-0.0143289
-51
-0.00440224
27
0.0023306
259
0.0223565
140
0.0120846
-154
-0.0132931
29
0.00250324
-311
-0.0268451
-14
-0.00120846
-76
-0.00656021
-19
-0.00164005
-24
-0.00207164
150
0.0129478
-153
-0.0132067
85
0.00733707
120
0.0103582
67
0.00578334
-101
-0.00871817
47
0.00405697
215
0.0185585
-151
-0.0130341
-231
-0.0199396
8
0.000690548
76
0.00656021
5
0.000431593
-4
-0.000345274
-45
-0.00388433
8
0.000690548
68
0.00586966
-66
-0.00569702
-6
-0.000517911
180
0.0155373
-46
-0.00397065
62
0.00535175
80
0.00690548
-285
-0.0246008
-55
-0.00474752
18
0.00155373
-146
-0.0126025
37
0.00319379
141
0.0121709
-156
-0.0134657
60
0.00517911
105
0.00906344
-163
-0.0140699
-595
-0.0513595
-133
-0.0114804
-371
-0.0320242
68
0.00586966
14
0.00120846
11
0.000949504
165
0.0142426
-130
-0.0112214
-48
-0.00414329
204
0.017609
-87
-0.00750971
-107
-0.00923608
-305
-0.0263271
102
0.00880449
119
0.0102719
34
0.00293483
224
0.0193353
-42
-0.00362538
-423
-0.0365127
20
0.00172637
-228
-0.0196806
144
0.0124299
104
0.00897713
135
0.011653
-546
-0.0471299
22
0.00189901
123
0.0106172
-174
-0.0150194
367
0.0316789
65
0.0056107
-166
-0.0143289
-12
-0.00103582
-98
-0.00845921
-3
-0.000258956
-48
-0.00414329
-114
-0.00984031
-121
-0.0104445
19
0.00164005
-143
-0.0123435
1
8.63185e-05
270
0.023306
75
0.00647389
63
0.00543807
-61
-0.00526543
-96
-0.00828658
-109
-0.00940872
302
0.0260682
-2
-0.000172637
123
0.0106172
-5
-0.000431593
74
0.00638757
127
0.0109625
-109
-0.00940872
100
0.00863185
-21
-0.00181269
78
0.00673284
111
0.00958136
33
0.00284851
-67
-0.00578334
27
0.0023306
-16
-0.0013811
90
0.00776867
-57
-0.00492016
63
0.00543807
179
0.015451
-112
-0.00966767
166
0.0143289
-210
-0.0181269
79
0.00681916
-58
-0.00500647
-53
-0.00457488
-246
-0.0212344
-311
-0.0268451
123
0.0106172
-159
-0.0137246
-158
-0.0136383
-86
-0.00742339
-59
-0.00509279
349
0.0301252
24
0.00207164
-17
-0.00146741
42
0.00362538
52
0.00448856
-113
-0.00975399
206
0.0177816
-59
-0.00509279
91
0.00785498
52
0.00448856
216
0.0186448
11
0.000949504
34
0.00293483
-188
-0.0162279
-60
-0.00517911
95
0.00820026
-108
-0.0093224
146
0.0126025
-46
-0.00397065
-77
-0.00664653
-4
-0.000345274
156
0.0134657
-322
-0.0277946
67
0.00578334
222
0.0191627
-9
-0.000776867
138
0.011912
-22
-0.00189901
142
0.0122572
-147
-0.0126888
239
0.0206301
188
0.0162279
88
0.00759603
-31
-0.00267587
-9
-0.000776867
-169
-0.0145878
256
0.0220975
-101
-0.00871817
-30
-0.00258956
15
0.00129478
-51
-0.00440224
248
0.021407
-12
-0.00103582
-87
-0.00750971
60
0.00517911
-45
-0.00388433
-212
-0.0182995
14
0.00120846
-19
-0.00164005
-107
-0.00923608
-71
-0.00612861
60
0.00517911
-85
-0.00733707
-92
-0.0079413
108
0.0093224
-174
-0.0150194
-97
-0.0083729
248
0.021407
-55
-0.00474752
-107
-0.00923608
3
0.000258956
-59
-0.00509279
54
0.0046612
57
0.00492016
122
0.0105309
-23
-0.00198533
-251
-0.0216659
-151
-0.0130341
142
0.0122572
25
0.00215796
-87
-0.00750971
62
0.00535175
-116
-0.0100129
59
0.00509279
28
0.00241692
-139
-0.0119983
212
0.0182995
26
0.00224428
72
0.00621493
44
0.00379801
-13
-0.00112214
27
0.0023306
-320
-0.0276219
40
0.00345274
366
0.0315926
35
0.00302115
-436
-0.0376349
9
0.000776867
-237
-0.0204575
-1
-8.63185e-05
116
0.0100129
93
0.00802762
17
0.00146741
-73
-0.00630125
35
0.00302115
-69
-0.00595598
-262
-0.0226155
30
0.00258956
135
0.011653
-60
-0.00517911
-75
-0.00647389
35
0.00302115
22
0.00189901
43
0.0037117
-57
-0.00492016
-64
-0.00552438
246
0.0212344
-74
-0.00638757
331
0.0285714
54
0.0046612
260
0.0224428
-158
-0.0136383
82
0.00707812
-96
-0.00828658
-57
-0.00492016
26
0.00224428
-147
-0.0126888
169
0.0145878
119
0.0102719
122
0.0105309
-206
-0.0177816
83
0.00716444
-149
-0.0128615
-10
-0.000863185
-247
-0.0213207
-58
-0.00500647
-182
-0.01571
-27
-0.0023306
67
0.00578334
-79
-0.00681916
42
0.00362538
-69
-0.00595598
-44
-0.00379801
-185
-0.0159689
186
0.0160552
58
0.00500647
-144
-0.0124299
54
0.0046612
-49
-0.00422961
119
0.0102719
-168
-0.0145015
-82
-0.00707812
176
0.0151921
170
0.0146741
-184
-0.0158826
82
0.00707812
-187
-0.0161416
-55
-0.00474752
140
0.0120846
9
0.000776867
158
0.0136383
-194
-0.0167458
125
0.0107898
-60
-0.00517911
-159
-0.0137246
-81
-0.0069918
-23
-0.00198533
-33
-0.00284851
447
0.0385844
-115
-0.00992663
-242
-0.0208891
-122
-0.0105309
-96
-0.00828658
34
0.00293483
-14
-0.00120846
-73
-0.00630125
9
0.000776867
14
0.00120846
-181
-0.0156237
-103
-0.00889081
-35
-0.00302115
109
0.00940872
-193
-0.0166595
-117
-0.0100993
256
0.0220975
-102
-0.00880449
-194
-0.0167458
38
0.0032801
-300
-0.0258956
-45
-0.00388433
182
0.01571
114
0.00984031
-166
-0.0143289
-86
-0.00742339
-153
-0.0132067
-17
-0.00146741
-25
-0.00215796
221
0.0190764
-161
-0.0138973
-44
-0.00379801
195
0.0168321
-65
-0.0056107
90
0.00776867
38
0.0032801
-4
-0.000345274
92
0.0079413
185
0.0159689
-65
-0.0056107
114
0.00984031
71
0.00612861
-83
-0.00716444
5
0.000431593
-90
-0.00776867
61
0.00526543
167
0.0144152
12
0.00103582
162
0.0139836
-5
-0.000431593
81
0.0069918
-22
-0.00189901
222
0.0191627
-187
-0.0161416
-435
-0.0375486
-25
-0.00215796
60
0.00517911
39
0.00336642
-178
-0.0153647
117
0.0100993
-101
-0.00871817
58
0.00500647
426
0.0367717
-22
-0.00189901
5
0.000431593
-96
-0.00828658
-76
-0.00656021
108
0.0093224
99
0.00854553
-124
-0.0107035
53
0.00457488
-54
-0.0046612
-49
-0.00422961
-135
-0.011653
-146
-0.0126025
159
0.0137246
174
0.0150194
0
0
83
0.00716444
-207
-0.0178679
243
0.0209754
-43
-0.0037117
-146
-0.0126025
-48
-0.00414329
-141
-0.0121709
105
0.00906344
-33
-0.00284851
193
0.0166595
165
0.0142426
72
0.00621493
-240
-0.0207164
-19
-0.00164005
-69
-0.00595598
-4
-0.000345274
171
0.0147605
-80
-0.00690548
-7
-0.00060423
-135
-0.011653
-67
-0.00578334
-66
-0.00569702
-102
-0.00880449
-12
-0.00103582
-374
-0.0322831
-1
-8.63185e-05
30
0.00258956
46
0.00397065
-79
-0.00681916
136
0.0117393
-188
-0.0162279
-31
-0.00267587
-9
-0.000776867
-106
-0.00914976
-221
-0.0190764
-72
-0.00621493
-226
-0.019508
-109
-0.00940872
157
0.013552
-116
-0.0100129
225
0.0194217
50
0.00431593
-184
-0.0158826
-11
-0.000949504
241
0.0208028
160
0.013811
-71
-0.00612861
76
0.00656021
141
0.0121709
101
0.00871817
-35
-0.00302115
21
0.00181269
-150
-0.0129478
-169
-0.0145878
-215
-0.0185585
-81
-0.0069918
303
0.0261545
-8
-0.000690548
78
0.00673284
-80
-0.00690548
52
0.00448856
-111
-0.00958136
41
0.00353906
-108
-0.0093224
-324
-0.0279672
-54
-0.0046612
493
0.042555
70
0.0060423
371
0.0320242
-106
-0.00914976
-39
-0.00336642
-75
-0.00647389
-199
-0.0171774
-96
-0.00828658
-15
-0.00129478
-42
-0.00362538
-208
-0.0179543
-138
-0.011912
162
0.0139836
46
0.00397065
114
0.00984031
-86
-0.00742339
-26
-0.00224428
75
0.00647389
-124
-0.0107035
-24
-0.00207164
-4
-0.000345274
-84
-0.00725076
-42
-0.00362538
88
0.00759603
25
0.00215796
62
0.00535175
-78
-0.00673284
221
0.0190764
-115
-0.00992663
56
0.00483384
103
0.00889081
-76
-0.00656021
-76
-0.00656021
-106
-0.00914976
62
0.00535175
21
0.00181269
-263
-0.0227018
-67
-0.00578334
337
0.0290893
32
0.00276219
11
0.000949504
27
0.0023306
-431
-0.0372033
136
0.0117393
-98
-0.00845921
34
0.00293483
140
0.0120846
-146
-0.0126025
102
0.00880449
-111
-0.00958136
-23
-0.00198533
-14
-0.00120846
72
0.00621493
-42
-0.00362538
43
0.0037117
34
0.00293483
152
0.0131204
17
0.00146741
330
0.0284851
89
0.00768235
218
0.0188174
-53
-0.00457488
246
0.0212344
50
0.00431593
-113
-0.00975399
86
0.00742339
63
0.00543807
158
0.0136383
75
0.00647389
-44
-0.00379801
-118
-0.0101856
16
0.0013811
-184
-0.0158826
-246
-0.0212344
-339
-0.029262
119
0.0102719
-146
-0.0126025
75
0.00647389
44
0.00379801
-3
-0.000258956
-5
-0.000431593
17
0.00146741
83
0.00716444
4
0.000345274
170
0.0146741
30
0.00258956
73
0.00630125
-13
-0.00112214
-130
-0.0112214
-66
-0.00569702
-220
-0.0189901
-12
-0.00103582
65
0.0056107
111
0.00958136
-45
-0.00388433
-90
-0.00776867
16
0.0013811
-4
-0.000345274
-283
-0.0244281
14
0.00120846
-359
-0.0309883
23
0.00198533
-58
-0.00500647
14
0.00120846
-217
-0.0187311
-79
-0.00681916
-117
-0.0100993
-89
-0.00768235
374
0.0322831
-182
-0.01571
6
0.000517911
-31
-0.00267587
101
0.00871817
-80
-0.00690548
-268
-0.0231334
118
0.0101856
215
0.0185585
67
0.00578334
-41
-0.00353906
-27
-0.0023306
-95
-0.00820026
93
0.00802762
133
0.0114804
10
0.000863185
8
0.000690548
60
0.00517911
105
0.00906344
90
0.00776867
37
0.00319379
-361
-0.031161
-148
-0.0127751
121
0.0104445
53
0.00457488
-177
-0.0152784
-12
-0.00103582
-25
-0.00215796
0
0
8
0.000690548
5
0.000431593
-40
-0.00345274
-186
-0.0160552
-45
-0.00388433
227
0.0195943
-210
-0.0181269
225
0.0194217
16
0.0013811
-2
-0.000172637
21
0.00181269
-69
-0.00595598
-129
-0.0111351
13
0.00112214
-82
-0.00707812
219
0.0189038
-155
-0.0133794
399
0.0344411
-40
-0.00345274
-171
-0.0147605
-34
-0.00293483
57
0.00492016
42
0.00362538
231
0.0199396
78
0.00673284
101
0.00871817
-182
-0.01571
-241
-0.0208028
-8
-0.000690548
-120
-0.0103582
135
0.011653
-186
-0.0160552
3
0.000258956
-297
-0.0256366
-77
-0.00664653
195
0.0168321
-78
-0.00673284
302
0.0260682
-5
-0.000431593
97
0.0083729
-64
-0.00552438
-353
-0.0304704
74
0.00638757
-112
-0.00966767
59
0.00509279
-252
-0.0217523
-87
-0.00750971
56
0.00483384
143
0.0123435
-130
-0.0112214
152
0.0131204
146
0.0126025
-50
-0.00431593
62
0.00535175
-96
-0.00828658
99
0.00854553
108
0.0093224
-34
-0.00293483
164
0.0141562
86
0.00742339
-69
-0.00595598
-61
-0.00526543
104
0.00897713
123
0.0106172
12
0.00103582
50
0.00431593
43
0.0037117
273
0.023565
195
0.0168321
3
0.000258956
68
0.00586966
1
8.63185e-05
-29
-0.00250324
75
0.00647389
-79
-0.00681916
-119
-0.0102719
-35
-0.00302115
-189
-0.0163142
192
0.0165732
-102
-0.00880449
-69
-0.00595598
211
0.0182132
143
0.0123435
52
0.00448856
94
0.00811394
-35
-0.00302115
-177
-0.0152784
39
0.00336642
62
0.00535175
229
0.0197669
66
0.00569702
-364
-0.0314199
125
0.0107898
-75
-0.00647389
25
0.00215796
15
0.00129478
127
0.0109625
146
0.0126025
132
0.011394
-413
-0.0356495
28
0.00241692
-25
-0.00215796
53
0.00457488
-114
-0.00984031
-85
-0.00733707
-300
-0.0258956
118
0.0101856
-254
-0.0219249
31
0.00267587
-181
-0.0156237
66
0.00569702
-237
-0.0204575
-150
-0.0129478
-68
-0.00586966
97
0.0083729
166
0.0143289
186
0.0160552
94
0.00811394
-6
-0.000517911
86
0.00742339
51
0.00440224
108
0.0093224
154
0.0132931
164
0.0141562
47
0.00405697
96
0.00828658
132
0.011394
-266
-0.0229607
45
0.00388433
-197
-0.0170047
61
0.00526543
-353
-0.0304704
154
0.0132931
-66
-0.00569702
35
0.00302115
-265
-0.0228744
-8
-0.000690548
-191
-0.0164868
28
0.00241692
114
0.00984031
-102
-0.00880449
4
0.000345274
8
0.000690548
-212
-0.0182995
-102
-0.00880449
225
0.0194217
-197
-0.0170047
-173
-0.0149331
169
0.0145878
80
0.00690548
101
0.00871817
-207
-0.0178679
10
0.000863185
149
0.0128615
71
0.00612861
59
0.00509279
-100
-0.00863185
61
0.00526543
-151
-0.0130341
-36
-0.00310747
20
0.00172637
-63
-0.00543807
-3
-0.000258956
-220
-0.0189901
-73
-0.00630125
-70
-0.0060423
-23
-0.00198533
-194
-0.0167458
7
0.00060423
-73
-0.00630125
-200
-0.0172637
-259
-0.0223565
41
0.00353906
-13
-0.00112214
-106
-0.00914976
251
0.0216659
115
0.00992663
-19
-0.00164005
-22
-0.00189901
-141
-0.0121709
22
0.00189901
-38
-0.0032801
-70
-0.0060423
-2
-0.000172637
156
0.0134657
200
0.0172637
-3
-0.000258956
189
0.0163142
-69
-0.00595598
-81
-0.0069918
-66
-0.00569702
-316
-0.0272767
98
0.00845921
70
0.0060423
-269
-0.0232197
21
0.00181269
-112
-0.00966767
-139
-0.0119983
46
0.00397065
259
0.0223565
-71
-0.00612861
-40
-0.00345274
108
0.0093224
-311
-0.0268451
122
0.0105309
60
0.00517911
88
0.00759603
-260
-0.0224428
29
0.00250324
286
0.0246871
-151
-0.0130341
139
0.0119983
-33
-0.00284851
-36
-0.00310747
-6
-0.000517911
302
0.0260682
-115
-0.00992663
-25
-0.00215796
37
0.00319379
-145
-0.0125162
-200
-0.0172637
63
0.00543807
111
0.00958136
84
0.00725076
-137
-0.0118256
200
0.0172637
-71
-0.00612861
-91
-0.00785498
204
0.017609
-402
-0.0347
-16
-0.0013811
-285
-0.0246008
-131
-0.0113077
-328
-0.0283125
38
0.0032801
-187
-0.0161416
69
0.00595598
167
0.0144152
179
0.015451
-121
-0.0104445
87
0.00750971
-50
-0.00431593
15
0.00129478
-149
-0.0128615
190
0.0164005
-245
-0.021148
-162
-0.0139836
-10
-0.000863185
79
0.00681916
159
0.0137246
126
0.0108761
-41
-0.00353906
-35
-0.00302115
-111
-0.00958136
110
0.00949504
-237
-0.0204575
-94
-0.00811394
105
0.00906344
212
0.0182995
105
0.00906344
171
0.0147605
208
0.0179543
-6
-0.000517911
233
0.0201122
80
0.00690548
-132
-0.011394
184
0.0158826
71
0.00612861
-94
-0.00811394
316
0.0272767
-47
-0.00405697
31
0.00267587
32
0.00276219
-228
-0.0196806
140
0.0120846
29
0.00250324
-41
-0.00353906
202
0.0174363
-81
-0.0069918
135
0.011653
92
0.0079413
-144
-0.0124299
-52
-0.00448856
117
0.0100993
-29
-0.00250324
366
0.0315926
-10
-0.000863185
338
0.0291757
-135
-0.011653
200
0.0172637
-21
-0.00181269
-44
-0.00379801
35
0.00302115
109
0.00940872
-82
-0.00707812
-47
-0.00405697
-43
-0.0037117
-281
-0.0242555
-102
-0.00880449
41
0.00353906
-51
-0.00440224
-205
-0.0176953
-37
-0.00319379
-347
-0.0299525
72
0.00621493
161
0.0138973
27
0.0023306
140
0.0120846
-33
-0.00284851
-302
-0.0260682
-146
-0.0126025
-20
-0.00172637
169
0.0145878
28
0.00241692
94
0.00811394
-201
-0.01735
143
0.0123435
190
0.0164005
-38
-0.0032801
-161
-0.0138973
69
0.00595598
108
0.0093224
3
0.000258956
31
0.00267587
12
0.00103582
146
0.0126025
-29
-0.00250324
-270
-0.023306
74
0.00638757
-141
-0.0121709
-139
-0.0119983
-407
-0.0351316
75
0.00647389
-91
-0.00785498
-57
-0.00492016
-439
-0.0378938
98
0.00845921
-106
-0.00914976
120
0.0103582
0
0
-200
-0.0172637
6
0.000517911
198
0.0170911
143
0.0123435
20
0.00172637
-126
-0.0108761
47
0.00405697
-129
-0.0111351
101
0.00871817
90
0.00776867
-50
-0.00431593
-135
-0.011653
-46
-0.00397065
296
0.0255503
157
0.013552
32
0.00276219
-92
-0.0079413
-307
-0.0264998
102
0.00880449
71
0.00612861
-53
-0.00457488
187
0.0161416
195
0.0168321
-200
-0.0172637
-24
-0.00207164
-305
-0.0263271
-254
-0.0219249
238
0.0205438
-59
-0.00509279
45
0.00388433
81
0.0069918
37
0.00319379
-7
-0.00060423
-60
-0.00517911
-1
-8.63185e-05
-14
-0.00120846
-104
-0.00897713
201
0.01735
45
0.00388433
96
0.00828658
-36
-0.00310747
-336
-0.029003
-75
-0.00647389
168
0.0145015
-29
-0.00250324
247
0.0213207
-59
-0.00509279
-85
-0.00733707
-12
-0.00103582
-176
-0.0151921
94
0.00811394
-246
-0.0212344
-78
-0.00673284
3
0.000258956
18
0.00155373
251
0.0216659
55
0.00474752
-48
-0.00414329
85
0.00733707
189
0.0163142
-147
-0.0126888
-195
-0.0168321
77
0.00664653
-43
-0.0037117
-8
-0.000690548
103
0.00889081
16
0.0013811
-107
-0.00923608
98
0.00845921
197
0.0170047
-112
-0.00966767
-78
-0.00673284
-136
-0.0117393
50
0.00431593
3
0.000258956
236
0.0203712
-16
-0.0013811
3
0.000258956
86
0.00742339
-297
-0.0256366
-44
-0.00379801
-162
-0.0139836
-149
-0.0128615
-232
-0.0200259
41
0.00353906
42
0.00362538
115
0.00992663
-393
-0.0339232
75
0.00647389
145
0.0125162
-1
-8.63185e-05
-9
-0.000776867
3
0.000258956
-178
-0.0153647
26
0.00224428
-100
-0.00863185
-126
-0.0108761
151
0.0130341
-66
-0.00569702
-197
-0.0170047
-8
-0.000690548
247
0.0213207
-126
-0.0108761
-242
-0.0208891
-113
-0.00975399
-128
-0.0110488
34
0.00293483
-323
-0.0278809
154
0.0132931
67
0.00578334
61
0.00526543
78
0.00673284
79
0.00681916
-95
-0.00820026
169
0.0145878
-169
-0.0145878
138
0.011912
208
0.0179543
65
0.0056107
-214
-0.0184722
214
0.0184722
-109
-0.00940872
-99
-0.00854553
115
0.00992663
1
8.63185e-05
23
0.00198533
-7
-0.00060423
-79
-0.00681916
212
0.0182995
38
0.0032801
-112
-0.00966767
11
0.000949504
55
0.00474752
-141
-0.0121709
-83
-0.00716444
32
0.00276219
54
0.0046612
-63
-0.00543807
-55
-0.00474752
226
0.019508
-58
-0.00500647
137
0.0118256
9
0.000776867
-219
-0.0189038
132
0.011394
237
0.0204575
231
0.0199396
-18
-0.00155373
-36
-0.00310747
45
0.00388433
-6
-0.000517911
114
0.00984031
-101
-0.00871817
-202
-0.0174363
-6
-0.000517911
-193
-0.0166595
-14
-0.00120846
73
0.00630125
126
0.0108761
50
0.00431593
-125
-0.0107898
-156
-0.0134657
-60
-0.00517911
-56
-0.00483384
-165
-0.0142426
-407
-0.0351316
-39
-0.00336642
30
0.00258956
165
0.0142426
-209
-0.0180406
123
0.0106172
-85
-0.00733707
-153
-0.0132067
112
0.00966767
124
0.0107035
88
0.00759603
-15
-0.00129478
39
0.00336642
-56
-0.00483384
109
0.00940872
189
0.0163142
187
0.0161416
-67
-0.00578334
-44
-0.00379801
109
0.00940872
86
0.00742339
26
0.00224428
99
0.00854553
-24
-0.00207164
-170
-0.0146741
-269
-0.0232197
-312
-0.0269314
-152
-0.0131204
-43
-0.0037117
-93
-0.00802762
-48
-0.00414329
-8
-0.000690548
-156
-0.0134657
-43
-0.0037117
40
0.00345274
-114
-0.00984031
-43
-0.0037117
52
0.00448856
140
0.0120846
-65
-0.0056107
-209
-0.0180406
-16
-0.0013811
278
0.0239965
0
0
60
0.00517911
95
0.00820026
-109
-0.00940872
-116
-0.0100129
-223
-0.019249
86
0.00742339
-43
-0.0037117
-122
-0.0105309
129
0.0111351
6
0.000517911
-15
-0.00129478
-53
-0.00457488
260
0.0224428
-4
-0.000345274
125
0.0107898
179
0.015451
239
0.0206301
88
0.00759603
-16
-0.0013811
125
0.0107898
102
0.00880449
-182
-0.01571
-230
-0.0198533
-48
-0.00414329
329
0.0283988
64
0.00552438
269
0.0232197
-180
-0.0155373
92
0.0079413
17
0.00146741
-160
-0.013811
154
0.0132931
-156
-0.0134657
285
0.0246008
-185
-0.0159689
-64
-0.00552438
139
0.0119983
-138
-0.011912
-36
-0.00310747
182
0.01571
-108
-0.0093224
-243
-0.0209754
357
0.0308157
-162
-0.0139836
354
0.0305568
-81
-0.0069918
299
0.0258092
-9
-0.000776867
-9
-0.000776867
-24
-0.00207164
-88
-0.00759603
110
0.00949504
64
0.00552438
-169
-0.0145878
26
0.00224428
152
0.0131204
72
0.00621493
-13
-0.00112214
-93
-0.00802762
-17
-0.00146741
-76
-0.00656021
-139
-0.0119983
-453
-0.0391023
115
0.00992663
107
0.00923608
71
0.00612861
15
0.00129478
-2
-0.000172637
-83
-0.00716444
-127
-0.0109625
54
0.0046612
-58
-0.00500647
-322
-0.0277946
142
0.0122572
-234
-0.0201985
18
0.00155373
151
0.0130341
-46
-0.00397065
29
0.00250324
-90
-0.00776867
-323
-0.0278809
17
0.00146741
159
0.0137246
32
0.00276219
-288
-0.0248597
52
0.00448856
-144
-0.0124299
-15
-0.00129478
272
0.0234786
134
0.0115667
62
0.00535175
5
0.000431593
-67
-0.00578334
52
0.00448856
-43
-0.0037117
99
0.00854553
107
0.00923608
-108
-0.0093224
101
0.00871817
-177
-0.0152784
179
0.015451
-122
-0.0105309
249
0.0214933
-20
-0.00172637
-199
-0.0171774
-11
-0.000949504
-84
-0.00725076
16
0.0013811
272
0.0234786
136
0.0117393
412
0.0355632
-76
-0.00656021
12
0.00103582
59
0.00509279
39
0.00336642
64
0.00552438
169
0.0145878
68
0.00586966
73
0.00630125
120
0.0103582
-15
-0.00129478
86
0.00742339
-139
-0.0119983
-56
-0.00483384
-112
-0.00966767
4
0.000345274
-143
-0.0123435
-25
-0.00215796
62
0.00535175
-35
-0.00302115
-176
-0.0151921
92
0.0079413
-58
-0.00500647
-153
-0.0132067
52
0.00448856
-168
-0.0145015
198
0.0170911
-91
-0.00785498
-32
-0.00276219
81
0.0069918
168
0.0145015
69
0.00595598
-148
-0.0127751
159
0.0137246
-136
-0.0117393
236
0.0203712
200
0.0172637
-64
-0.00552438
79
0.00681916
-138
-0.011912
-12
-0.00103582
-73
-0.00630125
-105
-0.00906344
-176
-0.0151921
-252
-0.0217523
104
0.00897713
-70
-0.0060423
-97
-0.0083729
76
0.00656021
111
0.00958136
-233
-0.0201122
-41
-0.00353906
-212
-0.0182995
-1
-8.63185e-05
-100
-0.00863185
-42
-0.00362538
-28
-0.00241692
3
0.000258956
188
0.0162279
-52
-0.00448856
-172
-0.0148468
124
0.0107035
-148
-0.0127751
-96
-0.00828658
-335
-0.0289167
-1
-8.63185e-05
72
0.00621493
157
0.013552
87
0.00750971
-196
-0.0169184
127
0.0109625
-13
-0.00112214
-376
-0.0324558
-27
-0.0023306
-94
-0.00811394
-40
-0.00345274
66
0.00569702
249
0.0214933
-254
-0.0219249
106
0.00914976
-271
-0.0233923
-79
-0.00681916
-53
-0.00457488
28
0.00241692
-346
-0.0298662
251
0.0216659
208
0.0179543
-18
-0.00155373
-4
-0.000345274
-42
-0.00362538
-113
-0.00975399
-150
-0.0129478
-173
-0.0149331
-6
-0.000517911
-73
-0.00630125
144
0.0124299
-230
-0.0198533
-89
-0.00768235
55
0.00474752
-30
-0.00258956
418
0.0360811
-91
-0.00785498
3
0.000258956
-102
-0.00880449
406
0.0350453
-18
-0.00155373
65
0.0056107
121
0.0104445
-392
-0.0338369
-55
-0.00474752
-50
-0.00431593
-171
-0.0147605
113
0.00975399
116
0.0100129
-357
-0.0308157
24
0.00207164
-176
-0.0151921
-90
-0.00776867
144
0.0124299
49
0.00422961
-236
-0.0203712
198
0.0170911
20
0.00172637
-143
-0.0123435
87
0.00750971
36
0.00310747
159
0.0137246
205
0.0176953
396
0.0341821
39
0.00336642
42
0.00362538
73
0.00630125
318
0.0274493
-85
-0.00733707
27
0.0023306
-98
-0.00845921
-194
-0.0167458
-190
-0.0164005
-29
-0.00250324
-341
-0.0294346
-235
-0.0202849
39
0.00336642
85
0.00733707
8
0.000690548
182
0.01571
137
0.0118256
-62
-0.00535175
72
0.00621493
9
0.000776867
-76
-0.00656021
6
0.000517911
37
0.00319379
46
0.00397065
-197
-0.0170047
70
0.0060423
-37
-0.00319379
243
0.0209754
-49
-0.00422961
-126
-0.0108761
134
0.0115667
282
0.0243418
-101
-0.00871817
-129
-0.0111351
101
0.00871817
-186
-0.0160552
134
0.0115667
-241
-0.0208028
-174
-0.0150194
77
0.00664653
-77
-0.00664653
370
0.0319379
139
0.0119983
213
0.0183858
55
0.00474752
5
0.000431593
-169
-0.0145878
196
0.0169184
-7
-0.00060423
9
0.000776867
-123
-0.0106172
-172
-0.0148468
79
0.00681916
-316
-0.0272767
-4
-0.000345274
152
0.0131204
24
0.00207164
-207
-0.0178679
43
0.0037117
35
0.00302115
-17
-0.00146741
-104
-0.00897713
-24
-0.00207164
-175
-0.0151057
-72
-0.00621493
-64
-0.00552438
2
0.000172637
274
0.0236513
115
0.00992663
-30
-0.00258956
-191
-0.0164868
47
0.00405697
116
0.0100129
-149
-0.0128615
94
0.00811394
-151
-0.0130341
-29
-0.00250324
-159
-0.0137246
54
0.0046612
-101
-0.00871817
141
0.0121709
-354
-0.0305568
-15
-0.00129478
292
0.025205
-73
-0.00630125
205
0.0176953
-106
-0.00914976
-102
-0.00880449
-153
-0.0132067
117
0.0100993
-36
-0.00310747
267
0.023047
-53
-0.00457488
-45
-0.00388433
52
0.00448856
-112
-0.00966767
-236
-0.0203712
138
0.011912
3
0.000258956
17
0.00146741
220
0.0189901
-253
-0.0218386
-146
-0.0126025
365
0.0315063
-34
-0.00293483
-42
-0.00362538
61
0.00526543
-71
-0.00612861
183
0.0157963
173
0.0149331
23
0.00198533
244
0.0210617
-162
-0.0139836
227
0.0195943
10
0.000863185
38
0.0032801
-75
-0.00647389
-85
-0.00733707
81
0.0069918
-314
-0.027104
-211
-0.0182132
228
0.0196806
62
0.00535175
-111
-0.00958136
3
0.000258956
-51
-0.00440224
89
0.00768235
188
0.0162279
-88
-0.00759603
155
0.0133794
-17
-0.00146741
73
0.00630125
9
0.000776867
-148
-0.0127751
5
0.000431593
-104
-0.00897713
2
0.000172637
-45
-0.00388433
-61
-0.00526543
117
0.0100993
-17
-0.00146741
105
0.00906344
13
0.00112214
-38
-0.0032801
28
0.00241692
158
0.0136383
1
8.63185e-05
68
0.00586966
0
0
124
0.0107035
9
0.000776867
-373
-0.0321968
-113
-0.00975399
-196
-0.0169184
-4
-0.000345274
-209
-0.0180406
-18
-0.00155373
177
0.0152784
184
0.0158826
-84
-0.00725076
-44
-0.00379801
98
0.00845921
75
0.00647389
-347
-0.0299525
-51
-0.00440224
-182
-0.01571
116
0.0100129
-135
-0.011653
124
0.0107035
-329
-0.0283988
-88
-0.00759603
113
0.00975399
-58
-0.00500647
-85
-0.00733707
76
0.00656021
403
0.0347864
-92
-0.0079413
190
0.0164005
-84
-0.00725076
75
0.00647389
-75
-0.00647389
-39
-0.00336642
-75
-0.00647389
27
0.0023306
-13
-0.00112214
112
0.00966767
84
0.00725076
-350
-0.0302115
96
0.00828658
72
0.00621493
42
0.00362538
-132
-0.011394
151
0.0130341
59
0.00509279
137
0.0118256
-185
-0.0159689
54
0.0046612
352
0.0303841
204
0.017609
-49
-0.00422961
-50
-0.00431593
-7
-0.00060423
-182
-0.01571
-118
-0.0101856
-44
-0.00379801
70
0.0060423
41
0.00353906
155
0.0133794
28
0.00241692
-161
-0.0138973
12
0.00103582
-126
-0.0108761
-57
-0.00492016
-50
-0.00431593
98
0.00845921
167
0.0144152
-14
-0.00120846
-64
-0.00552438
50
0.00431593
-111
-0.00958136
-67
-0.00578334
-258
-0.0222702
88
0.00759603
-82
-0.00707812
-178
-0.0153647
320
0.0276219
-25
-0.00215796
-45
-0.00388433
163
0.0140699
182
0.01571
118
0.0101856
-43
-0.0037117
-51
-0.00440224
181
0.0156237
77
0.00664653
-186
-0.0160552
35
0.00302115
-156
-0.0134657
-29
-0.00250324
174
0.0150194
-148
-0.0127751
194
0.0167458
-120
-0.0103582
255
0.0220112
10
0.000863185
-191
-0.0164868
25
0.00215796
-332
-0.0286577
-45
-0.00388433
145
0.0125162
66
0.00569702
-213
-0.0183858
-173
-0.0149331
129
0.0111351
-42
-0.00362538
-168
-0.0145015
197
0.0170047
178
0.0153647
174
0.0150194
-192
-0.0165732
170
0.0146741
49
0.00422961
42
0.00362538
-85
-0.00733707
79
0.00681916
-46
-0.00397065
-73
-0.00630125
77
0.00664653
-90
-0.00776867
-50
-0.00431593
-9
-0.000776867
60
0.00517911
99
0.00854553
69
0.00595598
190
0.0164005
48
0.00414329
167
0.0144152
68
0.00586966
-93
-0.00802762
234
0.0201985
205
0.0176953
-98
-0.00845921
-72
-0.00621493
282
0.0243418
-34
-0.00293483
-351
-0.0302978
224
0.0193353
-81
-0.0069918
-48
-0.00414329
-173
-0.0149331
-120
-0.0103582
158
0.0136383
67
0.00578334
-363
-0.0313336
-27
-0.0023306
-260
-0.0224428
-73
-0.00630125
77
0.00664653
46
0.00397065
-179
-0.015451
117
0.0100993
153
0.0132067
-108
-0.0093224
41
0.00353906
-126
-0.0108761
54
0.0046612
3
0.000258956
241
0.0208028
-25
-0.00215796
-24
-0.00207164
-64
-0.00552438
-79
-0.00681916
145
0.0125162
13
0.00112214
11
0.000949504
74
0.00638757
52
0.00448856
-270
-0.023306
70
0.0060423
-121
-0.0104445
-55
-0.00474752
-245
-0.021148
44
0.00379801
43
0.0037117
131
0.0113077
-14
-0.00120846
36
0.00310747
271
0.0233923
183
0.0157963
10
0.000863185
96
0.00828658
107
0.00923608
119
0.0102719
248
0.021407
-78
-0.00673284
196
0.0169184
-1
-8.63185e-05
-56
-0.00483384
42
0.00362538
-153
-0.0132067
-1
-8.63185e-05
-289
-0.0249461
-105
-0.00906344
128
0.0110488
-5
-0.000431593
83
0.00716444
98
0.00845921
153
0.0132067
-199
-0.0171774
48
0.00414329
6
0.000517911
-240
-0.0207164
174
0.0150194
45
0.00388433
153
0.0132067
-31
-0.00267587
119
0.0102719
-87
-0.00750971
8
0.000690548
148
0.0127751
-25
-0.00215796
-102
-0.00880449
50
0.00431593
-270
-0.023306
6
0.000517911
256
0.0220975
12
0.00103582
-196
-0.0169184
67
0.00578334
76
0.00656021
-16
-0.0013811
116
0.0100129
-29
-0.00250324
-328
-0.0283125
-76
-0.00656021
-106
-0.00914976
6
0.000517911
-163
-0.0140699
79
0.00681916
-86
-0.00742339
124
0.0107035
-40
-0.00345274
5
0.000431593
-94
-0.00811394
72
0.00621493
-161
-0.0138973
-81
-0.0069918
-46
-0.00397065
27
0.0023306
32
0.00276219
39
0.00336642
-83
-0.00716444
210
0.0181269
-158
-0.0136383
-31
-0.00267587
-182
-0.01571
-163
-0.0140699
78
0.00673284
170
0.0146741
20
0.00172637
-98
-0.00845921
-210
-0.0181269
57
0.00492016
-167
-0.0144152
167
0.0144152
-125
-0.0107898
13
0.00112214
184
0.0158826
34
0.00293483
-62
-0.00535175
-53
-0.00457488
21
0.00181269
-42
-0.00362538
286
0.0246871
-9
-0.000776867
-159
-0.0137246
-34
-0.00293483
-106
-0.00914976
88
0.00759603
-255
-0.0220112
66
0.00569702
101
0.00871817
-2
-0.000172637
45
0.00388433
-142
-0.0122572
95
0.00820026
-63
-0.00543807
86
0.00742339
-34
-0.00293483
9
0.000776867
-193
-0.0166595
-70
-0.0060423
126
0.0108761
161
0.0138973
82
0.00707812
223
0.019249
116
0.0100129
-145
-0.0125162
194
0.0167458
-140
-0.0120846
25
0.00215796
65
0.0056107
-36
-0.00310747
112
0.00966767
-161
-0.0138973
-135
-0.011653
110
0.00949504
205
0.0176953
-139
-0.0119983
-250
-0.0215796
-39
-0.00336642
21
0.00181269
-20
-0.00172637
-278
-0.0239965
21
0.00181269
48
0.00414329
-135
-0.011653
213
0.0183858
-4
-0.000345274
-66
-0.00569702
2
0.000172637
112
0.00966767
-84
-0.00725076
-40
-0.00345274
112
0.00966767
-73
-0.00630125
-20
-0.00172637
-96
-0.00828658
65
0.0056107
97
0.0083729
-77
-0.00664653
-263
-0.0227018
242
0.0208891
-293
-0.0252913
-180
-0.0155373
261
0.0225291
135
0.011653
160
0.013811
-81
-0.0069918
228
0.0196806
4
0.000345274
-274
-0.0236513
-66
-0.00569702
467
0.0403107
-30
-0.00258956
-66
-0.00569702
12
0.00103582
-117
-0.0100993
72
0.00621493
-94
-0.00811394
208
0.0179543
-181
-0.0156237
-42
-0.00362538
-114
-0.00984031
87
0.00750971
-43
-0.0037117
129
0.0111351
228
0.0196806
154
0.0132931
-114
-0.00984031
23
0.00198533
-75
-0.00647389
164
0.0141562
337
0.0290893
-33
-0.00284851
8
0.000690548
-9
-0.000776867
239
0.0206301
32
0.00276219
-105
-0.00906344
119
0.0102719
329
0.0283988
-80
-0.00690548
411
0.0354769
-53
-0.00457488
167
0.0144152
-98
-0.00845921
17
0.00146741
27
0.0023306
-69
-0.00595598
42
0.00362538
187
0.0161416
33
0.00284851
-24
-0.00207164
46
0.00397065
-52
-0.00448856
39
0.00336642
241
0.0208028
90
0.00776867
180
0.0155373
78
0.00673284
45
0.00388433
29
0.00250324
87
0.00750971
-33
-0.00284851
-443
-0.0382391
-100
-0.00863185
306
0.0264135
-302
-0.0260682
-92
-0.0079413
167
0.0144152
60
0.00517911
-39
-0.00336642
-7
-0.00060423
-27
-0.0023306
-106
-0.00914976
265
0.0228744
289
0.0249461
2
0.000172637
-57
-0.00492016
66
0.00569702
1
8.63185e-05
69
0.00595598
15
0.00129478
-142
-0.0122572
433
0.0373759
37
0.00319379
44
0.00379801
68
0.00586966
156
0.0134657
41
0.00353906
162
0.0139836
13
0.00112214
-166
-0.0143289
38
0.0032801
79
0.00681916
-93
-0.00802762
134
0.0115667
-100
-0.00863185
-275
-0.0237376
-31
-0.00267587
168
0.0145015
-1
-8.63185e-05
162
0.0139836
-29
-0.00250324
254
0.0219249
-21
-0.00181269
-192
-0.0165732
91
0.00785498
-25
-0.00215796
10
0.000863185
3
0.000258956
67
0.00578334
-15
-0.00129478
314
0.027104
-374
-0.0322831
-18
-0.00155373
-104
-0.00897713
125
0.0107898
158
0.0136383
30
0.00258956
147
0.0126888
65
0.0056107
80
0.00690548
23
0.00198533
136
0.0117393
-144
-0.0124299
-223
-0.019249
68
0.00586966
167
0.0144152
-127
-0.0109625
38
0.0032801
73
0.00630125
47
0.00405697
229
0.0197669
128
0.0110488
-45
-0.00388433
-207
-0.0178679
49
0.00422961
326
0.0281398
-16
-0.0013811
107
0.00923608
31
0.00267587
-147
-0.0126888
-10
-0.000863185
-41
-0.00353906
70
0.0060423
-119
-0.0102719
-112
-0.00966767
364
0.0314199
69
0.00595598
269
0.0232197
-10
-0.000863185
-147
-0.0126888
-42
-0.00362538
