-59
-0.0101865
-31
-0.00535221
44
0.00759669
23
0.00397099
66
0.011395
-35
-0.00604282
-184
-0.031768
-21
-0.00362569
-207
-0.035739
-86
-0.0148481
64
0.0110497
14
0.00241713
-96
-0.0165746
45
0.00776934
-83
-0.0143301
-58
-0.0100138
73
0.0126036
-61
-0.0105318
-192
-0.0331492
-54
-0.0093232
6
0.00103591
63
0.0108771
115
0.019855
-20
-0.00345304
35
0.00604282
181
0.03125
-117
-0.0202003
7
0.00120856
-99
-0.0170925
27
0.0046616
-122
-0.0210635
-43
-0.00742403
32
0.00552486
-42
-0.00725138
75
0.0129489
53
0.00915055
200
0.0345304
63
0.0108771
178
0.030732
-104
-0.0179558
-107
-0.0184738
-57
-0.00984116
135
0.023308
-86
-0.0148481
23
0.00397099
-71
-0.0122583
-155
-0.026761
-25
-0.0043163
-260
-0.0448895
28
0.00483425
-97
-0.0167472
-78
-0.0134669
-21
-0.00362569
-2
-0.000345304
-160
-0.0276243
20
0.00345304
46
0.00794199
69
0.011913
157
0.0271064
25
0.0043163
117
0.0202003
-115
-0.019855
-56
-0.00966851
-46
-0.00794199
-55
-0.00949586
-150
-0.0258978
-84
-0.0145028
-19
-0.00328039
-38
-0.00656077
-6
-0.00103591
-10
-0.00172652
214
0.0369475
-54
-0.0093232
23
0.00397099
-66
-0.011395
20
0.00345304
-103
-0.0177831
119
0.0205456
-66
-0.011395
49
0.00845994
-54
-0.0093232
13
0.00224448
120
0.0207182
16
0.00276243
92
0.015884
50
0.0086326
37
0.00638812
-41
-0.00707873
-40
-0.00690608
65
0.0112224
-130
-0.0224448
103
0.0177831
66
0.011395
-67
-0.0115677
-11
-0.00189917
11
0.00189917
2
0.000345304
-30
-0.00517956
8
0.00138122
-67
-0.0115677
41
0.00707873
-75
-0.0129489
-62
-0.0107044
-110
-0.0189917
-98
-0.0169199
-66
-0.011395
-155
-0.026761
23
0.00397099
-35
-0.00604282
114
0.0196823
179
0.0309047
-9
-0.00155387
104
0.0179558
4
0.000690608
81
0.0139848
-113
-0.0195097
-151
-0.0260704
-10
-0.00172652
82
0.0141575
141
0.0243439
35
0.00604282
18
0.00310773
-55
-0.00949586
46
0.00794199
37
0.00638812
69
0.011913
-92
-0.015884
2
0.000345304
-154
-0.0265884
-82
-0.0141575
-41
-0.00707873
-24
-0.00414365
11
0.00189917
-75
-0.0129489
-82
-0.0141575
1
0.000172652
33
0.00569751
-2
-0.000345304
22
0.00379834
-51
-0.00880525
-3
-0.000517956
37
0.00638812
-65
-0.0112224
98
0.0169199
73
0.0126036
-54
-0.0093232
-1
-0.000172652
-34
-0.00587017
-152
-0.0262431
47
0.00811464
-76
-0.0131215
-98
-0.0169199
210
0.0362569
45
0.00776934
50
0.0086326
16
0.00276243
75
0.0129489
-91
-0.0157113
-148
-0.0255525
-117
-0.0202003
-214
-0.0369475
115
0.019855
-34
-0.00587017
59
0.0101865
20
0.00345304
-19
-0.00328039
15
0.00258978
85
0.0146754
146
0.0252072
-38
-0.00656077
-58
-0.0100138
-270
-0.046616
-80
-0.0138122
-12
-0.00207182
-60
-0.0103591
71
0.0122583
-12
-0.00207182
-99
-0.0170925
-66
-0.011395
67
0.0115677
58
0.0100138
44
0.00759669
32
0.00552486
-38
-0.00656077
100
0.0172652
-85
-0.0146754
124
0.0214088
4
0.000690608
13
0.00224448
-25
-0.0043163
62
0.0107044
-42
-0.00725138
228
0.0393646
139
0.0239986
40
0.00690608
47
0.00811464
-74
-0.0127762
-20
-0.00345304
43
0.00742403
-61
-0.0105318
-8
-0.00138122
35
0.00604282
-41
-0.00707873
66
0.011395
151
0.0260704
-61
-0.0105318
-29
-0.00500691
79
0.0136395
-112
-0.019337
-71
-0.0122583
-3
-0.000517956
89
0.015366
79
0.0136395
-121
-0.0208909
-91
-0.0157113
-8
-0.00138122
39
0.00673343
-20
-0.00345304
-121
-0.0208909
49
0.00845994
114
0.0196823
-48
-0.00828729
-3
-0.000517956
-110
-0.0189917
-227
-0.039192
-6
-0.00103591
1
0.000172652
-7
-0.00120856
24
0.00414365
-2
-0.000345304
-209
-0.0360843
26
0.00448895
40
0.00690608
-30
-0.00517956
-72
-0.0124309
-38
-0.00656077
68
0.0117403
71
0.0122583
-153
-0.0264157
33
0.00569751
-215
-0.0371202
0
0
-95
-0.0164019
110
0.0189917
-57
-0.00984116
57
0.00984116
95
0.0164019
20
0.00345304
-59
-0.0101865
33
0.00569751
38
0.00656077
-62
-0.0107044
-53
-0.00915055
101
0.0174378
15
0.00258978
-75
-0.0129489
-15
-0.00258978
-37
-0.00638812
-18
-0.00310773
60
0.0103591
44
0.00759669
84
0.0145028
3
0.000517956
-77
-0.0132942
-31
-0.00535221
10
0.00172652
-109
-0.0188191
121
0.0208909
82
0.0141575
-30
-0.00517956
-59
-0.0101865
36
0.00621547
-60
-0.0103591
-53
-0.00915055
21
0.00362569
-99
-0.0170925
-84
-0.0145028
-29
-0.00500691
22
0.00379834
63
0.0108771
57
0.00984116
101
0.0174378
-11
-0.00189917
-50
-0.0086326
-130
-0.0224448
29
0.00500691
-52
-0.0089779
-47
-0.00811464
-3
-0.000517956
12
0.00207182
-16
-0.00276243
-25
-0.0043163
162
0.0279696
-9
-0.00155387
92
0.015884
-40
-0.00690608
-13
-0.00224448
-23
-0.00397099
-56
-0.00966851
82
0.0141575
-66
-0.011395
-16
-0.00276243
-82
-0.0141575
192
0.0331492
10
0.00172652
121
0.0208909
117
0.0202003
-4
-0.000690608
82
0.0141575
-51
-0.00880525
-45
-0.00776934
-155
-0.026761
-83
-0.0143301
-26
-0.00448895
123
0.0212362
39
0.00673343
69
0.011913
-29
-0.00500691
-111
-0.0191644
7
0.00120856
27
0.0046616
111
0.0191644
-72
-0.0124309
-75
-0.0129489
-91
-0.0157113
42
0.00725138
-28
-0.00483425
36
0.00621547
-101
-0.0174378
95
0.0164019
75
0.0129489
109
0.0188191
-34
-0.00587017
53
0.00915055
-109
-0.0188191
-19
-0.00328039
-65
-0.0112224
-130
-0.0224448
-59
-0.0101865
17
0.00293508
-230
-0.0397099
-136
-0.0234807
-83
-0.0143301
-33
-0.00569751
-17
-0.00293508
24
0.00414365
-121
-0.0208909
-46
-0.00794199
-46
-0.00794199
-16
-0.00276243
73
0.0126036
-4
-0.000690608
156
0.0269337
-30
-0.00517956
-167
-0.0288329
50
0.0086326
67
0.0115677
20
0.00345304
-1
-0.000172652
-13
-0.00224448
165
0.0284876
26
0.00448895
60
0.0103591
-108
-0.0186464
-84
-0.0145028
-48
-0.00828729
52
0.0089779
172
0.0296961
-44
-0.00759669
51
0.00880525
205
0.0353936
75
0.0129489
25
0.0043163
-22
-0.00379834
-97
-0.0167472
-38
-0.00656077
149
0.0257251
-4
-0.000690608
20
0.00345304
-57
-0.00984116
-48
-0.00828729
-11
-0.00189917
-24
-0.00414365
8
0.00138122
-127
-0.0219268
6
0.00103591
-46
-0.00794199
-77
-0.0132942
-80
-0.0138122
52
0.0089779
92
0.015884
-50
-0.0086326
72
0.0124309
97
0.0167472
106
0.0183011
-31
-0.00535221
21
0.00362569
11
0.00189917
-38
-0.00656077
69
0.011913
15
0.00258978
110
0.0189917
62
0.0107044
11
0.00189917
-77
-0.0132942
-49
-0.00845994
-176
-0.0303867
-89
-0.015366
-169
-0.0291782
-41
-0.00707873
0
0
-35
-0.00604282
-172
-0.0296961
-94
-0.0162293
146
0.0252072
-6
-0.00103591
-45
-0.00776934
178
0.030732
155
0.026761
-124
-0.0214088
-96
-0.0165746
13
0.00224448
132
0.0227901
5
0.00086326
102
0.0176105
63
0.0108771
90
0.0155387
-17
-0.00293508
-4
-0.000690608
-73
-0.0126036
52
0.0089779
-47
-0.00811464
-56
-0.00966851
55
0.00949586
-142
-0.0245166
56
0.00966851
-69
-0.011913
57
0.00984116
103
0.0177831
-87
-0.0150207
-35
-0.00604282
-29
-0.00500691
-76
-0.0131215
10
0.00172652
16
0.00276243
-25
-0.0043163
-176
-0.0303867
-16
-0.00276243
167
0.0288329
-32
-0.00552486
-37
-0.00638812
109
0.0188191
-170
-0.0293508
-85
-0.0146754
-130
-0.0224448
22
0.00379834
-103
-0.0177831
27
0.0046616
-120
-0.0207182
-183
-0.0315953
-1
-0.000172652
-41
-0.00707873
136
0.0234807
-69
-0.011913
27
0.0046616
-184
-0.031768
92
0.015884
57
0.00984116
-62
-0.0107044
-66
-0.011395
68
0.0117403
-36
-0.00621547
148
0.0255525
5
0.00086326
-68
-0.0117403
-14
-0.00241713
0
0
123
0.0212362
-169
-0.0291782
47
0.00811464
135
0.023308
-25
-0.0043163
-176
-0.0303867
81
0.0139848
335
0.0578384
57
0.00984116
-71
-0.0122583
-29
-0.00500691
-1
-0.000172652
39
0.00673343
-125
-0.0215815
-26
-0.00448895
-29
-0.00500691
-16
-0.00276243
36
0.00621547
43
0.00742403
7
0.00120856
-49
-0.00845994
-107
-0.0184738
-39
-0.00673343
132
0.0227901
-1
-0.000172652
-94
-0.0162293
-1
-0.000172652
54
0.0093232
-92
-0.015884
-1
-0.000172652
3
0.000517956
-51
-0.00880525
-97
-0.0167472
-59
-0.0101865
58
0.0100138
28
0.00483425
-103
-0.0177831
165
0.0284876
149
0.0257251
9
0.00155387
-25
-0.0043163
19
0.00328039
-134
-0.0231354
14
0.00241713
-13
-0.00224448
0
0
-62
-0.0107044
-20
-0.00345304
-9
-0.00155387
10
0.00172652
106
0.0183011
63
0.0108771
-30
-0.00517956
180
0.0310773
159
0.0274517
270
0.046616
45
0.00776934
86
0.0148481
-9
-0.00155387
-113
-0.0195097
119
0.0205456
1
0.000172652
-9
-0.00155387
-22
-0.00379834
17
0.00293508
118
0.0203729
35
0.00604282
-183
-0.0315953
0
0
-94
-0.0162293
-23
-0.00397099
-42
-0.00725138
132
0.0227901
-21
-0.00362569
40
0.00690608
126
0.0217541
-70
-0.0120856
13
0.00224448
-111
-0.0191644
-3
-0.000517956
-89
-0.015366
-12
-0.00207182
-24
-0.00414365
-74
-0.0127762
8
0.00138122
123
0.0212362
17
0.00293508
-39
-0.00673343
-41
-0.00707873
-27
-0.0046616
-8
-0.00138122
150
0.0258978
-23
-0.00397099
-154
-0.0265884
37
0.00638812
-105
-0.0181285
-75
-0.0129489
-67
-0.0115677
9
0.00155387
190
0.0328039
0
0
-147
-0.0253798
-17
-0.00293508
-171
-0.0295235
86
0.0148481
78
0.0134669
-32
-0.00552486
-78
-0.0134669
51
0.00880525
-65
-0.0112224
-19
-0.00328039
-154
-0.0265884
5
0.00086326
-30
-0.00517956
65
0.0112224
-25
-0.0043163
-36
-0.00621547
-13
-0.00224448
126
0.0217541
-6
-0.00103591
31
0.00535221
5
0.00086326
8
0.00138122
109
0.0188191
5
0.00086326
138
0.023826
67
0.0115677
-95
-0.0164019
44
0.00759669
-48
-0.00828729
-34
-0.00587017
74
0.0127762
-100
-0.0172652
-142
-0.0245166
-98
-0.0169199
-33
-0.00569751
-54
-0.0093232
72
0.0124309
-36
-0.00621547
51
0.00880525
150
0.0258978
-103
-0.0177831
12
0.00207182
-35
-0.00604282
43
0.00742403
97
0.0167472
-19
-0.00328039
30
0.00517956
-50
-0.0086326
-42
-0.00725138
-69
-0.011913
-87
-0.0150207
-1
-0.000172652
140
0.0241713
-79
-0.0136395
45
0.00776934
69
0.011913
120
0.0207182
85
0.0146754
22
0.00379834
61
0.0105318
-183
-0.0315953
-53
-0.00915055
-245
-0.0422997
-27
-0.0046616
-5
-0.00086326
89
0.015366
-7
-0.00120856
-28
-0.00483425
-181
-0.03125
0
0
-210
-0.0362569
63
0.0108771
5
0.00086326
55
0.00949586
-178
-0.030732
-40
-0.00690608
-40
-0.00690608
-27
-0.0046616
-95
-0.0164019
-36
-0.00621547
0
0
-20
-0.00345304
-179
-0.0309047
-48
-0.00828729
-13
-0.00224448
-14
-0.00241713
19
0.00328039
-13
-0.00224448
23
0.00397099
-26
-0.00448895
-128
-0.0220994
-118
-0.0203729
37
0.00638812
-15
-0.00258978
-92
-0.015884
-1
-0.000172652
-103
-0.0177831
-60
-0.0103591
153
0.0264157
-49
-0.00845994
-2
-0.000345304
-20
-0.00345304
-52
-0.0089779
26
0.00448895
65
0.0112224
-7
-0.00120856
-236
-0.0407459
-138
-0.023826
13
0.00224448
14
0.00241713
-2
-0.000345304
-57
-0.00984116
-181
-0.03125
67
0.0115677
-211
-0.0364296
-48
-0.00828729
-46
-0.00794199
-2
-0.000345304
-134
-0.0231354
-28
-0.00483425
13
0.00224448
48
0.00828729
173
0.0298688
67
0.0115677
-114
-0.0196823
-46
-0.00794199
-9
-0.00155387
-10
-0.00172652
136
0.0234807
-141
-0.0243439
13
0.00224448
-36
-0.00621547
-29
-0.00500691
-17
-0.00293508
-21
-0.00362569
-72
-0.0124309
-55
-0.00949586
30
0.00517956
44
0.00759669
-13
-0.00224448
-153
-0.0264157
43
0.00742403
-41
-0.00707873
-5
-0.00086326
14
0.00241713
8
0.00138122
31
0.00535221
26
0.00448895
-107
-0.0184738
-39
-0.00673343
-31
-0.00535221
-43
-0.00742403
-20
-0.00345304
108
0.0186464
49
0.00845994
-83
-0.0143301
30
0.00517956
151
0.0260704
-80
-0.0138122
9
0.00155387
84
0.0145028
-149
-0.0257251
-108
-0.0186464
-114
-0.0196823
-115
-0.019855
-78
-0.0134669
-68
-0.0117403
-4
-0.000690608
44
0.00759669
-147
-0.0253798
76
0.0131215
53
0.00915055
-159
-0.0274517
52
0.0089779
108
0.0186464
52
0.0089779
-39
-0.00673343
31
0.00535221
-90
-0.0155387
88
0.0151934
64
0.0110497
117
0.0202003
-27
-0.0046616
-44
-0.00759669
-93
-0.0160566
-91
-0.0157113
-5
-0.00086326
-121
-0.0208909
-58
-0.0100138
72
0.0124309
22
0.00379834
21
0.00362569
-6
-0.00103591
56
0.00966851
33
0.00569751
-44
-0.00759669
-80
-0.0138122
-5
-0.00086326
44
0.00759669
-71
-0.0122583
-4
-0.000690608
34
0.00587017
48
0.00828729
-100
-0.0172652
-36
-0.00621547
103
0.0177831
58
0.0100138
-3
-0.000517956
-77
-0.0132942
-28
-0.00483425
-6
-0.00103591
-18
-0.00310773
-36
-0.00621547
-70
-0.0120856
124
0.0214088
-10
-0.00172652
48
0.00828729
-42
-0.00725138
-37
-0.00638812
-35
-0.00604282
4
0.000690608
117
0.0202003
11
0.00189917
14
0.00241713
50
0.0086326
29
0.00500691
86
0.0148481
-100
-0.0172652
139
0.0239986
128
0.0220994
44
0.00759669
46
0.00794199
-92
-0.015884
-32
-0.00552486
-123
-0.0212362
149
0.0257251
-77
-0.0132942
-20
-0.00345304
-178
-0.030732
-55
-0.00949586
-93
-0.0160566
-75
-0.0129489
-94
-0.0162293
36
0.00621547
42
0.00725138
114
0.0196823
-30
-0.00517956
1
0.000172652
5
0.00086326
71
0.0122583
11
0.00189917
62
0.0107044
22
0.00379834
32
0.00552486
110
0.0189917
15
0.00258978
126
0.0217541
51
0.00880525
-27
-0.0046616
71
0.0122583
-248
-0.0428177
-145
-0.0250345
-158
-0.027279
-34
-0.00587017
91
0.0157113
114
0.0196823
-2
-0.000345304
145
0.0250345
73
0.0126036
129
0.0222721
-1
-0.000172652
71
0.0122583
-51
-0.00880525
-17
-0.00293508
151
0.0260704
-71
-0.0122583
21
0.00362569
-51
-0.00880525
65
0.0112224
-25
-0.0043163
99
0.0170925
-65
-0.0112224
76
0.0131215
-130
-0.0224448
-15
-0.00258978
-127
-0.0219268
-6
-0.00103591
-45
-0.00776934
-44
-0.00759669
27
0.0046616
-175
-0.0302141
2
0.000345304
48
0.00828729
120
0.0207182
-196
-0.0338398
35
0.00604282
4
0.000690608
19
0.00328039
3
0.000517956
-57
-0.00984116
-73
-0.0126036
27
0.0046616
118
0.0203729
57
0.00984116
51
0.00880525
91
0.0157113
3
0.000517956
-64
-0.0110497
152
0.0262431
100
0.0172652
25
0.0043163
106
0.0183011
-78
-0.0134669
-60
-0.0103591
267
0.0460981
25
0.0043163
-38
-0.00656077
-59
-0.0101865
2
0.000345304
41
0.00707873
15
0.00258978
-57
-0.00984116
30
0.00517956
118
0.0203729
49
0.00845994
-115
-0.019855
19
0.00328039
-29
-0.00500691
73
0.0126036
-26
-0.00448895
94
0.0162293
123
0.0212362
84
0.0145028
-32
-0.00552486
60
0.0103591
113
0.0195097
137
0.0236533
-110
-0.0189917
-101
-0.0174378
-49
-0.00845994
111
0.0191644
58
0.0100138
-40
-0.00690608
39
0.00673343
70
0.0120856
-68
-0.0117403
-7
-0.00120856
-62
-0.0107044
30
0.00517956
-28
-0.00483425
-25
-0.0043163
-86
-0.0148481
240
0.0414365
-29
-0.00500691
18
0.00310773
26
0.00448895
-84
-0.0145028
-14
-0.00241713
-23
-0.00397099
76
0.0131215
155
0.026761
-23
-0.00397099
-24
-0.00414365
-55
-0.00949586
-213
-0.0367749
28
0.00483425
24
0.00414365
83
0.0143301
38
0.00656077
71
0.0122583
79
0.0136395
26
0.00448895
146
0.0252072
28
0.00483425
127
0.0219268
-71
-0.0122583
51
0.00880525
-6
-0.00103591
40
0.00690608
-28
-0.00483425
8
0.00138122
64
0.0110497
57
0.00984116
80
0.0138122
74
0.0127762
-19
-0.00328039
-22
-0.00379834
-31
-0.00535221
124
0.0214088
-113
-0.0195097
137
0.0236533
-47
-0.00811464
-163
-0.0281423
125
0.0215815
-116
-0.0200276
26
0.00448895
-4
-0.000690608
23
0.00397099
37
0.00638812
-91
-0.0157113
90
0.0155387
-103
-0.0177831
89
0.015366
108
0.0186464
6
0.00103591
52
0.0089779
41
0.00707873
28
0.00483425
-6
-0.00103591
100
0.0172652
71
0.0122583
81
0.0139848
-99
-0.0170925
-31
-0.00535221
41
0.00707873
-7
-0.00120856
84
0.0145028
60
0.0103591
28
0.00483425
37
0.00638812
-50
-0.0086326
-77
-0.0132942
-33
-0.00569751
-46
-0.00794199
-51
-0.00880525
16
0.00276243
48
0.00828729
45
0.00776934
19
0.00328039
60
0.0103591
127
0.0219268
-7
-0.00120856
-32
-0.00552486
38
0.00656077
31
0.00535221
-124
-0.0214088
-67
-0.0115677
52
0.0089779
55
0.00949586
-16
-0.00276243
236
0.0407459
192
0.0331492
119
0.0205456
22
0.00379834
118
0.0203729
-41
-0.00707873
-168
-0.0290055
73
0.0126036
136
0.0234807
-88
-0.0151934
113
0.0195097
124
0.0214088
54
0.0093232
-41
-0.00707873
148
0.0255525
60
0.0103591
-86
-0.0148481
-35
-0.00604282
44
0.00759669
-63
-0.0108771
72
0.0124309
4
0.000690608
-125
-0.0215815
-41
-0.00707873
79
0.0136395
5
0.00086326
2
0.000345304
67
0.0115677
1
0.000172652
41
0.00707873
20
0.00345304
76
0.0131215
-51
-0.00880525
33
0.00569751
36
0.00621547
-79
-0.0136395
115
0.019855
-88
-0.0151934
11
0.00189917
28
0.00483425
40
0.00690608
-54
-0.0093232
-37
-0.00638812
20
0.00345304
-82
-0.0141575
88
0.0151934
10
0.00172652
-17
-0.00293508
-118
-0.0203729
-98
-0.0169199
-82
-0.0141575
-8
-0.00138122
-62
-0.0107044
112
0.019337
37
0.00638812
-69
-0.011913
202
0.0348757
-29
-0.00500691
56
0.00966851
-52
-0.0089779
196
0.0338398
-14
-0.00241713
97
0.0167472
-80
-0.0138122
47
0.00811464
22
0.00379834
161
0.027797
-3
-0.000517956
-113
-0.0195097
-17
-0.00293508
-179
-0.0309047
-53
-0.00915055
12
0.00207182
-114
-0.0196823
-81
-0.0139848
-44
-0.00759669
152
0.0262431
-34
-0.00587017
111
0.0191644
112
0.019337
87
0.0150207
84
0.0145028
4
0.000690608
-129
-0.0222721
168
0.0290055
81
0.0139848
-58
-0.0100138
-68
-0.0117403
91
0.0157113
100
0.0172652
112
0.019337
-50
-0.0086326
-70
-0.0120856
-63
-0.0108771
69
0.011913
-97
-0.0167472
67
0.0115677
-33
-0.00569751
106
0.0183011
-3
-0.000517956
-6
-0.00103591
-52
-0.0089779
107
0.0184738
-56
-0.00966851
37
0.00638812
-1
-0.000172652
126
0.0217541
-62
-0.0107044
-35
-0.00604282
31
0.00535221
-108
-0.0186464
-51
-0.00880525
4
0.000690608
9
0.00155387
-181
-0.03125
-68
-0.0117403
-62
-0.0107044
-38
-0.00656077
-89
-0.015366
78
0.0134669
4
0.000690608
16
0.00276243
44
0.00759669
-47
-0.00811464
-99
-0.0170925
-57
-0.00984116
-38
-0.00656077
-63
-0.0108771
78
0.0134669
37
0.00638812
-123
-0.0212362
-32
-0.00552486
-11
-0.00189917
-17
-0.00293508
-96
-0.0165746
-124
-0.0214088
0
0
-31
-0.00535221
-14
-0.00241713
-10
-0.00172652
0
0
44
0.00759669
-156
-0.0269337
118
0.0203729
-220
-0.0379834
101
0.0174378
114
0.0196823
-81
-0.0139848
11
0.00189917
58
0.0100138
100
0.0172652
50
0.0086326
27
0.0046616
22
0.00379834
40
0.00690608
19
0.00328039
-34
-0.00587017
98
0.0169199
-55
-0.00949586
-147
-0.0253798
5
0.00086326
-63
-0.0108771
-59
-0.0101865
-110
-0.0189917
-122
-0.0210635
44
0.00759669
58
0.0100138
43
0.00742403
-54
-0.0093232
56
0.00966851
0
0
117
0.0202003
-5
-0.00086326
-47
-0.00811464
-127
-0.0219268
-134
-0.0231354
80
0.0138122
-29
-0.00500691
112
0.019337
130
0.0224448
-41
-0.00707873
-91
-0.0157113
91
0.0157113
-90
-0.0155387
-21
-0.00362569
-77
-0.0132942
-72
-0.0124309
23
0.00397099
-159
-0.0274517
130
0.0224448
104
0.0179558
-23
-0.00397099
33
0.00569751
-73
-0.0126036
-28
-0.00483425
-104
-0.0179558
-12
-0.00207182
23
0.00397099
46
0.00794199
77
0.0132942
-53
-0.00915055
-24
-0.00414365
-19
-0.00328039
-48
-0.00828729
-71
-0.0122583
-16
-0.00276243
-49
-0.00845994
-10
-0.00172652
-53
-0.00915055
-117
-0.0202003
-11
-0.00189917
-37
-0.00638812
171
0.0295235
32
0.00552486
-6
-0.00103591
-75
-0.0129489
33
0.00569751
3
0.000517956
38
0.00656077
-9
-0.00155387
39
0.00673343
113
0.0195097
82
0.0141575
-30
-0.00517956
-51
-0.00880525
26
0.00448895
222
0.0383287
-134
-0.0231354
57
0.00984116
43
0.00742403
135
0.023308
65
0.0112224
-150
-0.0258978
-45
-0.00776934
-23
-0.00397099
70
0.0120856
-73
-0.0126036
-177
-0.0305594
-32
-0.00552486
-22
-0.00379834
-29
-0.00500691
-105
-0.0181285
63
0.0108771
64
0.0110497
4
0.000690608
27
0.0046616
-76
-0.0131215
46
0.00794199
2
0.000345304
9
0.00155387
37
0.00638812
-79
-0.0136395
199
0.0343577
53
0.00915055
-42
-0.00725138
-101
-0.0174378
-25
-0.0043163
75
0.0129489
131
0.0226174
88
0.0151934
-55
-0.00949586
61
0.0105318
249
0.0429903
-81
-0.0139848
105
0.0181285
4
0.000690608
21
0.00362569
-33
-0.00569751
48
0.00828729
138
0.023826
-48
-0.00828729
8
0.00138122
50
0.0086326
22
0.00379834
-22
-0.00379834
-44
-0.00759669
24
0.00414365
-66
-0.011395
35
0.00604282
-124
-0.0214088
-24
-0.00414365
-56
-0.00966851
27
0.0046616
27
0.0046616
-71
-0.0122583
33
0.00569751
53
0.00915055
-75
-0.0129489
-116
-0.0200276
43
0.00742403
76
0.0131215
191
0.0329765
188
0.0324586
12
0.00207182
0
0
-120
-0.0207182
-2
-0.000345304
2
0.000345304
-82
-0.0141575
-33
-0.00569751
-280
-0.0483425
31
0.00535221
-154
-0.0265884
-64
-0.0110497
-92
-0.015884
-108
-0.0186464
-229
-0.0395373
-28
-0.00483425
67
0.0115677
-25
-0.0043163
46
0.00794199
77
0.0132942
-145
-0.0250345
-36
-0.00621547
41
0.00707873
-36
-0.00621547
-36
-0.00621547
10
0.00172652
122
0.0210635
-17
-0.00293508
-125
-0.0215815
-1
-0.000172652
13
0.00224448
50
0.0086326
-19
-0.00328039
75
0.0129489
-3
-0.000517956
1
0.000172652
165
0.0284876
49
0.00845994
6
0.00103591
176
0.0303867
-72
-0.0124309
76
0.0131215
-25
-0.0043163
-68
-0.0117403
-57
-0.00984116
55
0.00949586
25
0.0043163
10
0.00172652
13
0.00224448
70
0.0120856
-136
-0.0234807
45
0.00776934
-31
-0.00535221
104
0.0179558
-4
-0.000690608
-59
-0.0101865
20
0.00345304
10
0.00172652
26
0.00448895
94
0.0162293
65
0.0112224
94
0.0162293
99
0.0170925
49
0.00845994
-112
-0.019337
182
0.0314227
56
0.00966851
-40
-0.00690608
-14
-0.00241713
-5
-0.00086326
-80
-0.0138122
-85
-0.0146754
59
0.0101865
-118
-0.0203729
-111
-0.0191644
66
0.011395
-61
-0.0105318
49
0.00845994
-29
-0.00500691
-151
-0.0260704
-162
-0.0279696
-22
-0.00379834
109
0.0188191
8
0.00138122
-130
-0.0224448
81
0.0139848
-33
-0.00569751
-193
-0.0333218
66
0.011395
-22
-0.00379834
-36
-0.00621547
-9
-0.00155387
4
0.000690608
4
0.000690608
188
0.0324586
108
0.0186464
138
0.023826
-57
-0.00984116
17
0.00293508
-25
-0.0043163
-132
-0.0227901
-109
-0.0188191
110
0.0189917
-79
-0.0136395
71
0.0122583
-41
-0.00707873
-37
-0.00638812
47
0.00811464
15
0.00258978
-12
-0.00207182
90
0.0155387
-86
-0.0148481
287
0.0495511
0
0
-9
-0.00155387
-132
-0.0227901
80
0.0138122
-18
-0.00310773
72
0.0124309
10
0.00172652
119
0.0205456
-14
-0.00241713
-48
-0.00828729
43
0.00742403
-219
-0.0378108
-64
-0.0110497
-157
-0.0271064
-45
-0.00776934
-15
-0.00258978
-39
-0.00673343
335
0.0578384
44
0.00759669
31
0.00535221
138
0.023826
15
0.00258978
-10
-0.00172652
46
0.00794199
68
0.0117403
156
0.0269337
-30
-0.00517956
130
0.0224448
5
0.00086326
-12
-0.00207182
-128
-0.0220994
28
0.00483425
65
0.0112224
-42
-0.00725138
-74
-0.0127762
64
0.0110497
-4
-0.000690608
84
0.0145028
27
0.0046616
-173
-0.0298688
-81
-0.0139848
-27
-0.0046616
-72
-0.0124309
-128
-0.0220994
74
0.0127762
-44
-0.00759669
-11
-0.00189917
90
0.0155387
-7
-0.00120856
54
0.0093232
8
0.00138122
64
0.0110497
-50
-0.0086326
84
0.0145028
-9
-0.00155387
225
0.0388467
-23
-0.00397099
-18
-0.00310773
33
0.00569751
-41
-0.00707873
166
0.0286602
7
0.00120856
-30
-0.00517956
-95
-0.0164019
-89
-0.015366
8
0.00138122
-29
-0.00500691
-41
-0.00707873
34
0.00587017
75
0.0129489
-71
-0.0122583
-48
-0.00828729
62
0.0107044
-288
-0.0497238
-193
-0.0333218
-28
-0.00483425
-33
-0.00569751
41
0.00707873
-44
-0.00759669
61
0.0105318
-63
-0.0108771
-86
-0.0148481
-44
-0.00759669
20
0.00345304
-37
-0.00638812
-33
-0.00569751
-22
-0.00379834
87
0.0150207
-37
-0.00638812
32
0.00552486
-130
-0.0224448
-166
-0.0286602
78
0.0134669
36
0.00621547
50
0.0086326
59
0.0101865
-23
-0.00397099
19
0.00328039
16
0.00276243
78
0.0134669
2
0.000345304
67
0.0115677
58
0.0100138
193
0.0333218
-79
-0.0136395
-9
-0.00155387
-46
-0.00794199
-59
-0.0101865
10
0.00172652
72
0.0124309
-133
-0.0229627
-74
-0.0127762
-84
-0.0145028
72
0.0124309
90
0.0155387
236
0.0407459
1
0.000172652
49
0.00845994
12
0.00207182
82
0.0141575
55
0.00949586
-50
-0.0086326
41
0.00707873
-95
-0.0164019
-73
-0.0126036
-64
-0.0110497
99
0.0170925
-15
-0.00258978
37
0.00638812
-83
-0.0143301
98
0.0169199
-86
-0.0148481
39
0.00673343
134
0.0231354
148
0.0255525
-53
-0.00915055
73
0.0126036
14
0.00241713
-26
-0.00448895
-14
-0.00241713
26
0.00448895
-185
-0.0319406
-129
-0.0222721
50
0.0086326
-78
-0.0134669
84
0.0145028
8
0.00138122
-121
-0.0208909
85
0.0146754
33
0.00569751
24
0.00414365
-117
-0.0202003
61
0.0105318
-78
-0.0134669
72
0.0124309
-31
-0.00535221
-35
-0.00604282
263
0.0454075
27
0.0046616
-211
-0.0364296
118
0.0203729
79
0.0136395
69
0.011913
-62
-0.0107044
21
0.00362569
30
0.00517956
-24
-0.00414365
32
0.00552486
38
0.00656077
103
0.0177831
-85
-0.0146754
-91
-0.0157113
56
0.00966851
6
0.00103591
-88
-0.0151934
139
0.0239986
-23
-0.00397099
30
0.00517956
-10
-0.00172652
70
0.0120856
41
0.00707873
3
0.000517956
-33
-0.00569751
-35
-0.00604282
-125
-0.0215815
143
0.0246892
20
0.00345304
126
0.0217541
-33
-0.00569751
183
0.0315953
-167
-0.0288329
33
0.00569751
-8
-0.00138122
-165
-0.0284876
-94
-0.0162293
123
0.0212362
61
0.0105318
-134
-0.0231354
-8
-0.00138122
177
0.0305594
61
0.0105318
-26
-0.00448895
136
0.0234807
53
0.00915055
-3
-0.000517956
-176
-0.0303867
-46
-0.00794199
-103
-0.0177831
104
0.0179558
-12
-0.00207182
197
0.0340124
-132
-0.0227901
11
0.00189917
-44
-0.00759669
39
0.00673343
158
0.027279
27
0.0046616
-93
-0.0160566
25
0.0043163
22
0.00379834
78
0.0134669
-17
-0.00293508
-97
-0.0167472
71
0.0122583
-65
-0.0112224
-6
-0.00103591
-57
-0.00984116
-197
-0.0340124
-61
-0.0105318
176
0.0303867
-106
-0.0183011
1
0.000172652
-10
-0.00172652
153
0.0264157
71
0.0122583
-110
-0.0189917
-11
-0.00189917
-147
-0.0253798
-74
-0.0127762
5
0.00086326
-79
-0.0136395
-83
-0.0143301
-56
-0.00966851
207
0.035739
61
0.0105318
107
0.0184738
53
0.00915055
-40
-0.00690608
113
0.0195097
-1
-0.000172652
-42
-0.00725138
-90
-0.0155387
41
0.00707873
-23
-0.00397099
24
0.00414365
16
0.00276243
-3
-0.000517956
87
0.0150207
4
0.000690608
-72
-0.0124309
-34
-0.00587017
92
0.015884
188
0.0324586
100
0.0172652
-22
-0.00379834
9
0.00155387
-147
-0.0253798
111
0.0191644
-64
-0.0110497
153
0.0264157
-95
-0.0164019
-140
-0.0241713
-41
-0.00707873
27
0.0046616
45
0.00776934
-1
-0.000172652
-66
-0.011395
-2
-0.000345304
48
0.00828729
-45
-0.00776934
-37
-0.00638812
4
0.000690608
-70
-0.0120856
23
0.00397099
22
0.00379834
164
0.0283149
-21
-0.00362569
113
0.0195097
-54
-0.0093232
135
0.023308
18
0.00310773
100
0.0172652
-12
-0.00207182
-56
-0.00966851
116
0.0200276
-57
-0.00984116
109
0.0188191
52
0.0089779
37
0.00638812
71
0.0122583
57
0.00984116
-110
-0.0189917
47
0.00811464
257
0.0443715
-96
-0.0165746
-30
-0.00517956
70
0.0120856
-122
-0.0210635
93
0.0160566
-110
-0.0189917
-44
-0.00759669
52
0.0089779
-43
-0.00742403
-94
-0.0162293
-20
-0.00345304
-104
-0.0179558
6
0.00103591
112
0.019337
151
0.0260704
110
0.0189917
-44
-0.00759669
4
0.000690608
33
0.00569751
-184
-0.031768
127
0.0219268
110
0.0189917
-56
-0.00966851
-126
-0.0217541
-10
-0.00172652
-102
-0.0176105
-68
-0.0117403
109
0.0188191
43
0.00742403
-14
-0.00241713
24
0.00414365
-82
-0.0141575
38
0.00656077
-108
-0.0186464
4
0.000690608
-82
-0.0141575
-135
-0.023308
-75
-0.0129489
75
0.0129489
28
0.00483425
-44
-0.00759669
-75
-0.0129489
-13
-0.00224448
-3
-0.000517956
123
0.0212362
-25
-0.0043163
-83
-0.0143301
32
0.00552486
-143
-0.0246892
30
0.00517956
-64
-0.0110497
114
0.0196823
-13
-0.00224448
-35
-0.00604282
38
0.00656077
58
0.0100138
-4
-0.000690608
-119
-0.0205456
-20
-0.00345304
-92
-0.015884
-98
-0.0169199
-94
-0.0162293
-28
-0.00483425
62
0.0107044
59
0.0101865
80
0.0138122
-7
-0.00120856
-97
-0.0167472
38
0.00656077
48
0.00828729
-73
-0.0126036
-74
-0.0127762
-62
-0.0107044
-60
-0.0103591
-15
-0.00258978
-5
-0.00086326
86
0.0148481
-18
-0.00310773
-28
-0.00483425
-151
-0.0260704
15
0.00258978
-56
-0.00966851
-57
-0.00984116
-63
-0.0108771
-44
-0.00759669
21
0.00362569
-119
-0.0205456
-12
-0.00207182
-132
-0.0227901
96
0.0165746
-20
-0.00345304
233
0.0402279
-81
-0.0139848
-9
-0.00155387
-41
-0.00707873
155
0.026761
-30
-0.00517956
-90
-0.0155387
-11
-0.00189917
60
0.0103591
45
0.00776934
1
0.000172652
-49
-0.00845994
-34
-0.00587017
87
0.0150207
124
0.0214088
-78
-0.0134669
142
0.0245166
42
0.00725138
-104
-0.0179558
-49
-0.00845994
-6
-0.00103591
103
0.0177831
103
0.0177831
-99
-0.0170925
179
0.0309047
-20
-0.00345304
-134
-0.0231354
-90
-0.0155387
-31
-0.00535221
-57
-0.00984116
72
0.0124309
100
0.0172652
-131
-0.0226174
-55
-0.00949586
1
0.000172652
132
0.0227901
14
0.00241713
-97
-0.0167472
75
0.0129489
63
0.0108771
48
0.00828729
11
0.00189917
-129
-0.0222721
32
0.00552486
-175
-0.0302141
-17
-0.00293508
-26
-0.00448895
-26
-0.00448895
92
0.015884
-76
-0.0131215
-89
-0.015366
-106
-0.0183011
91
0.0157113
45
0.00776934
-19
-0.00328039
30
0.00517956
77
0.0132942
42
0.00725138
-7
-0.00120856
-16
-0.00276243
-57
-0.00984116
19
0.00328039
-25
-0.0043163
79
0.0136395
182
0.0314227
-80
-0.0138122
143
0.0246892
-145
-0.0250345
89
0.015366
-64
-0.0110497
122
0.0210635
55
0.00949586
41
0.00707873
60
0.0103591
-198
-0.0341851
93
0.0160566
111
0.0191644
22
0.00379834
-160
-0.0276243
-25
-0.0043163
-15
-0.00258978
30
0.00517956
78
0.0134669
28
0.00483425
61
0.0105318
-40
-0.00690608
-24
-0.00414365
-46
-0.00794199
-9
-0.00155387
-122
-0.0210635
-158
-0.027279
-13
-0.00224448
-142
-0.0245166
42
0.00725138
92
0.015884
-61
-0.0105318
150
0.0258978
59
0.0101865
134
0.0231354
123
0.0212362
-60
-0.0103591
-24
-0.00414365
-24
-0.00414365
32
0.00552486
-25
-0.0043163
-149
-0.0257251
-143
-0.0246892
106
0.0183011
-82
-0.0141575
-27
-0.0046616
-101
-0.0174378
-81
-0.0139848
-9
-0.00155387
33
0.00569751
-27
-0.0046616
51
0.00880525
-80
-0.0138122
-103
-0.0177831
-22
-0.00379834
11
0.00189917
16
0.00276243
45
0.00776934
-60
-0.0103591
66
0.011395
-78
-0.0134669
4
0.000690608
116
0.0200276
112
0.019337
-98
-0.0169199
79
0.0136395
-71
-0.0122583
43
0.00742403
-86
-0.0148481
96
0.0165746
-5
-0.00086326
60
0.0103591
-72
-0.0124309
53
0.00915055
-35
-0.00604282
159
0.0274517
21
0.00362569
80
0.0138122
-74
-0.0127762
49
0.00845994
19
0.00328039
53
0.00915055
66
0.011395
-3
-0.000517956
-12
-0.00207182
-38
-0.00656077
100
0.0172652
-9
-0.00155387
180
0.0310773
2
0.000345304
4
0.000690608
-79
-0.0136395
-62
-0.0107044
50
0.0086326
-21
-0.00362569
94
0.0162293
-44
-0.00759669
-41
-0.00707873
69
0.011913
-9
-0.00155387
148
0.0255525
35
0.00604282
-206
-0.0355663
68
0.0117403
-3
-0.000517956
-19
-0.00328039
-29
-0.00500691
84
0.0145028
71
0.0122583
-116
-0.0200276
-12
-0.00207182
-16
-0.00276243
-49
-0.00845994
115
0.019855
-130
-0.0224448
77
0.0132942
5
0.00086326
-20
-0.00345304
-2
-0.000345304
-69
-0.011913
42
0.00725138
-60
-0.0103591
-34
-0.00587017
-49
-0.00845994
25
0.0043163
-78
-0.0134669
-129
-0.0222721
8
0.00138122
194
0.0334945
69
0.011913
-120
-0.0207182
-15
-0.00258978
23
0.00397099
22
0.00379834
66
0.011395
-26
-0.00448895
98
0.0169199
35
0.00604282
78
0.0134669
14
0.00241713
63
0.0108771
-155
-0.026761
174
0.0300414
-41
-0.00707873
-134
-0.0231354
10
0.00172652
53
0.00915055
-88
-0.0151934
125
0.0215815
-34
-0.00587017
-169
-0.0291782
2
0.000345304
155
0.026761
27
0.0046616
78
0.0134669
21
0.00362569
-25
-0.0043163
63
0.0108771
-123
-0.0212362
42
0.00725138
251
0.0433356
-94
-0.0162293
-128
-0.0220994
9
0.00155387
-70
-0.0120856
-60
-0.0103591
-179
-0.0309047
22
0.00379834
-13
-0.00224448
22
0.00379834
-179
-0.0309047
18
0.00310773
-1
-0.000172652
58
0.0100138
-171
-0.0295235
50
0.0086326
146
0.0252072
-5
-0.00086326
57
0.00984116
27
0.0046616
6
0.00103591
15
0.00258978
-97
-0.0167472
57
0.00984116
-230
-0.0397099
-106
-0.0183011
38
0.00656077
-48
-0.00828729
-11
-0.00189917
-127
-0.0219268
30
0.00517956
113
0.0195097
74
0.0127762
-102
-0.0176105
-72
-0.0124309
87
0.0150207
166
0.0286602
-42
-0.00725138
30
0.00517956
-40
-0.00690608
-32
-0.00552486
-47
-0.00811464
25
0.0043163
0
0
118
0.0203729
-94
-0.0162293
1
0.000172652
113
0.0195097
155
0.026761
35
0.00604282
17
0.00293508
27
0.0046616
103
0.0177831
49
0.00845994
3
0.000517956
-47
-0.00811464
-10
-0.00172652
-38
-0.00656077
-65
-0.0112224
-134
-0.0231354
46
0.00794199
89
0.015366
84
0.0145028
-50
-0.0086326
64
0.0110497
38
0.00656077
33
0.00569751
73
0.0126036
8
0.00138122
41
0.00707873
-47
-0.00811464
-16
-0.00276243
-38
-0.00656077
-39
-0.00673343
-51
-0.00880525
85
0.0146754
86
0.0148481
-90
-0.0155387
-56
-0.00966851
0
0
155
0.026761
76
0.0131215
54
0.0093232
96
0.0165746
-99
-0.0170925
58
0.0100138
85
0.0146754
-103
-0.0177831
-61
-0.0105318
63
0.0108771
-85
-0.0146754
-71
-0.0122583
1
0.000172652
66
0.011395
-62
-0.0107044
-62
-0.0107044
-140
-0.0241713
-35
-0.00604282
97
0.0167472
-43
-0.00742403
144
0.0248619
-11
-0.00189917
156
0.0269337
-69
-0.011913
-254
-0.0438536
-106
-0.0183011
58
0.0100138
50
0.0086326
-19
-0.00328039
7
0.00120856
-91
-0.0157113
4
0.000690608
-2
-0.000345304
-123
-0.0212362
70
0.0120856
75
0.0129489
-165
-0.0284876
15
0.00258978
156
0.0269337
77
0.0132942
-93
-0.0160566
-36
-0.00621547
75
0.0129489
68
0.0117403
-12
-0.00207182
22
0.00379834
-97
-0.0167472
-50
-0.0086326
-32
-0.00552486
-66
-0.011395
-74
-0.0127762
34
0.00587017
70
0.0120856
-90
-0.0155387
126
0.0217541
64
0.0110497
2
0.000345304
12
0.00207182
88
0.0151934
-41
-0.00707873
34
0.00587017
136
0.0234807
101
0.0174378
73
0.0126036
-73
-0.0126036
-14
-0.00241713
27
0.0046616
-26
-0.00448895
37
0.00638812
-20
-0.00345304
13
0.00224448
-118
-0.0203729
-71
-0.0122583
121
0.0208909
47
0.00811464
107
0.0184738
-49
-0.00845994
9
0.00155387
-105
-0.0181285
144
0.0248619
-150
-0.0258978
-42
-0.00725138
59
0.0101865
-117
-0.0202003
-128
-0.0220994
-62
-0.0107044
92
0.015884
8
0.00138122
5
0.00086326
-128
-0.0220994
-34
-0.00587017
252
0.0435083
70
0.0120856
-1
-0.000172652
64
0.0110497
-12
-0.00207182
-44
-0.00759669
-72
-0.0124309
-7
-0.00120856
-21
-0.00362569
-221
-0.0381561
-6
-0.00103591
-83
-0.0143301
18
0.00310773
186
0.0321133
-66
-0.011395
-78
-0.0134669
61
0.0105318
190
0.0328039
42
0.00725138
-12
-0.00207182
23
0.00397099
-136
-0.0234807
-49
-0.00845994
158
0.027279
16
0.00276243
-29
-0.00500691
-7
-0.00120856
214
0.0369475
40
0.00690608
65
0.0112224
7
0.00120856
-25
-0.0043163
13
0.00224448
-45
-0.00776934
33
0.00569751
100
0.0172652
-24
-0.00414365
43
0.00742403
3
0.000517956
-56
-0.00966851
-3
-0.000517956
73
0.0126036
30
0.00517956
-5
-0.00086326
-8
-0.00138122
-78
-0.0134669
19
0.00328039
-280
-0.0483425
-10
-0.00172652
-68
-0.0117403
6
0.00103591
-193
-0.0333218
-1
-0.000172652
-116
-0.0200276
43
0.00742403
59
0.0101865
-121
-0.0208909
-56
-0.00966851
-57
-0.00984116
12
0.00207182
33
0.00569751
81
0.0139848
-25
-0.0043163
-44
-0.00759669
-60
-0.0103591
-22
-0.00379834
-56
-0.00966851
32
0.00552486
33
0.00569751
65
0.0112224
-75
-0.0129489
-23
-0.00397099
76
0.0131215
192
0.0331492
-30
-0.00517956
158
0.027279
-187
-0.0322859
10
0.00172652
131
0.0226174
-26
-0.00448895
-35
-0.00604282
52
0.0089779
-7
-0.00120856
129
0.0222721
-1
-0.000172652
-117
-0.0202003
-97
-0.0167472
-101
-0.0174378
-59
-0.0101865
84
0.0145028
77
0.0132942
90
0.0155387
72
0.0124309
-47
-0.00811464
70
0.0120856
14
0.00241713
-54
-0.0093232
107
0.0184738
-58
-0.0100138
-12
-0.00207182
-43
-0.00742403
-7
-0.00120856
-61
-0.0105318
-102
-0.0176105
-6
-0.00103591
-32
-0.00552486
85
0.0146754
23
0.00397099
-55
-0.00949586
-30
-0.00517956
71
0.0122583
-2
-0.000345304
34
0.00587017
96
0.0165746
-107
-0.0184738
-63
-0.0108771
-30
-0.00517956
144
0.0248619
29
0.00500691
-202
-0.0348757
-19
-0.00328039
143
0.0246892
-5
-0.00086326
46
0.00794199
58
0.0100138
-1
-0.000172652
4
0.000690608
2
0.000345304
80
0.0138122
183
0.0315953
33
0.00569751
-154
-0.0265884
39
0.00673343
-128
-0.0220994
2
0.000345304
-82
-0.0141575
3
0.000517956
48
0.00828729
-3
-0.000517956
-17
-0.00293508
-63
-0.0108771
26
0.00448895
-60
-0.0103591
129
0.0222721
-17
-0.00293508
178
0.030732
24
0.00414365
18
0.00310773
-67
-0.0115677
242
0.0417818
2
0.000345304
167
0.0288329
-23
-0.00397099
-91
-0.0157113
2
0.000345304
54
0.0093232
-106
-0.0183011
57
0.00984116
18
0.00310773
-26
-0.00448895
-71
-0.0122583
67
0.0115677
-38
-0.00656077
-44
-0.00759669
105
0.0181285
-61
-0.0105318
-15
-0.00258978
-7
-0.00120856
86
0.0148481
70
0.0120856
-128
-0.0220994
69
0.011913
16
0.00276243
97
0.0167472
75
0.0129489
-20
-0.00345304
39
0.00673343
116
0.0200276
57
0.00984116
-146
-0.0252072
-7
-0.00120856
130
0.0224448
-166
-0.0286602
58
0.0100138
33
0.00569751
86
0.0148481
73
0.0126036
-55
-0.00949586
68
0.0117403
83
0.0143301
-25
-0.0043163
-121
-0.0208909
-131
-0.0226174
-84
-0.0145028
54
0.0093232
91
0.0157113
29
0.00500691
94
0.0162293
-40
-0.00690608
73
0.0126036
53
0.00915055
200
0.0345304
-18
-0.00310773
-103
-0.0177831
-10
-0.00172652
-91
-0.0157113
-104
-0.0179558
8
0.00138122
106
0.0183011
18
0.00310773
-12
-0.00207182
44
0.00759669
-64
-0.0110497
-34
-0.00587017
-85
-0.0146754
50
0.0086326
-16
-0.00276243
-143
-0.0246892
41
0.00707873
53
0.00915055
0
0
266
0.0459254
59
0.0101865
5
0.00086326
-138
-0.023826
67
0.0115677
25
0.0043163
96
0.0165746
-163
-0.0281423
50
0.0086326
26
0.00448895
176
0.0303867
42
0.00725138
-88
-0.0151934
42
0.00725138
60
0.0103591
104
0.0179558
-2
-0.000345304
-172
-0.0296961
-130
-0.0224448
-66
-0.011395
-96
-0.0165746
10
0.00172652
-209
-0.0360843
-130
-0.0224448
-15
-0.00258978
66
0.011395
-77
-0.0132942
24
0.00414365
-49
-0.00845994
-88
-0.0151934
-258
-0.0445442
72
0.0124309
-9
-0.00155387
61
0.0105318
-125
-0.0215815
-67
-0.0115677
-173
-0.0298688
-65
-0.0112224
61
0.0105318
4
0.000690608
-138
-0.023826
-35
-0.00604282
62
0.0107044
-69
-0.011913
-61
-0.0105318
6
0.00103591
-147
-0.0253798
45
0.00776934
184
0.031768
94
0.0162293
-98
-0.0169199
32
0.00552486
-79
-0.0136395
23
0.00397099
108
0.0186464
-26
-0.00448895
-95
-0.0164019
-144
-0.0248619
123
0.0212362
14
0.00241713
136
0.0234807
60
0.0103591
112
0.019337
67
0.0115677
104
0.0179558
39
0.00673343
-119
-0.0205456
21
0.00362569
-219
-0.0378108
-116
-0.0200276
-76
-0.0131215
30
0.00517956
-5
-0.00086326
92
0.015884
95
0.0164019
-36
-0.00621547
89
0.015366
-5
-0.00086326
99
0.0170925
47
0.00811464
-107
-0.0184738
82
0.0141575
-25
-0.0043163
111
0.0191644
-15
-0.00258978
-104
-0.0179558
64
0.0110497
85
0.0146754
-40
-0.00690608
25
0.0043163
38
0.00656077
87
0.0150207
-79
-0.0136395
5
0.00086326
-124
-0.0214088
-6
-0.00103591
94
0.0162293
-45
-0.00776934
-79
-0.0136395
-79
-0.0136395
-166
-0.0286602
-7
-0.00120856
74
0.0127762
19
0.00328039
-84
-0.0145028
-33
-0.00569751
23
0.00397099
-30
-0.00517956
35
0.00604282
97
0.0167472
4
0.000690608
1
0.000172652
74
0.0127762
51
0.00880525
64
0.0110497
28
0.00483425
84
0.0145028
-65
-0.0112224
-101
-0.0174378
-3
-0.000517956
26
0.00448895
-26
-0.00448895
130
0.0224448
-19
-0.00328039
86
0.0148481
-128
-0.0220994
6
0.00103591
-25
-0.0043163
-38
-0.00656077
-32
-0.00552486
81
0.0139848
-26
-0.00448895
74
0.0127762
15
0.00258978
177
0.0305594
-53
-0.00915055
-38
-0.00656077
-64
-0.0110497
-104
-0.0179558
54
0.0093232
98
0.0169199
25
0.0043163
-95
-0.0164019
-6
-0.00103591
108
0.0186464
-44
-0.00759669
47
0.00811464
28
0.00483425
113
0.0195097
39
0.00673343
26
0.00448895
30
0.00517956
6
0.00103591
-56
-0.00966851
119
0.0205456
27
0.0046616
250
0.043163
83
0.0143301
2
0.000345304
0
0
21
0.00362569
66
0.011395
-98
-0.0169199
65
0.0112224
-76
-0.0131215
32
0.00552486
46
0.00794199
9
0.00155387
-7
-0.00120856
74
0.0127762
125
0.0215815
-19
-0.00328039
124
0.0214088
-114
-0.0196823
164
0.0283149
-153
-0.0264157
-172
-0.0296961
-64
-0.0110497
-12
-0.00207182
91
0.0157113
-59
-0.0101865
-34
-0.00587017
-55
-0.00949586
75
0.0129489
21
0.00362569
30
0.00517956
-146
-0.0252072
87
0.0150207
-151
-0.0260704
-25
-0.0043163
-103
-0.0177831
-42
-0.00725138
-23
-0.00397099
2
0.000345304
19
0.00328039
-16
-0.00276243
-39
-0.00673343
-20
-0.00345304
-37
-0.00638812
-35
-0.00604282
82
0.0141575
-96
-0.0165746
27
0.0046616
-27
-0.0046616
59
0.0101865
-53
-0.00915055
-51
-0.00880525
80
0.0138122
-31
-0.00535221
-171
-0.0295235
-97
-0.0167472
65
0.0112224
64
0.0110497
100
0.0172652
-22
-0.00379834
-149
-0.0257251
-174
-0.0300414
63
0.0108771
3
0.000517956
-24
-0.00414365
-84
-0.0145028
-113
-0.0195097
-61
-0.0105318
-62
-0.0107044
51
0.00880525
-33
-0.00569751
-46
-0.00794199
49
0.00845994
211
0.0364296
-48
-0.00828729
130
0.0224448
-215
-0.0371202
1
0.000172652
89
0.015366
-5
-0.00086326
43
0.00742403
-30
-0.00517956
-30
-0.00517956
211
0.0364296
-34
-0.00587017
-43
-0.00742403
111
0.0191644
-48
-0.00828729
-49
-0.00845994
-28
-0.00483425
-43
-0.00742403
27
0.0046616
-2
-0.000345304
-209
-0.0360843
18
0.00310773
-176
-0.0303867
11
0.00189917
-128
-0.0220994
-82
-0.0141575
-10
-0.00172652
-31
-0.00535221
-49
-0.00845994
-68
-0.0117403
-62
-0.0107044
-96
-0.0165746
46
0.00794199
85
0.0146754
106
0.0183011
5
0.00086326
85
0.0146754
-73
-0.0126036
-119
-0.0205456
10
0.00172652
-221
-0.0381561
36
0.00621547
23
0.00397099
59
0.0101865
-25
-0.0043163
-39
-0.00673343
-36
-0.00621547
-100
-0.0172652
-159
-0.0274517
-59
-0.0101865
96
0.0165746
69
0.011913
156
0.0269337
22
0.00379834
-37
-0.00638812
-77
-0.0132942
3
0.000517956
-37
-0.00638812
-26
-0.00448895
1
0.000172652
-41
-0.00707873
46
0.00794199
-147
-0.0253798
4
0.000690608
-142
-0.0245166
-3
-0.000517956
15
0.00258978
-25
-0.0043163
37
0.00638812
-63
-0.0108771
29
0.00500691
-146
-0.0252072
-80
-0.0138122
58
0.0100138
48
0.00828729
55
0.00949586
-69
-0.011913
102
0.0176105
122
0.0210635
2
0.000345304
49
0.00845994
98
0.0169199
-84
-0.0145028
6
0.00103591
194
0.0334945
89
0.015366
-41
-0.00707873
41
0.00707873
-36
-0.00621547
-7
-0.00120856
-20
-0.00345304
-81
-0.0139848
26
0.00448895
105
0.0181285
-19
-0.00328039
-40
-0.00690608
2
0.000345304
-127
-0.0219268
104
0.0179558
-33
-0.00569751
3
0.000517956
-146
-0.0252072
68
0.0117403
62
0.0107044
122
0.0210635
-43
-0.00742403
65
0.0112224
146
0.0252072
-43
-0.00742403
33
0.00569751
80
0.0138122
9
0.00155387
-92
-0.015884
110
0.0189917
-105
-0.0181285
24
0.00414365
-137
-0.0236533
-19
-0.00328039
-132
-0.0227901
-64
-0.0110497
108
0.0186464
23
0.00397099
134
0.0231354
-100
-0.0172652
-92
-0.015884
99
0.0170925
-31
-0.00535221
205
0.0353936
131
0.0226174
11
0.00189917
-59
-0.0101865
-1
-0.000172652
5
0.00086326
-36
-0.00621547
-27
-0.0046616
63
0.0108771
101
0.0174378
13
0.00224448
61
0.0105318
38
0.00656077
-25
-0.0043163
22
0.00379834
23
0.00397099
-48
-0.00828729
30
0.00517956
-82
-0.0141575
-80
-0.0138122
10
0.00172652
122
0.0210635
56
0.00966851
108
0.0186464
15
0.00258978
15
0.00258978
-18
-0.00310773
-98
-0.0169199
-35
-0.00604282
10
0.00172652
14
0.00241713
-92
-0.015884
-63
-0.0108771
47
0.00811464
-51
-0.00880525
21
0.00362569
80
0.0138122
-83
-0.0143301
-19
-0.00328039
10
0.00172652
1
0.000172652
-96
-0.0165746
63
0.0108771
-97
-0.0167472
112
0.019337
107
0.0184738
-147
-0.0253798
-42
-0.00725138
-32
-0.00552486
-144
-0.0248619
20
0.00345304
-185
-0.0319406
85
0.0146754
-128
-0.0220994
22
0.00379834
-178
-0.030732
-11
-0.00189917
23
0.00397099
16
0.00276243
-39
-0.00673343
14
0.00241713
103
0.0177831
-97
-0.0167472
80
0.0138122
35
0.00604282
125
0.0215815
17
0.00293508
-191
-0.0329765
62
0.0107044
-37
-0.00638812
45
0.00776934
39
0.00673343
-36
-0.00621547
-206
-0.0355663
6
0.00103591
1
0.000172652
-66
-0.011395
7
0.00120856
118
0.0203729
-30
-0.00517956
-108
-0.0186464
83
0.0143301
-24
-0.00414365
49
0.00845994
78
0.0134669
-128
-0.0220994
141
0.0243439
100
0.0172652
-44
-0.00759669
107
0.0184738
44
0.00759669
277
0.0478246
-7
-0.00120856
65
0.0112224
-54
-0.0093232
43
0.00742403
58
0.0100138
15
0.00258978
43
0.00742403
94
0.0162293
-9
-0.00155387
54
0.0093232
38
0.00656077
-60
-0.0103591
-23
-0.00397099
58
0.0100138
78
0.0134669
-25
-0.0043163
39
0.00673343
-37
-0.00638812
-56
-0.00966851
-44
-0.00759669
-67
-0.0115677
151
0.0260704
36
0.00621547
62
0.0107044
-22
-0.00379834
-69
-0.011913
-5
-0.00086326
-79
-0.0136395
12
0.00207182
-125
-0.0215815
-53
-0.00915055
-77
-0.0132942
39
0.00673343
44
0.00759669
-10
-0.00172652
180
0.0310773
-8
-0.00138122
46
0.00794199
-18
-0.00310773
116
0.0200276
83
0.0143301
48
0.00828729
-64
-0.0110497
157
0.0271064
-123
-0.0212362
-27
-0.0046616
26
0.00448895
66
0.011395
-42
-0.00725138
200
0.0345304
-27
-0.0046616
38
0.00656077
-66
-0.011395
-127
-0.0219268
1
0.000172652
-11
-0.00189917
-9
-0.00155387
135
0.023308
-27
-0.0046616
70
0.0120856
17
0.00293508
45
0.00776934
29
0.00500691
11
0.00189917
43
0.00742403
144
0.0248619
-6
-0.00103591
-58
-0.0100138
15
0.00258978
12
0.00207182
-97
-0.0167472
72
0.0124309
5
0.00086326
-288
-0.0497238
44
0.00759669
166
0.0286602
-71
-0.0122583
107
0.0184738
117
0.0202003
-31
-0.00535221
-57
-0.00984116
-71
-0.0122583
-28
-0.00483425
133
0.0229627
43
0.00742403
179
0.0309047
-54
-0.0093232
-92
-0.015884
28
0.00483425
-141
-0.0243439
-75
-0.0129489
12
0.00207182
1
0.000172652
162
0.0279696
118
0.0203729
140
0.0241713
-43
-0.00742403
-115
-0.019855
44
0.00759669
-8
-0.00138122
-53
-0.00915055
-119
-0.0205456
17
0.00293508
74
0.0127762
-9
-0.00155387
-27
-0.0046616
94
0.0162293
123
0.0212362
-26
-0.00448895
10
0.00172652
-10
-0.00172652
30
0.00517956
-6
-0.00103591
-25
-0.0043163
-4
-0.000690608
-41
-0.00707873
-9
-0.00155387
23
0.00397099
-72
-0.0124309
-99
-0.0170925
-71
-0.0122583
154
0.0265884
66
0.011395
-84
-0.0145028
46
0.00794199
-16
-0.00276243
-66
-0.011395
176
0.0303867
139
0.0239986
-31
-0.00535221
-89
-0.015366
86
0.0148481
-12
-0.00207182
-129
-0.0222721
-45
-0.00776934
-15
-0.00258978
69
0.011913
177
0.0305594
32
0.00552486
138
0.023826
-13
-0.00224448
-240
-0.0414365
-29
-0.00500691
-186
-0.0321133
-66
-0.011395
-60
-0.0103591
-97
-0.0167472
2
0.000345304
-83
-0.0143301
-61
-0.0105318
191
0.0329765
-49
-0.00845994
12
0.00207182
63
0.0108771
-31
-0.00535221
23
0.00397099
40
0.00690608
-31
-0.00535221
-60
-0.0103591
21
0.00362569
-82
-0.0141575
-96
-0.0165746
-142
-0.0245166
69
0.011913
49
0.00845994
199
0.0343577
-51
-0.00880525
95
0.0164019
59
0.0101865
-121
-0.0208909
116
0.0200276
-46
-0.00794199
-86
-0.0148481
-8
-0.00138122
-81
-0.0139848
65
0.0112224
-46
-0.00794199
12
0.00207182
49
0.00845994
140
0.0241713
-64
-0.0110497
-187
-0.0322859
-51
-0.00880525
-42
-0.00725138
-24
-0.00414365
51
0.00880525
-45
-0.00776934
-83
-0.0143301
-89
-0.015366
36
0.00621547
-80
-0.0138122
-53
-0.00915055
-44
-0.00759669
-83
-0.0143301
98
0.0169199
211
0.0364296
10
0.00172652
-26
-0.00448895
43
0.00742403
215
0.0371202
-50
-0.0086326
25
0.0043163
-6
-0.00103591
-71
-0.0122583
50
0.0086326
52
0.0089779
-36
-0.00621547
-114
-0.0196823
32
0.00552486
-34
-0.00587017
178
0.030732
71
0.0122583
-79
-0.0136395
101
0.0174378
-74
-0.0127762
-115
-0.019855
-61
-0.0105318
2
0.000345304
-44
-0.00759669
44
0.00759669
34
0.00587017
-52
-0.0089779
24
0.00414365
-155
-0.026761
-106
-0.0183011
-36
-0.00621547
122
0.0210635
27
0.0046616
58
0.0100138
-239
-0.0412638
120
0.0207182
148
0.0255525
-46
-0.00794199
-193
-0.0333218
153
0.0264157
-118
-0.0203729
-68
-0.0117403
-161
-0.027797
-80
-0.0138122
-15
-0.00258978
-3
-0.000517956
2
0.000345304
-19
-0.00328039
-89
-0.015366
-78
-0.0134669
181
0.03125
46
0.00794199
-25
-0.0043163
29
0.00500691
-38
-0.00656077
-41
-0.00707873
-105
-0.0181285
109
0.0188191
108
0.0186464
69
0.011913
99
0.0170925
109
0.0188191
-59
-0.0101865
9
0.00155387
-158
-0.027279
-59
-0.0101865
-5
-0.00086326
12
0.00207182
203
0.0350483
-38
-0.00656077
43
0.00742403
-57
-0.00984116
-12
-0.00207182
48
0.00828729
-52
-0.0089779
3
0.000517956
-94
-0.0162293
-58
-0.0100138
149
0.0257251
134
0.0231354
32
0.00552486
-33
-0.00569751
-3
-0.000517956
-35
-0.00604282
-23
-0.00397099
68
0.0117403
28
0.00483425
-67
-0.0115677
8
0.00138122
42
0.00725138
-2
-0.000345304
-30
-0.00517956
-104
-0.0179558
-86
-0.0148481
-152
-0.0262431
-22
-0.00379834
-25
-0.0043163
-25
-0.0043163
-102
-0.0176105
-51
-0.00880525
155
0.026761
-34
-0.00587017
141
0.0243439
-142
-0.0245166
116
0.0200276
168
0.0290055
-90
-0.0155387
157
0.0271064
-160
-0.0276243
-10
-0.00172652
72
0.0124309
6
0.00103591
-36
-0.00621547
102
0.0176105
-6
-0.00103591
9
0.00155387
-49
-0.00845994
30
0.00517956
-13
-0.00224448
-149
-0.0257251
-151
-0.0260704
106
0.0183011
-106
-0.0183011
-30
-0.00517956
-43
-0.00742403
-148
-0.0255525
-165
-0.0284876
21
0.00362569
118
0.0203729
-62
-0.0107044
-55
-0.00949586
11
0.00189917
64
0.0110497
60
0.0103591
142
0.0245166
47
0.00811464
-16
-0.00276243
84
0.0145028
-69
-0.011913
107
0.0184738
-21
-0.00362569
-115
-0.019855
177
0.0305594
-136
-0.0234807
112
0.019337
41
0.00707873
64
0.0110497
38
0.00656077
-20
-0.00345304
12
0.00207182
264
0.0455801
-71
-0.0122583
-11
-0.00189917
-18
-0.00310773
-11
-0.00189917
223
0.0385014
180
0.0310773
48
0.00828729
-101
-0.0174378
-64
-0.0110497
-75
-0.0129489
-23
-0.00397099
-128
-0.0220994
-49
-0.00845994
71
0.0122583
-108
-0.0186464
64
0.0110497
76
0.0131215
104
0.0179558
154
0.0265884
-102
-0.0176105
76
0.0131215
208
0.0359116
-14
-0.00241713
-31
-0.00535221
29
0.00500691
-54
-0.0093232
68
0.0117403
178
0.030732
-18
-0.00310773
-60
-0.0103591
70
0.0120856
38
0.00656077
9
0.00155387
150
0.0258978
-87
-0.0150207
-109
-0.0188191
-68
-0.0117403
-60
-0.0103591
-15
-0.00258978
156
0.0269337
44
0.00759669
-52
-0.0089779
-67
-0.0115677
-215
-0.0371202
-75
-0.0129489
-21
-0.00362569
-34
-0.00587017
95
0.0164019
-89
-0.015366
-116
-0.0200276
-20
-0.00345304
1
0.000172652
26
0.00448895
-110
-0.0189917
-191
-0.0329765
-5
-0.00086326
-68
-0.0117403
-180
-0.0310773
28
0.00483425
28
0.00483425
5
0.00086326
6
0.00103591
32
0.00552486
-79
-0.0136395
72
0.0124309
50
0.0086326
-77
-0.0132942
-231
-0.0398826
-117
-0.0202003
21
0.00362569
-36
-0.00621547
-217
-0.0374655
-20
-0.00345304
-7
-0.00120856
6
0.00103591
-136
-0.0234807
64
0.0110497
-52
-0.0089779
49
0.00845994
33
0.00569751
117
0.0202003
-9
-0.00155387
51
0.00880525
-68
-0.0117403
41
0.00707873
-40
-0.00690608
94
0.0162293
143
0.0246892
-28
-0.00483425
63
0.0108771
122
0.0210635
66
0.011395
-36
-0.00621547
-1
-0.000172652
-12
-0.00207182
-176
-0.0303867
127
0.0219268
155
0.026761
77
0.0132942
-155
-0.026761
64
0.0110497
-288
-0.0497238
83
0.0143301
-23
-0.00397099
23
0.00397099
139
0.0239986
21
0.00362569
81
0.0139848
84
0.0145028
56
0.00966851
-110
-0.0189917
-15
-0.00258978
42
0.00725138
-122
-0.0210635
-18
-0.00310773
-150
-0.0258978
0
0
49
0.00845994
135
0.023308
56
0.00966851
-9
-0.00155387
26
0.00448895
117
0.0202003
108
0.0186464
71
0.0122583
-49
-0.00845994
-77
-0.0132942
101
0.0174378
19
0.00328039
25
0.0043163
42
0.00725138
69
0.011913
29
0.00500691
131
0.0226174
39
0.00673343
88
0.0151934
33
0.00569751
177
0.0305594
106
0.0183011
-47
-0.00811464
109
0.0188191
-76
-0.0131215
12
0.00207182
-37
-0.00638812
-12
-0.00207182
-157
-0.0271064
120
0.0207182
-25
-0.0043163
74
0.0127762
168
0.0290055
29
0.00500691
-173
-0.0298688
-10
-0.00172652
-80
-0.0138122
98
0.0169199
108
0.0186464
22
0.00379834
-90
-0.0155387
-27
-0.0046616
58
0.0100138
-23
-0.00397099
150
0.0258978
7
0.00120856
-151
-0.0260704
-65
-0.0112224
-110
-0.0189917
43
0.00742403
-71
-0.0122583
-1
-0.000172652
-17
-0.00293508
76
0.0131215
-169
-0.0291782
-37
-0.00638812
-205
-0.0353936
85
0.0146754
-49
-0.00845994
96
0.0165746
-17
-0.00293508
189
0.0326312
-43
-0.00742403
-1
-0.000172652
-84
-0.0145028
-169
-0.0291782
106
0.0183011
-5
-0.00086326
63
0.0108771
-59
-0.0101865
164
0.0283149
59
0.0101865
-159
-0.0274517
100
0.0172652
-74
-0.0127762
1
0.000172652
160
0.0276243
-86
-0.0148481
-8
-0.00138122
117
0.0202003
-99
-0.0170925
-112
-0.019337
-163
-0.0281423
54
0.0093232
-123
-0.0212362
15
0.00258978
-166
-0.0286602
-26
-0.00448895
-63
-0.0108771
-85
-0.0146754
160
0.0276243
-150
-0.0258978
-136
-0.0234807
83
0.0143301
111
0.0191644
-16
-0.00276243
44
0.00759669
-51
-0.00880525
-93
-0.0160566
-84
-0.0145028
-159
-0.0274517
-39
-0.00673343
5
0.00086326
13
0.00224448
0
0
144
0.0248619
148
0.0255525
30
0.00517956
78
0.0134669
-38
-0.00656077
28
0.00483425
80
0.0138122
-23
-0.00397099
-1
-0.000172652
112
0.019337
4
0.000690608
-18
-0.00310773
10
0.00172652
-13
-0.00224448
-108
-0.0186464
-106
-0.0183011
-105
-0.0181285
39
0.00673343
-26
-0.00448895
-43
-0.00742403
28
0.00483425
87
0.0150207
3
0.000517956
-47
-0.00811464
-80
-0.0138122
100
0.0172652
6
0.00103591
194
0.0334945
2
0.000345304
-8
-0.00138122
-120
-0.0207182
130
0.0224448
69
0.011913
-47
-0.00811464
72
0.0124309
-24
-0.00414365
28
0.00483425
156
0.0269337
-6
-0.00103591
-35
-0.00604282
5
0.00086326
-93
-0.0160566
-40
-0.00690608
-44
-0.00759669
-63
-0.0108771
-52
-0.0089779
-47
-0.00811464
-89
-0.015366
-36
-0.00621547
-4
-0.000690608
-67
-0.0115677
-16
-0.00276243
84
0.0145028
-43
-0.00742403
3
0.000517956
82
0.0141575
-70
-0.0120856
-63
-0.0108771
6
0.00103591
63
0.0108771
-62
-0.0107044
60
0.0103591
-19
-0.00328039
305
0.0526588
-22
-0.00379834
65
0.0112224
43
0.00742403
10
0.00172652
22
0.00379834
99
0.0170925
-136
-0.0234807
24
0.00414365
-26
-0.00448895
-87
-0.0150207
29
0.00500691
-147
-0.0253798
95
0.0164019
79
0.0136395
6
0.00103591
-115
-0.019855
-13
-0.00224448
-31
-0.00535221
58
0.0100138
29
0.00500691
-48
-0.00828729
-66
-0.011395
-29
-0.00500691
44
0.00759669
-31
-0.00535221
36
0.00621547
42
0.00725138
17
0.00293508
-91
-0.0157113
37
0.00638812
27
0.0046616
122
0.0210635
1
0.000172652
-30
-0.00517956
91
0.0157113
-17
-0.00293508
117
0.0202003
-30
-0.00517956
54
0.0093232
162
0.0279696
-19
-0.00328039
48
0.00828729
43
0.00742403
70
0.0120856
4
0.000690608
-116
-0.0200276
14
0.00241713
74
0.0127762
-170
-0.0293508
-12
-0.00207182
16
0.00276243
99
0.0170925
134
0.0231354
-14
-0.00241713
39
0.00673343
-90
-0.0155387
88
0.0151934
173
0.0298688
-10
-0.00172652
52
0.0089779
-86
-0.0148481
-15
-0.00258978
1
0.000172652
40
0.00690608
118
0.0203729
-295
-0.0509323
3
0.000517956
-14
-0.00241713
-126
-0.0217541
80
0.0138122
58
0.0100138
118
0.0203729
55
0.00949586
-55
-0.00949586
20
0.00345304
-28
-0.00483425
42
0.00725138
-44
-0.00759669
32
0.00552486
-110
-0.0189917
-131
-0.0226174
-5
-0.00086326
16
0.00276243
-3
-0.000517956
-56
-0.00966851
-77
-0.0132942
-14
-0.00241713
-152
-0.0262431
3
0.000517956
154
0.0265884
123
0.0212362
0
0
118
0.0203729
-201
-0.034703
33
0.00569751
183
0.0315953
-64
-0.0110497
-17
-0.00293508
-48
-0.00828729
-23
-0.00397099
-128
-0.0220994
-145
-0.0250345
72
0.0124309
95
0.0164019
51
0.00880525
-32
-0.00552486
48
0.00828729
-96
-0.0165746
-88
-0.0151934
-174
-0.0300414
36
0.00621547
64
0.0110497
-52
-0.0089779
-18
-0.00310773
147
0.0253798
27
0.0046616
-7
-0.00120856
-128
-0.0220994
150
0.0258978
102
0.0176105
-32
-0.00552486
20
0.00345304
144
0.0248619
13
0.00224448
30
0.00517956
-88
-0.0151934
83
0.0143301
6
0.00103591
-88
-0.0151934
-174
-0.0300414
-21
-0.00362569
74
0.0127762
56
0.00966851
44
0.00759669
-23
-0.00397099
34
0.00587017
-17
-0.00293508
24
0.00414365
71
0.0122583
148
0.0255525
-38
-0.00656077
-58
-0.0100138
21
0.00362569
-98
-0.0169199
-31
-0.00535221
0
0
-56
-0.00966851
-104
-0.0179558
35
0.00604282
-19
-0.00328039
28
0.00483425
-26
-0.00448895
-18
-0.00310773
75
0.0129489
-37
-0.00638812
-31
-0.00535221
-74
-0.0127762
-36
-0.00621547
48
0.00828729
53
0.00915055
-73
-0.0126036
34
0.00587017
-57
-0.00984116
-129
-0.0222721
46
0.00794199
28
0.00483425
55
0.00949586
87
0.0150207
37
0.00638812
-110
-0.0189917
39
0.00673343
103
0.0177831
22
0.00379834
25
0.0043163
-18
-0.00310773
-31
-0.00535221
-98
-0.0169199
2
0.000345304
27
0.0046616
30
0.00517956
-96
-0.0165746
-14
-0.00241713
59
0.0101865
-1
-0.000172652
-54
-0.0093232
-136
-0.0234807
-16
-0.00276243
6
0.00103591
67
0.0115677
37
0.00638812
-34
-0.00587017
-31
-0.00535221
-1
-0.000172652
119
0.0205456
-85
-0.0146754
74
0.0127762
-92
-0.015884
67
0.0115677
-20
-0.00345304
-54
-0.0093232
-79
-0.0136395
-70
-0.0120856
131
0.0226174
118
0.0203729
-29
-0.00500691
-169
-0.0291782
69
0.011913
-54
-0.0093232
75
0.0129489
-29
-0.00500691
-13
-0.00224448
43
0.00742403
79
0.0136395
165
0.0284876
14
0.00241713
30
0.00517956
43
0.00742403
85
0.0146754
-46
-0.00794199
40
0.00690608
48
0.00828729
-117
-0.0202003
-106
-0.0183011
117
0.0202003
-83
-0.0143301
17
0.00293508
-172
-0.0296961
-237
-0.0409185
-66
-0.011395
-64
-0.0110497
52
0.0089779
-35
-0.00604282
55
0.00949586
-68
-0.0117403
1
0.000172652
-71
-0.0122583
-44
-0.00759669
87
0.0150207
-71
-0.0122583
-47
-0.00811464
82
0.0141575
-83
-0.0143301
7
0.00120856
-56
-0.00966851
-35
-0.00604282
-71
-0.0122583
-167
-0.0288329
102
0.0176105
-12
-0.00207182
-5
-0.00086326
0
0
-56
-0.00966851
-106
-0.0183011
-215
-0.0371202
9
0.00155387
-39
-0.00673343
116
0.0200276
83
0.0143301
122
0.0210635
-3
-0.000517956
-85
-0.0146754
127
0.0219268
-19
-0.00328039
-80
-0.0138122
39
0.00673343
155
0.026761
-52
-0.0089779
214
0.0369475
-82
-0.0141575
6
0.00103591
-25
-0.0043163
-37
-0.00638812
61
0.0105318
119
0.0205456
68
0.0117403
-89
-0.015366
50
0.0086326
21
0.00362569
-111
-0.0191644
12
0.00207182
-47
-0.00811464
-25
-0.0043163
-32
-0.00552486
-55
-0.00949586
140
0.0241713
133
0.0229627
-45
-0.00776934
-163
-0.0281423
40
0.00690608
51
0.00880525
-103
-0.0177831
73
0.0126036
-130
-0.0224448
-44
-0.00759669
-54
-0.0093232
2
0.000345304
-30
-0.00517956
45
0.00776934
-78
-0.0134669
-129
-0.0222721
-76
-0.0131215
79
0.0136395
7
0.00120856
63
0.0108771
18
0.00310773
61
0.0105318
-67
-0.0115677
120
0.0207182
81
0.0139848
56
0.00966851
19
0.00328039
-238
-0.0410912
-14
-0.00241713
-48
-0.00828729
101
0.0174378
-247
-0.042645
50
0.0086326
118
0.0203729
25
0.0043163
-179
-0.0309047
-56
-0.00966851
25
0.0043163
56
0.00966851
31
0.00535221
-119
-0.0205456
160
0.0276243
-28
-0.00483425
-131
-0.0226174
-139
-0.0239986
-217
-0.0374655
45
0.00776934
64
0.0110497
100
0.0172652
-133
-0.0229627
86
0.0148481
44
0.00759669
-50
-0.0086326
-108
-0.0186464
-64
-0.0110497
-68
-0.0117403
49
0.00845994
65
0.0112224
-50
-0.0086326
-133
-0.0229627
4
0.000690608
-135
-0.023308
-56
-0.00966851
-36
-0.00621547
31
0.00535221
21
0.00362569
-15
-0.00258978
-111
-0.0191644
0
0
-37
-0.00638812
-49
-0.00845994
-46
-0.00794199
52
0.0089779
-29
-0.00500691
-73
-0.0126036
-35
-0.00604282
-86
-0.0148481
48
0.00828729
101
0.0174378
-122
-0.0210635
60
0.0103591
-177
-0.0305594
39
0.00673343
12
0.00207182
130
0.0224448
-118
-0.0203729
29
0.00500691
74
0.0127762
103
0.0177831
81
0.0139848
-79
-0.0136395
71
0.0122583
-3
-0.000517956
-16
-0.00276243
-6
-0.00103591
-198
-0.0341851
-15
-0.00258978
103
0.0177831
-2
-0.000345304
-134
-0.0231354
41
0.00707873
-54
-0.0093232
-109
-0.0188191
-127
-0.0219268
-89
-0.015366
162
0.0279696
-64
-0.0110497
77
0.0132942
16
0.00276243
106
0.0183011
-39
-0.00673343
-13
-0.00224448
96
0.0165746
38
0.00656077
-97
-0.0167472
38
0.00656077
13
0.00224448
-26
-0.00448895
-17
-0.00293508
-174
-0.0300414
-29
-0.00500691
-40
-0.00690608
-44
-0.00759669
6
0.00103591
-226
-0.0390193
168
0.0290055
-2
-0.000345304
59
0.0101865
141
0.0243439
64
0.0110497
-79
-0.0136395
180
0.0310773
-11
-0.00189917
55
0.00949586
87
0.0150207
-6
-0.00103591
87
0.0150207
77
0.0132942
98
0.0169199
-23
-0.00397099
-55
-0.00949586
-92
-0.015884
-42
-0.00725138
-87
-0.0150207
0
0
-147
-0.0253798
23
0.00397099
128
0.0220994
-136
-0.0234807
102
0.0176105
-90
-0.0155387
-115
-0.019855
5
0.00086326
-68
-0.0117403
-41
-0.00707873
-153
-0.0264157
-207
-0.035739
-76
-0.0131215
114
0.0196823
-34
-0.00587017
-35
-0.00604282
-19
-0.00328039
-118
-0.0203729
-32
-0.00552486
81
0.0139848
-202
-0.0348757
-58
-0.0100138
40
0.00690608
24
0.00414365
88
0.0151934
186
0.0321133
-22
-0.00379834
-96
-0.0165746
-59
-0.0101865
63
0.0108771
157
0.0271064
75
0.0129489
59
0.0101865
-55
-0.00949586
146
0.0252072
-11
-0.00189917
84
0.0145028
-2
-0.000345304
64
0.0110497
16
0.00276243
-21
-0.00362569
-91
-0.0157113
115
0.019855
-27
-0.0046616
58
0.0100138
-96
-0.0165746
-11
-0.00189917
-29
-0.00500691
-11
-0.00189917
2
0.000345304
-3
-0.000517956
-140
-0.0241713
116
0.0200276
-8
-0.00138122
-50
-0.0086326
-53
-0.00915055
15
0.00258978
-95
-0.0164019
