-41
-0.0200195
-26
-0.0126953
103
0.050293
-61
-0.0297852
36
0.0175781
-7
-0.00341797
-62
-0.0302734
-11
-0.00537109
-42
-0.0205078
17
0.00830078
-13
-0.00634766
-22
-0.0107422
80
0.0390625
-76
-0.0371094
-9
-0.00439453
3
0.00146484
33
0.0161133
39
0.019043
-58
-0.0283203
-52
-0.0253906
-26
-0.0126953
76
0.0371094
12
0.00585938
73
0.0356445
4
0.00195312
-12
-0.00585938
-16
-0.0078125
67
0.0327148
36
0.0175781
10
0.00488281
-14
-0.00683594
54
0.0263672
51
0.0249023
23
0.0112305
-20
-0.00976562
-49
-0.0239258
-35
-0.0170898
-30
-0.0146484
-84
-0.0410156
-15
-0.00732422
22
0.0107422
-32
-0.015625
-32
-0.015625
-44
-0.0214844
13
0.00634766
20
0.00976562
-73
-0.0356445
42
0.0205078
-24
-0.0117188
52
0.0253906
43
0.0209961
62
0.0302734
9
0.00439453
9
0.00439453
9
0.00439453
-54
-0.0263672
20
0.00976562
43
0.0209961
31
0.0151367
26
0.0126953
35
0.0170898
47
0.0229492
-33
-0.0161133
20
0.00976562
0
0
3
0.00146484
-9
-0.00439453
54
0.0263672
12
0.00585938
-23
-0.0112305
57
0.027832
78
0.0380859
63
0.0307617
5
0.00244141
-8
-0.00390625
27
0.0131836
-33
-0.0161133
-33
-0.0161133
60
0.0292969
11
0.00537109
-36
-0.0175781
-39
-0.019043
10
0.00488281
-46
-0.0224609
13
0.00634766
-17
-0.00830078
-79
-0.0385742
-17
-0.00830078
-29
-0.0141602
26
0.0126953
49
0.0239258
18
0.00878906
68
0.0332031
31
0.0151367
18
0.00878906
32
0.015625
-51
-0.0249023
29
0.0141602
7
0.00341797
-7
-0.00341797
26
0.0126953
57
0.027832
67
0.0327148
59
0.0288086
42
0.0205078
69
0.0336914
20
0.00976562
36
0.0175781
-60
-0.0292969
-5
-0.00244141
-1
-0.000488281
25
0.012207
4
0.00195312
-18
-0.00878906
-21
-0.0102539
-26
-0.0126953
9
0.00439453
15
0.00732422
4
0.00195312
-27
-0.0131836
2
0.000976562
-23
-0.0112305
-27
-0.0131836
66
0.0322266
24
0.0117188
35
0.0170898
-15
-0.00732422
-5
-0.00244141
9
0.00439453
-6
-0.00292969
-55
-0.0268555
81
0.0395508
46
0.0224609
-5
-0.00244141
42
0.0205078
61
0.0297852
7
0.00341797
-42
-0.0205078
48
0.0234375
-6
-0.00292969
24
0.0117188
-3
-0.00146484
-8
-0.00390625
29
0.0141602
31
0.0151367
60
0.0292969
-20
-0.00976562
-28
-0.0136719
-41
-0.0200195
53
0.0258789
41
0.0200195
-20
-0.00976562
67
0.0327148
9
0.00439453
-4
-0.00195312
18
0.00878906
-5
-0.00244141
-4
-0.00195312
-37
-0.0180664
-44
-0.0214844
-6
-0.00292969
12
0.00585938
13
0.00634766
60
0.0292969
-80
-0.0390625
67
0.0327148
16
0.0078125
-2
-0.000976562
25
0.012207
7
0.00341797
32
0.015625
3
0.00146484
-93
-0.0454102
51
0.0249023
-1
-0.000488281
42
0.0205078
-29
-0.0141602
2
0.000976562
-80
-0.0390625
-13
-0.00634766
87
0.0424805
-14
-0.00683594
-22
-0.0107422
-68
-0.0332031
70
0.0341797
26
0.0126953
-4
-0.00195312
7
0.00341797
79
0.0385742
63
0.0307617
-55
-0.0268555
-31
-0.0151367
17
0.00830078
38
0.0185547
-3
-0.00146484
-32
-0.015625
71
0.034668
25
0.012207
-86
-0.0419922
23
0.0112305
-17
-0.00830078
64
0.03125
9
0.00439453
30
0.0146484
-23
-0.0112305
19
0.00927734
-5
-0.00244141
-32
-0.015625
4
0.00195312
-30
-0.0146484
-13
-0.00634766
-41
-0.0200195
59
0.0288086
-63
-0.0307617
-50
-0.0244141
-50
-0.0244141
-118
-0.0576172
65
0.0317383
107
0.0522461
-114
-0.0556641
9
0.00439453
-10
-0.00488281
29
0.0141602
-2
-0.000976562
-68
-0.0332031
-69
-0.0336914
-19
-0.00927734
35
0.0170898
-43
-0.0209961
-32
-0.015625
-4
-0.00195312
19
0.00927734
-46
-0.0224609
-26
-0.0126953
30
0.0146484
50
0.0244141
-94
-0.0458984
-7
-0.00341797
68
0.0332031
-4
-0.00195312
-13
-0.00634766
-19
-0.00927734
-62
-0.0302734
-32
-0.015625
-24
-0.0117188
-13
-0.00634766
-61
-0.0297852
78
0.0380859
-20
-0.00976562
30
0.0146484
72
0.0351562
-35
-0.0170898
-43
-0.0209961
27
0.0131836
21
0.0102539
27
0.0131836
22
0.0107422
53
0.0258789
84
0.0410156
-61
-0.0297852
124
0.0605469
48
0.0234375
-33
-0.0161133
31
0.0151367
-12
-0.00585938
6
0.00292969
-10
-0.00488281
41
0.0200195
70
0.0341797
30
0.0146484
92
0.0449219
14
0.00683594
63
0.0307617
18
0.00878906
-17
-0.00830078
-14
-0.00683594
-89
-0.043457
-10
-0.00488281
-6
-0.00292969
-10
-0.00488281
5
0.00244141
-31
-0.0151367
-26
-0.0126953
-27
-0.0131836
-21
-0.0102539
46
0.0224609
59
0.0288086
35
0.0170898
-23
-0.0112305
42
0.0205078
8
0.00390625
13
0.00634766
62
0.0302734
-69
-0.0336914
-62
-0.0302734
-29
-0.0141602
-22
-0.0107422
23
0.0112305
35
0.0170898
15
0.00732422
1
0.000488281
-5
-0.00244141
-29
-0.0141602
17
0.00830078
44
0.0214844
-26
-0.0126953
25
0.012207
54
0.0263672
15
0.00732422
-24
-0.0117188
13
0.00634766
8
0.00390625
3
0.00146484
39
0.019043
41
0.0200195
9
0.00439453
-20
-0.00976562
21
0.0102539
6
0.00292969
4
0.00195312
68
0.0332031
29
0.0141602
-25
-0.012207
-33
-0.0161133
-33
-0.0161133
-23
-0.0112305
3
0.00146484
-19
-0.00927734
35
0.0170898
-7
-0.00341797
52
0.0253906
48
0.0234375
-72
-0.0351562
-46
-0.0224609
-67
-0.0327148
25
0.012207
-42
-0.0205078
58
0.0283203
32
0.015625
-63
-0.0307617
-28
-0.0136719
58
0.0283203
6
0.00292969
25
0.012207
48
0.0234375
-13
-0.00634766
26
0.0126953
46
0.0224609
41
0.0200195
-98
-0.0478516
39
0.019043
54
0.0263672
-29
-0.0141602
-16
-0.0078125
-40
-0.0195312
-46
-0.0224609
-15
-0.00732422
-53
-0.0258789
-62
-0.0302734
-43
-0.0209961
-2
-0.000976562
57
0.027832
-47
-0.0229492
-3
-0.00146484
-21
-0.0102539
89
0.043457
25
0.012207
19
0.00927734
36
0.0175781
64
0.03125
-35
-0.0170898
39
0.019043
60
0.0292969
10
0.00488281
-57
-0.027832
-76
-0.0371094
1
0.000488281
-43
-0.0209961
6
0.00292969
50
0.0244141
-106
-0.0517578
-5
-0.00244141
-53
-0.0258789
21
0.0102539
-14
-0.00683594
57
0.027832
0
0
8
0.00390625
-97
-0.0473633
-18
-0.00878906
14
0.00683594
-23
-0.0112305
72
0.0351562
-60
-0.0292969
-32
-0.015625
44
0.0214844
-4
-0.00195312
-22
-0.0107422
-37
-0.0180664
11
0.00537109
7
0.00341797
-35
-0.0170898
57
0.027832
-12
-0.00585938
7
0.00341797
-59
-0.0288086
37
0.0180664
-17
-0.00830078
48
0.0234375
30
0.0146484
25
0.012207
32
0.015625
14
0.00683594
30
0.0146484
-13
-0.00634766
30
0.0146484
6
0.00292969
25
0.012207
19
0.00927734
11
0.00537109
45
0.0219727
38
0.0185547
-2
-0.000976562
35
0.0170898
-47
-0.0229492
-11
-0.00537109
78
0.0380859
-75
-0.0366211
23
0.0112305
5
0.00244141
-30
-0.0146484
-17
-0.00830078
-86
-0.0419922
17
0.00830078
-8
-0.00390625
-2
-0.000976562
-61
-0.0297852
-42
-0.0205078
43
0.0209961
-10
-0.00488281
27
0.0131836
44
0.0214844
-30
-0.0146484
-31
-0.0151367
-36
-0.0175781
-41
-0.0200195
-14
-0.00683594
11
0.00537109
-79
-0.0385742
22
0.0107422
20
0.00976562
-16
-0.0078125
54
0.0263672
-2
-0.000976562
87
0.0424805
12
0.00585938
-58
-0.0283203
-16
-0.0078125
-55
-0.0268555
-11
-0.00537109
-30
-0.0146484
6
0.00292969
-34
-0.0166016
8
0.00390625
-19
-0.00927734
-28
-0.0136719
-2
-0.000976562
-11
-0.00537109
-81
-0.0395508
-29
-0.0141602
52
0.0253906
-3
-0.00146484
24
0.0117188
-108
-0.0527344
-32
-0.015625
56
0.0273438
-63
-0.0307617
-60
-0.0292969
52
0.0253906
83
0.0405273
6
0.00292969
89
0.043457
-61
-0.0297852
44
0.0214844
73
0.0356445
33
0.0161133
-132
-0.0644531
-66
-0.0322266
-34
-0.0166016
35
0.0170898
0
0
-31
-0.0151367
21
0.0102539
31
0.0151367
12
0.00585938
23
0.0112305
-16
-0.0078125
56
0.0273438
-82
-0.0400391
-1
-0.000488281
57
0.027832
88
0.0429688
16
0.0078125
-47
-0.0229492
67
0.0327148
-4
-0.00195312
104
0.0507812
29
0.0141602
-68
-0.0332031
16
0.0078125
11
0.00537109
35
0.0170898
-32
-0.015625
11
0.00537109
-7
-0.00341797
16
0.0078125
-37
-0.0180664
25
0.012207
8
0.00390625
54
0.0263672
16
0.0078125
60
0.0292969
12
0.00585938
-38
-0.0185547
66
0.0322266
18
0.00878906
-4
-0.00195312
27
0.0131836
48
0.0234375
8
0.00390625
-45
-0.0219727
-40
-0.0195312
63
0.0307617
59
0.0288086
88
0.0429688
-65
-0.0317383
49
0.0239258
-34
-0.0166016
32
0.015625
43
0.0209961
7
0.00341797
-11
-0.00537109
19
0.00927734
38
0.0185547
-29
-0.0141602
-11
-0.00537109
39
0.019043
-38
-0.0185547
50
0.0244141
-10
-0.00488281
30
0.0146484
14
0.00683594
58
0.0283203
59
0.0288086
-75
-0.0366211
-43
-0.0209961
-82
-0.0400391
143
0.0698242
-13
-0.00634766
-3
-0.00146484
62
0.0302734
-2
-0.000976562
-15
-0.00732422
28
0.0136719
-72
-0.0351562
-43
-0.0209961
16
0.0078125
7
0.00341797
-52
-0.0253906
80
0.0390625
30
0.0146484
-8
-0.00390625
23
0.0112305
66
0.0322266
-16
-0.0078125
-11
-0.00537109
1
0.000488281
66
0.0322266
37
0.0180664
-18
-0.00878906
-3
-0.00146484
57
0.027832
22
0.0107422
18
0.00878906
-14
-0.00683594
40
0.0195312
-48
-0.0234375
-5
-0.00244141
29
0.0141602
-15
-0.00732422
-16
-0.0078125
-45
-0.0219727
-9
-0.00439453
22
0.0107422
23
0.0112305
4
0.00195312
-4
-0.00195312
-16
-0.0078125
6
0.00292969
4
0.00195312
37
0.0180664
25
0.012207
-2
-0.000976562
-1
-0.000488281
-8
-0.00390625
-42
-0.0205078
25
0.012207
-29
-0.0141602
-6
-0.00292969
22
0.0107422
-41
-0.0200195
37
0.0180664
-60
-0.0292969
-23
-0.0112305
25
0.012207
-14
-0.00683594
-13
-0.00634766
7
0.00341797
18
0.00878906
60
0.0292969
-13
-0.00634766
-77
-0.0375977
-7
-0.00341797
15
0.00732422
-67
-0.0327148
16
0.0078125
-51
-0.0249023
-48
-0.0234375
35
0.0170898
14
0.00683594
77
0.0375977
-4
-0.00195312
71
0.034668
-1
-0.000488281
-87
-0.0424805
-69
-0.0336914
-16
-0.0078125
-20
-0.00976562
-55
-0.0268555
-53
-0.0258789
-18
-0.00878906
-4
-0.00195312
-17
-0.00830078
30
0.0146484
32
0.015625
-38
-0.0185547
0
0
52
0.0253906
20
0.00976562
-23
-0.0112305
47
0.0229492
34
0.0166016
48
0.0234375
37
0.0180664
18
0.00878906
-69
-0.0336914
1
0.000488281
15
0.00732422
1
0.000488281
-71
-0.034668
16
0.0078125
6
0.00292969
63
0.0307617
-2
-0.000976562
-32
-0.015625
-19
-0.00927734
17
0.00830078
68
0.0332031
38
0.0185547
-29
-0.0141602
-84
-0.0410156
-18
-0.00878906
-44
-0.0214844
0
0
0
0
-6
-0.00292969
37
0.0180664
32
0.015625
-48
-0.0234375
45
0.0219727
12
0.00585938
-23
-0.0112305
-19
-0.00927734
-27
-0.0131836
67
0.0327148
-32
-0.015625
61
0.0297852
-5
-0.00244141
3
0.00146484
31
0.0151367
-54
-0.0263672
13
0.00634766
31
0.0151367
10
0.00488281
5
0.00244141
32
0.015625
73
0.0356445
-39
-0.019043
-30
-0.0146484
43
0.0209961
-28
-0.0136719
-18
-0.00878906
3
0.00146484
1
0.000488281
-83
-0.0405273
-37
-0.0180664
-16
-0.0078125
-18
-0.00878906
-29
-0.0141602
-54
-0.0263672
-38
-0.0185547
-4
-0.00195312
-10
-0.00488281
21
0.0102539
31
0.0151367
-68
-0.0332031
30
0.0146484
-31
-0.0151367
73
0.0356445
33
0.0161133
-52
-0.0253906
3
0.00146484
14
0.00683594
42
0.0205078
-18
-0.00878906
-42
-0.0205078
-10
-0.00488281
44
0.0214844
34
0.0166016
-12
-0.00585938
114
0.0556641
42
0.0205078
24
0.0117188
4
0.00195312
65
0.0317383
66
0.0322266
13
0.00634766
-48
-0.0234375
61
0.0297852
70
0.0341797
30
0.0146484
43
0.0209961
33
0.0161133
69
0.0336914
-17
-0.00830078
54
0.0263672
-2
-0.000976562
53
0.0258789
-16
-0.0078125
-16
-0.0078125
54
0.0263672
23
0.0112305
2
0.000976562
26
0.0126953
-20
-0.00976562
21
0.0102539
18
0.00878906
31
0.0151367
4
0.00195312
16
0.0078125
-40
-0.0195312
-18
-0.00878906
32
0.015625
7
0.00341797
-42
-0.0205078
-21
-0.0102539
-3
-0.00146484
4
0.00195312
11
0.00537109
32
0.015625
120
0.0585938
50
0.0244141
-16
-0.0078125
-14
-0.00683594
0
0
64
0.03125
-28
-0.0136719
3
0.00146484
12
0.00585938
38
0.0185547
-6
-0.00292969
65
0.0317383
-20
-0.00976562
-23
-0.0112305
-67
-0.0327148
16
0.0078125
-17
-0.00830078
-84
-0.0410156
19
0.00927734
25
0.012207
-18
-0.00878906
4
0.00195312
-5
-0.00244141
28
0.0136719
58
0.0283203
53
0.0258789
11
0.00537109
-16
-0.0078125
35
0.0170898
-7
-0.00341797
85
0.0415039
15
0.00732422
80
0.0390625
42
0.0205078
72
0.0351562
-42
-0.0205078
-14
-0.00683594
-26
-0.0126953
-62
-0.0302734
37
0.0180664
48
0.0234375
-44
-0.0214844
-28
-0.0136719
-31
-0.0151367
100
0.0488281
-31
-0.0151367
6
0.00292969
-9
-0.00439453
-40
-0.0195312
-51
-0.0249023
54
0.0263672
-30
-0.0146484
13
0.00634766
19
0.00927734
34
0.0166016
-41
-0.0200195
34
0.0166016
-39
-0.019043
19
0.00927734
38
0.0185547
-24
-0.0117188
-1
-0.000488281
98
0.0478516
37
0.0180664
66
0.0322266
19
0.00927734
3
0.00146484
-46
-0.0224609
47
0.0229492
10
0.00488281
58
0.0283203
-1
-0.000488281
-28
-0.0136719
31
0.0151367
56
0.0273438
-37
-0.0180664
57
0.027832
46
0.0224609
2
0.000976562
-28
-0.0136719
-5
-0.00244141
-40
-0.0195312
48
0.0234375
33
0.0161133
68
0.0332031
-56
-0.0273438
22
0.0107422
67
0.0327148
-10
-0.00488281
59
0.0288086
99
0.0483398
-46
-0.0224609
71
0.034668
-53
-0.0258789
-3
-0.00146484
34
0.0166016
-55
-0.0268555
-1
-0.000488281
-23
-0.0112305
70
0.0341797
43
0.0209961
50
0.0244141
-40
-0.0195312
29
0.0141602
36
0.0175781
75
0.0366211
20
0.00976562
-28
-0.0136719
-82
-0.0400391
29
0.0141602
-30
-0.0146484
1
0.000488281
-21
-0.0102539
-3
-0.00146484
11
0.00537109
24
0.0117188
-6
-0.00292969
5
0.00244141
24
0.0117188
27
0.0131836
46
0.0224609
18
0.00878906
-71
-0.034668
14
0.00683594
13
0.00634766
23
0.0112305
8
0.00390625
48
0.0234375
68
0.0332031
20
0.00976562
-34
-0.0166016
58
0.0283203
42
0.0205078
16
0.0078125
-38
-0.0185547
-18
-0.00878906
51
0.0249023
1
0.000488281
-61
-0.0297852
29
0.0141602
18
0.00878906
44
0.0214844
-58
-0.0283203
-30
-0.0146484
-28
-0.0136719
-8
-0.00390625
-101
-0.0493164
7
0.00341797
-70
-0.0341797
-45
-0.0219727
26
0.0126953
-47
-0.0229492
75
0.0366211
-80
-0.0390625
-66
-0.0322266
-34
-0.0166016
69
0.0336914
25
0.012207
45
0.0219727
48
0.0234375
-6
-0.00292969
32
0.015625
123
0.0600586
-24
-0.0117188
-2
-0.000976562
65
0.0317383
-32
-0.015625
-11
-0.00537109
27
0.0131836
-84
-0.0410156
59
0.0288086
35
0.0170898
20
0.00976562
36
0.0175781
28
0.0136719
71
0.034668
65
0.0317383
38
0.0185547
30
0.0146484
-32
-0.015625
6
0.00292969
-35
-0.0170898
32
0.015625
32
0.015625
-33
-0.0161133
33
0.0161133
-15
-0.00732422
29
0.0141602
5
0.00244141
38
0.0185547
26
0.0126953
-56
-0.0273438
88
0.0429688
-4
-0.00195312
-8
-0.00390625
-57
-0.027832
69
0.0336914
4
0.00195312
-12
-0.00585938
-54
-0.0263672
23
0.0112305
-52
-0.0253906
-5
-0.00244141
6
0.00292969
95
0.0463867
-19
-0.00927734
6
0.00292969
-38
-0.0185547
43
0.0209961
15
0.00732422
61
0.0297852
7
0.00341797
15
0.00732422
-5
-0.00244141
-47
-0.0229492
-30
-0.0146484
-51
-0.0249023
-145
-0.0708008
54
0.0263672
-3
-0.00146484
0
0
32
0.015625
-13
-0.00634766
36
0.0175781
-21
-0.0102539
-71
-0.034668
76
0.0371094
-71
-0.034668
32
0.015625
-1
-0.000488281
-37
-0.0180664
-73
-0.0356445
24
0.0117188
13
0.00634766
-47
-0.0229492
-17
-0.00830078
37
0.0180664
4
0.00195312
-50
-0.0244141
-22
-0.0107422
-50
-0.0244141
-34
-0.0166016
5
0.00244141
-26
-0.0126953
17
0.00830078
1
0.000488281
4
0.00195312
-13
-0.00634766
68
0.0332031
17
0.00830078
15
0.00732422
-16
-0.0078125
17
0.00830078
-6
-0.00292969
18
0.00878906
4
0.00195312
26
0.0126953
-30
-0.0146484
4
0.00195312
-43
-0.0209961
25
0.012207
20
0.00976562
28
0.0136719
-15
-0.00732422
25
0.012207
22
0.0107422
11
0.00537109
-55
-0.0268555
-59
-0.0288086
34
0.0166016
51
0.0249023
-20
-0.00976562
66
0.0322266
47
0.0229492
-58
-0.0283203
35
0.0170898
39
0.019043
39
0.019043
63
0.0307617
-4
-0.00195312
72
0.0351562
-26
-0.0126953
-44
-0.0214844
-41
-0.0200195
81
0.0395508
34
0.0166016
-5
-0.00244141
15
0.00732422
-14
-0.00683594
-72
-0.0351562
83
0.0405273
10
0.00488281
-10
-0.00488281
-8
-0.00390625
-9
-0.00439453
-2
-0.000976562
0
0
-58
-0.0283203
-57
-0.027832
-27
-0.0131836
11
0.00537109
-36
-0.0175781
19
0.00927734
-45
-0.0219727
-9
-0.00439453
28
0.0136719
66
0.0322266
-59
-0.0288086
24
0.0117188
11
0.00537109
-13
-0.00634766
2
0.000976562
14
0.00683594
15
0.00732422
55
0.0268555
-2
-0.000976562
14
0.00683594
60
0.0292969
45
0.0219727
-2
-0.000976562
-40
-0.0195312
-55
-0.0268555
-134
-0.0654297
26
0.0126953
17
0.00830078
-55
-0.0268555
15
0.00732422
-10
-0.00488281
44
0.0214844
-51
-0.0249023
-68
-0.0332031
-45
-0.0219727
-41
-0.0200195
15
0.00732422
48
0.0234375
-25
-0.012207
-30
-0.0146484
64
0.03125
-109
-0.0532227
32
0.015625
-1
-0.000488281
-27
-0.0131836
27
0.0131836
58
0.0283203
66
0.0322266
-14
-0.00683594
-65
-0.0317383
-41
-0.0200195
8
0.00390625
-84
-0.0410156
31
0.0151367
1
0.000488281
1
0.000488281
-66
-0.0322266
9
0.00439453
41
0.0200195
-35
-0.0170898
-68
-0.0332031
33
0.0161133
-94
-0.0458984
-101
-0.0493164
-37
-0.0180664
-22
-0.0107422
-3
-0.00146484
3
0.00146484
43
0.0209961
57
0.027832
-20
-0.00976562
12
0.00585938
-22
-0.0107422
10
0.00488281
-2
-0.000976562
0
0
-4
-0.00195312
-28
-0.0136719
-52
-0.0253906
-9
-0.00439453
25
0.012207
-51
-0.0249023
-63
-0.0307617
49
0.0239258
-28
-0.0136719
-11
-0.00537109
59
0.0288086
4
0.00195312
37
0.0180664
-10
-0.00488281
-4
-0.00195312
-53
-0.0258789
34
0.0166016
-5
-0.00244141
52
0.0253906
15
0.00732422
26
0.0126953
82
0.0400391
48
0.0234375
8
0.00390625
53
0.0258789
46
0.0224609
30
0.0146484
52
0.0253906
27
0.0131836
-65
-0.0317383
27
0.0131836
-45
-0.0219727
-7
-0.00341797
5
0.00244141
-21
-0.0102539
-30
-0.0146484
10
0.00488281
-12
-0.00585938
-30
-0.0146484
86
0.0419922
55
0.0268555
-89
-0.043457
-3
-0.00146484
-33
-0.0161133
60
0.0292969
14
0.00683594
-16
-0.0078125
13
0.00634766
17
0.00830078
-34
-0.0166016
22
0.0107422
-43
-0.0209961
-4
-0.00195312
8
0.00390625
-55
-0.0268555
11
0.00537109
77
0.0375977
31
0.0151367
-18
-0.00878906
-21
-0.0102539
-50
-0.0244141
-23
-0.0112305
8
0.00390625
61
0.0297852
16
0.0078125
0
0
-7
-0.00341797
9
0.00439453
14
0.00683594
-97
-0.0473633
52
0.0253906
23
0.0112305
10
0.00488281
60
0.0292969
-15
-0.00732422
20
0.00976562
-8
-0.00390625
-23
-0.0112305
-49
-0.0239258
49
0.0239258
-17
-0.00830078
24
0.0117188
41
0.0200195
9
0.00439453
6
0.00292969
19
0.00927734
35
0.0170898
-17
-0.00830078
-63
-0.0307617
8
0.00390625
-5
-0.00244141
38
0.0185547
4
0.00195312
60
0.0292969
4
0.00195312
9
0.00439453
-100
-0.0488281
-21
-0.0102539
33
0.0161133
-37
-0.0180664
5
0.00244141
-6
-0.00292969
-95
-0.0463867
-26
-0.0126953
56
0.0273438
35
0.0170898
5
0.00244141
33
0.0161133
-73
-0.0356445
65
0.0317383
11
0.00537109
5
0.00244141
-38
-0.0185547
-25
-0.012207
-69
-0.0336914
-48
-0.0234375
45
0.0219727
9
0.00439453
63
0.0307617
27
0.0131836
-29
-0.0141602
-36
-0.0175781
-14
-0.00683594
-13
-0.00634766
31
0.0151367
-53
-0.0258789
-70
-0.0341797
76
0.0371094
16
0.0078125
7
0.00341797
-21
-0.0102539
-87
-0.0424805
75
0.0366211
5
0.00244141
-59
-0.0288086
18
0.00878906
49
0.0239258
-11
-0.00537109
21
0.0102539
50
0.0244141
49
0.0239258
-98
-0.0478516
-23
-0.0112305
41
0.0200195
3
0.00146484
-8
-0.00390625
39
0.019043
-36
-0.0175781
57
0.027832
82
0.0400391
-60
-0.0292969
78
0.0380859
59
0.0288086
65
0.0317383
22
0.0107422
20
0.00976562
30
0.0146484
29
0.0141602
41
0.0200195
23
0.0112305
52
0.0253906
46
0.0224609
32
0.015625
-27
-0.0131836
-34
-0.0166016
1
0.000488281
-32
-0.015625
-96
-0.046875
1
0.000488281
-21
-0.0102539
12
0.00585938
-106
-0.0517578
3
0.00146484
-85
-0.0415039
47
0.0229492
-2
-0.000976562
25
0.012207
-78
-0.0380859
117
0.0571289
-60
-0.0292969
15
0.00732422
25
0.012207
18
0.00878906
64
0.03125
41
0.0200195
-29
-0.0141602
31
0.0151367
11
0.00537109
-40
-0.0195312
-36
-0.0175781
10
0.00488281
-10
-0.00488281
26
0.0126953
49
0.0239258
-36
-0.0175781
28
0.0136719
-21
-0.0102539
-97
-0.0473633
1
0.000488281
-16
-0.0078125
-4
-0.00195312
-49
-0.0239258
3
0.00146484
39
0.019043
34
0.0166016
-11
-0.00537109
4
0.00195312
51
0.0249023
-18
-0.00878906
61
0.0297852
-47
-0.0229492
-59
-0.0288086
0
0
40
0.0195312
31
0.0151367
68
0.0332031
-51
-0.0249023
41
0.0200195
-20
-0.00976562
-31
-0.0151367
-35
-0.0170898
-59
-0.0288086
47
0.0229492
12
0.00585938
-21
-0.0102539
-16
-0.0078125
-27
-0.0131836
13
0.00634766
47
0.0229492
-83
-0.0405273
-56
-0.0273438
-42
-0.0205078
-4
-0.00195312
48
0.0234375
-27
-0.0131836
-64
-0.03125
-56
-0.0273438
-21
-0.0102539
18
0.00878906
-10
-0.00488281
-10
-0.00488281
36
0.0175781
40
0.0195312
-19
-0.00927734
-42
-0.0205078
-111
-0.0541992
-69
-0.0336914
17
0.00830078
-59
-0.0288086
65
0.0317383
-65
-0.0317383
0
0
-2
-0.000976562
18
0.00878906
-39
-0.019043
2
0.000976562
-1
-0.000488281
61
0.0297852
-71
-0.034668
-13
-0.00634766
26
0.0126953
-1
-0.000488281
17
0.00830078
-75
-0.0366211
-22
-0.0107422
-54
-0.0263672
-14
-0.00683594
-80
-0.0390625
-29
-0.0141602
-46
-0.0224609
-50
-0.0244141
-8
-0.00390625
-78
-0.0380859
-35
-0.0170898
-76
-0.0371094
11
0.00537109
93
0.0454102
13
0.00634766
15
0.00732422
87
0.0424805
67
0.0327148
6
0.00292969
-8
-0.00390625
-22
-0.0107422
-3
-0.00146484
42
0.0205078
-72
-0.0351562
-7
-0.00341797
-29
-0.0141602
30
0.0146484
-16
-0.0078125
48
0.0234375
-40
-0.0195312
43
0.0209961
-37
-0.0180664
12
0.00585938
28
0.0136719
-19
-0.00927734
41
0.0200195
5
0.00244141
61
0.0297852
-8
-0.00390625
29
0.0141602
12
0.00585938
17
0.00830078
31
0.0151367
-20
-0.00976562
-66
-0.0322266
-2
-0.000976562
8
0.00390625
-21
-0.0102539
15
0.00732422
-31
-0.0151367
-78
-0.0380859
14
0.00683594
27
0.0131836
-56
-0.0273438
-20
-0.00976562
-9
-0.00439453
-10
-0.00488281
14
0.00683594
54
0.0263672
-12
-0.00585938
21
0.0102539
-21
-0.0102539
19
0.00927734
11
0.00537109
9
0.00439453
11
0.00537109
12
0.00585938
0
0
40
0.0195312
29
0.0141602
1
0.000488281
-30
-0.0146484
21
0.0102539
1
0.000488281
-49
-0.0239258
26
0.0126953
26
0.0126953
36
0.0175781
25
0.012207
-7
-0.00341797
87
0.0424805
11
0.00537109
-8
-0.00390625
3
0.00146484
4
0.00195312
39
0.019043
-2
-0.000976562
44
0.0214844
-17
-0.00830078
6
0.00292969
-41
-0.0200195
26
0.0126953
24
0.0117188
78
0.0380859
29
0.0141602
4
0.00195312
-135
-0.065918
-17
-0.00830078
9
0.00439453
17
0.00830078
-43
-0.0209961
48
0.0234375
31
0.0151367
-8
-0.00390625
-72
-0.0351562
-23
-0.0112305
-43
-0.0209961
33
0.0161133
3
0.00146484
8
0.00390625
29
0.0141602
-8
-0.00390625
6
0.00292969
49
0.0239258
100
0.0488281
19
0.00927734
46
0.0224609
-14
-0.00683594
4
0.00195312
-36
-0.0175781
13
0.00634766
-72
-0.0351562
26
0.0126953
-29
-0.0141602
-14
-0.00683594
-6
-0.00292969
32
0.015625
-73
-0.0356445
38
0.0185547
0
0
3
0.00146484
20
0.00976562
28
0.0136719
18
0.00878906
-67
-0.0327148
1
0.000488281
-75
-0.0366211
-28
-0.0136719
47
0.0229492
57
0.027832
24
0.0117188
8
0.00390625
2
0.000976562
-64
-0.03125
42
0.0205078
-70
-0.0341797
66
0.0322266
19
0.00927734
-27
-0.0131836
37
0.0180664
17
0.00830078
-24
-0.0117188
-28
-0.0136719
6
0.00292969
-15
-0.00732422
18
0.00878906
-30
-0.0146484
-27
-0.0131836
24
0.0117188
33
0.0161133
-11
-0.00537109
110
0.0537109
7
0.00341797
83
0.0405273
10
0.00488281
48
0.0234375
-47
-0.0229492
29
0.0141602
-12
-0.00585938
-16
-0.0078125
21
0.0102539
-41
-0.0200195
-51
-0.0249023
22
0.0107422
-99
-0.0483398
69
0.0336914
42
0.0205078
36
0.0175781
-1
-0.000488281
65
0.0317383
21
0.0102539
23
0.0112305
48
0.0234375
60
0.0292969
41
0.0200195
-13
-0.00634766
-16
-0.0078125
-8
-0.00390625
-24
-0.0117188
51
0.0249023
45
0.0219727
68
0.0332031
-10
-0.00488281
-17
-0.00830078
-13
-0.00634766
-42
-0.0205078
20
0.00976562
-29
-0.0141602
31
0.0151367
6
0.00292969
-121
-0.059082
2
0.000976562
-36
-0.0175781
35
0.0170898
-27
-0.0131836
27
0.0131836
38
0.0185547
-24
-0.0117188
-75
-0.0366211
30
0.0146484
-84
-0.0410156
62
0.0302734
20
0.00976562
-29
-0.0141602
54
0.0263672
-83
-0.0405273
-23
-0.0112305
-29
-0.0141602
22
0.0107422
-4
-0.00195312
20
0.00976562
46
0.0224609
-9
-0.00439453
24
0.0117188
-21
-0.0102539
-47
-0.0229492
-34
-0.0166016
-16
-0.0078125
-29
-0.0141602
7
0.00341797
9
0.00439453
28
0.0136719
-6
-0.00292969
-15
-0.00732422
-12
-0.00585938
37
0.0180664
25
0.012207
1
0.000488281
32
0.015625
20
0.00976562
57
0.027832
-18
-0.00878906
-81
-0.0395508
14
0.00683594
66
0.0322266
20
0.00976562
-55
-0.0268555
63
0.0307617
-16
-0.0078125
-26
-0.0126953
43
0.0209961
70
0.0341797
33
0.0161133
45
0.0219727
107
0.0522461
10
0.00488281
-20
-0.00976562
116
0.0566406
19
0.00927734
-35
-0.0170898
47
0.0229492
13
0.00634766
-63
-0.0307617
41
0.0200195
-58
-0.0283203
-47
-0.0229492
-10
-0.00488281
41
0.0200195
78
0.0380859
-32
-0.015625
-19
-0.00927734
20
0.00976562
53
0.0258789
-49
-0.0239258
67
0.0327148
30
0.0146484
-10
-0.00488281
-12
-0.00585938
-3
-0.00146484
0
0
-13
-0.00634766
-19
-0.00927734
4
0.00195312
-24
-0.0117188
67
0.0327148
11
0.00537109
40
0.0195312
70
0.0341797
62
0.0302734
-20
-0.00976562
-47
-0.0229492
41
0.0200195
48
0.0234375
68
0.0332031
24
0.0117188
5
0.00244141
-54
-0.0263672
-29
-0.0141602
-71
-0.034668
-32
-0.015625
-5
-0.00244141
-38
-0.0185547
47
0.0229492
-15
-0.00732422
15
0.00732422
-39
-0.019043
13
0.00634766
8
0.00390625
180
0.0878906
-8
-0.00390625
-7
-0.00341797
5
0.00244141
1
0.000488281
34
0.0166016
-8
-0.00390625
-47
-0.0229492
-1
-0.000488281
0
0
71
0.034668
52
0.0253906
-41
-0.0200195
9
0.00439453
26
0.0126953
-33
-0.0161133
-105
-0.0512695
21
0.0102539
-17
-0.00830078
44
0.0214844
69
0.0336914
-9
-0.00439453
66
0.0322266
-15
-0.00732422
-81
-0.0395508
48
0.0234375
-71
-0.034668
-31
-0.0151367
3
0.00146484
24
0.0117188
37
0.0180664
16
0.0078125
-14
-0.00683594
53
0.0258789
16
0.0078125
-51
-0.0249023
4
0.00195312
0
0
-98
-0.0478516
-44
-0.0214844
10
0.00488281
-59
-0.0288086
87
0.0424805
7
0.00341797
18
0.00878906
-17
-0.00830078
23
0.0112305
-8
-0.00390625
-48
-0.0234375
41
0.0200195
-27
-0.0131836
-88
-0.0429688
56
0.0273438
4
0.00195312
-27
-0.0131836
45
0.0219727
-9
-0.00439453
70
0.0341797
-106
-0.0517578
-32
-0.015625
67
0.0327148
28
0.0136719
-21
-0.0102539
34
0.0166016
31
0.0151367
29
0.0141602
-9
-0.00439453
8
0.00390625
-79
-0.0385742
13
0.00634766
105
0.0512695
28
0.0136719
-47
-0.0229492
55
0.0268555
7
0.00341797
26
0.0126953
18
0.00878906
-95
-0.0463867
-19
-0.00927734
7
0.00341797
60
0.0292969
-86
-0.0419922
20
0.00976562
12
0.00585938
-5
-0.00244141
4
0.00195312
17
0.00830078
14
0.00683594
11
0.00537109
98
0.0478516
4
0.00195312
-15
-0.00732422
82
0.0400391
13
0.00634766
-8
-0.00390625
3
0.00146484
27
0.0131836
24
0.0117188
30
0.0146484
9
0.00439453
-29
-0.0141602
44
0.0214844
31
0.0151367
-31
-0.0151367
81
0.0395508
54
0.0263672
51
0.0249023
9
0.00439453
75
0.0366211
-13
-0.00634766
30
0.0146484
-49
-0.0239258
23
0.0112305
-42
-0.0205078
44
0.0214844
-8
-0.00390625
30
0.0146484
-7
-0.00341797
49
0.0239258
4
0.00195312
-103
-0.050293
17
0.00830078
-39
-0.019043
-29
-0.0141602
17
0.00830078
-53
-0.0258789
-34
-0.0166016
48
0.0234375
-22
-0.0107422
-27
-0.0131836
-110
-0.0537109
22
0.0107422
-120
-0.0585938
3
0.00146484
-142
-0.0693359
38
0.0185547
13
0.00634766
64
0.03125
82
0.0400391
-8
-0.00390625
-42
-0.0205078
-40
-0.0195312
-61
-0.0297852
3
0.00146484
15
0.00732422
-84
-0.0410156
56
0.0273438
23
0.0112305
-38
-0.0185547
-48
-0.0234375
7
0.00341797
15
0.00732422
-5
-0.00244141
-19
-0.00927734
-67
-0.0327148
-28
-0.0136719
-19
-0.00927734
-8
-0.00390625
-98
-0.0478516
29
0.0141602
-101
-0.0493164
-44
-0.0214844
52
0.0253906
87
0.0424805
-19
-0.00927734
-52
-0.0253906
-9
-0.00439453
1
0.000488281
19
0.00927734
13
0.00634766
-42
-0.0205078
-57
-0.027832
-64
-0.03125
37
0.0180664
-91
-0.0444336
-27
-0.0131836
-23
-0.0112305
-14
-0.00683594
26
0.0126953
14
0.00683594
-17
-0.00830078
-42
-0.0205078
13
0.00634766
-89
-0.043457
66
0.0322266
-83
-0.0405273
-53
-0.0258789
16
0.0078125
22
0.0107422
18
0.00878906
-36
-0.0175781
-2
-0.000976562
-30
-0.0146484
88
0.0429688
20
0.00976562
62
0.0302734
-64
-0.03125
-1
-0.000488281
-25
-0.012207
-33
-0.0161133
-45
-0.0219727
42
0.0205078
-10
-0.00488281
13
0.00634766
-28
-0.0136719
12
0.00585938
45
0.0219727
34
0.0166016
71
0.034668
10
0.00488281
-4
-0.00195312
3
0.00146484
110
0.0537109
32
0.015625
55
0.0268555
-18
-0.00878906
-85
-0.0415039
-19
-0.00927734
5
0.00244141
26
0.0126953
-17
-0.00830078
36
0.0175781
-109
-0.0532227
-21
-0.0102539
-62
-0.0302734
-40
-0.0195312
39
0.019043
-16
-0.0078125
13
0.00634766
-25
-0.012207
72
0.0351562
42
0.0205078
-51
-0.0249023
43
0.0209961
44
0.0214844
3
0.00146484
99
0.0483398
-38
-0.0185547
-12
-0.00585938
-7
-0.00341797
19
0.00927734
-82
-0.0400391
106
0.0517578
-3
-0.00146484
-31
-0.0151367
-23
-0.0112305
21
0.0102539
7
0.00341797
20
0.00976562
-56
-0.0273438
-38
-0.0185547
-2
-0.000976562
-29
-0.0141602
7
0.00341797
-26
-0.0126953
-50
-0.0244141
49
0.0239258
51
0.0249023
-4
-0.00195312
-29
-0.0141602
51
0.0249023
-22
-0.0107422
-3
-0.00146484
-33
-0.0161133
-26
-0.0126953
16
0.0078125
1
0.000488281
10
0.00488281
78
0.0380859
-54
-0.0263672
76
0.0371094
9
0.00439453
18
0.00878906
-27
-0.0131836
63
0.0307617
26
0.0126953
-24
-0.0117188
42
0.0205078
-5
-0.00244141
32
0.015625
57
0.027832
11
0.00537109
58
0.0283203
-26
-0.0126953
62
0.0302734
-81
-0.0395508
-68
-0.0332031
40
0.0195312
15
0.00732422
19
0.00927734
-48
-0.0234375
66
0.0322266
20
0.00976562
83
0.0405273
25
0.012207
11
0.00537109
-50
-0.0244141
-10
-0.00488281
2
0.000976562
27
0.0131836
-34
-0.0166016
-73
-0.0356445
90
0.0439453
-9
-0.00439453
34
0.0166016
-11
-0.00537109
7
0.00341797
-19
-0.00927734
17
0.00830078
-25
-0.012207
-25
-0.012207
-28
-0.0136719
-19
-0.00927734
-47
-0.0229492
36
0.0175781
-47
-0.0229492
97
0.0473633
-23
-0.0112305
36
0.0175781
17
0.00830078
-81
-0.0395508
-32
-0.015625
60
0.0292969
-14
-0.00683594
-49
-0.0239258
21
0.0102539
-66
-0.0322266
10
0.00488281
28
0.0136719
-59
-0.0288086
-55
-0.0268555
13
0.00634766
27
0.0131836
45
0.0219727
61
0.0297852
30
0.0146484
-67
-0.0327148
-28
-0.0136719
-45
-0.0219727
5
0.00244141
21
0.0102539
-33
-0.0161133
0
0
-26
-0.0126953
8
0.00390625
-39
-0.019043
-19
-0.00927734
32
0.015625
7
0.00341797
55
0.0268555
25
0.012207
27
0.0131836
56
0.0273438
65
0.0317383
26
0.0126953
-12
-0.00585938
44
0.0214844
-36
-0.0175781
-50
-0.0244141
41
0.0200195
12
0.00585938
5
0.00244141
-4
-0.00195312
74
0.0361328
-25
-0.012207
34
0.0166016
-83
-0.0405273
-39
-0.019043
-36
-0.0175781
46
0.0224609
-38
-0.0185547
30
0.0146484
-10
-0.00488281
16
0.0078125
-18
-0.00878906
-39
-0.019043
-75
-0.0366211
-32
-0.015625
20
0.00976562
-13
-0.00634766
-58
-0.0283203
48
0.0234375
51
0.0249023
-37
-0.0180664
-32
-0.015625
-45
-0.0219727
0
0
-44
-0.0214844
71
0.034668
108
0.0527344
-69
-0.0336914
51
0.0249023
-5
-0.00244141
36
0.0175781
-54
-0.0263672
37
0.0180664
-37
-0.0180664
-21
-0.0102539
-6
-0.00292969
8
0.00390625
-32
-0.015625
38
0.0185547
12
0.00585938
-12
-0.00585938
-8
-0.00390625
-22
-0.0107422
45
0.0219727
-28
-0.0136719
37
0.0180664
34
0.0166016
-97
-0.0473633
-15
-0.00732422
-1
-0.000488281
8
0.00390625
75
0.0366211
47
0.0229492
2
0.000976562
17
0.00830078
26
0.0126953
80
0.0390625
15
0.00732422
48
0.0234375
-7
-0.00341797
-20
-0.00976562
13
0.00634766
-65
-0.0317383
11
0.00537109
-26
-0.0126953
-13
-0.00634766
19
0.00927734
-22
-0.0107422
-34
-0.0166016
70
0.0341797
39
0.019043
2
0.000976562
0
0
-50
-0.0244141
21
0.0102539
-3
-0.00146484
-8
-0.00390625
14
0.00683594
68
0.0332031
93
0.0454102
75
0.0366211
39
0.019043
56
0.0273438
-86
-0.0419922
78
0.0380859
58
0.0283203
50
0.0244141
-10
-0.00488281
14
0.00683594
-37
-0.0180664
3
0.00146484
7
0.00341797
26
0.0126953
-36
-0.0175781
-23
-0.0112305
-82
-0.0400391
6
0.00292969
9
0.00439453
-114
-0.0556641
-66
-0.0322266
-32
-0.015625
33
0.0161133
31
0.0151367
74
0.0361328
-33
-0.0161133
-46
-0.0224609
33
0.0161133
-3
-0.00146484
39
0.019043
-55
-0.0268555
9
0.00439453
-32
-0.015625
-47
-0.0229492
78
0.0380859
-11
-0.00537109
-40
-0.0195312
-64
-0.03125
-2
-0.000976562
-12
-0.00585938
47
0.0229492
47
0.0229492
-11
-0.00537109
-11
-0.00537109
74
0.0361328
53
0.0258789
130
0.0634766
-9
-0.00439453
70
0.0341797
12
0.00585938
-5
-0.00244141
16
0.0078125
-2
-0.000976562
42
0.0205078
-20
-0.00976562
-10
-0.00488281
-3
-0.00146484
-52
-0.0253906
-102
-0.0498047
14
0.00683594
49
0.0239258
14
0.00683594
24
0.0117188
-52
-0.0253906
33
0.0161133
-30
-0.0146484
62
0.0302734
10
0.00488281
47
0.0229492
38
0.0185547
-48
-0.0234375
-16
-0.0078125
-58
-0.0283203
57
0.027832
125
0.0610352
18
0.00878906
-101
-0.0493164
-5
-0.00244141
-88
-0.0429688
51
0.0249023
-100
-0.0488281
29
0.0141602
-11
-0.00537109
-42
-0.0205078
38
0.0185547
12
0.00585938
-58
-0.0283203
-21
-0.0102539
-3
-0.00146484
42
0.0205078
-10
-0.00488281
-21
-0.0102539
-38
-0.0185547
32
0.015625
-46
-0.0224609
1
0.000488281
25
0.012207
-42
-0.0205078
3
0.00146484
-20
-0.00976562
-91
-0.0444336
31
0.0151367
-55
-0.0268555
-64
-0.03125
-104
-0.0507812
-18
-0.00878906
10
0.00488281
-19
-0.00927734
63
0.0307617
-28
-0.0136719
-7
-0.00341797
9
0.00439453
-12
-0.00585938
12
0.00585938
6
0.00292969
-40
-0.0195312
-19
-0.00927734
-8
-0.00390625
-44
-0.0214844
11
0.00537109
8
0.00390625
41
0.0200195
-49
-0.0239258
46
0.0224609
12
0.00585938
20
0.00976562
-44
-0.0214844
-7
-0.00341797
68
0.0332031
-38
-0.0185547
60
0.0292969
17
0.00830078
-18
-0.00878906
101
0.0493164
-45
-0.0219727
-3
-0.00146484
-97
-0.0473633
53
0.0258789
8
0.00390625
28
0.0136719
54
0.0263672
27
0.0131836
-10
-0.00488281
29
0.0141602
-63
-0.0307617
-90
-0.0439453
7
0.00341797
8
0.00390625
9
0.00439453
4
0.00195312
24
0.0117188
63
0.0307617
-40
-0.0195312
2
0.000976562
-32
-0.015625
46
0.0224609
-50
-0.0244141
-88
-0.0429688
33
0.0161133
-10
-0.00488281
-48
-0.0234375
-3
-0.00146484
-34
-0.0166016
-29
-0.0141602
44
0.0214844
-44
-0.0214844
21
0.0102539
22
0.0107422
-3
-0.00146484
32
0.015625
-63
-0.0307617
-41
-0.0200195
-48
-0.0234375
-74
-0.0361328
41
0.0200195
3
0.00146484
-74
-0.0361328
-20
-0.00976562
16
0.0078125
8
0.00390625
-80
-0.0390625
67
0.0327148
9
0.00439453
0
0
-30
-0.0146484
-15
-0.00732422
53
0.0258789
-23
-0.0112305
-104
-0.0507812
-10
-0.00488281
-2
-0.000976562
-26
-0.0126953
50
0.0244141
15
0.00732422
-25
-0.012207
77
0.0375977
41
0.0200195
23
0.0112305
-63
-0.0307617
-9
-0.00439453
86
0.0419922
31
0.0151367
70
0.0341797
-16
-0.0078125
35
0.0170898
28
0.0136719
-41
-0.0200195
38
0.0185547
54
0.0263672
-18
-0.00878906
-4
-0.00195312
-34
-0.0166016
-3
-0.00146484
-32
-0.015625
42
0.0205078
-51
-0.0249023
-24
-0.0117188
22
0.0107422
55
0.0268555
62
0.0302734
12
0.00585938
14
0.00683594
52
0.0253906
-19
-0.00927734
-35
-0.0170898
-15
-0.00732422
-6
-0.00292969
-4
-0.00195312
34
0.0166016
23
0.0112305
10
0.00488281
26
0.0126953
-31
-0.0151367
-41
-0.0200195
-93
-0.0454102
-37
-0.0180664
-79
-0.0385742
102
0.0498047
49
0.0239258
-72
-0.0351562
-61
-0.0297852
41
0.0200195
-13
-0.00634766
-30
-0.0146484
-21
-0.0102539
-50
-0.0244141
44
0.0214844
-28
-0.0136719
28
0.0136719
47
0.0229492
-5
-0.00244141
-12
-0.00585938
13
0.00634766
-55
-0.0268555
106
0.0517578
-40
-0.0195312
33
0.0161133
-48
-0.0234375
-6
-0.00292969
-16
-0.0078125
-82
-0.0400391
-20
-0.00976562
-26
-0.0126953
-5
-0.00244141
-7
-0.00341797
5
0.00244141
90
0.0439453
-61
-0.0297852
31
0.0151367
54
0.0263672
-16
-0.0078125
46
0.0224609
-57
-0.027832
-2
-0.000976562
29
0.0141602
73
0.0356445
-63
-0.0307617
20
0.00976562
-16
-0.0078125
10
0.00488281
-25
-0.012207
76
0.0371094
68
0.0332031
63
0.0307617
-37
-0.0180664
-56
-0.0273438
5
0.00244141
3
0.00146484
17
0.00830078
91
0.0444336
-69
-0.0336914
9
0.00439453
-6
-0.00292969
26
0.0126953
30
0.0146484
14
0.00683594
46
0.0224609
6
0.00292969
51
0.0249023
-27
-0.0131836
22
0.0107422
-35
-0.0170898
94
0.0458984
5
0.00244141
15
0.00732422
3
0.00146484
-2
-0.000976562
-6
-0.00292969
32
0.015625
20
0.00976562
-53
-0.0258789
14
0.00683594
-9
-0.00439453
18
0.00878906
85
0.0415039
54
0.0263672
-29
-0.0141602
-49
-0.0239258
50
0.0244141
10
0.00488281
73
0.0356445
70
0.0341797
-20
-0.00976562
-74
-0.0361328
49
0.0239258
-18
-0.00878906
69
0.0336914
55
0.0268555
-98
-0.0478516
11
0.00537109
-2
-0.000976562
-12
-0.00585938
20
0.00976562
-45
-0.0219727
92
0.0449219
-26
-0.0126953
67
0.0327148
-18
-0.00878906
-23
-0.0112305
59
0.0288086
56
0.0273438
16
0.0078125
63
0.0307617
69
0.0336914
93
0.0454102
7
0.00341797
-75
-0.0366211
20
0.00976562
17
0.00830078
-55
-0.0268555
76
0.0371094
34
0.0166016
-1
-0.000488281
-82
-0.0400391
38
0.0185547
-14
-0.00683594
-28
-0.0136719
10
0.00488281
-16
-0.0078125
-45
-0.0219727
159
0.0776367
-34
-0.0166016
61
0.0297852
33
0.0161133
32
0.015625
0
0
-38
-0.0185547
17
0.00830078
-99
-0.0483398
-11
-0.00537109
-66
-0.0322266
65
0.0317383
29
0.0141602
-50
-0.0244141
56
0.0273438
-4
-0.00195312
-19
-0.00927734
-22
-0.0107422
-17
-0.00830078
-18
-0.00878906
53
0.0258789
53
0.0258789
2
0.000976562
92
0.0449219
-59
-0.0288086
-39
-0.019043
-11
-0.00537109
15
0.00732422
-101
-0.0493164
-11
-0.00537109
-9
-0.00439453
-52
-0.0253906
7
0.00341797
-11
-0.00537109
-23
-0.0112305
20
0.00976562
17
0.00830078
2
0.000976562
50
0.0244141
27
0.0131836
-43
-0.0209961
-3
-0.00146484
20
0.00976562
61
0.0297852
-44
-0.0214844
17
0.00830078
29
0.0141602
14
0.00683594
-1
-0.000488281
81
0.0395508
-67
-0.0327148
6
0.00292969
18
0.00878906
29
0.0141602
-13
-0.00634766
36
0.0175781
12
0.00585938
95
0.0463867
29
0.0141602
59
0.0288086
19
0.00927734
10
0.00488281
-28
-0.0136719
-18
-0.00878906
130
0.0634766
-94
-0.0458984
-50
-0.0244141
9
0.00439453
-109
-0.0532227
-9
-0.00439453
1
0.000488281
-40
-0.0195312
-24
-0.0117188
-12
-0.00585938
-11
-0.00537109
73
0.0356445
-87
-0.0424805
2
0.000976562
-92
-0.0449219
-11
-0.00537109
4
0.00195312
3
0.00146484
17
0.00830078
-6
-0.00292969
76
0.0371094
40
0.0195312
-27
-0.0131836
-25
-0.012207
-18
-0.00878906
-39
-0.019043
56
0.0273438
-32
-0.015625
-12
-0.00585938
55
0.0268555
12
0.00585938
26
0.0126953
8
0.00390625
-55
-0.0268555
16
0.0078125
5
0.00244141
-14
-0.00683594
41
0.0200195
-22
-0.0107422
-2
-0.000976562
-36
-0.0175781
-17
-0.00830078
29
0.0141602
-15
-0.00732422
10
0.00488281
-8
-0.00390625
-35
-0.0170898
7
0.00341797
25
0.012207
-18
-0.00878906
24
0.0117188
50
0.0244141
69
0.0336914
27
0.0131836
34
0.0166016
2
0.000976562
-12
-0.00585938
19
0.00927734
-34
-0.0166016
37
0.0180664
-87
-0.0424805
-24
-0.0117188
-8
-0.00390625
57
0.027832
-19
-0.00927734
77
0.0375977
91
0.0444336
54
0.0263672
-17
-0.00830078
-23
-0.0112305
27
0.0131836
31
0.0151367
-18
-0.00878906
-45
-0.0219727
-27
-0.0131836
15
0.00732422
-6
-0.00292969
-25
-0.012207
114
0.0556641
35
0.0170898
-43
-0.0209961
30
0.0146484
7
0.00341797
38
0.0185547
25
0.012207
-28
-0.0136719
51
0.0249023
-50
-0.0244141
129
0.0629883
14
0.00683594
23
0.0112305
-30
-0.0146484
5
0.00244141
8
0.00390625
8
0.00390625
10
0.00488281
30
0.0146484
109
0.0532227
95
0.0463867
-34
-0.0166016
68
0.0332031
13
0.00634766
-17
-0.00830078
13
0.00634766
-12
-0.00585938
-40
-0.0195312
-31
-0.0151367
12
0.00585938
16
0.0078125
24
0.0117188
64
0.03125
-13
-0.00634766
26
0.0126953
28
0.0136719
-51
-0.0249023
-10
-0.00488281
45
0.0219727
52
0.0253906
44
0.0214844
-6
-0.00292969
-17
-0.00830078
-69
-0.0336914
-50
-0.0244141
7
0.00341797
-33
-0.0161133
35
0.0170898
-46
-0.0224609
-8
-0.00390625
27
0.0131836
23
0.0112305
-30
-0.0146484
-1
-0.000488281
-35
-0.0170898
22
0.0107422
95
0.0463867
9
0.00439453
44
0.0214844
44
0.0214844
57
0.027832
-80
-0.0390625
-26
-0.0126953
-32
-0.015625
-56
-0.0273438
12
0.00585938
44
0.0214844
54
0.0263672
-41
-0.0200195
24
0.0117188
-55
-0.0268555
12
0.00585938
-18
-0.00878906
-70
-0.0341797
-21
-0.0102539
-23
-0.0112305
86
0.0419922
34
0.0166016
-1
-0.000488281
-21
-0.0102539
14
0.00683594
3
0.00146484
0
0
50
0.0244141
-43
-0.0209961
9
0.00439453
9
0.00439453
44
0.0214844
-14
-0.00683594
52
0.0253906
-29
-0.0141602
0
0
-55
-0.0268555
87
0.0424805
60
0.0292969
25
0.012207
96
0.046875
-80
-0.0390625
7
0.00341797
35
0.0170898
27
0.0131836
-5
-0.00244141
-9
-0.00439453
-38
-0.0185547
-47
-0.0229492
58
0.0283203
-18
-0.00878906
39
0.019043
-54
-0.0263672
39
0.019043
12
0.00585938
-113
-0.0551758
-33
-0.0161133
-38
-0.0185547
-6
-0.00292969
25
0.012207
-1
-0.000488281
-51
-0.0249023
-12
-0.00585938
-74
-0.0361328
23
0.0112305
29
0.0141602
-25
-0.012207
-44
-0.0214844
3
0.00146484
-14
-0.00683594
46
0.0224609
-18
-0.00878906
116
0.0566406
-25
-0.012207
-5
-0.00244141
-12
-0.00585938
-25
-0.012207
-27
-0.0131836
144
0.0703125
-27
-0.0131836
-87
-0.0424805
-46
-0.0224609
-48
-0.0234375
24
0.0117188
-38
-0.0185547
-60
-0.0292969
-38
-0.0185547
-81
-0.0395508
-19
-0.00927734
49
0.0239258
-51
-0.0249023
-27
-0.0131836
57
0.027832
53
0.0258789
-101
-0.0493164
81
0.0395508
22
0.0107422
-24
-0.0117188
40
0.0195312
80
0.0390625
44
0.0214844
76
0.0371094
24
0.0117188
-29
-0.0141602
-46
-0.0224609
0
0
44
0.0214844
76
0.0371094
-45
-0.0219727
22
0.0107422
-56
-0.0273438
6
0.00292969
-61
-0.0297852
103
0.050293
-3
-0.00146484
-42
-0.0205078
-128
-0.0625
3
0.00146484
44
0.0214844
7
0.00341797
5
0.00244141
-8
-0.00390625
18
0.00878906
42
0.0205078
66
0.0322266
19
0.00927734
34
0.0166016
75
0.0366211
-4
-0.00195312
11
0.00537109
10
0.00488281
-33
-0.0161133
-62
-0.0302734
-9
-0.00439453
-4
-0.00195312
40
0.0195312
21
0.0102539
-48
-0.0234375
15
0.00732422
-41
-0.0200195
-9
-0.00439453
-12
-0.00585938
-36
-0.0175781
46
0.0224609
52
0.0253906
5
0.00244141
-31
-0.0151367
-58
-0.0283203
45
0.0219727
-11
-0.00537109
25
0.012207
-32
-0.015625
-66
-0.0322266
-88
-0.0429688
-51
-0.0249023
-9
-0.00439453
26
0.0126953
-30
-0.0146484
-4
-0.00195312
-29
-0.0141602
-69
-0.0336914
-14
-0.00683594
39
0.019043
47
0.0229492
55
0.0268555
-20
-0.00976562
84
0.0410156
-18
-0.00878906
-13
-0.00634766
-13
-0.00634766
21
0.0102539
9
0.00439453
20
0.00976562
-50
-0.0244141
-33
-0.0161133
-40
-0.0195312
34
0.0166016
19
0.00927734
25
0.012207
52
0.0253906
-51
-0.0249023
42
0.0205078
12
0.00585938
-38
-0.0185547
-35
-0.0170898
-38
-0.0185547
-97
-0.0473633
-6
-0.00292969
102
0.0498047
3
0.00146484
-5
-0.00244141
-71
-0.034668
54
0.0263672
33
0.0161133
-6
-0.00292969
22
0.0107422
48
0.0234375
64
0.03125
-10
-0.00488281
-71
-0.034668
14
0.00683594
12
0.00585938
6
0.00292969
24
0.0117188
17
0.00830078
25
0.012207
-60
-0.0292969
70
0.0341797
25
0.012207
9
0.00439453
44
0.0214844
5
0.00244141
-19
-0.00927734
62
0.0302734
-61
-0.0297852
22
0.0107422
-42
-0.0205078
23
0.0112305
46
0.0224609
27
0.0131836
22
0.0107422
22
0.0107422
105
0.0512695
-4
-0.00195312
16
0.0078125
-27
-0.0131836
-80
-0.0390625
12
0.00585938
12
0.00585938
33
0.0161133
-36
-0.0175781
-10
-0.00488281
-91
-0.0444336
-39
-0.019043
-11
-0.00537109
49
0.0239258
41
0.0200195
-80
-0.0390625
45
0.0219727
3
0.00146484
-48
-0.0234375
63
0.0307617
-9
-0.00439453
-32
-0.015625
-35
-0.0170898
7
0.00341797
33
0.0161133
39
0.019043
49
0.0239258
-51
-0.0249023
-75
-0.0366211
11
0.00537109
-68
-0.0332031
81
0.0395508
-49
-0.0239258
-3
-0.00146484
25
0.012207
1
0.000488281
-43
-0.0209961
-55
-0.0268555
21
0.0102539
-3
-0.00146484
-98
-0.0478516
23
0.0112305
45
0.0219727
-4
-0.00195312
35
0.0170898
6
0.00292969
-47
-0.0229492
89
0.043457
-42
-0.0205078
7
0.00341797
-21
-0.0102539
2
0.000976562
14
0.00683594
-8
-0.00390625
40
0.0195312
-13
-0.00634766
0
0
54
0.0263672
37
0.0180664
9
0.00439453
24
0.0117188
18
0.00878906
5
0.00244141
-144
-0.0703125
45
0.0219727
12
0.00585938
-5
-0.00244141
-4
-0.00195312
-15
-0.00732422
27
0.0131836
45
0.0219727
-12
-0.00585938
13
0.00634766
-70
-0.0341797
-21
-0.0102539
18
0.00878906
2
0.000976562
53
0.0258789
11
0.00537109
-36
-0.0175781
1
0.000488281
-43
-0.0209961
35
0.0170898
83
0.0405273
-43
-0.0209961
-23
-0.0112305
-15
-0.00732422
2
0.000976562
-25
-0.012207
-1
-0.000488281
14
0.00683594
-51
-0.0249023
12
0.00585938
-3
-0.00146484
106
0.0517578
82
0.0400391
-21
-0.0102539
48
0.0234375
21
0.0102539
13
0.00634766
-50
-0.0244141
-25
-0.012207
11
0.00537109
10
0.00488281
85
0.0415039
-15
-0.00732422
-61
-0.0297852
-18
-0.00878906
11
0.00537109
-43
-0.0209961
13
0.00634766
24
0.0117188
2
0.000976562
-6
-0.00292969
93
0.0454102
1
0.000488281
26
0.0126953
50
0.0244141
91
0.0444336
8
0.00390625
106
0.0517578
-28
-0.0136719
45
0.0219727
21
0.0102539
-23
-0.0112305
-33
-0.0161133
-71
-0.034668
49
0.0239258
-2
-0.000976562
-46
-0.0224609
57
0.027832
75
0.0366211
-49
-0.0239258
9
0.00439453
-24
-0.0117188
12
0.00585938
129
0.0629883
-43
-0.0209961
-43
-0.0209961
-7
-0.00341797
42
0.0205078
52
0.0253906
-29
-0.0141602
-34
-0.0166016
40
0.0195312
48
0.0234375
54
0.0263672
10
0.00488281
-20
-0.00976562
46
0.0224609
-56
-0.0273438
34
0.0166016
-39
-0.019043
-52
-0.0253906
32
0.015625
-13
-0.00634766
6
0.00292969
2
0.000976562
-21
-0.0102539
-17
-0.00830078
70
0.0341797
5
0.00244141
24
0.0117188
-101
-0.0493164
43
0.0209961
8
0.00390625
0
0
79
0.0385742
-2
-0.000976562
53
0.0258789
41
0.0200195
-37
-0.0180664
-18
-0.00878906
46
0.0224609
-7
-0.00341797
-17
-0.00830078
34
0.0166016
74
0.0361328
62
0.0302734
70
0.0341797
76
0.0371094
-50
-0.0244141
4
0.00195312
1
0.000488281
64
0.03125
3
0.00146484
-34
-0.0166016
65
0.0317383
-8
-0.00390625
-20
-0.00976562
-72
-0.0351562
-21
-0.0102539
56
0.0273438
-30
-0.0146484
1
0.000488281
-23
-0.0112305
53
0.0258789
29
0.0141602
32
0.015625
17
0.00830078
36
0.0175781
34
0.0166016
66
0.0322266
-87
-0.0424805
7
0.00341797
-21
-0.0102539
-38
-0.0185547
-48
-0.0234375
11
0.00537109
39
0.019043
-46
-0.0224609
-54
-0.0263672
-22
-0.0107422
-1
-0.000488281
52
0.0253906
-18
-0.00878906
-23
-0.0112305
6
0.00292969
84
0.0410156
-13
-0.00634766
-18
-0.00878906
-88
-0.0429688
81
0.0395508
25
0.012207
-50
-0.0244141
-57
-0.027832
30
0.0146484
-22
-0.0107422
6
0.00292969
-38
-0.0185547
-86
-0.0419922
-22
-0.0107422
-29
-0.0141602
-67
-0.0327148
125
0.0610352
2
0.000976562
19
0.00927734
-60
-0.0292969
58
0.0283203
-43
-0.0209961
18
0.00878906
-93
-0.0454102
16
0.0078125
7
0.00341797
-80
-0.0390625
-3
-0.00146484
-27
-0.0131836
-13
-0.00634766
1
0.000488281
16
0.0078125
-84
-0.0410156
-24
-0.0117188
72
0.0351562
-26
-0.0126953
-25
-0.012207
-43
-0.0209961
-69
-0.0336914
26
0.0126953
-123
-0.0600586
15
0.00732422
61
0.0297852
39
0.019043
-47
-0.0229492
-22
-0.0107422
79
0.0385742
145
0.0708008
17
0.00830078
32
0.015625
7
0.00341797
48
0.0234375
15
0.00732422
-21
-0.0102539
-5
-0.00244141
-35
-0.0170898
-17
-0.00830078
15
0.00732422
48
0.0234375
12
0.00585938
-14
-0.00683594
-3
-0.00146484
29
0.0141602
-34
-0.0166016
49
0.0239258
31
0.0151367
39
0.019043
16
0.0078125
75
0.0366211
41
0.0200195
-19
-0.00927734
54
0.0263672
-5
-0.00244141
14
0.00683594
25
0.012207
-43
-0.0209961
71
0.034668
-16
-0.0078125
-2
-0.000976562
-12
-0.00585938
-50
-0.0244141
101
0.0493164
-68
-0.0332031
69
0.0336914
7
0.00341797
-17
-0.00830078
-46
-0.0224609
-67
-0.0327148
98
0.0478516
22
0.0107422
-59
-0.0288086
43
0.0209961
40
0.0195312
37
0.0180664
-32
-0.015625
1
0.000488281
49
0.0239258
27
0.0131836
-56
-0.0273438
12
0.00585938
53
0.0258789
46
0.0224609
63
0.0307617
66
0.0322266
-147
-0.0717773
1
0.000488281
64
0.03125
6
0.00292969
-5
-0.00244141
32
0.015625
-30
-0.0146484
34
0.0166016
-15
-0.00732422
0
0
47
0.0229492
97
0.0473633
107
0.0522461
12
0.00585938
15
0.00732422
13
0.00634766
29
0.0141602
-56
-0.0273438
22
0.0107422
6
0.00292969
-10
-0.00488281
-35
-0.0170898
-30
-0.0146484
31
0.0151367
-115
-0.0561523
-26
-0.0126953
-44
-0.0214844
-11
-0.00537109
19
0.00927734
-5
-0.00244141
-28
-0.0136719
-24
-0.0117188
-50
-0.0244141
12
0.00585938
-21
-0.0102539
-71
-0.034668
-26
-0.0126953
-56
-0.0273438
17
0.00830078
-44
-0.0214844
-75
-0.0366211
2
0.000976562
15
0.00732422
-6
-0.00292969
11
0.00537109
30
0.0146484
5
0.00244141
-25
-0.012207
58
0.0283203
-32
-0.015625
71
0.034668
80
0.0390625
-87
-0.0424805
-88
-0.0429688
37
0.0180664
-74
-0.0361328
-50
-0.0244141
47
0.0229492
6
0.00292969
-9
-0.00439453
33
0.0161133
28
0.0136719
38
0.0185547
-13
-0.00634766
-24
-0.0117188
-70
-0.0341797
-8
-0.00390625
-31
-0.0151367
-37
-0.0180664
56
0.0273438
-29
-0.0141602
23
0.0112305
-15
-0.00732422
-54
-0.0263672
23
0.0112305
-23
-0.0112305
-4
-0.00195312
-26
-0.0126953
30
0.0146484
-8
-0.00390625
-36
-0.0175781
-34
-0.0166016
-30
-0.0146484
-22
-0.0107422
-32
-0.015625
15
0.00732422
3
0.00146484
41
0.0200195
-63
-0.0307617
-2
-0.000976562
3
0.00146484
-67
-0.0327148
-95
-0.0463867
8
0.00390625
-12
-0.00585938
50
0.0244141
80
0.0390625
6
0.00292969
-50
-0.0244141
-2
-0.000976562
-60
-0.0292969
39
0.019043
6
0.00292969
-29
-0.0141602
8
0.00390625
23
0.0112305
34
0.0166016
24
0.0117188
-49
-0.0239258
29
0.0141602
-85
-0.0415039
52
0.0253906
-66
-0.0322266
13
0.00634766
-6
-0.00292969
39
0.019043
-60
-0.0292969
16
0.0078125
-90
-0.0439453
11
0.00537109
12
0.00585938
32
0.015625
25
0.012207
-16
-0.0078125
-20
-0.00976562
-35
-0.0170898
54
0.0263672
-122
-0.0595703
38
0.0185547
-72
-0.0351562
-16
-0.0078125
-38
-0.0185547
19
0.00927734
-56
-0.0273438
26
0.0126953
-1
-0.000488281
-24
-0.0117188
-92
-0.0449219
-29
-0.0141602
27
0.0131836
6
0.00292969
-42
-0.0205078
-5
-0.00244141
-80
-0.0390625
40
0.0195312
-26
-0.0126953
19
0.00927734
-8
-0.00390625
-79
-0.0385742
-18
-0.00878906
11
0.00537109
8
0.00390625
-79
-0.0385742
11
0.00537109
-47
-0.0229492
25
0.012207
-1
-0.000488281
-6
-0.00292969
-38
-0.0185547
-3
-0.00146484
-31
-0.0151367
-19
-0.00927734
3
0.00146484
-45
-0.0219727
-47
-0.0229492
-44
-0.0214844
7
0.00341797
-93
-0.0454102
70
0.0341797
10
0.00488281
-65
-0.0317383
47
0.0229492
73
0.0356445
-100
-0.0488281
-53
-0.0258789
37
0.0180664
-81
-0.0395508
-31
-0.0151367
10
0.00488281
-37
-0.0180664
-19
-0.00927734
-7
-0.00341797
-59
-0.0288086
9
0.00439453
-10
-0.00488281
-40
-0.0195312
-55
-0.0268555
-63
-0.0307617
19
0.00927734
26
0.0126953
-40
-0.0195312
24
0.0117188
-18
-0.00878906
-41
-0.0200195
-47
-0.0229492
-22
-0.0107422
13
0.00634766
28
0.0136719
8
0.00390625
-2
-0.000976562
60
0.0292969
-39
-0.019043
-38
-0.0185547
16
0.0078125
-36
-0.0175781
-68
-0.0332031
-77
-0.0375977
-3
-0.00146484
71
0.034668
0
0
7
0.00341797
66
0.0322266
-14
-0.00683594
-7
-0.00341797
-28
-0.0136719
-19
-0.00927734
-130
-0.0634766
-23
-0.0112305
-39
-0.019043
28
0.0136719
-28
-0.0136719
17
0.00830078
-22
-0.0107422
-25
-0.012207
0
0
-68
-0.0332031
3
0.00146484
-94
-0.0458984
-3
-0.00146484
22
0.0107422
12
0.00585938
-46
-0.0224609
-61
-0.0297852
89
0.043457
24
0.0117188
10
0.00488281
-13
-0.00634766
-24
-0.0117188
-17
-0.00830078
-10
-0.00488281
-44
-0.0214844
-12
-0.00585938
-32
-0.015625
-4
-0.00195312
47
0.0229492
49
0.0239258
14
0.00683594
53
0.0258789
-25
-0.012207
53
0.0258789
15
0.00732422
9
0.00439453
-30
-0.0146484
-65
-0.0317383
-43
-0.0209961
29
0.0141602
117
0.0571289
54
0.0263672
-12
-0.00585938
57
0.027832
11
0.00537109
3
0.00146484
10
0.00488281
11
0.00537109
45
0.0219727
-31
-0.0151367
21
0.0102539
67
0.0327148
44
0.0214844
-100
-0.0488281
36
0.0175781
17
0.00830078
-94
-0.0458984
-54
-0.0263672
-59
-0.0288086
-28
-0.0136719
-30
-0.0146484
-10
-0.00488281
-23
-0.0112305
-64
-0.03125
8
0.00390625
9
0.00439453
-36
-0.0175781
56
0.0273438
-17
-0.00830078
-39
-0.019043
49
0.0239258
-51
-0.0249023
-12
-0.00585938
52
0.0253906
-15
-0.00732422
-75
-0.0366211
30
0.0146484
-36
-0.0175781
21
0.0102539
28
0.0136719
-9
-0.00439453
29
0.0141602
21
0.0102539
5
0.00244141
21
0.0102539
-7
-0.00341797
-66
-0.0322266
25
0.012207
34
0.0166016
-60
-0.0292969
1
0.000488281
-121
-0.059082
26
0.0126953
-38
-0.0185547
78
0.0380859
112
0.0546875
50
0.0244141
-16
-0.0078125
46
0.0224609
23
0.0112305
74
0.0361328
2
0.000976562
-34
-0.0166016
13
0.00634766
-20
-0.00976562
31
0.0151367
-6
-0.00292969
-41
-0.0200195
-61
-0.0297852
-6
-0.00292969
64
0.03125
21
0.0102539
35
0.0170898
13
0.00634766
52
0.0253906
-4
-0.00195312
92
0.0449219
-48
-0.0234375
25
0.012207
-9
-0.00439453
-25
-0.012207
33
0.0161133
52
0.0253906
21
0.0102539
-28
-0.0136719
39
0.019043
51
0.0249023
36
0.0175781
36
0.0175781
20
0.00976562
15
0.00732422
22
0.0107422
-69
-0.0336914
47
0.0229492
-4
-0.00195312
45
0.0219727
-35
-0.0170898
51
0.0249023
-9
-0.00439453
19
0.00927734
-70
-0.0341797
-18
-0.00878906
104
0.0507812
20
0.00976562
-85
-0.0415039
-19
-0.00927734
34
0.0166016
-21
-0.0102539
5
0.00244141
56
0.0273438
-33
-0.0161133
-45
-0.0219727
-101
-0.0493164
-29
-0.0141602
-37
-0.0180664
19
0.00927734
-14
-0.00683594
-10
-0.00488281
-52
-0.0253906
-7
-0.00341797
17
0.00830078
-43
-0.0209961
-72
-0.0351562
-12
-0.00585938
-19
-0.00927734
22
0.0107422
33
0.0161133
16
0.0078125
94
0.0458984
10
0.00488281
14
0.00683594
11
0.00537109
-9
-0.00439453
13
0.00634766
12
0.00585938
47
0.0229492
15
0.00732422
-34
-0.0166016
10
0.00488281
8
0.00390625
-61
-0.0297852
36
0.0175781
4
0.00195312
10
0.00488281
-18
-0.00878906
-20
-0.00976562
-33
-0.0161133
12
0.00585938
30
0.0146484
-2
-0.000976562
-16
-0.0078125
19
0.00927734
0
0
-57
-0.027832
-35
-0.0170898
32
0.015625
-15
-0.00732422
-52
-0.0253906
17
0.00830078
-34
-0.0166016
-3
-0.00146484
36
0.0175781
-64
-0.03125
11
0.00537109
-6
-0.00292969
58
0.0283203
-105
-0.0512695
62
0.0302734
-44
-0.0214844
12
0.00585938
-91
-0.0444336
4
0.00195312
-18
-0.00878906
-22
-0.0107422
-5
-0.00244141
12
0.00585938
-55
-0.0268555
38
0.0185547
-50
-0.0244141
14
0.00683594
40
0.0195312
-42
-0.0205078
9
0.00439453
-2
-0.000976562
43
0.0209961
-61
-0.0297852
-29
-0.0141602
-9
-0.00439453
-34
-0.0166016
-23
-0.0112305
10
0.00488281
-35
-0.0170898
-46
-0.0224609
28
0.0136719
-51
-0.0249023
29
0.0141602
-78
-0.0380859
61
0.0297852
-22
-0.0107422
10
0.00488281
31
0.0151367
-54
-0.0263672
8
0.00390625
62
0.0302734
-26
-0.0126953
-71
-0.034668
-49
-0.0239258
-41
-0.0200195
-6
-0.00292969
-20
-0.00976562
-19
-0.00927734
20
0.00976562
59
0.0288086
-9
-0.00439453
-53
-0.0258789
31
0.0151367
61
0.0297852
22
0.0107422
23
0.0112305
78
0.0380859
60
0.0292969
52
0.0253906
7
0.00341797
-8
-0.00390625
-34
-0.0166016
38
0.0185547
-55
-0.0268555
101
0.0493164
31
0.0151367
-10
-0.00488281
17
0.00830078
-25
-0.012207
-6
-0.00292969
9
0.00439453
18
0.00878906
-29
-0.0141602
-122
-0.0595703
-70
-0.0341797
20
0.00976562
45
0.0219727
17
0.00830078
-86
-0.0419922
-37
-0.0180664
52
0.0253906
35
0.0170898
28
0.0136719
-15
-0.00732422
-27
-0.0131836
15
0.00732422
17
0.00830078
27
0.0131836
-5
-0.00244141
-9
-0.00439453
50
0.0244141
-57
-0.027832
-35
-0.0170898
-110
-0.0537109
-40
-0.0195312
21
0.0102539
-17
-0.00830078
-78
-0.0380859
3
0.00146484
51
0.0249023
25
0.012207
-26
-0.0126953
5
0.00244141
80
0.0390625
-34
-0.0166016
65
0.0317383
-55
-0.0268555
47
0.0229492
-12
-0.00585938
-20
-0.00976562
33
0.0161133
-38
-0.0185547
-79
-0.0385742
-106
-0.0517578
0
0
-27
-0.0131836
25
0.012207
-21
-0.0102539
-1
-0.000488281
19
0.00927734
40
0.0195312
93
0.0454102
-35
-0.0170898
33
0.0161133
34
0.0166016
4
0.00195312
39
0.019043
-44
-0.0214844
-26
-0.0126953
-44
-0.0214844
-41
-0.0200195
54
0.0263672
-10
-0.00488281
-42
-0.0205078
-59
-0.0288086
-74
-0.0361328
-32
-0.015625
50
0.0244141
-26
-0.0126953
45
0.0219727
51
0.0249023
6
0.00292969
-18
-0.00878906
73
0.0356445
-28
-0.0136719
-7
-0.00341797
77
0.0375977
89
0.043457
-21
-0.0102539
19
0.00927734
41
0.0200195
73
0.0356445
15
0.00732422
-82
-0.0400391
-46
-0.0224609
-112
-0.0546875
-15
-0.00732422
39
0.019043
9
0.00439453
-20
-0.00976562
-42
-0.0205078
-38
-0.0185547
-19
-0.00927734
88
0.0429688
-2
-0.000976562
58
0.0283203
56
0.0273438
59
0.0288086
-14
-0.00683594
-22
-0.0107422
-27
-0.0131836
54
0.0263672
68
0.0332031
26
0.0126953
-47
-0.0229492
-5
-0.00244141
128
0.0625
-23
-0.0112305
-33
-0.0161133
-31
-0.0151367
6
0.00292969
48
0.0234375
-23
-0.0112305
21
0.0102539
34
0.0166016
51
0.0249023
10
0.00488281
50
0.0244141
-79
-0.0385742
6
0.00292969
-70
-0.0341797
13
0.00634766
20
0.00976562
0
0
-18
-0.00878906
1
0.000488281
0
0
12
0.00585938
39
0.019043
42
0.0205078
-34
-0.0166016
9
0.00439453
26
0.0126953
-30
-0.0146484
-4
-0.00195312
17
0.00830078
-23
-0.0112305
-88
-0.0429688
-83
-0.0405273
-8
-0.00390625
48
0.0234375
-63
-0.0307617
36
0.0175781
-25
-0.012207
-6
-0.00292969
46
0.0224609
-4
-0.00195312
-19
-0.00927734
-44
-0.0214844
22
0.0107422
22
0.0107422
-1
-0.000488281
7
0.00341797
-19
-0.00927734
10
0.00488281
54
0.0263672
-3
-0.00146484
46
0.0224609
-102
-0.0498047
-37
-0.0180664
14
0.00683594
16
0.0078125
-32
-0.015625
21
0.0102539
64
0.03125
104
0.0507812
69
0.0336914
17
0.00830078
-24
-0.0117188
-41
-0.0200195
3
0.00146484
17
0.00830078
30
0.0146484
24
0.0117188
-19
-0.00927734
58
0.0283203
67
0.0327148
32
0.015625
-36
-0.0175781
-20
-0.00976562
22
0.0107422
52
0.0253906
8
0.00390625
-33
-0.0161133
-12
-0.00585938
51
0.0249023
-55
-0.0268555
-48
-0.0234375
0
0
-108
-0.0527344
54
0.0263672
-5
-0.00244141
11
0.00537109
25
0.012207
31
0.0151367
30
0.0146484
-1
-0.000488281
13
0.00634766
24
0.0117188
-5
-0.00244141
20
0.00976562
14
0.00683594
4
0.00195312
68
0.0332031
5
0.00244141
-6
-0.00292969
34
0.0166016
25
0.012207
24
0.0117188
26
0.0126953
-3
-0.00146484
19
0.00927734
51
0.0249023
52
0.0253906
-18
-0.00878906
-53
-0.0258789
30
0.0146484
9
0.00439453
20
0.00976562
-15
-0.00732422
-4
-0.00195312
78
0.0380859
24
0.0117188
-11
-0.00537109
45
0.0219727
-4
-0.00195312
16
0.0078125
61
0.0297852
-3
-0.00146484
-94
-0.0458984
9
0.00439453
-30
-0.0146484
16
0.0078125
-77
-0.0375977
-4
-0.00195312
-10
-0.00488281
8
0.00390625
11
0.00537109
7
0.00341797
3
0.00146484
-4
-0.00195312
-1
-0.000488281
36
0.0175781
48
0.0234375
-26
-0.0126953
-35
-0.0170898
-20
-0.00976562
-11
-0.00537109
11
0.00537109
-47
-0.0229492
3
0.00146484
-64
-0.03125
-2
-0.000976562
