149
0.0181885
-15
-0.00183105
-203
-0.0247803
115
0.0140381
-147
-0.0179443
-2
-0.000244141
-261
-0.0318604
57
0.00695801
-151
-0.0184326
-71
-0.00866699
33
0.00402832
52
0.00634766
-128
-0.015625
-28
-0.00341797
167
0.0203857
4
0.000488281
96
0.0117188
108
0.0131836
-110
-0.0134277
69
0.00842285
-26
-0.00317383
-17
-0.0020752
66
0.00805664
-6
-0.000732422
94
0.0114746
107
0.0130615
55
0.00671387
116
0.0141602
235
0.0286865
129
0.0157471
168
0.0205078
84
0.0102539
-186
-0.0227051
-63
-0.00769043
-5
-0.000610352
67
0.00817871
111
0.0135498
0
0
70
0.00854492
-111
-0.0135498
-118
-0.0144043
70
0.00854492
-77
-0.00939941
-85
-0.010376
39
0.00476074
48
0.00585938
215
0.0262451
86
0.010498
157
0.019165
-9
-0.00109863
-190
-0.0231934
68
0.00830078
-134
-0.0163574
-96
-0.0117188
-48
-0.00585938
-77
-0.00939941
-36
-0.00439453
-27
-0.0032959
-7
-0.000854492
99
0.012085
-115
-0.0140381
60
0.00732422
-32
-0.00390625
-40
-0.00488281
140
0.0170898
-32
-0.00390625
-14
-0.00170898
41
0.00500488
65
0.00793457
-103
-0.0125732
-198
-0.0241699
95
0.0115967
151
0.0184326
-104
-0.0126953
-70
-0.00854492
80
0.00976562
61
0.00744629
-5
-0.000610352
63
0.00769043
46
0.00561523
-4
-0.000488281
41
0.00500488
-185
-0.022583
-63
-0.00769043
144
0.0175781
130
0.0158691
-165
-0.0201416
-109
-0.0133057
46
0.00561523
-19
-0.00231934
-236
-0.0288086
-66
-0.00805664
-63
-0.00769043
-45
-0.00549316
-191
-0.0233154
111
0.0135498
-123
-0.0150146
143
0.0174561
211
0.0257568
-74
-0.0090332
-27
-0.0032959
-53
-0.00646973
-97
-0.0118408
-8
-0.000976562
141
0.0172119
-1
-0.00012207
-9
-0.00109863
-185
-0.022583
24
0.00292969
-77
-0.00939941
-56
-0.00683594
5
0.000610352
-20
-0.00244141
-30
-0.00366211
-42
-0.00512695
-164
-0.0200195
144
0.0175781
-93
-0.0113525
120
0.0146484
2
0.000244141
3
0.000366211
-132
-0.0161133
62
0.00756836
-16
-0.00195312
195
0.0238037
-1
-0.00012207
-38
-0.00463867
6
0.000732422
33
0.00402832
49
0.00598145
-2
-0.000244141
80
0.00976562
159
0.0194092
-11
-0.00134277
15
0.00183105
-73
-0.00891113
-175
-0.0213623
43
0.00524902
-8
-0.000976562
61
0.00744629
-144
-0.0175781
3
0.000366211
8
0.000976562
106
0.0129395
48
0.00585938
-143
-0.0174561
127
0.0155029
-16
-0.00195312
184
0.0224609
71
0.00866699
-2
-0.000244141
-136
-0.0166016
-132
-0.0161133
-21
-0.00256348
-123
-0.0150146
159
0.0194092
-94
-0.0114746
-14
-0.00170898
134
0.0163574
-53
-0.00646973
-248
-0.0302734
127
0.0155029
33
0.00402832
75
0.00915527
179
0.0218506
-7
-0.000854492
62
0.00756836
15
0.00183105
-32
-0.00390625
264
0.0322266
141
0.0172119
76
0.00927734
138
0.0168457
-35
-0.00427246
-46
-0.00561523
-97
-0.0118408
10
0.0012207
-77
-0.00939941
-184
-0.0224609
59
0.00720215
65
0.00793457
44
0.00537109
88
0.0107422
3
0.000366211
84
0.0102539
-14
-0.00170898
45
0.00549316
30
0.00366211
262
0.0319824
-46
-0.00561523
10
0.0012207
-3
-0.000366211
-56
-0.00683594
-35
-0.00427246
194
0.0236816
28
0.00341797
64
0.0078125
175
0.0213623
-175
-0.0213623
5
0.000610352
-146
-0.0178223
-14
-0.00170898
99
0.012085
-52
-0.00634766
-30
-0.00366211
-73
-0.00891113
26
0.00317383
-13
-0.00158691
-69
-0.00842285
-73
-0.00891113
-311
-0.0379639
-50
-0.00610352
79
0.00964355
-104
-0.0126953
55
0.00671387
67
0.00817871
90
0.0109863
14
0.00170898
32
0.00390625
-38
-0.00463867
256
0.03125
-103
-0.0125732
47
0.0057373
119
0.0145264
56
0.00683594
-63
-0.00769043
-55
-0.00671387
-55
-0.00671387
381
0.0465088
-101
-0.0123291
132
0.0161133
-40
-0.00488281
228
0.027832
69
0.00842285
186
0.0227051
159
0.0194092
-227
-0.02771
53
0.00646973
16
0.00195312
-12
-0.00146484
-119
-0.0145264
30
0.00366211
106
0.0129395
51
0.00622559
-37
-0.0045166
11
0.00134277
328
0.0400391
141
0.0172119
250
0.0305176
112
0.0136719
148
0.0180664
-86
-0.010498
-31
-0.00378418
-120
-0.0146484
173
0.0211182
7
0.000854492
-15
-0.00183105
69
0.00842285
69
0.00842285
-11
-0.00134277
-11
-0.00134277
-130
-0.0158691
3
0.000366211
-66
-0.00805664
-58
-0.00708008
-28
-0.00341797
137
0.0167236
54
0.0065918
164
0.0200195
54
0.0065918
-31
-0.00378418
0
0
83
0.0101318
34
0.00415039
75
0.00915527
-1
-0.00012207
144
0.0175781
185
0.022583
232
0.0283203
-44
-0.00537109
233
0.0284424
-88
-0.0107422
-157
-0.019165
-36
-0.00439453
25
0.00305176
-23
-0.00280762
-85
-0.010376
85
0.010376
-84
-0.0102539
-155
-0.0189209
-133
-0.0162354
-38
-0.00463867
216
0.0263672
66
0.00805664
-120
-0.0146484
-128
-0.015625
44
0.00537109
118
0.0144043
95
0.0115967
53
0.00646973
-77
-0.00939941
-40
-0.00488281
70
0.00854492
-30
-0.00366211
-275
-0.0335693
-98
-0.0119629
38
0.00463867
29
0.00354004
-10
-0.0012207
30
0.00366211
164
0.0200195
-75
-0.00915527
-132
-0.0161133
-97
-0.0118408
2
0.000244141
154
0.0187988
35
0.00427246
-45
-0.00549316
-31
-0.00378418
-225
-0.0274658
169
0.0206299
-69
-0.00842285
94
0.0114746
65
0.00793457
33
0.00402832
-138
-0.0168457
58
0.00708008
11
0.00134277
153
0.0186768
123
0.0150146
-71
-0.00866699
30
0.00366211
-192
-0.0234375
-20
-0.00244141
-214
-0.026123
47
0.0057373
-18
-0.00219727
72
0.00878906
-160
-0.0195312
-37
-0.0045166
-28
-0.00341797
-135
-0.0164795
154
0.0187988
51
0.00622559
152
0.0185547
63
0.00769043
-40
-0.00488281
-40
-0.00488281
64
0.0078125
-113
-0.0137939
-33
-0.00402832
203
0.0247803
93
0.0113525
30
0.00366211
-71
-0.00866699
139
0.0169678
-142
-0.017334
44
0.00537109
-144
-0.0175781
81
0.0098877
290
0.0354004
-156
-0.019043
-130
-0.0158691
-2
-0.000244141
79
0.00964355
-67
-0.00817871
130
0.0158691
-4
-0.000488281
-25
-0.00305176
8
0.000976562
-294
-0.0358887
-90
-0.0109863
9
0.00109863
-50
-0.00610352
281
0.0343018
50
0.00610352
-133
-0.0162354
-4
-0.000488281
3
0.000366211
-25
-0.00305176
72
0.00878906
32
0.00390625
15
0.00183105
45
0.00549316
-76
-0.00927734
209
0.0255127
-185
-0.022583
-2
-0.000244141
124
0.0151367
111
0.0135498
111
0.0135498
-145
-0.0177002
225
0.0274658
-99
-0.012085
92
0.0112305
-122
-0.0148926
36
0.00439453
28
0.00341797
-2
-0.000244141
43
0.00524902
9
0.00109863
-12
-0.00146484
19
0.00231934
89
0.0108643
-67
-0.00817871
-2
-0.000244141
95
0.0115967
-93
-0.0113525
-30
-0.00366211
-21
-0.00256348
-72
-0.00878906
66
0.00805664
-208
-0.0253906
45
0.00549316
-39
-0.00476074
-76
-0.00927734
136
0.0166016
-8
-0.000976562
-12
-0.00146484
-70
-0.00854492
-138
-0.0168457
7
0.000854492
-77
-0.00939941
185
0.022583
-89
-0.0108643
-71
-0.00866699
-16
-0.00195312
-83
-0.0101318
-263
-0.0321045
-52
-0.00634766
-174
-0.0212402
138
0.0168457
66
0.00805664
-26
-0.00317383
157
0.019165
60
0.00732422
60
0.00732422
3
0.000366211
-128
-0.015625
-69
-0.00842285
-142
-0.017334
158
0.0192871
-193
-0.0235596
56
0.00683594
-216
-0.0263672
61
0.00744629
37
0.0045166
-15
-0.00183105
-91
-0.0111084
105
0.0128174
0
0
-27
-0.0032959
152
0.0185547
-83
-0.0101318
-75
-0.00915527
-38
-0.00463867
-193
-0.0235596
94
0.0114746
-36
-0.00439453
176
0.0214844
-22
-0.00268555
-179
-0.0218506
115
0.0140381
137
0.0167236
11
0.00134277
154
0.0187988
-6
-0.000732422
-9
-0.00109863
-98
-0.0119629
-144
-0.0175781
306
0.0373535
-59
-0.00720215
7
0.000854492
-91
-0.0111084
135
0.0164795
135
0.0164795
-121
-0.0147705
29
0.00354004
109
0.0133057
-75
-0.00915527
-118
-0.0144043
-81
-0.0098877
293
0.0357666
2
0.000244141
-57
-0.00695801
-2
-0.000244141
113
0.0137939
-14
-0.00170898
-136
-0.0166016
-71
-0.00866699
145
0.0177002
-66
-0.00805664
204
0.0249023
53
0.00646973
11
0.00134277
-111
-0.0135498
187
0.0228271
-54
-0.0065918
-198
-0.0241699
121
0.0147705
-97
-0.0118408
-78
-0.00952148
49
0.00598145
22
0.00268555
-286
-0.0349121
205
0.0250244
-79
-0.00964355
56
0.00683594
214
0.026123
-161
-0.0196533
123
0.0150146
-71
-0.00866699
-136
-0.0166016
10
0.0012207
-119
-0.0145264
151
0.0184326
5
0.000610352
-6
-0.000732422
-25
-0.00305176
-51
-0.00622559
-42
-0.00512695
16
0.00195312
17
0.0020752
-99
-0.012085
-99
-0.012085
68
0.00830078
-147
-0.0179443
13
0.00158691
178
0.0217285
-1
-0.00012207
-31
-0.00378418
-21
-0.00256348
-50
-0.00610352
196
0.0239258
-153
-0.0186768
-158
-0.0192871
175
0.0213623
52
0.00634766
85
0.010376
-122
-0.0148926
104
0.0126953
-11
-0.00134277
-16
-0.00195312
-76
-0.00927734
119
0.0145264
79
0.00964355
-19
-0.00231934
18
0.00219727
-44
-0.00537109
-72
-0.00878906
-91
-0.0111084
-116
-0.0141602
56
0.00683594
-98
-0.0119629
103
0.0125732
120
0.0146484
-108
-0.0131836
-66
-0.00805664
58
0.00708008
-22
-0.00268555
13
0.00158691
100
0.012207
-13
-0.00158691
41
0.00500488
28
0.00341797
56
0.00683594
83
0.0101318
-25
-0.00305176
53
0.00646973
-58
-0.00708008
38
0.00463867
-4
-0.000488281
160
0.0195312
16
0.00195312
-11
-0.00134277
35
0.00427246
-215
-0.0262451
-28
-0.00341797
-175
-0.0213623
3
0.000366211
71
0.00866699
7
0.000854492
-83
-0.0101318
-118
-0.0144043
-136
-0.0166016
-70
-0.00854492
-22
-0.00268555
5
0.000610352
-19
-0.00231934
-101
-0.0123291
174
0.0212402
20
0.00244141
-43
-0.00524902
35
0.00427246
69
0.00842285
-12
-0.00146484
-105
-0.0128174
-39
-0.00476074
-24
-0.00292969
-10
-0.0012207
180
0.0219727
-62
-0.00756836
26
0.00317383
-96
-0.0117188
-74
-0.0090332
-15
-0.00183105
172
0.0209961
135
0.0164795
-204
-0.0249023
-160
-0.0195312
-192
-0.0234375
64
0.0078125
-316
-0.0385742
121
0.0147705
85
0.010376
67
0.00817871
-82
-0.0100098
-6
-0.000732422
-47
-0.0057373
-40
-0.00488281
-42
-0.00512695
94
0.0114746
120
0.0146484
68
0.00830078
-138
-0.0168457
-13
-0.00158691
-318
-0.0388184
-118
-0.0144043
-65
-0.00793457
51
0.00622559
-25
-0.00305176
15
0.00183105
90
0.0109863
-28
-0.00341797
-79
-0.00964355
63
0.00769043
-111
-0.0135498
38
0.00463867
81
0.0098877
-108
-0.0131836
90
0.0109863
-28
-0.00341797
128
0.015625
34
0.00415039
-161
-0.0196533
-89
-0.0108643
146
0.0178223
-240
-0.0292969
65
0.00793457
102
0.0124512
137
0.0167236
27
0.0032959
61
0.00744629
17
0.0020752
87
0.0106201
52
0.00634766
-175
-0.0213623
59
0.00720215
89
0.0108643
-1
-0.00012207
121
0.0147705
105
0.0128174
-16
-0.00195312
92
0.0112305
-45
-0.00549316
89
0.0108643
-212
-0.0258789
98
0.0119629
2
0.000244141
-116
-0.0141602
-49
-0.00598145
162
0.0197754
56
0.00683594
-3
-0.000366211
-52
-0.00634766
142
0.017334
-50
-0.00610352
65
0.00793457
263
0.0321045
59
0.00720215
191
0.0233154
-91
-0.0111084
88
0.0107422
-11
-0.00134277
-1
-0.00012207
-44
-0.00537109
-20
-0.00244141
127
0.0155029
-52
-0.00634766
33
0.00402832
83
0.0101318
-18
-0.00219727
10
0.0012207
-18
-0.00219727
-228
-0.027832
-141
-0.0172119
-223
-0.0272217
-26
-0.00317383
-148
-0.0180664
5
0.000610352
-37
-0.0045166
17
0.0020752
-55
-0.00671387
5
0.000610352
-63
-0.00769043
33
0.00402832
-45
-0.00549316
-100
-0.012207
50
0.00610352
57
0.00695801
-100
-0.012207
-193
-0.0235596
-1
-0.00012207
13
0.00158691
133
0.0162354
-57
-0.00695801
143
0.0174561
-104
-0.0126953
-89
-0.0108643
-34
-0.00415039
145
0.0177002
60
0.00732422
-281
-0.0343018
-126
-0.0153809
95
0.0115967
-7
-0.000854492
-78
-0.00952148
77
0.00939941
145
0.0177002
163
0.0198975
9
0.00109863
67
0.00817871
72
0.00878906
-127
-0.0155029
-259
-0.0316162
-56
-0.00683594
46
0.00561523
-51
-0.00622559
-6
-0.000732422
-96
-0.0117188
201
0.0245361
67
0.00817871
149
0.0181885
-103
-0.0125732
21
0.00256348
72
0.00878906
250
0.0305176
17
0.0020752
-175
-0.0213623
56
0.00683594
-145
-0.0177002
78
0.00952148
-47
-0.0057373
-54
-0.0065918
-63
-0.00769043
-24
-0.00292969
68
0.00830078
26
0.00317383
18
0.00219727
12
0.00146484
-20
-0.00244141
-46
-0.00561523
-90
-0.0109863
-119
-0.0145264
-2
-0.000244141
-111
-0.0135498
20
0.00244141
-196
-0.0239258
26
0.00317383
-11
-0.00134277
118
0.0144043
-40
-0.00488281
-40
-0.00488281
-58
-0.00708008
-5
-0.000610352
206
0.0251465
-11
-0.00134277
128
0.015625
-92
-0.0112305
85
0.010376
-36
-0.00439453
74
0.0090332
72
0.00878906
-42
-0.00512695
103
0.0125732
-127
-0.0155029
148
0.0180664
77
0.00939941
60
0.00732422
-68
-0.00830078
14
0.00170898
-15
-0.00183105
-113
-0.0137939
3
0.000366211
45
0.00549316
-117
-0.0142822
199
0.024292
44
0.00537109
108
0.0131836
-65
-0.00793457
53
0.00646973
-172
-0.0209961
158
0.0192871
13
0.00158691
107
0.0130615
-57
-0.00695801
-179
-0.0218506
101
0.0123291
-138
-0.0168457
76
0.00927734
258
0.0314941
-12
-0.00146484
-69
-0.00842285
44
0.00537109
-187
-0.0228271
103
0.0125732
-187
-0.0228271
134
0.0163574
16
0.00195312
-137
-0.0167236
-62
-0.00756836
56
0.00683594
100
0.012207
-31
-0.00378418
-108
-0.0131836
79
0.00964355
1
0.00012207
-47
-0.0057373
183
0.0223389
-13
-0.00158691
124
0.0151367
-161
-0.0196533
-150
-0.0183105
-59
-0.00720215
-96
-0.0117188
-34
-0.00415039
-207
-0.0252686
50
0.00610352
-138
-0.0168457
-43
-0.00524902
-121
-0.0147705
-57
-0.00695801
198
0.0241699
4
0.000488281
230
0.0280762
33
0.00402832
139
0.0169678
-136
-0.0166016
-55
-0.00671387
46
0.00561523
14
0.00170898
21
0.00256348
-6
-0.000732422
-17
-0.0020752
188
0.0229492
-25
-0.00305176
-114
-0.013916
-46
-0.00561523
-219
-0.0267334
-136
-0.0166016
-12
-0.00146484
-70
-0.00854492
-10
-0.0012207
56
0.00683594
-227
-0.02771
80
0.00976562
293
0.0357666
17
0.0020752
-36
-0.00439453
-121
-0.0147705
5
0.000610352
1
0.00012207
28
0.00341797
-70
-0.00854492
-18
-0.00219727
-43
-0.00524902
57
0.00695801
258
0.0314941
160
0.0195312
-91
-0.0111084
-151
-0.0184326
42
0.00512695
176
0.0214844
60
0.00732422
45
0.00549316
-21
-0.00256348
21
0.00256348
-170
-0.020752
263
0.0321045
181
0.0220947
-207
-0.0252686
-27
-0.0032959
-195
-0.0238037
-32
-0.00390625
57
0.00695801
-30
-0.00366211
-215
-0.0262451
5
0.000610352
96
0.0117188
7
0.000854492
351
0.0428467
-10
-0.0012207
124
0.0151367
-11
-0.00134277
-24
-0.00292969
99
0.012085
-100
-0.012207
-12
-0.00146484
-82
-0.0100098
-10
-0.0012207
306
0.0373535
78
0.00952148
108
0.0131836
-58
-0.00708008
-8
-0.000976562
-4
-0.000488281
48
0.00585938
-42
-0.00512695
89
0.0108643
15
0.00183105
43
0.00524902
-66
-0.00805664
-1
-0.00012207
58
0.00708008
88
0.0107422
-131
-0.0159912
14
0.00170898
-23
-0.00280762
-114
-0.013916
-49
-0.00598145
143
0.0174561
-31
-0.00378418
108
0.0131836
77
0.00939941
-37
-0.0045166
-172
-0.0209961
-231
-0.0281982
43
0.00524902
-75
-0.00915527
27
0.0032959
-159
-0.0194092
8
0.000976562
-142
-0.017334
-46
-0.00561523
-13
-0.00158691
-5
-0.000610352
-5
-0.000610352
114
0.013916
-129
-0.0157471
-26
-0.00317383
108
0.0131836
-72
-0.00878906
-149
-0.0181885
-10
-0.0012207
87
0.0106201
-146
-0.0178223
-90
-0.0109863
-105
-0.0128174
-38
-0.00463867
-61
-0.00744629
-109
-0.0133057
-73
-0.00891113
-42
-0.00512695
6
0.000732422
230
0.0280762
41
0.00500488
-194
-0.0236816
-154
-0.0187988
-41
-0.00500488
86
0.010498
332
0.0405273
-87
-0.0106201
94
0.0114746
-85
-0.010376
-119
-0.0145264
-29
-0.00354004
-1
-0.00012207
100
0.012207
-217
-0.0264893
111
0.0135498
-135
-0.0164795
-65
-0.00793457
9
0.00109863
-66
-0.00805664
122
0.0148926
-60
-0.00732422
113
0.0137939
189
0.0230713
174
0.0212402
106
0.0129395
-38
-0.00463867
31
0.00378418
-151
-0.0184326
-214
-0.026123
-23
-0.00280762
-8
-0.000976562
95
0.0115967
-7
-0.000854492
56
0.00683594
-53
-0.00646973
-1
-0.00012207
-14
-0.00170898
108
0.0131836
-56
-0.00683594
-69
-0.00842285
8
0.000976562
123
0.0150146
-20
-0.00244141
225
0.0274658
-72
-0.00878906
-93
-0.0113525
-44
-0.00537109
97
0.0118408
-111
-0.0135498
-8
-0.000976562
98
0.0119629
142
0.017334
-197
-0.0240479
-13
-0.00158691
1
0.00012207
-36
-0.00439453
153
0.0186768
200
0.0244141
-56
-0.00683594
-71
-0.00866699
161
0.0196533
65
0.00793457
-125
-0.0152588
54
0.0065918
-50
-0.00610352
-72
-0.00878906
-14
-0.00170898
187
0.0228271
105
0.0128174
-98
-0.0119629
95
0.0115967
142
0.017334
19
0.00231934
-289
-0.0352783
145
0.0177002
-113
-0.0137939
-7
-0.000854492
-37
-0.0045166
149
0.0181885
201
0.0245361
103
0.0125732
-205
-0.0250244
-92
-0.0112305
51
0.00622559
112
0.0136719
-79
-0.00964355
52
0.00634766
-32
-0.00390625
119
0.0145264
364
0.0444336
-47
-0.0057373
75
0.00915527
17
0.0020752
215
0.0262451
177
0.0216064
163
0.0198975
114
0.013916
-196
-0.0239258
-84
-0.0102539
102
0.0124512
82
0.0100098
-97
-0.0118408
-49
-0.00598145
-30
-0.00366211
-83
-0.0101318
205
0.0250244
11
0.00134277
-116
-0.0141602
-63
-0.00769043
124
0.0151367
63
0.00769043
-53
-0.00646973
-55
-0.00671387
-50
-0.00610352
-29
-0.00354004
-172
-0.0209961
-53
-0.00646973
8
0.000976562
160
0.0195312
99
0.012085
-76
-0.00927734
-166
-0.0202637
-76
-0.00927734
34
0.00415039
-151
-0.0184326
-114
-0.013916
102
0.0124512
160
0.0195312
11
0.00134277
94
0.0114746
-52
-0.00634766
179
0.0218506
-18
-0.00219727
-105
-0.0128174
63
0.00769043
-174
-0.0212402
20
0.00244141
280
0.0341797
85
0.010376
-62
-0.00756836
0
0
-63
-0.00769043
-32
-0.00390625
-60
-0.00732422
25
0.00305176
90
0.0109863
21
0.00256348
-120
-0.0146484
-110
-0.0134277
150
0.0183105
-41
-0.00500488
118
0.0144043
7
0.000854492
-364
-0.0444336
85
0.010376
61
0.00744629
-56
-0.00683594
-246
-0.0300293
37
0.0045166
-224
-0.0273438
79
0.00964355
137
0.0167236
12
0.00146484
109
0.0133057
108
0.0131836
-17
-0.0020752
-71
-0.00866699
-24
-0.00292969
-129
-0.0157471
-143
-0.0174561
1
0.00012207
-82
-0.0100098
38
0.00463867
-8
-0.000976562
-12
-0.00146484
-41
-0.00500488
-139
-0.0169678
-116
-0.0141602
64
0.0078125
-233
-0.0284424
60
0.00732422
97
0.0118408
93
0.0113525
159
0.0194092
-98
-0.0119629
-75
-0.00915527
86
0.010498
57
0.00695801
25
0.00305176
-152
-0.0185547
-115
-0.0140381
-166
-0.0202637
141
0.0172119
59
0.00720215
58
0.00708008
9
0.00109863
-108
-0.0131836
87
0.0106201
-96
-0.0117188
36
0.00439453
-79
-0.00964355
-50
-0.00610352
0
0
-123
-0.0150146
159
0.0194092
-106
-0.0129395
9
0.00109863
-344
-0.0419922
-110
-0.0134277
107
0.0130615
-100
-0.012207
-49
-0.00598145
-14
-0.00170898
-125
-0.0152588
-129
-0.0157471
-118
-0.0144043
82
0.0100098
-2
-0.000244141
75
0.00915527
216
0.0263672
-17
-0.0020752
64
0.0078125
87
0.0106201
-144
-0.0175781
12
0.00146484
185
0.022583
-135
-0.0164795
-53
-0.00646973
-115
-0.0140381
-16
-0.00195312
-29
-0.00354004
38
0.00463867
-85
-0.010376
77
0.00939941
50
0.00610352
107
0.0130615
80
0.00976562
132
0.0161133
25
0.00305176
-14
-0.00170898
-151
-0.0184326
45
0.00549316
-39
-0.00476074
99
0.012085
20
0.00244141
78
0.00952148
-73
-0.00891113
225
0.0274658
133
0.0162354
-32
-0.00390625
25
0.00305176
-41
-0.00500488
-148
-0.0180664
-104
-0.0126953
13
0.00158691
-63
-0.00769043
-50
-0.00610352
-118
-0.0144043
29
0.00354004
73
0.00891113
-169
-0.0206299
13
0.00158691
-29
-0.00354004
192
0.0234375
-63
-0.00769043
113
0.0137939
158
0.0192871
209
0.0255127
-162
-0.0197754
-136
-0.0166016
79
0.00964355
43
0.00524902
-196
-0.0239258
-51
-0.00622559
-90
-0.0109863
151
0.0184326
-159
-0.0194092
-26
-0.00317383
94
0.0114746
293
0.0357666
165
0.0201416
305
0.0372314
64
0.0078125
-125
-0.0152588
25
0.00305176
107
0.0130615
-35
-0.00427246
35
0.00427246
-152
-0.0185547
144
0.0175781
-94
-0.0114746
10
0.0012207
-95
-0.0115967
188
0.0229492
-55
-0.00671387
45
0.00549316
172
0.0209961
-258
-0.0314941
164
0.0200195
-94
-0.0114746
3
0.000366211
-226
-0.0275879
101
0.0123291
41
0.00500488
-26
-0.00317383
-8
-0.000976562
68
0.00830078
-99
-0.012085
-125
-0.0152588
198
0.0241699
-147
-0.0179443
59
0.00720215
1
0.00012207
25
0.00305176
97
0.0118408
88
0.0107422
85
0.010376
9
0.00109863
-146
-0.0178223
34
0.00415039
55
0.00671387
-14
-0.00170898
7
0.000854492
197
0.0240479
-48
-0.00585938
-16
-0.00195312
-20
-0.00244141
84
0.0102539
72
0.00878906
104
0.0126953
-38
-0.00463867
25
0.00305176
-91
-0.0111084
-92
-0.0112305
37
0.0045166
-81
-0.0098877
-30
-0.00366211
41
0.00500488
169
0.0206299
-115
-0.0140381
-35
-0.00427246
89
0.0108643
248
0.0302734
-59
-0.00720215
138
0.0168457
-81
-0.0098877
0
0
-103
-0.0125732
176
0.0214844
-9
-0.00109863
128
0.015625
68
0.00830078
51
0.00622559
-136
-0.0166016
82
0.0100098
-146
-0.0178223
14
0.00170898
-51
-0.00622559
59
0.00720215
-203
-0.0247803
-44
-0.00537109
-72
-0.00878906
26
0.00317383
45
0.00549316
66
0.00805664
-79
-0.00964355
-125
-0.0152588
60
0.00732422
69
0.00842285
22
0.00268555
-40
-0.00488281
24
0.00292969
107
0.0130615
111
0.0135498
-64
-0.0078125
18
0.00219727
4
0.000488281
74
0.0090332
35
0.00427246
54
0.0065918
119
0.0145264
-185
-0.022583
-21
-0.00256348
-145
-0.0177002
-75
-0.00915527
41
0.00500488
0
0
19
0.00231934
34
0.00415039
250
0.0305176
73
0.00891113
-52
-0.00634766
22
0.00268555
-93
-0.0113525
7
0.000854492
33
0.00402832
-59
-0.00720215
9
0.00109863
46
0.00561523
-198
-0.0241699
38
0.00463867
-180
-0.0219727
-29
-0.00354004
-118
-0.0144043
42
0.00512695
-46
-0.00561523
-43
-0.00524902
298
0.036377
14
0.00170898
171
0.020874
209
0.0255127
-140
-0.0170898
-76
-0.00927734
-55
-0.00671387
-27
-0.0032959
-4
-0.000488281
-40
-0.00488281
-121
-0.0147705
-1
-0.00012207
222
0.0270996
159
0.0194092
217
0.0264893
-6
-0.000732422
39
0.00476074
-54
-0.0065918
-153
-0.0186768
-18
-0.00219727
-173
-0.0211182
-49
-0.00598145
69
0.00842285
-33
-0.00402832
20
0.00244141
41
0.00500488
157
0.019165
114
0.013916
230
0.0280762
95
0.0115967
18
0.00219727
52
0.00634766
-217
-0.0264893
2
0.000244141
-128
-0.015625
3
0.000366211
66
0.00805664
-156
-0.019043
-10
-0.0012207
-51
-0.00622559
17
0.0020752
-69
-0.00842285
104
0.0126953
-21
-0.00256348
-127
-0.0155029
-79
-0.00964355
18
0.00219727
71
0.00866699
42
0.00512695
-61
-0.00744629
-94
-0.0114746
-1
-0.00012207
-164
-0.0200195
25
0.00305176
-65
-0.00793457
25
0.00305176
-28
-0.00341797
99
0.012085
152
0.0185547
14
0.00170898
-65
-0.00793457
1
0.00012207
161
0.0196533
86
0.010498
-210
-0.0256348
78
0.00952148
-229
-0.0279541
-155
-0.0189209
-12
-0.00146484
-9
-0.00109863
-20
-0.00244141
41
0.00500488
-177
-0.0216064
122
0.0148926
-26
-0.00317383
90
0.0109863
-198
-0.0241699
90
0.0109863
-78
-0.00952148
-81
-0.0098877
-109
-0.0133057
-14
-0.00170898
-63
-0.00769043
23
0.00280762
41
0.00500488
143
0.0174561
-2
-0.000244141
27
0.0032959
160
0.0195312
4
0.000488281
57
0.00695801
61
0.00744629
148
0.0180664
99
0.012085
-148
-0.0180664
-52
-0.00634766
140
0.0170898
-47
-0.0057373
132
0.0161133
-97
-0.0118408
51
0.00622559
-45
-0.00549316
-136
-0.0166016
-11
-0.00134277
50
0.00610352
30
0.00366211
-55
-0.00671387
30
0.00366211
-59
-0.00720215
-21
-0.00256348
321
0.0391846
65
0.00793457
-59
-0.00720215
4
0.000488281
126
0.0153809
-39
-0.00476074
-187
-0.0228271
229
0.0279541
-21
-0.00256348
4
0.000488281
-83
-0.0101318
-43
-0.00524902
250
0.0305176
-91
-0.0111084
-231
-0.0281982
30
0.00366211
-90
-0.0109863
-24
-0.00292969
-55
-0.00671387
198
0.0241699
-151
-0.0184326
-44
-0.00537109
-75
-0.00915527
-61
-0.00744629
-228
-0.027832
135
0.0164795
56
0.00683594
27
0.0032959
-119
-0.0145264
-200
-0.0244141
3
0.000366211
10
0.0012207
-50
-0.00610352
6
0.000732422
-69
-0.00842285
-10
-0.0012207
-9
-0.00109863
-160
-0.0195312
-79
-0.00964355
-6
-0.000732422
25
0.00305176
110
0.0134277
-187
-0.0228271
63
0.00769043
-164
-0.0200195
19
0.00231934
287
0.0350342
107
0.0130615
51
0.00622559
16
0.00195312
-242
-0.029541
-159
-0.0194092
74
0.0090332
46
0.00561523
132
0.0161133
63
0.00769043
-111
-0.0135498
66
0.00805664
-4
-0.000488281
-196
-0.0239258
-69
-0.00842285
40
0.00488281
-98
-0.0119629
83
0.0101318
28
0.00341797
5
0.000610352
-51
-0.00622559
66
0.00805664
99
0.012085
97
0.0118408
123
0.0150146
-133
-0.0162354
52
0.00634766
-29
-0.00354004
-85
-0.010376
-64
-0.0078125
66
0.00805664
-50
-0.00610352
-82
-0.0100098
-72
-0.00878906
-110
-0.0134277
-99
-0.012085
-225
-0.0274658
117
0.0142822
155
0.0189209
41
0.00500488
-124
-0.0151367
-60
-0.00732422
37
0.0045166
97
0.0118408
-2
-0.000244141
-86
-0.010498
-94
-0.0114746
68
0.00830078
-93
-0.0113525
63
0.00769043
131
0.0159912
89
0.0108643
-25
-0.00305176
140
0.0170898
-205
-0.0250244
1
0.00012207
144
0.0175781
-27
-0.0032959
52
0.00634766
-14
-0.00170898
-44
-0.00537109
113
0.0137939
-124
-0.0151367
153
0.0186768
-45
-0.00549316
-36
-0.00439453
-136
-0.0166016
11
0.00134277
-88
-0.0107422
25
0.00305176
-60
-0.00732422
119
0.0145264
-154
-0.0187988
5
0.000610352
251
0.0306396
85
0.010376
-12
-0.00146484
-23
-0.00280762
-21
-0.00256348
-67
-0.00817871
-55
-0.00671387
117
0.0142822
-27
-0.0032959
-121
-0.0147705
86
0.010498
-28
-0.00341797
-35
-0.00427246
0
0
-130
-0.0158691
-78
-0.00952148
114
0.013916
74
0.0090332
-28
-0.00341797
11
0.00134277
130
0.0158691
65
0.00793457
189
0.0230713
34
0.00415039
115
0.0140381
103
0.0125732
-90
-0.0109863
170
0.020752
-78
-0.00952148
89
0.0108643
-2
-0.000244141
81
0.0098877
75
0.00915527
-24
-0.00292969
51
0.00622559
-112
-0.0136719
32
0.00390625
41
0.00500488
141
0.0172119
22
0.00268555
334
0.0407715
-60
-0.00732422
-27
-0.0032959
151
0.0184326
-10
-0.0012207
-155
-0.0189209
-10
-0.0012207
40
0.00488281
151
0.0184326
72
0.00878906
100
0.012207
-36
-0.00439453
35
0.00427246
-33
-0.00402832
155
0.0189209
6
0.000732422
-9
-0.00109863
0
0
-91
-0.0111084
30
0.00366211
-47
-0.0057373
-38
-0.00463867
39
0.00476074
21
0.00256348
-139
-0.0169678
-134
-0.0163574
54
0.0065918
-141
-0.0172119
75
0.00915527
-7
-0.000854492
33
0.00402832
49
0.00598145
119
0.0145264
-38
-0.00463867
6
0.000732422
-109
-0.0133057
-13
-0.00158691
-72
-0.00878906
86
0.010498
4
0.000488281
37
0.0045166
35
0.00427246
-187
-0.0228271
-60
-0.00732422
70
0.00854492
75
0.00915527
-64
-0.0078125
45
0.00549316
22
0.00268555
60
0.00732422
8
0.000976562
-180
-0.0219727
-49
-0.00598145
73
0.00891113
81
0.0098877
127
0.0155029
-80
-0.00976562
58
0.00708008
-59
-0.00720215
135
0.0164795
81
0.0098877
-56
-0.00683594
-130
-0.0158691
152
0.0185547
-99
-0.012085
1
0.00012207
-88
-0.0107422
129
0.0157471
-202
-0.0246582
-38
-0.00463867
-76
-0.00927734
-83
-0.0101318
28
0.00341797
11
0.00134277
-60
-0.00732422
-122
-0.0148926
-138
-0.0168457
63
0.00769043
-230
-0.0280762
-141
-0.0172119
71
0.00866699
29
0.00354004
140
0.0170898
108
0.0131836
-32
-0.00390625
-14
-0.00170898
-24
-0.00292969
-16
-0.00195312
-176
-0.0214844
-42
-0.00512695
-52
-0.00634766
135
0.0164795
-75
-0.00915527
151
0.0184326
-309
-0.0377197
-1
-0.00012207
-68
-0.00830078
-66
-0.00805664
-132
-0.0161133
66
0.00805664
10
0.0012207
-33
-0.00402832
-79
-0.00964355
70
0.00854492
-71
-0.00866699
52
0.00634766
-67
-0.00817871
64
0.0078125
8
0.000976562
-16
-0.00195312
-151
-0.0184326
7
0.000854492
39
0.00476074
0
0
126
0.0153809
0
0
-22
-0.00268555
105
0.0128174
47
0.0057373
-35
-0.00427246
37
0.0045166
-135
-0.0164795
32
0.00390625
-120
-0.0146484
299
0.036499
94
0.0114746
43
0.00524902
-129
-0.0157471
-53
-0.00646973
174
0.0212402
-84
-0.0102539
57
0.00695801
27
0.0032959
-74
-0.0090332
49
0.00598145
-9
-0.00109863
89
0.0108643
-13
-0.00158691
-104
-0.0126953
7
0.000854492
55
0.00671387
-51
-0.00622559
13
0.00158691
29
0.00354004
-57
-0.00695801
-121
-0.0147705
9
0.00109863
-151
-0.0184326
65
0.00793457
35
0.00427246
-223
-0.0272217
-6
-0.000732422
-25
-0.00305176
-64
-0.0078125
171
0.020874
-21
-0.00256348
165
0.0201416
-107
-0.0130615
278
0.0339355
-24
-0.00292969
357
0.0435791
110
0.0134277
-83
-0.0101318
46
0.00561523
-98
-0.0119629
-75
-0.00915527
323
0.0394287
-55
-0.00671387
45
0.00549316
-55
-0.00671387
-28
-0.00341797
4
0.000488281
-110
-0.0134277
-202
-0.0246582
210
0.0256348
67
0.00817871
92
0.0112305
90
0.0109863
-24
-0.00292969
-41
-0.00500488
-151
-0.0184326
111
0.0135498
120
0.0146484
49
0.00598145
-49
-0.00598145
51
0.00622559
95
0.0115967
-13
-0.00158691
-46
-0.00561523
76
0.00927734
50
0.00610352
19
0.00231934
58
0.00708008
-102
-0.0124512
-165
-0.0201416
115
0.0140381
-50
-0.00610352
-1
-0.00012207
-185
-0.022583
104
0.0126953
-122
-0.0148926
-11
-0.00134277
-101
-0.0123291
-14
-0.00170898
114
0.013916
127
0.0155029
32
0.00390625
9
0.00109863
-12
-0.00146484
13
0.00158691
33
0.00402832
-7
-0.000854492
55
0.00671387
47
0.0057373
5
0.000610352
55
0.00671387
-2
-0.000244141
26
0.00317383
106
0.0129395
12
0.00146484
-16
-0.00195312
130
0.0158691
86
0.010498
29
0.00354004
36
0.00439453
-37
-0.0045166
-234
-0.0285645
-30
-0.00366211
126
0.0153809
46
0.00561523
-257
-0.0313721
6
0.000732422
5
0.000610352
172
0.0209961
38
0.00463867
142
0.017334
-126
-0.0153809
-69
-0.00842285
79
0.00964355
-78
-0.00952148
148
0.0180664
-44
-0.00537109
-184
-0.0224609
-81
-0.0098877
58
0.00708008
-154
-0.0187988
129
0.0157471
-79
-0.00964355
38
0.00463867
30
0.00366211
108
0.0131836
-9
-0.00109863
-87
-0.0106201
300
0.0366211
388
0.0473633
45
0.00549316
116
0.0141602
-1
-0.00012207
-57
-0.00695801
-53
-0.00646973
-51
-0.00622559
-89
-0.0108643
24
0.00292969
157
0.019165
15
0.00183105
-34
-0.00415039
-99
-0.012085
-61
-0.00744629
339
0.0413818
-79
-0.00964355
16
0.00195312
-58
-0.00708008
161
0.0196533
37
0.0045166
-44
-0.00537109
-73
-0.00891113
-99
-0.012085
71
0.00866699
145
0.0177002
-82
-0.0100098
-45
-0.00549316
-70
-0.00854492
190
0.0231934
74
0.0090332
215
0.0262451
28
0.00341797
-2
-0.000244141
76
0.00927734
25
0.00305176
119
0.0145264
-68
-0.00830078
-91
-0.0111084
-263
-0.0321045
12
0.00146484
-140
-0.0170898
7
0.000854492
182
0.0222168
-60
-0.00732422
-169
-0.0206299
-55
-0.00671387
62
0.00756836
-47
-0.0057373
-7
-0.000854492
56
0.00683594
-12
-0.00146484
-32
-0.00390625
101
0.0123291
19
0.00231934
139
0.0169678
243
0.0296631
240
0.0292969
20
0.00244141
62
0.00756836
8
0.000976562
283
0.0345459
-12
-0.00146484
-37
-0.0045166
-4
-0.000488281
25
0.00305176
165
0.0201416
-194
-0.0236816
-41
-0.00500488
-148
-0.0180664
-76
-0.00927734
90
0.0109863
140
0.0170898
42
0.00512695
-10
-0.0012207
192
0.0234375
-18
-0.00219727
135
0.0164795
-134
-0.0163574
-257
-0.0313721
-107
-0.0130615
12
0.00146484
179
0.0218506
-157
-0.019165
-126
-0.0153809
-24
-0.00292969
-65
-0.00793457
63
0.00769043
-31
-0.00378418
-57
-0.00695801
-21
-0.00256348
94
0.0114746
130
0.0158691
-197
-0.0240479
-33
-0.00402832
10
0.0012207
-32
-0.00390625
-190
-0.0231934
-5
-0.000610352
-261
-0.0318604
-80
-0.00976562
-153
-0.0186768
-173
-0.0211182
22
0.00268555
-45
-0.00549316
136
0.0166016
207
0.0252686
-93
-0.0113525
36
0.00439453
194
0.0236816
-47
-0.0057373
-64
-0.0078125
-41
-0.00500488
-49
-0.00598145
-49
-0.00598145
-20
-0.00244141
172
0.0209961
216
0.0263672
-118
-0.0144043
53
0.00646973
272
0.0332031
72
0.00878906
-118
-0.0144043
12
0.00146484
65
0.00793457
-100
-0.012207
-54
-0.0065918
101
0.0123291
52
0.00634766
204
0.0249023
84
0.0102539
-6
-0.000732422
12
0.00146484
196
0.0239258
153
0.0186768
-118
-0.0144043
-35
-0.00427246
172
0.0209961
-69
-0.00842285
-27
-0.0032959
-22
-0.00268555
-99
-0.012085
131
0.0159912
9
0.00109863
-32
-0.00390625
-63
-0.00769043
9
0.00109863
92
0.0112305
-97
-0.0118408
-78
-0.00952148
-59
-0.00720215
-207
-0.0252686
137
0.0167236
-253
-0.0308838
-65
-0.00793457
-204
-0.0249023
-158
-0.0192871
-101
-0.0123291
33
0.00402832
56
0.00683594
-28
-0.00341797
16
0.00195312
-15
-0.00183105
-47
-0.0057373
-3
-0.000366211
-14
-0.00170898
10
0.0012207
102
0.0124512
164
0.0200195
-53
-0.00646973
35
0.00427246
-17
-0.0020752
-138
-0.0168457
213
0.026001
27
0.0032959
11
0.00134277
68
0.00830078
-18
-0.00219727
55
0.00671387
-163
-0.0198975
18
0.00219727
38
0.00463867
-99
-0.012085
104
0.0126953
-55
-0.00671387
-16
-0.00195312
9
0.00109863
-54
-0.0065918
13
0.00158691
150
0.0183105
11
0.00134277
-13
-0.00158691
129
0.0157471
-120
-0.0146484
16
0.00195312
10
0.0012207
-96
-0.0117188
-95
-0.0115967
114
0.013916
-1
-0.00012207
36
0.00439453
-65
-0.00793457
24
0.00292969
-84
-0.0102539
-25
-0.00305176
80
0.00976562
174
0.0212402
254
0.0310059
32
0.00390625
46
0.00561523
151
0.0184326
101
0.0123291
36
0.00439453
124
0.0151367
128
0.015625
43
0.00524902
122
0.0148926
-278
-0.0339355
23
0.00280762
-36
-0.00439453
-6
-0.000732422
45
0.00549316
127
0.0155029
204
0.0249023
-109
-0.0133057
-130
-0.0158691
39
0.00476074
-26
-0.00317383
-54
-0.0065918
195
0.0238037
114
0.013916
-36
-0.00439453
251
0.0306396
94
0.0114746
36
0.00439453
-44
-0.00537109
34
0.00415039
-215
-0.0262451
162
0.0197754
-31
-0.00378418
122
0.0148926
211
0.0257568
-49
-0.00598145
-95
-0.0115967
277
0.0338135
-20
-0.00244141
-10
-0.0012207
-6
-0.000732422
102
0.0124512
194
0.0236816
-109
-0.0133057
112
0.0136719
-9
-0.00109863
76
0.00927734
20
0.00244141
31
0.00378418
161
0.0196533
-85
-0.010376
128
0.015625
-15
-0.00183105
-123
-0.0150146
-120
-0.0146484
4
0.000488281
324
0.0395508
111
0.0135498
33
0.00402832
-145
-0.0177002
-42
-0.00512695
-81
-0.0098877
133
0.0162354
-151
-0.0184326
-124
-0.0151367
-12
-0.00146484
-16
-0.00195312
57
0.00695801
17
0.0020752
37
0.0045166
89
0.0108643
57
0.00695801
-42
-0.00512695
61
0.00744629
-243
-0.0296631
-99
-0.012085
82
0.0100098
52
0.00634766
11
0.00134277
14
0.00170898
-54
-0.0065918
109
0.0133057
94
0.0114746
19
0.00231934
109
0.0133057
44
0.00537109
-101
-0.0123291
155
0.0189209
-263
-0.0321045
-53
-0.00646973
-324
-0.0395508
118
0.0144043
160
0.0195312
50
0.00610352
43
0.00524902
106
0.0129395
53
0.00646973
-121
-0.0147705
-102
-0.0124512
-137
-0.0167236
9
0.00109863
-24
-0.00292969
5
0.000610352
44
0.00537109
221
0.0269775
85
0.010376
-201
-0.0245361
-70
-0.00854492
-72
-0.00878906
47
0.0057373
-35
-0.00427246
102
0.0124512
79
0.00964355
126
0.0153809
-10
-0.0012207
-29
-0.00354004
96
0.0117188
66
0.00805664
15
0.00183105
1
0.00012207
-192
-0.0234375
-145
-0.0177002
-241
-0.0294189
70
0.00854492
-19
-0.00231934
-38
-0.00463867
245
0.0299072
40
0.00488281
-67
-0.00817871
-120
-0.0146484
140
0.0170898
32
0.00390625
-97
-0.0118408
-36
-0.00439453
-216
-0.0263672
38
0.00463867
-183
-0.0223389
96
0.0117188
161
0.0196533
-164
-0.0200195
94
0.0114746
84
0.0102539
-86
-0.010498
9
0.00109863
35
0.00427246
-5
-0.000610352
-223
-0.0272217
65
0.00793457
-112
-0.0136719
-100
-0.012207
239
0.0291748
-13
-0.00158691
103
0.0125732
79
0.00964355
96
0.0117188
154
0.0187988
-110
-0.0134277
91
0.0111084
77
0.00939941
8
0.000976562
117
0.0142822
112
0.0136719
-17
-0.0020752
138
0.0168457
22
0.00268555
-65
-0.00793457
-132
-0.0161133
79
0.00964355
53
0.00646973
-276
-0.0336914
89
0.0108643
178
0.0217285
16
0.00195312
65
0.00793457
125
0.0152588
50
0.00610352
-282
-0.0344238
70
0.00854492
-83
-0.0101318
-132
-0.0161133
194
0.0236816
3
0.000366211
9
0.00109863
-203
-0.0247803
71
0.00866699
19
0.00231934
282
0.0344238
107
0.0130615
-178
-0.0217285
-25
-0.00305176
146
0.0178223
-87
-0.0106201
90
0.0109863
-39
-0.00476074
-76
-0.00927734
34
0.00415039
-213
-0.026001
108
0.0131836
-327
-0.039917
-18
-0.00219727
-167
-0.0203857
27
0.0032959
-6
-0.000732422
-4
-0.000488281
-14
-0.00170898
114
0.013916
-12
-0.00146484
-111
-0.0135498
-79
-0.00964355
64
0.0078125
-47
-0.0057373
-46
-0.00561523
71
0.00866699
-14
-0.00170898
70
0.00854492
118
0.0144043
71
0.00866699
13
0.00158691
165
0.0201416
138
0.0168457
354
0.0432129
146
0.0178223
-12
-0.00146484
-179
-0.0218506
-46
-0.00561523
63
0.00769043
-104
-0.0126953
63
0.00769043
245
0.0299072
-35
-0.00427246
121
0.0147705
71
0.00866699
-40
-0.00488281
-155
-0.0189209
85
0.010376
120
0.0146484
-76
-0.00927734
-62
-0.00756836
156
0.019043
58
0.00708008
16
0.00195312
-53
-0.00646973
-56
-0.00683594
-39
-0.00476074
-24
-0.00292969
-3
-0.000366211
-251
-0.0306396
-57
-0.00695801
101
0.0123291
107
0.0130615
-34
-0.00415039
26
0.00317383
-45
-0.00549316
32
0.00390625
114
0.013916
217
0.0264893
26
0.00317383
-164
-0.0200195
25
0.00305176
-10
-0.0012207
-86
-0.010498
40
0.00488281
-17
-0.0020752
88
0.0107422
-59
-0.00720215
-60
-0.00732422
33
0.00402832
3
0.000366211
-1
-0.00012207
-96
-0.0117188
212
0.0258789
30
0.00366211
37
0.0045166
84
0.0102539
-246
-0.0300293
61
0.00744629
-29
-0.00354004
-64
-0.0078125
83
0.0101318
-45
-0.00549316
135
0.0164795
-62
-0.00756836
26
0.00317383
27
0.0032959
171
0.020874
29
0.00354004
-258
-0.0314941
74
0.0090332
-129
-0.0157471
-94
-0.0114746
-110
-0.0134277
11
0.00134277
-96
-0.0117188
-18
-0.00219727
49
0.00598145
19
0.00231934
192
0.0234375
123
0.0150146
-188
-0.0229492
-13
-0.00158691
195
0.0238037
-103
-0.0125732
-90
-0.0109863
-64
-0.0078125
24
0.00292969
59
0.00720215
191
0.0233154
49
0.00598145
32
0.00390625
117
0.0142822
111
0.0135498
11
0.00134277
-149
-0.0181885
-110
-0.0134277
-78
-0.00952148
-66
-0.00805664
177
0.0216064
-81
-0.0098877
34
0.00415039
-46
-0.00561523
-164
-0.0200195
104
0.0126953
-61
-0.00744629
-95
-0.0115967
130
0.0158691
1
0.00012207
56
0.00683594
-100
-0.012207
-19
-0.00231934
14
0.00170898
-106
-0.0129395
63
0.00769043
-113
-0.0137939
-17
-0.0020752
16
0.00195312
60
0.00732422
-5
-0.000610352
111
0.0135498
-119
-0.0145264
-8
-0.000976562
-22
-0.00268555
-13
-0.00158691
-232
-0.0283203
55
0.00671387
-218
-0.0266113
41
0.00500488
117
0.0142822
15
0.00183105
28
0.00341797
-83
-0.0101318
67
0.00817871
-147
-0.0179443
-246
-0.0300293
18
0.00219727
122
0.0148926
-68
-0.00830078
-135
-0.0164795
184
0.0224609
-44
-0.00537109
24
0.00292969
-246
-0.0300293
213
0.026001
-83
-0.0101318
76
0.00927734
-136
-0.0166016
-66
-0.00805664
28
0.00341797
-87
-0.0106201
102
0.0124512
-88
-0.0107422
64
0.0078125
43
0.00524902
119
0.0145264
44
0.00537109
7
0.000854492
40
0.00488281
48
0.00585938
46
0.00561523
-16
-0.00195312
-9
-0.00109863
87
0.0106201
166
0.0202637
-268
-0.0327148
-59
-0.00720215
351
0.0428467
12
0.00146484
-101
-0.0123291
112
0.0136719
36
0.00439453
56
0.00683594
-146
-0.0178223
47
0.0057373
-299
-0.036499
62
0.00756836
132
0.0161133
-64
-0.0078125
57
0.00695801
-28
-0.00341797
-143
-0.0174561
-22
-0.00268555
-81
-0.0098877
-73
-0.00891113
130
0.0158691
107
0.0130615
-70
-0.00854492
165
0.0201416
-327
-0.039917
-46
-0.00561523
-102
-0.0124512
-59
-0.00720215
-109
-0.0133057
0
0
-47
-0.0057373
-67
-0.00817871
-26
-0.00317383
-37
-0.0045166
64
0.0078125
-175
-0.0213623
17
0.0020752
57
0.00695801
35
0.00427246
65
0.00793457
67
0.00817871
30
0.00366211
69
0.00842285
-92
-0.0112305
-61
-0.00744629
-8
-0.000976562
40
0.00488281
41
0.00500488
93
0.0113525
252
0.0307617
-70
-0.00854492
-167
-0.0203857
-90
-0.0109863
4
0.000488281
317
0.0386963
118
0.0144043
66
0.00805664
-123
-0.0150146
-196
-0.0239258
48
0.00585938
-108
-0.0131836
-114
-0.013916
-44
-0.00537109
0
0
255
0.0311279
82
0.0100098
163
0.0198975
60
0.00732422
76
0.00927734
-108
-0.0131836
-211
-0.0257568
-45
-0.00549316
-147
-0.0179443
-19
-0.00231934
72
0.00878906
143
0.0174561
110
0.0134277
-3
-0.000366211
-106
-0.0129395
133
0.0162354
44
0.00537109
29
0.00354004
-200
-0.0244141
12
0.00146484
-213
-0.026001
-82
-0.0100098
-200
-0.0244141
-62
-0.00756836
-92
-0.0112305
-127
-0.0155029
-32
-0.00390625
124
0.0151367
33
0.00402832
173
0.0211182
175
0.0213623
-78
-0.00952148
165
0.0201416
-35
-0.00427246
-14
-0.00170898
-68
-0.00830078
81
0.0098877
-24
-0.00292969
-8
-0.000976562
31
0.00378418
313
0.038208
26
0.00317383
-122
-0.0148926
-76
-0.00927734
167
0.0203857
59
0.00720215
-44
-0.00537109
62
0.00756836
-186
-0.0227051
-60
-0.00732422
-133
-0.0162354
46
0.00561523
101
0.0123291
19
0.00231934
100
0.012207
1
0.00012207
291
0.0355225
-142
-0.017334
222
0.0270996
-45
-0.00549316
86
0.010498
93
0.0113525
-13
-0.00158691
-125
-0.0152588
158
0.0192871
110
0.0134277
-54
-0.0065918
-17
-0.0020752
63
0.00769043
-43
-0.00524902
-87
-0.0106201
-16
-0.00195312
13
0.00158691
96
0.0117188
128
0.015625
14
0.00170898
-99
-0.012085
-81
-0.0098877
-204
-0.0249023
104
0.0126953
126
0.0153809
-12
-0.00146484
32
0.00390625
81
0.0098877
4
0.000488281
-50
-0.00610352
-57
-0.00695801
-78
-0.00952148
-36
-0.00439453
70
0.00854492
216
0.0263672
-55
-0.00671387
203
0.0247803
-123
-0.0150146
-272
-0.0332031
-24
-0.00292969
127
0.0155029
52
0.00634766
198
0.0241699
3
0.000366211
32
0.00390625
-24
-0.00292969
132
0.0161133
-4
-0.000488281
-124
-0.0151367
56
0.00683594
-31
-0.00378418
85
0.010376
-40
-0.00488281
107
0.0130615
-49
-0.00598145
-38
-0.00463867
-190
-0.0231934
-6
-0.000732422
-108
-0.0131836
102
0.0124512
235
0.0286865
35
0.00427246
98
0.0119629
-177
-0.0216064
-330
-0.0402832
-154
-0.0187988
1
0.00012207
87
0.0106201
153
0.0186768
-25
-0.00305176
41
0.00500488
143
0.0174561
147
0.0179443
-38
-0.00463867
82
0.0100098
-49
-0.00598145
104
0.0126953
78
0.00952148
-92
-0.0112305
-53
-0.00646973
-1
-0.00012207
44
0.00537109
-137
-0.0167236
-43
-0.00524902
158
0.0192871
15
0.00183105
-36
-0.00439453
-40
-0.00488281
-21
-0.00256348
-15
-0.00183105
-153
-0.0186768
-57
-0.00695801
-281
-0.0343018
33
0.00402832
-100
-0.012207
-83
-0.0101318
-37
-0.0045166
28
0.00341797
49
0.00598145
-94
-0.0114746
-175
-0.0213623
-20
-0.00244141
-27
-0.0032959
-216
-0.0263672
-128
-0.015625
52
0.00634766
149
0.0181885
-79
-0.00964355
-85
-0.010376
61
0.00744629
60
0.00732422
-21
-0.00256348
84
0.0102539
-86
-0.010498
110
0.0134277
-16
-0.00195312
-109
-0.0133057
42
0.00512695
105
0.0128174
-13
-0.00158691
-64
-0.0078125
53
0.00646973
195
0.0238037
141
0.0172119
-72
-0.00878906
41
0.00500488
-209
-0.0255127
-48
-0.00585938
211
0.0257568
80
0.00976562
-12
-0.00146484
-71
-0.00866699
-43
-0.00524902
-93
-0.0113525
-168
-0.0205078
13
0.00158691
191
0.0233154
-73
-0.00891113
95
0.0115967
-18
-0.00219727
-9
-0.00109863
74
0.0090332
155
0.0189209
63
0.00769043
-115
-0.0140381
25
0.00305176
86
0.010498
-9
-0.00109863
7
0.000854492
-37
-0.0045166
53
0.00646973
-84
-0.0102539
-194
-0.0236816
43
0.00524902
-153
-0.0186768
-53
-0.00646973
36
0.00439453
9
0.00109863
125
0.0152588
-124
-0.0151367
77
0.00939941
-62
-0.00756836
74
0.0090332
66
0.00805664
140
0.0170898
52
0.00634766
-51
-0.00622559
-30
-0.00366211
-155
-0.0189209
-22
-0.00268555
-108
-0.0131836
-3
-0.000366211
205
0.0250244
-100
-0.012207
28
0.00341797
-82
-0.0100098
-31
-0.00378418
177
0.0216064
-6
-0.000732422
5
0.000610352
25
0.00305176
-92
-0.0112305
69
0.00842285
56
0.00683594
47
0.0057373
-45
-0.00549316
-191
-0.0233154
-81
-0.0098877
-158
-0.0192871
-108
-0.0131836
260
0.0317383
82
0.0100098
-57
-0.00695801
111
0.0135498
149
0.0181885
-67
-0.00817871
-39
-0.00476074
162
0.0197754
247
0.0301514
23
0.00280762
57
0.00695801
101
0.0123291
-32
-0.00390625
112
0.0136719
-98
-0.0119629
15
0.00183105
-32
-0.00390625
95
0.0115967
143
0.0174561
97
0.0118408
-33
-0.00402832
-9
-0.00109863
23
0.00280762
-34
-0.00415039
121
0.0147705
38
0.00463867
-68
-0.00830078
3
0.000366211
-66
-0.00805664
-40
-0.00488281
-154
-0.0187988
-125
-0.0152588
49
0.00598145
96
0.0117188
-93
-0.0113525
-76
-0.00927734
265
0.0323486
-77
-0.00939941
-151
-0.0184326
-3
-0.000366211
116
0.0141602
112
0.0136719
-2
-0.000244141
-100
-0.012207
-70
-0.00854492
-28
-0.00341797
-97
-0.0118408
8
0.000976562
166
0.0202637
-13
-0.00158691
-19
-0.00231934
-74
-0.0090332
-37
-0.0045166
-59
-0.00720215
-155
-0.0189209
-74
-0.0090332
-168
-0.0205078
45
0.00549316
98
0.0119629
-85
-0.010376
-127
-0.0155029
178
0.0217285
5
0.000610352
9
0.00109863
-5
-0.000610352
267
0.0325928
64
0.0078125
58
0.00708008
124
0.0151367
68
0.00830078
-4
-0.000488281
-7
-0.000854492
18
0.00219727
-154
-0.0187988
-165
-0.0201416
-91
-0.0111084
163
0.0198975
-3
-0.000366211
115
0.0140381
36
0.00439453
165
0.0201416
-47
-0.0057373
50
0.00610352
-17
-0.0020752
-275
-0.0335693
22
0.00268555
20
0.00244141
-109
-0.0133057
34
0.00415039
83
0.0101318
-120
-0.0146484
124
0.0151367
30
0.00366211
112
0.0136719
-122
-0.0148926
74
0.0090332
86
0.010498
32
0.00390625
-151
-0.0184326
-72
-0.00878906
147
0.0179443
-67
-0.00817871
103
0.0125732
-16
-0.00195312
196
0.0239258
53
0.00646973
-91
-0.0111084
46
0.00561523
425
0.0518799
160
0.0195312
-60
-0.00732422
79
0.00964355
36
0.00439453
22
0.00268555
149
0.0181885
-44
-0.00537109
-62
-0.00756836
-33
-0.00402832
-20
-0.00244141
3
0.000366211
-82
-0.0100098
89
0.0108643
157
0.019165
-172
-0.0209961
30
0.00366211
125
0.0152588
-144
-0.0175781
2
0.000244141
-4
-0.000488281
-49
-0.00598145
-5
-0.000610352
3
0.000366211
-35
-0.00427246
-66
-0.00805664
-21
-0.00256348
103
0.0125732
96
0.0117188
-43
-0.00524902
-157
-0.019165
-15
-0.00183105
217
0.0264893
-20
-0.00244141
5
0.000610352
10
0.0012207
239
0.0291748
-54
-0.0065918
-147
-0.0179443
68
0.00830078
-66
-0.00805664
-40
-0.00488281
17
0.0020752
-92
-0.0112305
289
0.0352783
77
0.00939941
140
0.0170898
35
0.00427246
-14
-0.00170898
-123
-0.0150146
37
0.0045166
-143
-0.0174561
-52
-0.00634766
52
0.00634766
69
0.00842285
-78
-0.00952148
91
0.0111084
23
0.00280762
76
0.00927734
124
0.0151367
-30
-0.00366211
-84
-0.0102539
79
0.00964355
-69
-0.00842285
-62
-0.00756836
26
0.00317383
53
0.00646973
57
0.00695801
2
0.000244141
13
0.00158691
175
0.0213623
37
0.0045166
-63
-0.00769043
26
0.00317383
292
0.0356445
-20
-0.00244141
-79
-0.00964355
211
0.0257568
-96
-0.0117188
-14
-0.00170898
-35
-0.00427246
-69
-0.00842285
-45
-0.00549316
-18
-0.00219727
165
0.0201416
95
0.0115967
35
0.00427246
133
0.0162354
-225
-0.0274658
-78
-0.00952148
-32
-0.00390625
25
0.00305176
-4
-0.000488281
-8
-0.000976562
-17
-0.0020752
90
0.0109863
-60
-0.00732422
-2
-0.000244141
-69
-0.00842285
42
0.00512695
78
0.00952148
29
0.00354004
-62
-0.00756836
-112
-0.0136719
-56
-0.00683594
-61
-0.00744629
172
0.0209961
-114
-0.013916
79
0.00964355
3
0.000366211
-218
-0.0266113
-41
-0.00500488
-99
-0.012085
64
0.0078125
-91
-0.0111084
14
0.00170898
124
0.0151367
-126
-0.0153809
208
0.0253906
0
0
1
0.00012207
-82
-0.0100098
264
0.0322266
17
0.0020752
-75
-0.00915527
-43
-0.00524902
28
0.00341797
72
0.00878906
-200
-0.0244141
-58
-0.00708008
9
0.00109863
149
0.0181885
64
0.0078125
-94
-0.0114746
40
0.00488281
177
0.0216064
176
0.0214844
108
0.0131836
-38
-0.00463867
-5
-0.000610352
22
0.00268555
40
0.00488281
144
0.0175781
-94
-0.0114746
-60
-0.00732422
102
0.0124512
47
0.0057373
38
0.00463867
-6
-0.000732422
-82
-0.0100098
-124
-0.0151367
-68
-0.00830078
164
0.0200195
-50
-0.00610352
-19
-0.00231934
169
0.0206299
112
0.0136719
-26
-0.00317383
48
0.00585938
263
0.0321045
123
0.0150146
63
0.00769043
-102
-0.0124512
148
0.0180664
140
0.0170898
123
0.0150146
-19
-0.00231934
-152
-0.0185547
10
0.0012207
-37
-0.0045166
-41
-0.00500488
12
0.00146484
9
0.00109863
-94
-0.0114746
-42
-0.00512695
20
0.00244141
76
0.00927734
-40
-0.00488281
-3
-0.000366211
112
0.0136719
177
0.0216064
-20
-0.00244141
-147
-0.0179443
74
0.0090332
-74
-0.0090332
84
0.0102539
90
0.0109863
67
0.00817871
-193
-0.0235596
47
0.0057373
-51
-0.00622559
2
0.000244141
-83
-0.0101318
64
0.0078125
62
0.00756836
36
0.00439453
37
0.0045166
-136
-0.0166016
-31
-0.00378418
-16
-0.00195312
-12
-0.00146484
58
0.00708008
270
0.032959
-70
-0.00854492
162
0.0197754
2
0.000244141
125
0.0152588
-46
-0.00561523
94
0.0114746
-9
-0.00109863
-27
-0.0032959
-49
-0.00598145
34
0.00415039
-31
-0.00378418
20
0.00244141
8
0.000976562
106
0.0129395
5
0.000610352
-47
-0.0057373
-12
-0.00146484
33
0.00402832
54
0.0065918
-18
-0.00219727
3
0.000366211
-156
-0.019043
72
0.00878906
-73
-0.00891113
-1
-0.00012207
94
0.0114746
-6
-0.000732422
-24
-0.00292969
-39
-0.00476074
220
0.0268555
45
0.00549316
4
0.000488281
-5
-0.000610352
331
0.0404053
19
0.00231934
-29
-0.00354004
130
0.0158691
-246
-0.0300293
144
0.0175781
99
0.012085
56
0.00683594
18
0.00219727
-18
-0.00219727
-13
-0.00158691
-63
-0.00769043
63
0.00769043
49
0.00598145
2
0.000244141
-71
-0.00866699
-186
-0.0227051
131
0.0159912
-7
-0.000854492
-7
-0.000854492
-258
-0.0314941
-22
-0.00268555
-180
-0.0219727
40
0.00488281
-24
-0.00292969
22
0.00268555
89
0.0108643
-129
-0.0157471
177
0.0216064
60
0.00732422
-194
-0.0236816
4
0.000488281
-27
-0.0032959
-179
-0.0218506
-164
-0.0200195
-70
-0.00854492
-220
-0.0268555
-1
-0.00012207
55
0.00671387
-45
-0.00549316
-105
-0.0128174
191
0.0233154
-302
-0.0368652
-25
-0.00305176
45
0.00549316
11
0.00134277
74
0.0090332
1
0.00012207
48
0.00585938
174
0.0212402
-102
-0.0124512
4
0.000488281
69
0.00842285
-50
-0.00610352
-88
-0.0107422
-32
-0.00390625
30
0.00366211
137
0.0167236
-37
-0.0045166
-19
-0.00231934
-69
-0.00842285
61
0.00744629
-168
-0.0205078
-97
-0.0118408
-39
-0.00476074
-82
-0.0100098
28
0.00341797
-115
-0.0140381
-15
-0.00183105
-86
-0.010498
51
0.00622559
-13
-0.00158691
-277
-0.0338135
122
0.0148926
126
0.0153809
-18
-0.00219727
-72
-0.00878906
-29
-0.00354004
172
0.0209961
108
0.0131836
134
0.0163574
-81
-0.0098877
188
0.0229492
-10
-0.0012207
18
0.00219727
57
0.00695801
-98
-0.0119629
61
0.00744629
-137
-0.0167236
71
0.00866699
27
0.0032959
-2
-0.000244141
-242
-0.029541
44
0.00537109
54
0.0065918
72
0.00878906
-218
-0.0266113
4
0.000488281
153
0.0186768
123
0.0150146
123
0.0150146
-19
-0.00231934
0
0
52
0.00634766
-34
-0.00415039
-3
-0.000366211
13
0.00158691
61
0.00744629
21
0.00256348
-33
-0.00402832
-24
-0.00292969
95
0.0115967
-3
-0.000366211
63
0.00769043
-69
-0.00842285
143
0.0174561
-7
-0.000854492
-39
-0.00476074
127
0.0155029
-111
-0.0135498
-64
-0.0078125
159
0.0194092
109
0.0133057
-51
-0.00622559
334
0.0407715
-239
-0.0291748
-42
-0.00512695
-5
-0.000610352
-145
-0.0177002
54
0.0065918
-131
-0.0159912
-11
-0.00134277
149
0.0181885
107
0.0130615
61
0.00744629
122
0.0148926
1
0.00012207
31
0.00378418
137
0.0167236
121
0.0147705
181
0.0220947
-54
-0.0065918
-315
-0.0384521
-148
-0.0180664
-48
-0.00585938
-96
-0.0117188
-76
-0.00927734
-28
-0.00341797
148
0.0180664
151
0.0184326
91
0.0111084
68
0.00830078
-36
-0.00439453
-4
-0.000488281
-60
-0.00732422
79
0.00964355
-139
-0.0169678
-146
-0.0178223
143
0.0174561
-6
-0.000732422
62
0.00756836
-86
-0.010498
131
0.0159912
25
0.00305176
-20
-0.00244141
-82
-0.0100098
-59
-0.00720215
53
0.00646973
19
0.00231934
69
0.00842285
-13
-0.00158691
158
0.0192871
-69
-0.00842285
-33
-0.00402832
-130
-0.0158691
21
0.00256348
-224
-0.0273438
72
0.00878906
22
0.00268555
89
0.0108643
142
0.017334
-40
-0.00488281
-96
-0.0117188
-5
-0.000610352
89
0.0108643
-59
-0.00720215
-98
-0.0119629
-96
-0.0117188
93
0.0113525
27
0.0032959
-167
-0.0203857
-136
-0.0166016
-157
-0.019165
4
0.000488281
125
0.0152588
-44
-0.00537109
-114
-0.013916
60
0.00732422
-111
-0.0135498
73
0.00891113
49
0.00598145
51
0.00622559
-104
-0.0126953
21
0.00256348
1
0.00012207
47
0.0057373
-236
-0.0288086
-150
-0.0183105
-58
-0.00708008
-66
-0.00805664
40
0.00488281
-74
-0.0090332
62
0.00756836
-12
-0.00146484
-43
-0.00524902
109
0.0133057
261
0.0318604
25
0.00305176
103
0.0125732
30
0.00366211
-45
-0.00549316
-37
-0.0045166
74
0.0090332
-230
-0.0280762
87
0.0106201
86
0.010498
-206
-0.0251465
47
0.0057373
21
0.00256348
52
0.00634766
-111
-0.0135498
106
0.0129395
46
0.00561523
7
0.000854492
89
0.0108643
-47
-0.0057373
-108
-0.0131836
22
0.00268555
-109
-0.0133057
-76
-0.00927734
344
0.0419922
-54
-0.0065918
-272
-0.0332031
99
0.012085
109
0.0133057
-46
-0.00561523
51
0.00622559
69
0.00842285
0
0
-109
-0.0133057
-49
-0.00598145
-54
-0.0065918
-26
-0.00317383
-64
-0.0078125
151
0.0184326
-95
-0.0115967
161
0.0196533
-1
-0.00012207
131
0.0159912
67
0.00817871
8
0.000976562
-113
-0.0137939
25
0.00305176
-134
-0.0163574
63
0.00769043
73
0.00891113
-112
-0.0136719
25
0.00305176
-40
-0.00488281
87
0.0106201
-38
-0.00463867
26
0.00317383
-10
-0.0012207
-19
-0.00231934
126
0.0153809
88
0.0107422
-15
-0.00183105
-24
-0.00292969
-264
-0.0322266
-45
-0.00549316
446
0.0544434
59
0.00720215
-117
-0.0142822
-61
-0.00744629
-196
-0.0239258
95
0.0115967
-27
-0.0032959
132
0.0161133
-300
-0.0366211
18
0.00219727
87
0.0106201
-40
-0.00488281
95
0.0115967
-62
-0.00756836
-8
-0.000976562
-26
-0.00317383
-7
-0.000854492
5
0.000610352
71
0.00866699
-128
-0.015625
270
0.032959
-59
-0.00720215
-81
-0.0098877
-95
-0.0115967
86
0.010498
135
0.0164795
-153
-0.0186768
-120
-0.0146484
-86
-0.010498
-54
-0.0065918
24
0.00292969
-81
-0.0098877
-302
-0.0368652
-97
-0.0118408
-99
-0.012085
-22
-0.00268555
-110
-0.0134277
51
0.00622559
-70
-0.00854492
-49
-0.00598145
143
0.0174561
0
0
-158
-0.0192871
77
0.00939941
21
0.00256348
-56
-0.00683594
-5
-0.000610352
-7
-0.000854492
60
0.00732422
-5
-0.000610352
134
0.0163574
29
0.00354004
-252
-0.0307617
25
0.00305176
36
0.00439453
6
0.000732422
-29
-0.00354004
-93
-0.0113525
-107
-0.0130615
-63
-0.00769043
101
0.0123291
-6
-0.000732422
-141
-0.0172119
-3
-0.000366211
-329
-0.0401611
56
0.00683594
-161
-0.0196533
-81
-0.0098877
78
0.00952148
68
0.00830078
-192
-0.0234375
93
0.0113525
39
0.00476074
-56
-0.00683594
19
0.00231934
-39
-0.00476074
97
0.0118408
13
0.00158691
33
0.00402832
-28
-0.00341797
-16
-0.00195312
67
0.00817871
28
0.00341797
33
0.00402832
3
0.000366211
-28
-0.00341797
65
0.00793457
-26
-0.00317383
71
0.00866699
145
0.0177002
-39
-0.00476074
-99
-0.012085
17
0.0020752
70
0.00854492
-207
-0.0252686
18
0.00219727
123
0.0150146
9
0.00109863
192
0.0234375
-58
-0.00708008
-67
-0.00817871
-84
-0.0102539
333
0.0406494
20
0.00244141
35
0.00427246
-5
-0.000610352
-29
-0.00354004
54
0.0065918
-83
-0.0101318
23
0.00280762
73
0.00891113
45
0.00549316
22
0.00268555
-149
-0.0181885
52
0.00634766
-51
-0.00622559
109
0.0133057
47
0.0057373
286
0.0349121
-3
-0.000366211
28
0.00341797
108
0.0131836
-29
-0.00354004
31
0.00378418
66
0.00805664
98
0.0119629
-18
-0.00219727
4
0.000488281
-41
-0.00500488
27
0.0032959
-116
-0.0141602
-51
-0.00622559
-74
-0.0090332
87
0.0106201
-13
-0.00158691
106
0.0129395
-281
-0.0343018
-80
-0.00976562
-97
-0.0118408
-51
-0.00622559
-105
-0.0128174
-41
-0.00500488
127
0.0155029
56
0.00683594
-102
-0.0124512
46
0.00561523
-16
-0.00195312
-10
-0.0012207
-45
-0.00549316
-141
-0.0172119
-157
-0.019165
33
0.00402832
-85
-0.010376
59
0.00720215
-172
-0.0209961
-162
-0.0197754
154
0.0187988
-41
-0.00500488
-194
-0.0236816
-20
-0.00244141
103
0.0125732
-25
-0.00305176
53
0.00646973
58
0.00708008
126
0.0153809
-7
-0.000854492
18
0.00219727
35
0.00427246
-103
-0.0125732
-24
-0.00292969
-59
-0.00720215
-80
-0.00976562
23
0.00280762
43
0.00524902
-176
-0.0214844
-74
-0.0090332
82
0.0100098
65
0.00793457
41
0.00500488
-3
-0.000366211
-190
-0.0231934
-66
-0.00805664
33
0.00402832
-68
-0.00830078
-9
-0.00109863
-17
-0.0020752
-37
-0.0045166
81
0.0098877
66
0.00805664
-3
-0.000366211
96
0.0117188
47
0.0057373
281
0.0343018
149
0.0181885
-193
-0.0235596
122
0.0148926
35
0.00427246
-68
-0.00830078
122
0.0148926
171
0.020874
-82
-0.0100098
37
0.0045166
93
0.0113525
-2
-0.000244141
-41
-0.00500488
130
0.0158691
26
0.00317383
92
0.0112305
36
0.00439453
-4
-0.000488281
-62
-0.00756836
-72
-0.00878906
-50
-0.00610352
-17
-0.0020752
-139
-0.0169678
16
0.00195312
104
0.0126953
-60
-0.00732422
-80
-0.00976562
-23
-0.00280762
130
0.0158691
34
0.00415039
8
0.000976562
-40
-0.00488281
-54
-0.0065918
-97
-0.0118408
-16
-0.00195312
-79
-0.00964355
-181
-0.0220947
-34
-0.00415039
-142
-0.017334
70
0.00854492
160
0.0195312
-57
-0.00695801
61
0.00744629
183
0.0223389
-231
-0.0281982
55
0.00671387
-235
-0.0286865
-121
-0.0147705
120
0.0146484
121
0.0147705
-23
-0.00280762
-58
-0.00708008
110
0.0134277
-46
-0.00561523
46
0.00561523
-71
-0.00866699
150
0.0183105
92
0.0112305
-163
-0.0198975
23
0.00280762
-163
-0.0198975
147
0.0179443
-31
-0.00378418
140
0.0170898
-50
-0.00610352
-52
-0.00634766
-46
-0.00561523
35
0.00427246
-46
-0.00561523
102
0.0124512
25
0.00305176
8
0.000976562
119
0.0145264
1
0.00012207
-2
-0.000244141
-41
-0.00500488
104
0.0126953
75
0.00915527
23
0.00280762
15
0.00183105
11
0.00134277
-103
-0.0125732
188
0.0229492
-145
-0.0177002
96
0.0117188
-100
-0.012207
-46
-0.00561523
-34
-0.00415039
245
0.0299072
-115
-0.0140381
-169
-0.0206299
64
0.0078125
-56
-0.00683594
-151
-0.0184326
16
0.00195312
127
0.0155029
-129
-0.0157471
32
0.00390625
225
0.0274658
-74
-0.0090332
-364
-0.0444336
-5
-0.000610352
29
0.00354004
67
0.00817871
-39
-0.00476074
45
0.00549316
-212
-0.0258789
12
0.00146484
-102
-0.0124512
-2
-0.000244141
41
0.00500488
150
0.0183105
-204
-0.0249023
-3
-0.000366211
-113
-0.0137939
-2
-0.000244141
-349
-0.0426025
86
0.010498
31
0.00378418
23
0.00280762
-35
-0.00427246
12
0.00146484
-24
-0.00292969
-112
-0.0136719
-263
-0.0321045
97
0.0118408
210
0.0256348
46
0.00561523
-20
-0.00244141
-56
-0.00683594
-132
-0.0161133
52
0.00634766
-69
-0.00842285
38
0.00463867
-50
-0.00610352
42
0.00512695
-39
-0.00476074
-80
-0.00976562
190
0.0231934
-12
-0.00146484
-5
-0.000610352
-44
-0.00537109
57
0.00695801
68
0.00830078
-147
-0.0179443
-64
-0.0078125
-12
-0.00146484
164
0.0200195
-99
-0.012085
-33
-0.00402832
-75
-0.00915527
-80
-0.00976562
10
0.0012207
101
0.0123291
-208
-0.0253906
-53
-0.00646973
-225
-0.0274658
82
0.0100098
-31
-0.00378418
78
0.00952148
64
0.0078125
59
0.00720215
-135
-0.0164795
-55
-0.00671387
214
0.026123
63
0.00769043
187
0.0228271
-25
-0.00305176
17
0.0020752
90
0.0109863
-41
-0.00500488
-25
-0.00305176
-57
-0.00695801
-36
-0.00439453
-151
-0.0184326
102
0.0124512
418
0.0510254
-37
-0.0045166
-166
-0.0202637
69
0.00842285
10
0.0012207
159
0.0194092
74
0.0090332
-10
-0.0012207
-218
-0.0266113
-36
-0.00439453
13
0.00158691
-66
-0.00805664
19
0.00231934
22
0.00268555
116
0.0141602
67
0.00817871
65
0.00793457
48
0.00585938
165
0.0201416
-87
-0.0106201
99
0.012085
102
0.0124512
140
0.0170898
-8
-0.000976562
-214
-0.026123
51
0.00622559
155
0.0189209
42
0.00512695
-57
-0.00695801
-24
-0.00292969
-39
-0.00476074
37
0.0045166
14
0.00170898
-49
-0.00598145
-49
-0.00598145
-3
-0.000366211
131
0.0159912
6
0.000732422
-55
-0.00671387
115
0.0140381
-41
-0.00500488
-44
-0.00537109
-53
-0.00646973
-2
-0.000244141
-26
-0.00317383
-32
-0.00390625
40
0.00488281
-189
-0.0230713
44
0.00537109
106
0.0129395
91
0.0111084
-16
-0.00195312
-38
-0.00463867
6
0.000732422
200
0.0244141
-25
-0.00305176
23
0.00280762
40
0.00488281
173
0.0211182
58
0.00708008
0
0
14
0.00170898
-80
-0.00976562
-124
-0.0151367
58
0.00708008
-11
-0.00134277
-19
-0.00231934
-9
-0.00109863
28
0.00341797
20
0.00244141
32
0.00390625
-77
-0.00939941
50
0.00610352
-63
-0.00769043
-149
-0.0181885
-92
-0.0112305
49
0.00598145
6
0.000732422
319
0.0389404
37
0.0045166
72
0.00878906
-65
-0.00793457
28
0.00341797
-75
-0.00915527
33
0.00402832
-35
-0.00427246
-35
-0.00427246
4
0.000488281
-106
-0.0129395
163
0.0198975
-70
-0.00854492
-19
-0.00231934
-124
-0.0151367
-193
-0.0235596
100
0.012207
-99
-0.012085
48
0.00585938
-47
-0.0057373
131
0.0159912
-73
-0.00891113
23
0.00280762
57
0.00695801
-57
-0.00695801
73
0.00891113
119
0.0145264
92
0.0112305
-138
-0.0168457
-16
-0.00195312
118
0.0144043
71
0.00866699
-234
-0.0285645
-38
-0.00463867
-128
-0.015625
-23
-0.00280762
-308
-0.0375977
53
0.00646973
152
0.0185547
130
0.0158691
98
0.0119629
-108
-0.0131836
39
0.00476074
-135
-0.0164795
91
0.0111084
-57
-0.00695801
69
0.00842285
14
0.00170898
-183
-0.0223389
-29
-0.00354004
-60
-0.00732422
-28
-0.00341797
260
0.0317383
0
0
25
0.00305176
6
0.000732422
-73
-0.00891113
65
0.00793457
-248
-0.0302734
-81
-0.0098877
122
0.0148926
-50
-0.00610352
481
0.0587158
89
0.0108643
131
0.0159912
55
0.00671387
92
0.0112305
144
0.0175781
44
0.00537109
-42
-0.00512695
-82
-0.0100098
106
0.0129395
-17
-0.0020752
109
0.0133057
103
0.0125732
13
0.00158691
-47
-0.0057373
-31
-0.00378418
-28
-0.00341797
25
0.00305176
102
0.0124512
129
0.0157471
-111
-0.0135498
-52
-0.00634766
191
0.0233154
-99
-0.012085
129
0.0157471
-87
-0.0106201
-139
-0.0169678
-26
-0.00317383
-123
-0.0150146
175
0.0213623
180
0.0219727
-118
-0.0144043
110
0.0134277
-1
-0.00012207
104
0.0126953
222
0.0270996
31
0.00378418
-83
-0.0101318
-93
-0.0113525
-68
-0.00830078
46
0.00561523
48
0.00585938
43
0.00524902
18
0.00219727
54
0.0065918
43
0.00524902
-158
-0.0192871
-79
-0.00964355
244
0.0297852
125
0.0152588
-169
-0.0206299
-14
-0.00170898
-6
-0.000732422
142
0.017334
174
0.0212402
12
0.00146484
-153
-0.0186768
-34
-0.00415039
134
0.0163574
-41
-0.00500488
-141
-0.0172119
177
0.0216064
136
0.0166016
215
0.0262451
-85
-0.010376
109
0.0133057
59
0.00720215
70
0.00854492
31
0.00378418
64
0.0078125
222
0.0270996
-84
-0.0102539
157
0.019165
38
0.00463867
