-24
-0.0234375
2
0.00195312
34
0.0332031
15
0.0146484
-43
-0.0419922
-41
-0.0400391
-46
-0.0449219
-2
-0.00195312
-20
-0.0195312
11
0.0107422
36
0.0351562
-9
-0.00878906
-6
-0.00585938
-24
-0.0234375
47
0.0458984
-49
-0.0478516
54
0.0527344
-27
-0.0263672
-25
-0.0244141
-22
-0.0214844
-6
-0.00585938
-8
-0.0078125
15
0.0146484
23
0.0224609
22
0.0214844
-12
-0.0117188
28
0.0273438
5
0.00488281
-23
-0.0224609
-4
-0.00390625
-25
-0.0244141
8
0.0078125
16
0.015625
-2
-0.00195312
11
0.0107422
46
0.0449219
20
0.0195312
26
0.0253906
10
0.00976562
-13
-0.0126953
46
0.0449219
-41
-0.0400391
1
0.000976562
-18
-0.0175781
-23
-0.0224609
-40
-0.0390625
12
0.0117188
18
0.0175781
-9
-0.00878906
-11
-0.0107422
25
0.0244141
30
0.0292969
-26
-0.0253906
2
0.00195312
3
0.00292969
-2
-0.00195312
-25
-0.0244141
-12
-0.0117188
-20
-0.0195312
-38
-0.0371094
-27
-0.0263672
-1
-0.000976562
38
0.0371094
46
0.0449219
-3
-0.00292969
6
0.00585938
-2
-0.00195312
-56
-0.0546875
19
0.0185547
-21
-0.0205078
-23
-0.0224609
27
0.0263672
-32
-0.03125
18
0.0175781
7
0.00683594
11
0.0107422
10
0.00976562
20
0.0195312
48
0.046875
-33
-0.0322266
-46
-0.0449219
-38
-0.0371094
28
0.0273438
26
0.0253906
-46
-0.0449219
-2
-0.00195312
59
0.0576172
-16
-0.015625
7
0.00683594
-3
-0.00292969
-48
-0.046875
-62
-0.0605469
18
0.0175781
20
0.0195312
32
0.03125
74
0.0722656
-19
-0.0185547
6
0.00585938
-16
-0.015625
44
0.0429688
11
0.0107422
-46
-0.0449219
26
0.0253906
-39
-0.0380859
-10
-0.00976562
15
0.0146484
-9
-0.00878906
-7
-0.00683594
-55
-0.0537109
1
0.000976562
-24
-0.0234375
-26
-0.0253906
5
0.00488281
34
0.0332031
-69
-0.0673828
-16
-0.015625
0
0
-47
-0.0458984
-9
-0.00878906
3
0.00292969
3
0.00292969
49
0.0478516
-8
-0.0078125
1
0.000976562
30
0.0292969
18
0.0175781
-39
-0.0380859
-5
-0.00488281
-18
-0.0175781
-10
-0.00976562
49
0.0478516
-19
-0.0185547
12
0.0117188
-46
-0.0449219
-38
-0.0371094
-77
-0.0751953
11
0.0107422
-3
-0.00292969
-30
-0.0292969
-34
-0.0332031
-1
-0.000976562
24
0.0234375
-8
-0.0078125
-11
-0.0107422
-9
-0.00878906
8
0.0078125
36
0.0351562
-1
-0.000976562
13
0.0126953
-28
-0.0273438
-5
-0.00488281
54
0.0527344
-5
-0.00488281
7
0.00683594
2
0.00195312
-3
-0.00292969
9
0.00878906
-10
-0.00976562
-9
-0.00878906
-16
-0.015625
-20
-0.0195312
2
0.00195312
23
0.0224609
-18
-0.0175781
-5
-0.00488281
16
0.015625
-41
-0.0400391
17
0.0166016
-37
-0.0361328
-28
-0.0273438
34
0.0332031
-15
-0.0146484
26
0.0253906
-33
-0.0322266
26
0.0253906
22
0.0214844
26
0.0253906
-8
-0.0078125
-5
-0.00488281
19
0.0185547
-7
-0.00683594
40
0.0390625
-61
-0.0595703
-23
-0.0224609
25
0.0244141
-22
-0.0214844
1
0.000976562
5
0.00488281
-13
-0.0126953
-44
-0.0429688
-26
-0.0253906
2
0.00195312
-26
-0.0253906
-20
-0.0195312
22
0.0214844
-16
-0.015625
19
0.0185547
-25
-0.0244141
22
0.0214844
-62
-0.0605469
20
0.0195312
53
0.0517578
-89
-0.0869141
39
0.0380859
87
0.0849609
57
0.0556641
-4
-0.00390625
25
0.0244141
-25
-0.0244141
-43
-0.0419922
61
0.0595703
-27
-0.0263672
43
0.0419922
14
0.0136719
-7
-0.00683594
-5
-0.00488281
46
0.0449219
-49
-0.0478516
-41
-0.0400391
-39
-0.0380859
30
0.0292969
-1
-0.000976562
-9
-0.00878906
3
0.00292969
-11
-0.0107422
-4
-0.00390625
63
0.0615234
-11
-0.0107422
-58
-0.0566406
2
0.00195312
-18
-0.0175781
2
0.00195312
20
0.0195312
9
0.00878906
50
0.0488281
28
0.0273438
-46
-0.0449219
-34
-0.0332031
35
0.0341797
25
0.0244141
5
0.00488281
18
0.0175781
-29
-0.0283203
53
0.0517578
3
0.00292969
16
0.015625
43
0.0419922
-34
-0.0332031
1
0.000976562
62
0.0605469
-6
-0.00585938
-25
-0.0244141
-13
-0.0126953
9
0.00878906
-26
-0.0253906
-22
-0.0214844
-31
-0.0302734
-31
-0.0302734
-20
-0.0195312
12
0.0117188
11
0.0107422
32
0.03125
-18
-0.0175781
-2
-0.00195312
-38
-0.0371094
-36
-0.0351562
22
0.0214844
27
0.0263672
38
0.0371094
48
0.046875
-21
-0.0205078
-9
-0.00878906
-34
-0.0332031
42
0.0410156
-14
-0.0136719
8
0.0078125
14
0.0136719
9
0.00878906
44
0.0429688
-9
-0.00878906
-37
-0.0361328
50
0.0488281
-11
-0.0107422
22
0.0214844
-25
-0.0244141
-33
-0.0322266
52
0.0507812
-29
-0.0283203
-29
-0.0283203
18
0.0175781
-16
-0.015625
14
0.0136719
58
0.0566406
48
0.046875
-12
-0.0117188
-44
-0.0429688
16
0.015625
-11
-0.0107422
21
0.0205078
16
0.015625
-15
-0.0146484
5
0.00488281
17
0.0166016
-8
-0.0078125
-45
-0.0439453
-58
-0.0566406
-32
-0.03125
-18
-0.0175781
4
0.00390625
9
0.00878906
15
0.0146484
-4
-0.00390625
-3
-0.00292969
15
0.0146484
22
0.0214844
-8
-0.0078125
-5
-0.00488281
33
0.0322266
-11
-0.0107422
13
0.0126953
-42
-0.0410156
-34
-0.0332031
-14
-0.0136719
17
0.0166016
28
0.0273438
-5
-0.00488281
-59
-0.0576172
35
0.0341797
2
0.00195312
-12
-0.0117188
8
0.0078125
7
0.00683594
-18
-0.0175781
34
0.0332031
-18
-0.0175781
42
0.0410156
1
0.000976562
-31
-0.0302734
1
0.000976562
39
0.0380859
27
0.0263672
37
0.0361328
-10
-0.00976562
-25
-0.0244141
38
0.0371094
-5
-0.00488281
72
0.0703125
-53
-0.0517578
-74
-0.0722656
23
0.0224609
-16
-0.015625
-1
-0.000976562
20
0.0195312
31
0.0302734
-4
-0.00390625
7
0.00683594
-2
-0.00195312
15
0.0146484
29
0.0283203
-29
-0.0283203
-12
-0.0117188
5
0.00488281
21
0.0205078
18
0.0175781
24
0.0234375
12
0.0117188
24
0.0234375
14
0.0136719
-19
-0.0185547
9
0.00878906
19
0.0185547
44
0.0429688
-7
-0.00683594
-18
-0.0175781
36
0.0351562
-32
-0.03125
-4
-0.00390625
-1
-0.000976562
35
0.0341797
35
0.0341797
-40
-0.0390625
-18
-0.0175781
-14
-0.0136719
-17
-0.0166016
8
0.0078125
-10
-0.00976562
11
0.0107422
26
0.0253906
-38
-0.0371094
4
0.00390625
-8
-0.0078125
-51
-0.0498047
-1
-0.000976562
36
0.0351562
-11
-0.0107422
-23
-0.0224609
33
0.0322266
-46
-0.0449219
-29
-0.0283203
-14
-0.0136719
-23
-0.0224609
43
0.0419922
10
0.00976562
-35
-0.0341797
3
0.00292969
-16
-0.015625
-32
-0.03125
-40
-0.0390625
-69
-0.0673828
29
0.0283203
-8
-0.0078125
37
0.0361328
27
0.0263672
-8
-0.0078125
35
0.0341797
0
0
-62
-0.0605469
-14
-0.0136719
3
0.00292969
64
0.0625
35
0.0341797
-20
-0.0195312
-29
-0.0283203
35
0.0341797
-3
-0.00292969
-19
-0.0185547
10
0.00976562
16
0.015625
2
0.00195312
-42
-0.0410156
-36
-0.0351562
62
0.0605469
-12
-0.0117188
3
0.00292969
-28
-0.0273438
-22
-0.0214844
-3
-0.00292969
5
0.00488281
13
0.0126953
58
0.0566406
0
0
-7
-0.00683594
53
0.0517578
16
0.015625
23
0.0224609
-27
-0.0263672
43
0.0419922
-6
-0.00585938
11
0.0107422
-12
-0.0117188
-26
-0.0253906
6
0.00585938
22
0.0214844
-4
-0.00390625
19
0.0185547
-43
-0.0419922
-8
-0.0078125
-41
-0.0400391
34
0.0332031
21
0.0205078
-9
-0.00878906
25
0.0244141
-34
-0.0332031
-24
-0.0234375
20
0.0195312
9
0.00878906
4
0.00390625
-50
-0.0488281
-9
-0.00878906
-7
-0.00683594
7
0.00683594
21
0.0205078
12
0.0117188
-14
-0.0136719
-33
-0.0322266
19
0.0185547
60
0.0585938
30
0.0292969
-17
-0.0166016
39
0.0380859
40
0.0390625
14
0.0136719
-2
-0.00195312
6
0.00585938
-5
-0.00488281
-4
-0.00390625
50
0.0488281
23
0.0224609
-20
-0.0195312
-15
-0.0146484
-83
-0.0810547
-15
-0.0146484
-37
-0.0361328
-14
-0.0136719
-14
-0.0136719
25
0.0244141
-19
-0.0185547
29
0.0283203
-49
-0.0478516
-9
-0.00878906
-29
-0.0283203
11
0.0107422
22
0.0214844
19
0.0185547
45
0.0439453
0
0
-17
-0.0166016
20
0.0195312
26
0.0253906
12
0.0117188
71
0.0693359
24
0.0234375
34
0.0332031
13
0.0126953
5
0.00488281
13
0.0126953
-1
-0.000976562
68
0.0664062
-12
-0.0117188
-16
-0.015625
-25
-0.0244141
-25
-0.0244141
-4
-0.00390625
-25
-0.0244141
40
0.0390625
8
0.0078125
-1
-0.000976562
44
0.0429688
9
0.00878906
-10
-0.00976562
44
0.0429688
-17
-0.0166016
41
0.0400391
-23
-0.0224609
9
0.00878906
-63
-0.0615234
-68
-0.0664062
-19
-0.0185547
36
0.0351562
-39
-0.0380859
-32
-0.03125
2
0.00195312
-20
-0.0195312
-21
-0.0205078
34
0.0332031
-19
-0.0185547
2
0.00195312
-18
-0.0175781
11
0.0107422
-44
-0.0429688
-62
-0.0605469
41
0.0400391
-41
-0.0400391
-7
-0.00683594
-57
-0.0556641
6
0.00585938
12
0.0117188
-4
-0.00390625
-4
-0.00390625
-36
-0.0351562
-43
-0.0419922
4
0.00390625
26
0.0253906
-7
-0.00683594
-54
-0.0527344
-16
-0.015625
27
0.0263672
17
0.0166016
-5
-0.00488281
15
0.0146484
-5
-0.00488281
21
0.0205078
15
0.0146484
38
0.0371094
46
0.0449219
16
0.015625
17
0.0166016
35
0.0341797
20
0.0195312
5
0.00488281
23
0.0224609
-13
-0.0126953
8
0.0078125
7
0.00683594
8
0.0078125
-4
-0.00390625
48
0.046875
-44
-0.0429688
-5
-0.00488281
27
0.0263672
-17
-0.0166016
-20
-0.0195312
19
0.0185547
51
0.0498047
-4
-0.00390625
-18
-0.0175781
4
0.00390625
-9
-0.00878906
-9
-0.00878906
4
0.00390625
-75
-0.0732422
14
0.0136719
-37
-0.0361328
-27
-0.0263672
18
0.0175781
0
0
7
0.00683594
28
0.0273438
1
0.000976562
18
0.0175781
12
0.0117188
10
0.00976562
-2
-0.00195312
4
0.00390625
29
0.0283203
51
0.0498047
13
0.0126953
6
0.00585938
-24
-0.0234375
-16
-0.015625
49
0.0478516
20
0.0195312
10
0.00976562
-34
-0.0332031
-15
-0.0146484
21
0.0205078
-7
-0.00683594
-22
-0.0214844
50
0.0488281
-18
-0.0175781
30
0.0292969
2
0.00195312
34
0.0332031
3
0.00292969
-35
-0.0341797
-33
-0.0322266
46
0.0449219
9
0.00878906
-102
-0.0996094
-37
-0.0361328
8
0.0078125
0
0
29
0.0283203
14
0.0136719
21
0.0205078
5
0.00488281
-4
-0.00390625
-37
-0.0361328
-2
-0.00195312
13
0.0126953
-22
-0.0214844
13
0.0126953
1
0.000976562
8
0.0078125
8
0.0078125
-13
-0.0126953
24
0.0234375
41
0.0400391
21
0.0205078
-5
-0.00488281
-25
-0.0244141
12
0.0117188
-51
-0.0498047
8
0.0078125
-43
-0.0419922
12
0.0117188
-48
-0.046875
3
0.00292969
52
0.0507812
3
0.00292969
9
0.00878906
19
0.0185547
-13
-0.0126953
3
0.00292969
9
0.00878906
20
0.0195312
34
0.0332031
-35
-0.0341797
14
0.0136719
-58
-0.0566406
2
0.00195312
-11
-0.0107422
14
0.0136719
-33
-0.0322266
-7
-0.00683594
18
0.0175781
34
0.0332031
-9
-0.00878906
-42
-0.0410156
-21
-0.0205078
26
0.0253906
29
0.0283203
6
0.00585938
13
0.0126953
34
0.0332031
26
0.0253906
-57
-0.0556641
-7
-0.00683594
35
0.0341797
-28
-0.0273438
92
0.0898438
14
0.0136719
-4
-0.00390625
-39
-0.0380859
-6
-0.00585938
-30
-0.0292969
-16
-0.015625
6
0.00585938
-1
-0.000976562
-25
-0.0244141
-27
-0.0263672
-39
-0.0380859
3
0.00292969
38
0.0371094
24
0.0234375
56
0.0546875
26
0.0253906
-24
-0.0234375
15
0.0146484
-2
-0.00195312
46
0.0449219
4
0.00390625
-34
-0.0332031
30
0.0292969
71
0.0693359
-32
-0.03125
4
0.00390625
-34
-0.0332031
-29
-0.0283203
-7
-0.00683594
20
0.0195312
14
0.0136719
-38
-0.0371094
-5
-0.00488281
-49
-0.0478516
-13
-0.0126953
26
0.0253906
35
0.0341797
-16
-0.015625
-11
-0.0107422
-23
-0.0224609
5
0.00488281
-18
-0.0175781
6
0.00585938
58
0.0566406
29
0.0283203
-26
-0.0253906
21
0.0205078
19
0.0185547
-31
-0.0302734
18
0.0175781
-5
-0.00488281
20
0.0195312
26
0.0253906
5
0.00488281
10
0.00976562
-5
-0.00488281
-11
-0.0107422
-84
-0.0820312
-67
-0.0654297
3
0.00292969
-35
-0.0341797
98
0.0957031
-10
-0.00976562
13
0.0126953
1
0.000976562
28
0.0273438
40
0.0390625
62
0.0605469
19
0.0185547
27
0.0263672
-1
-0.000976562
14
0.0136719
-14
-0.0136719
-26
-0.0253906
54
0.0527344
28
0.0273438
-3
-0.00292969
-6
-0.00585938
-4
-0.00390625
3
0.00292969
27
0.0263672
12
0.0117188
40
0.0390625
21
0.0205078
-14
-0.0136719
-3
-0.00292969
28
0.0273438
-6
-0.00585938
-2
-0.00195312
-44
-0.0429688
-14
-0.0136719
56
0.0546875
15
0.0146484
-25
-0.0244141
-2
-0.00195312
61
0.0595703
-28
-0.0273438
2
0.00195312
27
0.0263672
-5
-0.00488281
-11
-0.0107422
-28
-0.0273438
-10
-0.00976562
-34
-0.0332031
-24
-0.0234375
-97
-0.0947266
-5
-0.00488281
-86
-0.0839844
-21
-0.0205078
-50
-0.0488281
-15
-0.0146484
-5
-0.00488281
-36
-0.0351562
-45
-0.0439453
-2
-0.00195312
1
0.000976562
-12
-0.0117188
27
0.0263672
-12
-0.0117188
75
0.0732422
-6
-0.00585938
-50
-0.0488281
0
0
-3
-0.00292969
51
0.0498047
-15
-0.0146484
-2
-0.00195312
-5
-0.00488281
-57
-0.0556641
-8
-0.0078125
21
0.0205078
19
0.0185547
44
0.0429688
32
0.03125
12
0.0117188
-27
-0.0263672
19
0.0185547
17
0.0166016
44
0.0429688
30
0.0292969
-15
-0.0146484
5
0.00488281
-18
-0.0175781
-37
-0.0361328
-11
-0.0107422
-21
-0.0205078
15
0.0146484
18
0.0175781
48
0.046875
-8
-0.0078125
55
0.0537109
37
0.0361328
35
0.0341797
9
0.00878906
-5
-0.00488281
-37
-0.0361328
12
0.0117188
32
0.03125
13
0.0126953
21
0.0205078
-20
-0.0195312
8
0.0078125
-3
-0.00292969
-29
-0.0283203
3
0.00292969
14
0.0136719
2
0.00195312
-3
-0.00292969
-5
-0.00488281
49
0.0478516
0
0
5
0.00488281
3
0.00292969
33
0.0322266
17
0.0166016
13
0.0126953
-24
-0.0234375
2
0.00195312
-61
-0.0595703
-78
-0.0761719
6
0.00585938
-2
-0.00195312
18
0.0175781
32
0.03125
14
0.0136719
-26
-0.0253906
-2
-0.00195312
16
0.015625
4
0.00390625
3
0.00292969
8
0.0078125
11
0.0107422
-21
-0.0205078
11
0.0107422
63
0.0615234
1
0.000976562
9
0.00878906
-10
-0.00976562
21
0.0205078
-8
-0.0078125
-56
-0.0546875
36
0.0351562
-11
-0.0107422
38
0.0371094
-23
-0.0224609
40
0.0390625
5
0.00488281
35
0.0341797
9
0.00878906
-16
-0.015625
24
0.0234375
-27
-0.0263672
-56
-0.0546875
-47
-0.0458984
-11
-0.0107422
14
0.0136719
-16
-0.015625
14
0.0136719
7
0.00683594
6
0.00585938
-40
-0.0390625
-13
-0.0126953
22
0.0214844
59
0.0576172
-2
-0.00195312
26
0.0253906
-14
-0.0136719
10
0.00976562
12
0.0117188
4
0.00390625
20
0.0195312
-45
-0.0439453
3
0.00292969
0
0
-1
-0.000976562
28
0.0273438
58
0.0566406
39
0.0380859
5
0.00488281
-22
-0.0214844
26
0.0253906
12
0.0117188
-3
-0.00292969
-8
-0.0078125
-14
-0.0136719
34
0.0332031
1
0.000976562
9
0.00878906
10
0.00976562
25
0.0244141
2
0.00195312
-64
-0.0625
-9
-0.00878906
-4
-0.00390625
10
0.00976562
-20
-0.0195312
39
0.0380859
77
0.0751953
-28
-0.0273438
14
0.0136719
12
0.0117188
-6
-0.00585938
32
0.03125
18
0.0175781
5
0.00488281
-2
-0.00195312
-85
-0.0830078
-78
-0.0761719
-41
-0.0400391
21
0.0205078
18
0.0175781
-9
-0.00878906
27
0.0263672
-14
-0.0136719
34
0.0332031
-33
-0.0322266
6
0.00585938
46
0.0449219
14
0.0136719
-17
-0.0166016
-27
-0.0263672
-27
-0.0263672
62
0.0605469
31
0.0302734
-20
-0.0195312
-42
-0.0410156
-21
-0.0205078
32
0.03125
-17
-0.0166016
25
0.0244141
36
0.0351562
38
0.0371094
37
0.0361328
19
0.0185547
-29
-0.0283203
-34
-0.0332031
31
0.0302734
23
0.0224609
23
0.0224609
48
0.046875
5
0.00488281
-13
-0.0126953
-37
-0.0361328
-52
-0.0507812
-4
-0.00390625
36
0.0351562
18
0.0175781
66
0.0644531
-28
-0.0273438
-7
-0.00683594
-5
-0.00488281
-46
-0.0449219
23
0.0224609
3
0.00292969
25
0.0244141
-4
-0.00390625
-3
-0.00292969
-27
-0.0263672
39
0.0380859
60
0.0585938
-1
-0.000976562
11
0.0107422
39
0.0380859
-25
-0.0244141
-16
-0.015625
-15
-0.0146484
22
0.0214844
26
0.0253906
-42
-0.0410156
-17
-0.0166016
-15
-0.0146484
-10
-0.00976562
33
0.0322266
71
0.0693359
30
0.0292969
-9
-0.00878906
-30
-0.0292969
8
0.0078125
-22
-0.0214844
-12
-0.0117188
-20
-0.0195312
17
0.0166016
61
0.0595703
-23
-0.0224609
19
0.0185547
-7
-0.00683594
7
0.00683594
-3
-0.00292969
19
0.0185547
-78
-0.0761719
23
0.0224609
59
0.0576172
21
0.0205078
30
0.0292969
15
0.0146484
-33
-0.0322266
3
0.00292969
-3
-0.00292969
-24
-0.0234375
18
0.0175781
-2
-0.00195312
-27
-0.0263672
-14
-0.0136719
12
0.0117188
-21
-0.0205078
19
0.0185547
36
0.0351562
-27
-0.0263672
13
0.0126953
38
0.0371094
-17
-0.0166016
-17
-0.0166016
-45
-0.0439453
5
0.00488281
-27
-0.0263672
14
0.0136719
-41
-0.0400391
28
0.0273438
16
0.015625
14
0.0136719
-44
-0.0429688
-15
-0.0146484
-14
-0.0136719
-2
-0.00195312
-32
-0.03125
-61
-0.0595703
-13
-0.0126953
-4
-0.00390625
55
0.0537109
23
0.0224609
23
0.0224609
83
0.0810547
13
0.0126953
-3
-0.00292969
37
0.0361328
11
0.0107422
-17
-0.0166016
48
0.046875
33
0.0322266
-62
-0.0605469
5
0.00488281
34
0.0332031
-5
-0.00488281
43
0.0419922
-30
-0.0292969
-27
-0.0263672
36
0.0351562
25
0.0244141
22
0.0214844
-55
-0.0537109
-5
-0.00488281
-11
-0.0107422
26
0.0253906
-8
-0.0078125
22
0.0214844
37
0.0361328
-7
-0.00683594
-35
-0.0341797
3
0.00292969
-31
-0.0302734
3
0.00292969
1
0.000976562
11
0.0107422
19
0.0185547
65
0.0634766
11
0.0107422
-21
-0.0205078
-30
-0.0292969
43
0.0419922
-6
-0.00585938
37
0.0361328
-17
-0.0166016
20
0.0195312
-3
-0.00292969
0
0
-34
-0.0332031
-39
-0.0380859
2
0.00195312
36
0.0351562
-15
-0.0146484
15
0.0146484
-39
-0.0380859
46
0.0449219
-62
-0.0605469
37
0.0361328
15
0.0146484
-22
-0.0214844
-16
-0.015625
-6
-0.00585938
34
0.0332031
21
0.0205078
-24
-0.0234375
10
0.00976562
52
0.0507812
37
0.0361328
-16
-0.015625
64
0.0625
21
0.0205078
14
0.0136719
-4
-0.00390625
-16
-0.015625
41
0.0400391
-24
-0.0234375
1
0.000976562
10
0.00976562
-44
-0.0429688
27
0.0263672
14
0.0136719
14
0.0136719
11
0.0107422
56
0.0546875
-7
-0.00683594
21
0.0205078
35
0.0341797
2
0.00195312
3
0.00292969
12
0.0117188
-46
-0.0449219
29
0.0283203
-11
-0.0107422
-9
-0.00878906
37
0.0361328
4
0.00390625
-34
-0.0332031
-6
-0.00585938
31
0.0302734
-21
-0.0205078
-17
-0.0166016
-40
-0.0390625
-27
-0.0263672
-14
-0.0136719
51
0.0498047
24
0.0234375
-63
-0.0615234
-13
-0.0126953
26
0.0253906
-4
-0.00390625
34
0.0332031
-28
-0.0273438
-5
-0.00488281
36
0.0351562
11
0.0107422
52
0.0507812
5
0.00488281
4
0.00390625
36
0.0351562
48
0.046875
56
0.0546875
-5
-0.00488281
3
0.00292969
-22
-0.0214844
11
0.0107422
54
0.0527344
-22
-0.0214844
17
0.0166016
46
0.0449219
19
0.0185547
-16
-0.015625
1
0.000976562
-26
-0.0253906
-23
-0.0224609
6
0.00585938
5
0.00488281
19
0.0185547
28
0.0273438
6
0.00585938
2
0.00195312
-2
-0.00195312
22
0.0214844
72
0.0703125
45
0.0439453
-10
-0.00976562
-29
-0.0283203
-23
-0.0224609
54
0.0527344
5
0.00488281
8
0.0078125
-43
-0.0419922
7
0.00683594
-56
-0.0546875
-7
-0.00683594
0
0
29
0.0283203
42
0.0410156
-19
-0.0185547
-34
-0.0332031
11
0.0107422
12
0.0117188
-7
-0.00683594
32
0.03125
-49
-0.0478516
12
0.0117188
-19
-0.0185547
-16
-0.015625
-52
-0.0507812
-41
-0.0400391
22
0.0214844
-16
-0.015625
-38
-0.0371094
1
0.000976562
41
0.0400391
-37
-0.0361328
14
0.0136719
-21
-0.0205078
-16
-0.015625
-20
-0.0195312
3
0.00292969
-57
-0.0556641
-44
-0.0429688
3
0.00292969
-8
-0.0078125
13
0.0126953
-31
-0.0302734
-83
-0.0810547
3
0.00292969
-4
-0.00390625
-14
-0.0136719
-15
-0.0146484
-32
-0.03125
-30
-0.0292969
31
0.0302734
-35
-0.0341797
-10
-0.00976562
-49
-0.0478516
-2
-0.00195312
15
0.0146484
18
0.0175781
0
0
-3
-0.00292969
-90
-0.0878906
50
0.0488281
-44
-0.0429688
-39
-0.0380859
-3
-0.00292969
-9
-0.00878906
73
0.0712891
67
0.0654297
6
0.00585938
34
0.0332031
11
0.0107422
6
0.00585938
-27
-0.0263672
16
0.015625
-1
-0.000976562
-46
-0.0449219
-3
-0.00292969
-12
-0.0117188
5
0.00488281
1
0.000976562
38
0.0371094
13
0.0126953
13
0.0126953
-23
-0.0224609
23
0.0224609
8
0.0078125
-24
-0.0234375
28
0.0273438
-3
-0.00292969
2
0.00195312
-26
-0.0253906
-40
-0.0390625
-2
-0.00195312
24
0.0234375
-21
-0.0205078
28
0.0273438
37
0.0361328
35
0.0341797
2
0.00195312
20
0.0195312
70
0.0683594
-7
-0.00683594
-12
-0.0117188
20
0.0195312
-13
-0.0126953
2
0.00195312
36
0.0351562
-15
-0.0146484
37
0.0361328
-22
-0.0214844
67
0.0654297
-10
-0.00976562
18
0.0175781
43
0.0419922
15
0.0146484
-44
-0.0429688
18
0.0175781
14
0.0136719
-18
-0.0175781
3
0.00292969
8
0.0078125
-14
-0.0136719
18
0.0175781
22
0.0214844
48
0.046875
-17
-0.0166016
4
0.00390625
23
0.0224609
18
0.0175781
-40
-0.0390625
25
0.0244141
24
0.0234375
-15
-0.0146484
-22
-0.0214844
38
0.0371094
-10
-0.00976562
1
0.000976562
19
0.0185547
64
0.0625
38
0.0371094
52
0.0507812
17
0.0166016
-61
-0.0595703
-6
-0.00585938
81
0.0791016
-34
-0.0332031
-28
-0.0273438
-48
-0.046875
3
0.00292969
26
0.0253906
-25
-0.0244141
-19
-0.0185547
-22
-0.0214844
10
0.00976562
-1
-0.000976562
-47
-0.0458984
-20
-0.0195312
24
0.0234375
-4
-0.00390625
4
0.00390625
17
0.0166016
7
0.00683594
-45
-0.0439453
-39
-0.0380859
-2
-0.00195312
18
0.0175781
-25
-0.0244141
18
0.0175781
-4
-0.00390625
-28
-0.0273438
14
0.0136719
-15
-0.0146484
-29
-0.0283203
-42
-0.0410156
-36
-0.0351562
-30
-0.0292969
-38
-0.0371094
-12
-0.0117188
-11
-0.0107422
-77
-0.0751953
-15
-0.0146484
5
0.00488281
19
0.0185547
19
0.0185547
-10
-0.00976562
-22
-0.0214844
29
0.0283203
-9
-0.00878906
-58
-0.0566406
0
0
-7
-0.00683594
0
0
-22
-0.0214844
28
0.0273438
21
0.0205078
-73
-0.0712891
19
0.0185547
-20
-0.0195312
54
0.0527344
47
0.0458984
2
0.00195312
-15
-0.0146484
0
0
-35
-0.0341797
-18
-0.0175781
-29
-0.0283203
29
0.0283203
-13
-0.0126953
26
0.0253906
10
0.00976562
-41
-0.0400391
-5
-0.00488281
39
0.0380859
25
0.0244141
78
0.0761719
-41
-0.0400391
-8
-0.0078125
-6
-0.00585938
51
0.0498047
-19
-0.0185547
21
0.0205078
-68
-0.0664062
-28
-0.0273438
32
0.03125
19
0.0185547
-32
-0.03125
0
0
-5
-0.00488281
27
0.0263672
44
0.0429688
35
0.0341797
20
0.0195312
18
0.0175781
26
0.0253906
4
0.00390625
17
0.0166016
21
0.0205078
2
0.00195312
-9
-0.00878906
15
0.0146484
-3
-0.00292969
-25
-0.0244141
-22
-0.0214844
-5
-0.00488281
-16
-0.015625
-22
-0.0214844
-20
-0.0195312
18
0.0175781
-4
-0.00390625
6
0.00585938
-21
-0.0205078
74
0.0722656
-17
-0.0166016
3
0.00292969
36
0.0351562
53
0.0517578
-11
-0.0107422
-22
-0.0214844
20
0.0195312
-4
-0.00390625
13
0.0126953
36
0.0351562
-28
-0.0273438
19
0.0185547
-29
-0.0283203
40
0.0390625
-23
-0.0224609
32
0.03125
-58
-0.0566406
-21
-0.0205078
-20
-0.0195312
-34
-0.0332031
-8
-0.0078125
20
0.0195312
-13
-0.0126953
-9
-0.00878906
-30
-0.0292969
-56
-0.0546875
-36
-0.0351562
-9
-0.00878906
-1
-0.000976562
-28
-0.0273438
13
0.0126953
-14
-0.0136719
46
0.0449219
21
0.0205078
14
0.0136719
-21
-0.0205078
14
0.0136719
22
0.0214844
-2
-0.00195312
-19
-0.0185547
-32
-0.03125
-61
-0.0595703
24
0.0234375
-20
-0.0195312
-10
-0.00976562
-24
-0.0234375
19
0.0185547
4
0.00390625
-10
-0.00976562
4
0.00390625
-44
-0.0429688
-8
-0.0078125
-41
-0.0400391
14
0.0136719
5
0.00488281
-26
-0.0253906
-18
-0.0175781
-38
-0.0371094
-41
-0.0400391
-24
-0.0234375
-13
-0.0126953
56
0.0546875
48
0.046875
51
0.0498047
-34
-0.0332031
28
0.0273438
29
0.0283203
0
0
32
0.03125
31
0.0302734
38
0.0371094
-49
-0.0478516
16
0.015625
-25
-0.0244141
-12
-0.0117188
19
0.0185547
14
0.0136719
-4
-0.00390625
-83
-0.0810547
10
0.00976562
-52
-0.0507812
2
0.00195312
-14
-0.0136719
-26
-0.0253906
-13
-0.0126953
-67
-0.0654297
-28
-0.0273438
-22
-0.0214844
-19
-0.0185547
-17
-0.0166016
17
0.0166016
-40
-0.0390625
-21
-0.0205078
39
0.0380859
16
0.015625
59
0.0576172
16
0.015625
5
0.00488281
-42
-0.0410156
-22
-0.0214844
23
0.0224609
-40
-0.0390625
1
0.000976562
-45
-0.0439453
38
0.0371094
3
0.00292969
5
0.00488281
-28
-0.0273438
4
0.00390625
24
0.0234375
-35
-0.0341797
10
0.00976562
-58
-0.0566406
39
0.0380859
39
0.0380859
-26
-0.0253906
-47
-0.0458984
-7
-0.00683594
-70
-0.0683594
-11
-0.0107422
-30
-0.0292969
-12
-0.0117188
47
0.0458984
-19
-0.0185547
-30
-0.0292969
-34
-0.0332031
39
0.0380859
15
0.0146484
14
0.0136719
-1
-0.000976562
-5
-0.00488281
-19
-0.0185547
-56
-0.0546875
-13
-0.0126953
-13
-0.0126953
-28
-0.0273438
-37
-0.0361328
26
0.0253906
43
0.0419922
61
0.0595703
25
0.0244141
7
0.00683594
-36
-0.0351562
12
0.0117188
0
0
-25
-0.0244141
26
0.0253906
16
0.015625
77
0.0751953
-12
-0.0117188
-30
-0.0292969
-50
-0.0488281
-27
-0.0263672
-3
-0.00292969
-17
-0.0166016
17
0.0166016
14
0.0136719
-61
-0.0595703
24
0.0234375
-22
-0.0214844
11
0.0107422
47
0.0458984
-21
-0.0205078
47
0.0458984
38
0.0371094
-16
-0.015625
40
0.0390625
28
0.0273438
-9
-0.00878906
7
0.00683594
-1
-0.000976562
34
0.0332031
41
0.0400391
32
0.03125
-1
-0.000976562
-16
-0.015625
-4
-0.00390625
-5
-0.00488281
-2
-0.00195312
-5
-0.00488281
-29
-0.0283203
-53
-0.0517578
56
0.0546875
63
0.0615234
7
0.00683594
13
0.0126953
13
0.0126953
-5
-0.00488281
30
0.0292969
-48
-0.046875
16
0.015625
0
0
-31
-0.0302734
-29
-0.0283203
40
0.0390625
-25
-0.0244141
-40
-0.0390625
-3
-0.00292969
-35
-0.0341797
-65
-0.0634766
-8
-0.0078125
-33
-0.0322266
0
0
1
0.000976562
23
0.0224609
-24
-0.0234375
49
0.0478516
10
0.00976562
22
0.0214844
-25
-0.0244141
-42
-0.0410156
-34
-0.0332031
6
0.00585938
5
0.00488281
-70
-0.0683594
44
0.0429688
-22
-0.0214844
-6
-0.00585938
-22
-0.0214844
17
0.0166016
45
0.0439453
-17
-0.0166016
102
0.0996094
-43
-0.0419922
40
0.0390625
-28
-0.0273438
-25
-0.0244141
26
0.0253906
8
0.0078125
52
0.0507812
56
0.0546875
-18
-0.0175781
34
0.0332031
-32
-0.03125
48
0.046875
-16
-0.015625
24
0.0234375
23
0.0224609
-26
-0.0253906
-52
-0.0507812
32
0.03125
-41
-0.0400391
2
0.00195312
30
0.0292969
8
0.0078125
-12
-0.0117188
-57
-0.0556641
-3
-0.00292969
46
0.0449219
11
0.0107422
24
0.0234375
-59
-0.0576172
22
0.0214844
-22
-0.0214844
-10
-0.00976562
21
0.0205078
2
0.00195312
70
0.0683594
-7
-0.00683594
3
0.00292969
-32
-0.03125
-19
-0.0185547
-31
-0.0302734
27
0.0263672
-17
-0.0166016
10
0.00976562
15
0.0146484
19
0.0185547
42
0.0410156
-2
-0.00195312
14
0.0136719
-8
-0.0078125
6
0.00585938
0
0
-48
-0.046875
3
0.00292969
18
0.0175781
25
0.0244141
-12
-0.0117188
-22
-0.0214844
-38
-0.0371094
1
0.000976562
-3
-0.00292969
14
0.0136719
31
0.0302734
-7
-0.00683594
-20
-0.0195312
21
0.0205078
-25
-0.0244141
23
0.0224609
-12
-0.0117188
-10
-0.00976562
39
0.0380859
54
0.0527344
-9
-0.00878906
-23
-0.0224609
-39
-0.0380859
8
0.0078125
-52
-0.0507812
-33
-0.0322266
20
0.0195312
69
0.0673828
26
0.0253906
19
0.0185547
-3
-0.00292969
-5
-0.00488281
-3
-0.00292969
28
0.0273438
-13
-0.0126953
-11
-0.0107422
78
0.0761719
0
0
-8
-0.0078125
-39
-0.0380859
-26
-0.0253906
-36
-0.0351562
-43
-0.0419922
-3
-0.00292969
-21
-0.0205078
-1
-0.000976562
-25
-0.0244141
26
0.0253906
-15
-0.0146484
26
0.0253906
-9
-0.00878906
50
0.0488281
-17
-0.0166016
-7
-0.00683594
-13
-0.0126953
16
0.015625
31
0.0302734
-6
-0.00585938
-68
-0.0664062
-19
-0.0185547
14
0.0136719
-11
-0.0107422
34
0.0332031
17
0.0166016
10
0.00976562
15
0.0146484
-44
-0.0429688
16
0.015625
-19
-0.0185547
-22
-0.0214844
-70
-0.0683594
16
0.015625
-47
-0.0458984
-3
-0.00292969
-39
-0.0380859
13
0.0126953
-31
-0.0302734
-5
-0.00488281
-10
-0.00976562
-35
-0.0341797
47
0.0458984
43
0.0419922
29
0.0283203
-27
-0.0263672
46
0.0449219
-50
-0.0488281
91
0.0888672
-34
-0.0332031
13
0.0126953
3
0.00292969
-32
-0.03125
-17
-0.0166016
-15
-0.0146484
-31
-0.0302734
18
0.0175781
-3
-0.00292969
23
0.0224609
15
0.0146484
-4
-0.00390625
20
0.0195312
-7
-0.00683594
-23
-0.0224609
-40
-0.0390625
-23
-0.0224609
-21
-0.0205078
42
0.0410156
45
0.0439453
-15
-0.0146484
-30
-0.0292969
43
0.0419922
-9
-0.00878906
-15
-0.0146484
49
0.0478516
9
0.00878906
-21
-0.0205078
44
0.0429688
1
0.000976562
-59
-0.0576172
19
0.0185547
-12
-0.0117188
-16
-0.015625
-15
-0.0146484
4
0.00390625
-22
-0.0214844
-63
-0.0615234
-34
-0.0332031
70
0.0683594
22
0.0214844
36
0.0351562
8
0.0078125
-15
-0.0146484
-10
-0.00976562
22
0.0214844
30
0.0292969
13
0.0126953
-20
-0.0195312
14
0.0136719
8
0.0078125
-20
-0.0195312
-13
-0.0126953
3
0.00292969
-12
-0.0117188
-20
-0.0195312
25
0.0244141
-21
-0.0205078
-4
-0.00390625
17
0.0166016
-18
-0.0175781
-82
-0.0800781
-8
-0.0078125
-13
-0.0126953
-19
-0.0185547
2
0.00195312
-38
-0.0371094
-22
-0.0214844
-5
-0.00488281
6
0.00585938
-5
-0.00488281
19
0.0185547
-44
-0.0429688
38
0.0371094
-9
-0.00878906
28
0.0273438
19
0.0185547
-5
-0.00488281
20
0.0195312
29
0.0283203
13
0.0126953
-15
-0.0146484
15
0.0146484
-16
-0.015625
-63
-0.0615234
26
0.0253906
37
0.0361328
6
0.00585938
-3
-0.00292969
-14
-0.0136719
1
0.000976562
3
0.00292969
-21
-0.0205078
4
0.00390625
20
0.0195312
-34
-0.0332031
-49
-0.0478516
65
0.0634766
30
0.0292969
-27
-0.0263672
43
0.0419922
4
0.00390625
33
0.0322266
53
0.0517578
-65
-0.0634766
-13
-0.0126953
-37
-0.0361328
-29
-0.0283203
18
0.0175781
-11
-0.0107422
-40
-0.0390625
-15
-0.0146484
-6
-0.00585938
-12
-0.0117188
-3
-0.00292969
35
0.0341797
2
0.00195312
-2
-0.00195312
-25
-0.0244141
-16
-0.015625
9
0.00878906
46
0.0449219
-15
-0.0146484
-47
-0.0458984
-14
-0.0136719
-58
-0.0566406
-41
-0.0400391
-20
-0.0195312
7
0.00683594
-37
-0.0361328
-24
-0.0234375
8
0.0078125
-7
-0.00683594
9
0.00878906
15
0.0146484
-53
-0.0517578
12
0.0117188
-3
-0.00292969
5
0.00488281
18
0.0175781
9
0.00878906
-19
-0.0185547
22
0.0214844
-43
-0.0419922
-8
-0.0078125
-35
-0.0341797
-25
-0.0244141
-30
-0.0292969
6
0.00585938
-14
-0.0136719
22
0.0214844
21
0.0205078
50
0.0488281
-42
-0.0410156
8
0.0078125
-58
-0.0566406
-19
-0.0185547
84
0.0820312
-46
-0.0449219
-24
-0.0234375
20
0.0195312
40
0.0390625
-37
-0.0361328
-25
-0.0244141
14
0.0136719
4
0.00390625
-37
-0.0361328
3
0.00292969
11
0.0107422
18
0.0175781
-54
-0.0527344
-33
-0.0322266
-33
-0.0322266
-31
-0.0302734
-24
-0.0234375
36
0.0351562
29
0.0283203
-15
-0.0146484
-28
-0.0273438
-14
-0.0136719
-31
-0.0302734
-5
-0.00488281
19
0.0185547
39
0.0380859
29
0.0283203
-17
-0.0166016
-35
-0.0341797
-20
-0.0195312
11
0.0107422
28
0.0273438
26
0.0253906
-24
-0.0234375
32
0.03125
1
0.000976562
-13
-0.0126953
-10
-0.00976562
4
0.00390625
-58
-0.0566406
-29
-0.0283203
14
0.0136719
72
0.0703125
-57
-0.0556641
-3
-0.00292969
-12
-0.0117188
25
0.0244141
11
0.0107422
29
0.0283203
-19
-0.0185547
51
0.0498047
35
0.0341797
29
0.0283203
38
0.0371094
-15
-0.0146484
0
0
-2
-0.00195312
-37
-0.0361328
27
0.0263672
26
0.0253906
-78
-0.0761719
65
0.0634766
10
0.00976562
-17
-0.0166016
-11
-0.0107422
46
0.0449219
-41
-0.0400391
25
0.0244141
45
0.0439453
-55
-0.0537109
30
0.0292969
9
0.00878906
-17
-0.0166016
7
0.00683594
8
0.0078125
-31
-0.0302734
38
0.0371094
-1
-0.000976562
-30
-0.0292969
41
0.0400391
18
0.0175781
2
0.00195312
48
0.046875
-5
-0.00488281
10
0.00976562
-33
-0.0322266
45
0.0439453
-27
-0.0263672
29
0.0283203
-35
-0.0341797
-8
-0.0078125
-23
-0.0224609
-33
-0.0322266
-1
-0.000976562
7
0.00683594
21
0.0205078
-19
-0.0185547
-6
-0.00585938
23
0.0224609
29
0.0283203
-22
-0.0214844
7
0.00683594
-18
-0.0175781
50
0.0488281
23
0.0224609
51
0.0498047
39
0.0380859
11
0.0107422
-35
-0.0341797
0
0
-18
-0.0175781
31
0.0302734
-19
-0.0185547
26
0.0253906
1
0.000976562
1
0.000976562
5
0.00488281
-18
-0.0175781
3
0.00292969
14
0.0136719
-16
-0.015625
-25
-0.0244141
20
0.0195312
6
0.00585938
-51
-0.0498047
31
0.0302734
46
0.0449219
6
0.00585938
-21
-0.0205078
-15
-0.0146484
5
0.00488281
-29
-0.0283203
-21
-0.0205078
-60
-0.0585938
54
0.0527344
-5
-0.00488281
-51
-0.0498047
-40
-0.0390625
-8
-0.0078125
39
0.0380859
19
0.0185547
3
0.00292969
32
0.03125
-10
-0.00976562
2
0.00195312
40
0.0390625
-19
-0.0185547
-18
-0.0175781
14
0.0136719
7
0.00683594
1
0.000976562
-20
-0.0195312
-51
-0.0498047
5
0.00488281
-35
-0.0341797
5
0.00488281
13
0.0126953
-10
-0.00976562
-6
-0.00585938
-10
-0.00976562
-19
-0.0185547
3
0.00292969
4
0.00390625
-20
-0.0195312
-1
-0.000976562
-43
-0.0419922
10
0.00976562
-27
-0.0263672
26
0.0253906
-37
-0.0361328
17
0.0166016
-17
-0.0166016
-38
-0.0371094
28
0.0273438
14
0.0136719
-41
-0.0400391
-41
-0.0400391
21
0.0205078
-41
-0.0400391
55
0.0537109
-8
-0.0078125
-9
-0.00878906
22
0.0214844
20
0.0195312
-51
-0.0498047
-48
-0.046875
13
0.0126953
45
0.0439453
2
0.00195312
49
0.0478516
67
0.0654297
35
0.0341797
20
0.0195312
-32
-0.03125
39
0.0380859
-54
-0.0527344
8
0.0078125
7
0.00683594
-42
-0.0410156
29
0.0283203
-9
-0.00878906
-18
-0.0175781
14
0.0136719
-21
-0.0205078
-12
-0.0117188
56
0.0546875
29
0.0283203
3
0.00292969
2
0.00195312
4
0.00390625
35
0.0341797
39
0.0380859
-51
-0.0498047
-57
-0.0556641
-3
-0.00292969
-72
-0.0703125
27
0.0263672
-48
-0.046875
18
0.0175781
13
0.0126953
-22
-0.0214844
-3
-0.00292969
40
0.0390625
1
0.000976562
-10
-0.00976562
-10
-0.00976562
-3
-0.00292969
56
0.0546875
24
0.0234375
28
0.0273438
-13
-0.0126953
23
0.0224609
-5
-0.00488281
9
0.00878906
-11
-0.0107422
62
0.0605469
-28
-0.0273438
33
0.0322266
12
0.0117188
-16
-0.015625
-35
-0.0341797
-5
-0.00488281
-1
-0.000976562
-27
-0.0263672
5
0.00488281
12
0.0117188
15
0.0146484
24
0.0234375
-20
-0.0195312
30
0.0292969
-37
-0.0361328
27
0.0263672
-29
-0.0283203
3
0.00292969
12
0.0117188
-31
-0.0302734
-43
-0.0419922
-27
-0.0263672
68
0.0664062
-2
-0.00195312
-6
-0.00585938
-25
-0.0244141
23
0.0224609
-21
-0.0205078
43
0.0419922
-28
-0.0273438
1
0.000976562
-6
-0.00585938
24
0.0234375
-19
-0.0185547
-35
-0.0341797
32
0.03125
11
0.0107422
-15
-0.0146484
17
0.0166016
16
0.015625
-45
-0.0439453
-11
-0.0107422
-28
-0.0273438
14
0.0136719
27
0.0263672
-13
-0.0126953
22
0.0214844
-22
-0.0214844
10
0.00976562
75
0.0732422
-1
-0.000976562
8
0.0078125
5
0.00488281
66
0.0644531
37
0.0361328
10
0.00976562
-11
-0.0107422
12
0.0117188
-6
-0.00585938
30
0.0292969
0
0
-8
-0.0078125
60
0.0585938
39
0.0380859
-11
-0.0107422
43
0.0419922
2
0.00195312
-2
-0.00195312
23
0.0224609
18
0.0175781
13
0.0126953
26
0.0253906
9
0.00878906
-27
-0.0263672
-40
-0.0390625
15
0.0146484
0
0
-58
-0.0566406
-10
-0.00976562
-1
-0.000976562
-7
-0.00683594
33
0.0322266
25
0.0244141
-60
-0.0585938
33
0.0322266
6
0.00585938
20
0.0195312
3
0.00292969
-16
-0.015625
-35
-0.0341797
10
0.00976562
58
0.0566406
40
0.0390625
5
0.00488281
14
0.0136719
3
0.00292969
41
0.0400391
-15
-0.0146484
20
0.0195312
20
0.0195312
-27
-0.0263672
-23
-0.0224609
-39
-0.0380859
-6
-0.00585938
-29
-0.0283203
18
0.0175781
-32
-0.03125
24
0.0234375
-20
-0.0195312
17
0.0166016
-46
-0.0449219
13
0.0126953
8
0.0078125
-42
-0.0410156
-28
-0.0273438
22
0.0214844
-55
-0.0537109
6
0.00585938
-29
-0.0283203
5
0.00488281
53
0.0517578
49
0.0478516
-11
-0.0107422
-23
-0.0224609
-27
-0.0263672
-16
-0.015625
-24
-0.0234375
29
0.0283203
21
0.0205078
-68
-0.0664062
-27
-0.0263672
36
0.0351562
-8
-0.0078125
29
0.0283203
-3
-0.00292969
-15
-0.0146484
10
0.00976562
-16
-0.015625
-33
-0.0322266
-47
-0.0458984
15
0.0146484
8
0.0078125
70
0.0683594
-49
-0.0478516
46
0.0449219
41
0.0400391
25
0.0244141
31
0.0302734
-9
-0.00878906
-14
-0.0136719
9
0.00878906
12
0.0117188
21
0.0205078
-10
-0.00976562
-44
-0.0429688
17
0.0166016
-24
-0.0234375
6
0.00585938
-1
-0.000976562
10
0.00976562
27
0.0263672
28
0.0273438
-24
-0.0234375
-37
-0.0361328
23
0.0224609
-36
-0.0351562
18
0.0175781
-66
-0.0644531
18
0.0175781
44
0.0429688
-29
-0.0283203
9
0.00878906
10
0.00976562
-26
-0.0253906
3
0.00292969
58
0.0566406
15
0.0146484
13
0.0126953
-16
-0.015625
-1
-0.000976562
24
0.0234375
-45
-0.0439453
-11
-0.0107422
36
0.0351562
-10
-0.00976562
56
0.0546875
20
0.0195312
47
0.0458984
-4
-0.00390625
-50
-0.0488281
75
0.0732422
-45
-0.0439453
-35
-0.0341797
-41
-0.0400391
-14
-0.0136719
-8
-0.0078125
-33
-0.0322266
-12
-0.0117188
0
0
22
0.0214844
-10
-0.00976562
-26
-0.0253906
47
0.0458984
-12
-0.0117188
41
0.0400391
70
0.0683594
-24
-0.0234375
7
0.00683594
10
0.00976562
-63
-0.0615234
17
0.0166016
-30
-0.0292969
-14
-0.0136719
30
0.0292969
25
0.0244141
-26
-0.0253906
-27
-0.0263672
-5
-0.00488281
38
0.0371094
47
0.0458984
48
0.046875
15
0.0146484
-7
-0.00683594
43
0.0419922
-41
-0.0400391
-21
-0.0205078
29
0.0283203
50
0.0488281
30
0.0292969
25
0.0244141
-71
-0.0693359
15
0.0146484
11
0.0107422
-32
-0.03125
-7
-0.00683594
3
0.00292969
3
0.00292969
-40
-0.0390625
-20
-0.0195312
-27
-0.0263672
8
0.0078125
2
0.00195312
42
0.0410156
14
0.0136719
-19
-0.0185547
67
0.0654297
5
0.00488281
11
0.0107422
6
0.00585938
-37
-0.0361328
26
0.0253906
3
0.00292969
49
0.0478516
-6
-0.00585938
33
0.0322266
67
0.0654297
14
0.0136719
34
0.0332031
13
0.0126953
-5
-0.00488281
-28
-0.0273438
-17
-0.0166016
-66
-0.0644531
35
0.0341797
3
0.00292969
10
0.00976562
10
0.00976562
14
0.0136719
-20
-0.0195312
40
0.0390625
-4
-0.00390625
10
0.00976562
-12
-0.0117188
45
0.0439453
-16
-0.015625
-5
-0.00488281
-15
-0.0146484
-54
-0.0527344
13
0.0126953
8
0.0078125
-70
-0.0683594
-23
-0.0224609
4
0.00390625
-3
-0.00292969
20
0.0195312
-15
-0.0146484
28
0.0273438
53
0.0517578
-11
-0.0107422
9
0.00878906
27
0.0263672
-38
-0.0371094
-27
-0.0263672
-12
-0.0117188
15
0.0146484
-42
-0.0410156
-8
-0.0078125
42
0.0410156
46
0.0449219
84
0.0820312
-28
-0.0273438
6
0.00585938
-12
-0.0117188
26
0.0253906
25
0.0244141
-17
-0.0166016
4
0.00390625
-10
-0.00976562
2
0.00195312
3
0.00292969
-8
-0.0078125
42
0.0410156
13
0.0126953
-16
-0.015625
1
0.000976562
28
0.0273438
-44
-0.0429688
35
0.0341797
-21
-0.0205078
-2
-0.00195312
57
0.0556641
8
0.0078125
-11
-0.0107422
-51
-0.0498047
-27
-0.0263672
7
0.00683594
-45
-0.0439453
-4
-0.00390625
32
0.03125
-10
-0.00976562
-16
-0.015625
11
0.0107422
-15
-0.0146484
-28
-0.0273438
-11
-0.0107422
24
0.0234375
43
0.0419922
2
0.00195312
-29
-0.0283203
6
0.00585938
0
0
42
0.0410156
-18
-0.0175781
20
0.0195312
21
0.0205078
-11
-0.0107422
-20
-0.0195312
8
0.0078125
8
0.0078125
16
0.015625
-80
-0.078125
-7
-0.00683594
-5
-0.00488281
-7
-0.00683594
45
0.0439453
11
0.0107422
-9
-0.00878906
-71
-0.0693359
-24
-0.0234375
-2
-0.00195312
-2
-0.00195312
8
0.0078125
-3
-0.00292969
-15
-0.0146484
-23
-0.0224609
19
0.0185547
26
0.0253906
56
0.0546875
34
0.0332031
-7
-0.00683594
-42
-0.0410156
6
0.00585938
-31
-0.0302734
-1
-0.000976562
-57
-0.0556641
21
0.0205078
3
0.00292969
-12
-0.0117188
-55
-0.0537109
16
0.015625
0
0
-10
-0.00976562
6
0.00585938
9
0.00878906
22
0.0214844
-1
-0.000976562
-39
-0.0380859
-9
-0.00878906
52
0.0507812
-8
-0.0078125
-35
-0.0341797
23
0.0224609
-51
-0.0498047
-38
-0.0371094
7
0.00683594
-25
-0.0244141
-12
-0.0117188
-3
-0.00292969
-66
-0.0644531
-30
-0.0292969
-4
-0.00390625
28
0.0273438
-5
-0.00488281
-17
-0.0166016
46
0.0449219
-19
-0.0185547
39
0.0380859
35
0.0341797
-25
-0.0244141
24
0.0234375
18
0.0175781
-40
-0.0390625
6
0.00585938
11
0.0107422
-20
-0.0195312
2
0.00195312
-17
-0.0166016
54
0.0527344
0
0
-33
-0.0322266
-17
-0.0166016
13
0.0126953
-22
-0.0214844
19
0.0185547
5
0.00488281
-36
-0.0351562
-10
-0.00976562
48
0.046875
39
0.0380859
12
0.0117188
6
0.00585938
11
0.0107422
26
0.0253906
-25
-0.0244141
37
0.0361328
26
0.0253906
39
0.0380859
-11
-0.0107422
-39
-0.0380859
21
0.0205078
6
0.00585938
26
0.0253906
-13
-0.0126953
-17
-0.0166016
-58
-0.0566406
44
0.0429688
-20
-0.0195312
-17
-0.0166016
9
0.00878906
-10
-0.00976562
-4
-0.00390625
-34
-0.0332031
-34
-0.0332031
-27
-0.0263672
13
0.0126953
-37
-0.0361328
-47
-0.0458984
14
0.0136719
38
0.0371094
-7
-0.00683594
26
0.0253906
0
0
33
0.0322266
-15
-0.0146484
-44
-0.0429688
30
0.0292969
-15
-0.0146484
35
0.0341797
-16
-0.015625
22
0.0214844
-7
-0.00683594
4
0.00390625
-37
-0.0361328
-66
-0.0644531
-26
-0.0253906
-27
-0.0263672
8
0.0078125
-7
-0.00683594
-14
-0.0136719
-23
-0.0224609
58
0.0566406
59
0.0576172
6
0.00585938
3
0.00292969
8
0.0078125
19
0.0185547
-34
-0.0332031
-62
-0.0605469
50
0.0488281
-18
-0.0175781
20
0.0195312
-20
-0.0195312
-6
-0.00585938
5
0.00488281
-32
-0.03125
27
0.0263672
-10
-0.00976562
-36
-0.0351562
1
0.000976562
-11
-0.0107422
4
0.00390625
13
0.0126953
-30
-0.0292969
-53
-0.0517578
11
0.0107422
-28
-0.0273438
23
0.0224609
-34
-0.0332031
-26
-0.0253906
-20
-0.0195312
-9
-0.00878906
-5
-0.00488281
15
0.0146484
23
0.0224609
17
0.0166016
14
0.0136719
-34
-0.0332031
-27
-0.0263672
-34
-0.0332031
15
0.0146484
44
0.0429688
-6
-0.00585938
-62
-0.0605469
-10
-0.00976562
10
0.00976562
-31
-0.0302734
-15
-0.0146484
19
0.0185547
-22
-0.0214844
8
0.0078125
37
0.0361328
-13
-0.0126953
-7
-0.00683594
-31
-0.0302734
-53
-0.0517578
16
0.015625
21
0.0205078
7
0.00683594
-5
-0.00488281
22
0.0214844
11
0.0107422
-43
-0.0419922
-5
-0.00488281
5
0.00488281
1
0.000976562
-13
-0.0126953
24
0.0234375
51
0.0498047
17
0.0166016
23
0.0224609
21
0.0205078
-56
-0.0546875
-14
-0.0136719
53
0.0517578
37
0.0361328
12
0.0117188
-7
-0.00683594
-27
-0.0263672
10
0.00976562
-22
-0.0214844
-37
-0.0361328
27
0.0263672
66
0.0644531
17
0.0166016
53
0.0517578
3
0.00292969
25
0.0244141
-72
-0.0703125
-16
-0.015625
-34
-0.0332031
3
0.00292969
3
0.00292969
-7
-0.00683594
17
0.0166016
31
0.0302734
14
0.0136719
-11
-0.0107422
4
0.00390625
24
0.0234375
38
0.0371094
-11
-0.0107422
11
0.0107422
34
0.0332031
24
0.0234375
-38
-0.0371094
-3
-0.00292969
6
0.00585938
-9
-0.00878906
1
0.000976562
-43
-0.0419922
-26
-0.0253906
-67
-0.0654297
-25
-0.0244141
-29
-0.0283203
-6
-0.00585938
-5
-0.00488281
7
0.00683594
-21
-0.0205078
-7
-0.00683594
48
0.046875
-23
-0.0224609
-1
-0.000976562
-29
-0.0283203
2
0.00195312
-19
-0.0185547
-25
-0.0244141
-11
-0.0107422
-33
-0.0322266
-44
-0.0429688
-11
-0.0107422
-44
-0.0429688
10
0.00976562
27
0.0263672
31
0.0302734
-22
-0.0214844
-56
-0.0546875
15
0.0146484
-50
-0.0488281
-14
-0.0136719
4
0.00390625
-27
-0.0263672
-23
-0.0224609
8
0.0078125
12
0.0117188
1
0.000976562
16
0.015625
-6
-0.00585938
15
0.0146484
-1
-0.000976562
5
0.00488281
4
0.00390625
-62
-0.0605469
-47
-0.0458984
31
0.0302734
-6
-0.00585938
0
0
45
0.0439453
46
0.0449219
-33
-0.0322266
-51
-0.0498047
-22
-0.0214844
-40
-0.0390625
11
0.0107422
21
0.0205078
4
0.00390625
9
0.00878906
-18
-0.0175781
-10
-0.00976562
5
0.00488281
14
0.0136719
21
0.0205078
-10
-0.00976562
27
0.0263672
-9
-0.00878906
18
0.0175781
-18
-0.0175781
-15
-0.0146484
26
0.0253906
12
0.0117188
-39
-0.0380859
33
0.0322266
26
0.0253906
-65
-0.0634766
-34
-0.0332031
-13
-0.0126953
-75
-0.0732422
-36
-0.0351562
12
0.0117188
-10
-0.00976562
31
0.0302734
22
0.0214844
-16
-0.015625
-21
-0.0205078
61
0.0595703
12
0.0117188
10
0.00976562
13
0.0126953
-48
-0.046875
-39
-0.0380859
24
0.0234375
-25
-0.0244141
-1
-0.000976562
-34
-0.0332031
-6
-0.00585938
24
0.0234375
-16
-0.015625
25
0.0244141
21
0.0205078
-32
-0.03125
43
0.0419922
-19
-0.0185547
25
0.0244141
8
0.0078125
55
0.0537109
42
0.0410156
54
0.0527344
-7
-0.00683594
-12
-0.0117188
24
0.0234375
-38
-0.0371094
-1
-0.000976562
-19
-0.0185547
13
0.0126953
-2
-0.00195312
-2
-0.00195312
-33
-0.0322266
15
0.0146484
7
0.00683594
14
0.0136719
-25
-0.0244141
26
0.0253906
-9
-0.00878906
24
0.0234375
-33
-0.0322266
-41
-0.0400391
-50
-0.0488281
12
0.0117188
5
0.00488281
28
0.0273438
-9
-0.00878906
-11
-0.0107422
-46
-0.0449219
7
0.00683594
-5
-0.00488281
30
0.0292969
-11
-0.0107422
50
0.0488281
17
0.0166016
-45
-0.0439453
-6
-0.00585938
32
0.03125
-15
-0.0146484
-8
-0.0078125
-38
-0.0371094
-4
-0.00390625
-12
-0.0117188
40
0.0390625
-14
-0.0136719
12
0.0117188
15
0.0146484
44
0.0429688
-40
-0.0390625
28
0.0273438
23
0.0224609
76
0.0742188
35
0.0341797
-8
-0.0078125
-9
-0.00878906
56
0.0546875
65
0.0634766
51
0.0498047
20
0.0195312
-10
-0.00976562
12
0.0117188
-25
-0.0244141
-3
-0.00292969
-51
-0.0498047
16
0.015625
38
0.0371094
30
0.0292969
-39
-0.0380859
5
0.00488281
73
0.0712891
79
0.0771484
-5
-0.00488281
-29
-0.0283203
46
0.0449219
34
0.0332031
15
0.0146484
-1
-0.000976562
-18
-0.0175781
-19
-0.0185547
9
0.00878906
28
0.0273438
-20
-0.0195312
-58
-0.0566406
7
0.00683594
-30
-0.0292969
-27
-0.0263672
-24
-0.0234375
-9
-0.00878906
-48
-0.046875
-66
-0.0644531
19
0.0185547
-26
-0.0253906
-43
-0.0419922
40
0.0390625
-3
-0.00292969
38
0.0371094
20
0.0195312
31
0.0302734
-28
-0.0273438
3
0.00292969
8
0.0078125
39
0.0380859
-42
-0.0410156
27
0.0263672
11
0.0107422
-20
-0.0195312
-7
-0.00683594
22
0.0214844
22
0.0214844
-18
-0.0175781
37
0.0361328
-26
-0.0253906
11
0.0107422
-46
-0.0449219
28
0.0273438
-37
-0.0361328
27
0.0263672
-20
-0.0195312
1
0.000976562
-12
-0.0117188
-9
-0.00878906
-15
-0.0146484
-57
-0.0556641
14
0.0136719
-52
-0.0507812
-14
-0.0136719
8
0.0078125
29
0.0283203
15
0.0146484
35
0.0341797
-50
-0.0488281
18
0.0175781
28
0.0273438
60
0.0585938
-12
-0.0117188
17
0.0166016
13
0.0126953
20
0.0195312
9
0.00878906
39
0.0380859
60
0.0585938
40
0.0390625
6
0.00585938
-8
-0.0078125
24
0.0234375
-56
-0.0546875
28
0.0273438
-17
-0.0166016
-11
-0.0107422
11
0.0107422
-4
-0.00390625
37
0.0361328
-16
-0.015625
23
0.0224609
55
0.0537109
-51
-0.0498047
6
0.00585938
26
0.0253906
4
0.00390625
-19
-0.0185547
47
0.0458984
-17
-0.0166016
-39
-0.0380859
61
0.0595703
-3
-0.00292969
26
0.0253906
-43
-0.0419922
12
0.0117188
56
0.0546875
12
0.0117188
-53
-0.0517578
9
0.00878906
-2
-0.00195312
47
0.0458984
7
0.00683594
-8
-0.0078125
8
0.0078125
8
0.0078125
-37
-0.0361328
19
0.0185547
52
0.0507812
-24
-0.0234375
51
0.0498047
30
0.0292969
11
0.0107422
-21
-0.0205078
-35
-0.0341797
32
0.03125
58
0.0566406
-10
-0.00976562
-46
-0.0449219
-36
-0.0351562
42
0.0410156
36
0.0351562
-11
-0.0107422
-22
-0.0214844
7
0.00683594
-7
-0.00683594
34
0.0332031
37
0.0361328
-14
-0.0136719
19
0.0185547
-48
-0.046875
18
0.0175781
-23
-0.0224609
4
0.00390625
44
0.0429688
-17
-0.0166016
-16
-0.015625
-23
-0.0224609
-77
-0.0751953
-30
-0.0292969
31
0.0302734
-14
-0.0136719
-21
-0.0205078
13
0.0126953
-47
-0.0458984
71
0.0693359
12
0.0117188
50
0.0488281
11
0.0107422
-31
-0.0302734
-12
-0.0117188
-1
-0.000976562
28
0.0273438
6
0.00585938
16
0.015625
5
0.00488281
11
0.0107422
-24
-0.0234375
-7
-0.00683594
-10
-0.00976562
-21
-0.0205078
36
0.0351562
47
0.0458984
-9
-0.00878906
-13
-0.0126953
7
0.00683594
-37
-0.0361328
-8
-0.0078125
45
0.0439453
7
0.00683594
8
0.0078125
49
0.0478516
-43
-0.0419922
49
0.0478516
-19
-0.0185547
19
0.0185547
-4
-0.00390625
40
0.0390625
-16
-0.015625
-26
-0.0253906
12
0.0117188
3
0.00292969
-14
-0.0136719
-21
-0.0205078
58
0.0566406
5
0.00488281
18
0.0175781
23
0.0224609
-30
-0.0292969
48
0.046875
-16
-0.015625
-10
-0.00976562
7
0.00683594
-39
-0.0380859
32
0.03125
14
0.0136719
8
0.0078125
-14
-0.0136719
-30
-0.0292969
24
0.0234375
1
0.000976562
-13
-0.0126953
-12
-0.0117188
64
0.0625
2
0.00195312
29
0.0283203
24
0.0234375
4
0.00390625
74
0.0722656
-30
-0.0292969
-23
-0.0224609
-33
-0.0322266
-12
-0.0117188
-26
-0.0253906
38
0.0371094
-19
-0.0185547
-10
-0.00976562
19
0.0185547
-22
-0.0214844
3
0.00292969
48
0.046875
7
0.00683594
-56
-0.0546875
27
0.0263672
72
0.0703125
-23
-0.0224609
-35
-0.0341797
6
0.00585938
13
0.0126953
17
0.0166016
45
0.0439453
-1
-0.000976562
-13
-0.0126953
34
0.0332031
22
0.0214844
-15
-0.0146484
22
0.0214844
-10
-0.00976562
-15
-0.0146484
-4
-0.00390625
17
0.0166016
-13
-0.0126953
-22
-0.0214844
-23
-0.0224609
-53
-0.0517578
31
0.0302734
64
0.0625
-24
-0.0234375
24
0.0234375
-37
-0.0361328
29
0.0283203
-16
-0.015625
-50
-0.0488281
-36
-0.0351562
38
0.0371094
16
0.015625
41
0.0400391
13
0.0126953
-17
-0.0166016
1
0.000976562
-7
-0.00683594
19
0.0185547
21
0.0205078
25
0.0244141
7
0.00683594
-41
-0.0400391
32
0.03125
-9
-0.00878906
-53
-0.0517578
-2
-0.00195312
12
0.0117188
33
0.0322266
1
0.000976562
9
0.00878906
6
0.00585938
-12
-0.0117188
-15
-0.0146484
-1
-0.000976562
-10
-0.00976562
5
0.00488281
5
0.00488281
-6
-0.00585938
19
0.0185547
-21
-0.0205078
19
0.0185547
-33
-0.0322266
-43
-0.0419922
-2
-0.00195312
-20
-0.0195312
-36
-0.0351562
-28
-0.0273438
-39
-0.0380859
22
0.0214844
-40
-0.0390625
-35
-0.0341797
-17
-0.0166016
4
0.00390625
-51
-0.0498047
-47
-0.0458984
-29
-0.0283203
-10
-0.00976562
25
0.0244141
-39
-0.0380859
9
0.00878906
-7
-0.00683594
6
0.00585938
34
0.0332031
9
0.00878906
-11
-0.0107422
-12
-0.0117188
85
0.0830078
10
0.00976562
20
0.0195312
-34
-0.0332031
-38
-0.0371094
-6
-0.00585938
49
0.0478516
-16
-0.015625
35
0.0341797
-26
-0.0253906
7
0.00683594
25
0.0244141
-43
-0.0419922
-4
-0.00390625
4
0.00390625
-5
-0.00488281
-51
-0.0498047
-34
-0.0332031
-17
-0.0166016
-2
-0.00195312
5
0.00488281
-14
-0.0136719
-12
-0.0117188
5
0.00488281
26
0.0253906
35
0.0341797
-1
-0.000976562
62
0.0605469
-60
-0.0585938
4
0.00390625
46
0.0449219
-5
-0.00488281
0
0
-24
-0.0234375
16
0.015625
-11
-0.0107422
-26
-0.0253906
33
0.0322266
29
0.0283203
17
0.0166016
15
0.0146484
-20
-0.0195312
8
0.0078125
9
0.00878906
-17
-0.0166016
-18
-0.0175781
72
0.0703125
-17
-0.0166016
-43
-0.0419922
-31
-0.0302734
-13
-0.0126953
26
0.0253906
12
0.0117188
-34
-0.0332031
49
0.0478516
-10
-0.00976562
-2
-0.00195312
-5
-0.00488281
15
0.0146484
23
0.0224609
10
0.00976562
10
0.00976562
-31
-0.0302734
-7
-0.00683594
-9
-0.00878906
45
0.0439453
45
0.0439453
29
0.0283203
20
0.0195312
60
0.0585938
-73
-0.0712891
3
0.00292969
10
0.00976562
-20
-0.0195312
-86
-0.0839844
-4
-0.00390625
-42
-0.0410156
3
0.00292969
3
0.00292969
-49
-0.0478516
-18
-0.0175781
15
0.0146484
7
0.00683594
-2
-0.00195312
-28
-0.0273438
9
0.00878906
-14
-0.0136719
-14
-0.0136719
9
0.00878906
-5
-0.00488281
50
0.0488281
-7
-0.00683594
-26
-0.0253906
36
0.0351562
8
0.0078125
-14
-0.0136719
-65
-0.0634766
-44
-0.0429688
13
0.0126953
9
0.00878906
41
0.0400391
10
0.00976562
-73
-0.0712891
11
0.0107422
7
0.00683594
-3
-0.00292969
-35
-0.0341797
-20
-0.0195312
-1
-0.000976562
7
0.00683594
-37
-0.0361328
-16
-0.015625
24
0.0234375
-13
-0.0126953
-12
-0.0117188
21
0.0205078
14
0.0136719
-38
-0.0371094
-34
-0.0332031
20
0.0195312
1
0.000976562
-24
-0.0234375
-22
-0.0214844
-11
-0.0107422
12
0.0117188
-31
-0.0302734
-39
-0.0380859
31
0.0302734
24
0.0234375
-51
-0.0498047
-9
-0.00878906
5
0.00488281
32
0.03125
-21
-0.0205078
17
0.0166016
27
0.0263672
10
0.00976562
-3
-0.00292969
-9
-0.00878906
41
0.0400391
-20
-0.0195312
37
0.0361328
17
0.0166016
-26
-0.0253906
-60
-0.0585938
-7
-0.00683594
-7
-0.00683594
-3
-0.00292969
-35
-0.0341797
-15
-0.0146484
18
0.0175781
33
0.0322266
36
0.0351562
-5
-0.00488281
-38
-0.0371094
-26
-0.0253906
-47
-0.0458984
15
0.0146484
-26
-0.0253906
-8
-0.0078125
-46
-0.0449219
4
0.00390625
-17
-0.0166016
-19
-0.0185547
16
0.015625
1
0.000976562
-8
-0.0078125
41
0.0400391
51
0.0498047
-7
-0.00683594
39
0.0380859
-49
-0.0478516
-60
-0.0585938
-3
-0.00292969
10
0.00976562
31
0.0302734
-99
-0.0966797
24
0.0234375
24
0.0234375
6
0.00585938
-70
-0.0683594
-21
-0.0205078
-3
-0.00292969
49
0.0478516
-8
-0.0078125
3
0.00292969
-33
-0.0322266
53
0.0517578
42
0.0410156
26
0.0253906
26
0.0253906
-14
-0.0136719
3
0.00292969
-44
-0.0429688
-45
-0.0439453
-20
-0.0195312
-23
-0.0224609
-34
-0.0332031
-14
-0.0136719
-29
-0.0283203
41
0.0400391
-2
-0.00195312
34
0.0332031
-25
-0.0244141
-21
-0.0205078
1
0.000976562
-4
-0.00390625
17
0.0166016
-99
-0.0966797
27
0.0263672
-23
-0.0224609
10
0.00976562
2
0.00195312
35
0.0341797
2
0.00195312
-19
-0.0185547
-26
-0.0253906
6
0.00585938
40
0.0390625
4
0.00390625
35
0.0341797
5
0.00488281
-12
-0.0117188
-3
-0.00292969
34
0.0332031
-5
-0.00488281
-58
-0.0566406
-23
-0.0224609
7
0.00683594
0
0
27
0.0263672
-15
-0.0146484
-12
-0.0117188
-30
-0.0292969
-37
-0.0361328
37
0.0361328
-37
-0.0361328
-33
-0.0322266
29
0.0283203
24
0.0234375
3
0.00292969
-14
-0.0136719
10
0.00976562
-20
-0.0195312
55
0.0537109
-7
-0.00683594
14
0.0136719
-19
-0.0185547
7
0.00683594
20
0.0195312
8
0.0078125
-17
-0.0166016
-28
-0.0273438
8
0.0078125
-32
-0.03125
-15
-0.0146484
16
0.015625
-13
-0.0126953
28
0.0273438
-1
-0.000976562
-26
-0.0253906
-5
-0.00488281
38
0.0371094
-2
-0.00195312
3
0.00292969
-26
-0.0253906
22
0.0214844
25
0.0244141
5
0.00488281
5
0.00488281
-8
-0.0078125
-2
-0.00195312
25
0.0244141
-13
-0.0126953
-10
-0.00976562
46
0.0449219
-9
-0.00878906
-48
-0.046875
25
0.0244141
-21
-0.0205078
-58
-0.0566406
35
0.0341797
5
0.00488281
22
0.0214844
17
0.0166016
46
0.0449219
-44
-0.0429688
-37
-0.0361328
12
0.0117188
2
0.00195312
-41
-0.0400391
30
0.0292969
22
0.0214844
-11
-0.0107422
-54
-0.0527344
-23
-0.0224609
57
0.0556641
15
0.0146484
47
0.0458984
-7
-0.00683594
23
0.0224609
-35
-0.0341797
13
0.0126953
15
0.0146484
18
0.0175781
-18
-0.0175781
-55
-0.0537109
-23
-0.0224609
21
0.0205078
-19
-0.0185547
-33
-0.0322266
-36
-0.0351562
50
0.0488281
52
0.0507812
3
0.00292969
-8
-0.0078125
3
0.00292969
-55
-0.0537109
-5
-0.00488281
-67
-0.0654297
-27
-0.0263672
53
0.0517578
8
0.0078125
-16
-0.015625
14
0.0136719
-3
-0.00292969
-2
-0.00195312
-33
-0.0322266
1
0.000976562
4
0.00390625
-15
-0.0146484
25
0.0244141
21
0.0205078
63
0.0615234
-31
-0.0302734
-4
-0.00390625
2
0.00195312
0
0
31
0.0302734
-32
-0.03125
57
0.0556641
-9
-0.00878906
3
0.00292969
-24
-0.0234375
12
0.0117188
7
0.00683594
-40
-0.0390625
-12
-0.0117188
-7
-0.00683594
-38
-0.0371094
-26
-0.0253906
-21
-0.0205078
-29
-0.0283203
34
0.0332031
-22
-0.0214844
41
0.0400391
22
0.0214844
-39
-0.0380859
-7
-0.00683594
30
0.0292969
1
0.000976562
-5
-0.00488281
-1
-0.000976562
-6
-0.00585938
27
0.0263672
29
0.0283203
16
0.015625
-4
-0.00390625
24
0.0234375
11
0.0107422
-39
-0.0380859
2
0.00195312
3
0.00292969
8
0.0078125
-13
-0.0126953
-16
-0.015625
-2
-0.00195312
5
0.00488281
-21
-0.0205078
-4
-0.00390625
-30
-0.0292969
-17
-0.0166016
-8
-0.0078125
-46
-0.0449219
-43
-0.0419922
4
0.00390625
-8
-0.0078125
-2
-0.00195312
12
0.0117188
-8
-0.0078125
3
0.00292969
-6
-0.00585938
-43
-0.0419922
-18
-0.0175781
25
0.0244141
-4
-0.00390625
-8
-0.0078125
21
0.0205078
31
0.0302734
-31
-0.0302734
33
0.0322266
21
0.0205078
51
0.0498047
59
0.0576172
-20
-0.0195312
39
0.0380859
7
0.00683594
36
0.0351562
-29
-0.0283203
-36
-0.0351562
-59
-0.0576172
29
0.0283203
5
0.00488281
-9
-0.00878906
-55
-0.0537109
-25
-0.0244141
-2
-0.00195312
12
0.0117188
30
0.0292969
15
0.0146484
16
0.015625
-3
-0.00292969
-27
-0.0263672
-1
-0.000976562
-20
-0.0195312
33
0.0322266
-47
-0.0458984
45
0.0439453
1
0.000976562
-46
-0.0449219
53
0.0517578
21
0.0205078
44
0.0429688
21
0.0205078
-2
-0.00195312
65
0.0634766
39
0.0380859
22
0.0214844
28
0.0273438
-2
-0.00195312
-7
-0.00683594
-23
-0.0224609
34
0.0332031
-48
-0.046875
54
0.0527344
-6
-0.00585938
-15
-0.0146484
13
0.0126953
43
0.0419922
-31
-0.0302734
-28
-0.0273438
1
0.000976562
8
0.0078125
8
0.0078125
3
0.00292969
1
0.000976562
-16
-0.015625
-31
-0.0302734
49
0.0478516
20
0.0195312
-26
-0.0253906
25
0.0244141
1
0.000976562
17
0.0166016
31
0.0302734
-4
-0.00390625
46
0.0449219
-8
-0.0078125
-20
-0.0195312
12
0.0117188
29
0.0283203
9
0.00878906
36
0.0351562
15
0.0146484
-34
-0.0332031
-37
-0.0361328
-10
-0.00976562
2
0.00195312
15
0.0146484
7
0.00683594
-38
-0.0371094
15
0.0146484
-8
-0.0078125
45
0.0439453
2
0.00195312
30
0.0292969
-16
-0.015625
2
0.00195312
19
0.0185547
-10
-0.00976562
45
0.0439453
33
0.0322266
-60
-0.0585938
-1
-0.000976562
53
0.0517578
37
0.0361328
8
0.0078125
-10
-0.00976562
-28
-0.0273438
2
0.00195312
42
0.0410156
-32
-0.03125
115
0.112305
-7
-0.00683594
-34
-0.0332031
16
0.015625
-32
-0.03125
7
0.00683594
-9
-0.00878906
-8
-0.0078125
-1
-0.000976562
16
0.015625
28
0.0273438
-30
-0.0292969
2
0.00195312
49
0.0478516
-4
-0.00390625
-37
-0.0361328
74
0.0722656
0
0
2
0.00195312
-31
-0.0302734
-53
-0.0517578
-29
-0.0283203
10
0.00976562
-15
-0.0146484
8
0.0078125
48
0.046875
-3
-0.00292969
13
0.0126953
35
0.0341797
-11
-0.0107422
-16
-0.015625
-40
-0.0390625
-10
-0.00976562
44
0.0429688
50
0.0488281
10
0.00976562
-26
-0.0253906
-24
-0.0234375
-24
-0.0234375
9
0.00878906
-30
-0.0292969
-21
-0.0205078
-25
-0.0244141
15
0.0146484
-48
-0.046875
-3
-0.00292969
-13
-0.0126953
-23
-0.0224609
38
0.0371094
-4
-0.00390625
31
0.0302734
41
0.0400391
28
0.0273438
-35
-0.0341797
-48
-0.046875
-3
-0.00292969
-11
-0.0107422
29
0.0283203
-20
-0.0195312
-51
-0.0498047
-44
-0.0429688
43
0.0419922
-14
-0.0136719
49
0.0478516
5
0.00488281
63
0.0615234
1
0.000976562
14
0.0136719
49
0.0478516
44
0.0429688
-18
-0.0175781
0
0
47
0.0458984
20
0.0195312
-24
-0.0234375
26
0.0253906
-43
-0.0419922
-22
-0.0214844
2
0.00195312
11
0.0107422
-45
-0.0439453
-13
-0.0126953
-1
-0.000976562
33
0.0322266
23
0.0224609
-16
-0.015625
36
0.0351562
-5
-0.00488281
-48
-0.046875
-5
-0.00488281
-51
-0.0498047
-21
-0.0205078
28
0.0273438
-76
-0.0742188
-59
-0.0576172
9
0.00878906
-27
-0.0263672
28
0.0273438
-18
-0.0175781
27
0.0263672
-28
-0.0273438
29
0.0283203
-32
-0.03125
9
0.00878906
-17
-0.0166016
-48
-0.046875
3
0.00292969
36
0.0351562
-37
-0.0361328
6
0.00585938
-21
-0.0205078
-17
-0.0166016
-25
-0.0244141
37
0.0361328
29
0.0283203
25
0.0244141
15
0.0146484
-28
-0.0273438
23
0.0224609
26
0.0253906
-15
-0.0146484
19
0.0185547
23
0.0224609
-6
-0.00585938
37
0.0361328
-10
-0.00976562
12
0.0117188
-33
-0.0322266
23
0.0224609
35
0.0341797
-14
-0.0136719
-5
-0.00488281
4
0.00390625
13
0.0126953
-20
-0.0195312
15
0.0146484
18
0.0175781
13
0.0126953
-5
-0.00488281
-14
-0.0136719
5
0.00488281
28
0.0273438
10
0.00976562
-25
-0.0244141
50
0.0488281
-15
-0.0146484
22
0.0214844
57
0.0556641
-11
-0.0107422
34
0.0332031
0
0
24
0.0234375
33
0.0322266
25
0.0244141
20
0.0195312
-9
-0.00878906
-27
-0.0263672
9
0.00878906
12
0.0117188
12
0.0117188
6
0.00585938
15
0.0146484
6
0.00585938
-15
-0.0146484
16
0.015625
16
0.015625
-38
-0.0371094
-11
-0.0107422
-4
-0.00390625
-31
-0.0302734
-9
-0.00878906
-17
-0.0166016
15
0.0146484
46
0.0449219
-17
-0.0166016
-12
-0.0117188
25
0.0244141
-5
-0.00488281
-13
-0.0126953
-28
-0.0273438
14
0.0136719
-7
-0.00683594
-12
-0.0117188
-11
-0.0107422
77
0.0751953
5
0.00488281
