-92
-0.0224609
-19
-0.00463867
-85
-0.020752
-63
-0.0153809
81
0.0197754
-50
-0.012207
-3
-0.000732422
2
0.000488281
-147
-0.0358887
-81
-0.0197754
-29
-0.00708008
-79
-0.0192871
58
0.0141602
74
0.0180664
51
0.0124512
40
0.00976562
-24
-0.00585938
-42
-0.0102539
-54
-0.0131836
26
0.00634766
54
0.0131836
47
0.0114746
-120
-0.0292969
-58
-0.0141602
130
0.0317383
-55
-0.0134277
-40
-0.00976562
-10
-0.00244141
1
0.000244141
-62
-0.0151367
-91
-0.0222168
87
0.0212402
4
0.000976562
14
0.00341797
-57
-0.013916
8
0.00195312
8
0.00195312
-48
-0.0117188
-72
-0.0175781
74
0.0180664
-105
-0.0256348
-134
-0.0327148
-67
-0.0163574
-73
-0.0178223
-17
-0.00415039
-16
-0.00390625
-18
-0.00439453
65
0.0158691
25
0.00610352
76
0.0185547
-9
-0.00219727
34
0.00830078
-12
-0.00292969
32
0.0078125
-92
-0.0224609
-48
-0.0117188
21
0.00512695
-31
-0.00756836
20
0.00488281
-55
-0.0134277
-65
-0.0158691
14
0.00341797
-31
-0.00756836
145
0.0354004
111
0.0270996
-37
-0.0090332
156
0.0380859
35
0.00854492
-155
-0.0378418
-99
-0.0241699
84
0.0205078
-80
-0.0195312
-12
-0.00292969
39
0.00952148
-94
-0.0229492
17
0.00415039
54
0.0131836
-43
-0.010498
-62
-0.0151367
-10
-0.00244141
30
0.00732422
160
0.0390625
2
0.000488281
-48
-0.0117188
-41
-0.0100098
-4
-0.000976562
75
0.0183105
-6
-0.00146484
91
0.0222168
-10
-0.00244141
79
0.0192871
21
0.00512695
21
0.00512695
37
0.0090332
-16
-0.00390625
-126
-0.0307617
16
0.00390625
63
0.0153809
82
0.0200195
-35
-0.00854492
-17
-0.00415039
31
0.00756836
-76
-0.0185547
10
0.00244141
-15
-0.00366211
-103
-0.0251465
-27
-0.0065918
-24
-0.00585938
54
0.0131836
-22
-0.00537109
19
0.00463867
45
0.0109863
83
0.0202637
43
0.010498
43
0.010498
-17
-0.00415039
144
0.0351562
40
0.00976562
-25
-0.00610352
45
0.0109863
50
0.012207
-14
-0.00341797
49
0.0119629
61
0.0148926
-32
-0.0078125
73
0.0178223
40
0.00976562
-16
-0.00390625
142
0.034668
-78
-0.019043
47
0.0114746
12
0.00292969
-85
-0.020752
-34
-0.00830078
-95
-0.0231934
6
0.00146484
139
0.0339355
30
0.00732422
-72
-0.0175781
-24
-0.00585938
-8
-0.00195312
83
0.0202637
-107
-0.026123
-1
-0.000244141
19
0.00463867
11
0.00268555
-125
-0.0305176
81
0.0197754
-64
-0.015625
30
0.00732422
-60
-0.0146484
-27
-0.0065918
-1
-0.000244141
10
0.00244141
-59
-0.0144043
-15
-0.00366211
-77
-0.0187988
20
0.00488281
-200
-0.0488281
98
0.0239258
-30
-0.00732422
-20
-0.00488281
-188
-0.0458984
101
0.0246582
28
0.00683594
88
0.0214844
-70
-0.0170898
1
0.000244141
52
0.0126953
1
0.000244141
-7
-0.00170898
80
0.0195312
-42
-0.0102539
33
0.00805664
178
0.043457
-19
-0.00463867
97
0.0236816
-67
-0.0163574
78
0.019043
-8
-0.00195312
10
0.00244141
11
0.00268555
-111
-0.0270996
87
0.0212402
26
0.00634766
46
0.0112305
-12
-0.00292969
-91
-0.0222168
-66
-0.0161133
-8
-0.00195312
-6
-0.00146484
40
0.00976562
64
0.015625
-13
-0.00317383
-39
-0.00952148
-191
-0.0466309
47
0.0114746
47
0.0114746
12
0.00292969
50
0.012207
60
0.0146484
15
0.00366211
-103
-0.0251465
-25
-0.00610352
-44
-0.0107422
-15
-0.00366211
-91
-0.0222168
-76
-0.0185547
-71
-0.017334
-11
-0.00268555
30
0.00732422
-27
-0.0065918
8
0.00195312
47
0.0114746
-15
-0.00366211
-18
-0.00439453
56
0.0136719
0
0
98
0.0239258
5
0.0012207
2
0.000488281
76
0.0185547
-10
-0.00244141
-112
-0.0273438
-10
-0.00244141
-68
-0.0166016
-59
-0.0144043
39
0.00952148
51
0.0124512
12
0.00292969
-127
-0.0310059
3
0.000732422
-20
-0.00488281
-1
-0.000244141
-26
-0.00634766
-44
-0.0107422
-3
-0.000732422
2
0.000488281
55
0.0134277
-3
-0.000732422
-7
-0.00170898
-20
-0.00488281
-32
-0.0078125
10
0.00244141
-73
-0.0178223
-121
-0.029541
-40
-0.00976562
20
0.00488281
30
0.00732422
-79
-0.0192871
7
0.00170898
-36
-0.00878906
-110
-0.0268555
-62
-0.0151367
-92
-0.0224609
4
0.000976562
34
0.00830078
27
0.0065918
-14
-0.00341797
80
0.0195312
61
0.0148926
2
0.000488281
9
0.00219727
-81
-0.0197754
-79
-0.0192871
-52
-0.0126953
73
0.0178223
-25
-0.00610352
-21
-0.00512695
-12
-0.00292969
-21
-0.00512695
38
0.00927734
-18
-0.00439453
4
0.000976562
-96
-0.0234375
-57
-0.013916
97
0.0236816
75
0.0183105
-75
-0.0183105
115
0.0280762
90
0.0219727
32
0.0078125
-43
-0.010498
19
0.00463867
6
0.00146484
-11
-0.00268555
-66
-0.0161133
-36
-0.00878906
-88
-0.0214844
1
0.000244141
24
0.00585938
-102
-0.0249023
39
0.00952148
83
0.0202637
27
0.0065918
-11
-0.00268555
-172
-0.0419922
-31
-0.00756836
17
0.00415039
42
0.0102539
-1
-0.000244141
-18
-0.00439453
70
0.0170898
-16
-0.00390625
15
0.00366211
-17
-0.00415039
-11
-0.00268555
38
0.00927734
-56
-0.0136719
5
0.0012207
-9
-0.00219727
-35
-0.00854492
70
0.0170898
36
0.00878906
-60
-0.0146484
-22
-0.00537109
82
0.0200195
29
0.00708008
104
0.0253906
24
0.00585938
-55
-0.0134277
41
0.0100098
-143
-0.0349121
71
0.017334
-28
-0.00683594
-32
-0.0078125
-14
-0.00341797
67
0.0163574
-37
-0.0090332
6
0.00146484
-23
-0.00561523
-45
-0.0109863
-149
-0.036377
-13
-0.00317383
-61
-0.0148926
65
0.0158691
-173
-0.0422363
7
0.00170898
-13
-0.00317383
124
0.0302734
-40
-0.00976562
26
0.00634766
-11
-0.00268555
28
0.00683594
-33
-0.00805664
-69
-0.0168457
-143
-0.0349121
-6
-0.00146484
72
0.0175781
16
0.00390625
-70
-0.0170898
-72
-0.0175781
-24
-0.00585938
-31
-0.00756836
87
0.0212402
29
0.00708008
-127
-0.0310059
107
0.026123
-18
-0.00439453
6
0.00146484
24
0.00585938
-80
-0.0195312
-88
-0.0214844
13
0.00317383
46
0.0112305
7
0.00170898
-46
-0.0112305
-130
-0.0317383
26
0.00634766
-4
-0.000976562
54
0.0131836
1
0.000244141
-47
-0.0114746
-61
-0.0148926
52
0.0126953
17
0.00415039
-38
-0.00927734
-15
-0.00366211
42
0.0102539
-67
-0.0163574
-89
-0.0217285
-9
-0.00219727
-101
-0.0246582
-41
-0.0100098
61
0.0148926
27
0.0065918
19
0.00463867
72
0.0175781
17
0.00415039
13
0.00317383
-148
-0.0361328
89
0.0217285
64
0.015625
14
0.00341797
60
0.0146484
47
0.0114746
-86
-0.0209961
36
0.00878906
21
0.00512695
44
0.0107422
2
0.000488281
69
0.0168457
-79
-0.0192871
-87
-0.0212402
149
0.036377
47
0.0114746
-58
-0.0141602
-18
-0.00439453
19
0.00463867
46
0.0112305
-18
-0.00439453
-86
-0.0209961
-90
-0.0219727
63
0.0153809
-8
-0.00195312
-51
-0.0124512
13
0.00317383
-40
-0.00976562
-175
-0.0427246
17
0.00415039
78
0.019043
-62
-0.0151367
-166
-0.0405273
50
0.012207
-120
-0.0292969
-133
-0.0324707
-30
-0.00732422
-12
-0.00292969
-51
-0.0124512
-39
-0.00952148
-23
-0.00561523
18
0.00439453
-110
-0.0268555
-13
-0.00317383
10
0.00244141
-3
-0.000732422
-17
-0.00415039
5
0.0012207
-31
-0.00756836
-78
-0.019043
-63
-0.0153809
-28
-0.00683594
-74
-0.0180664
84
0.0205078
-76
-0.0185547
-57
-0.013916
-52
-0.0126953
60
0.0146484
1
0.000244141
-2
-0.000488281
36
0.00878906
-32
-0.0078125
-40
-0.00976562
-31
-0.00756836
130
0.0317383
37
0.0090332
-46
-0.0112305
-181
-0.0441895
-66
-0.0161133
-24
-0.00585938
43
0.010498
-104
-0.0253906
-65
-0.0158691
28
0.00683594
-65
-0.0158691
50
0.012207
11
0.00268555
61
0.0148926
22
0.00537109
-19
-0.00463867
111
0.0270996
111
0.0270996
43
0.010498
55
0.0134277
43
0.010498
17
0.00415039
71
0.017334
-32
-0.0078125
-9
-0.00219727
43
0.010498
-25
-0.00610352
-43
-0.010498
-51
-0.0124512
-20
-0.00488281
47
0.0114746
31
0.00756836
45
0.0109863
25
0.00610352
50
0.012207
-20
-0.00488281
32
0.0078125
37
0.0090332
4
0.000976562
69
0.0168457
-31
-0.00756836
0
0
70
0.0170898
-39
-0.00952148
-22
-0.00537109
-10
-0.00244141
-3
-0.000732422
15
0.00366211
-44
-0.0107422
-76
-0.0185547
-134
-0.0327148
-33
-0.00805664
-162
-0.0395508
-53
-0.0129395
-40
-0.00976562
-154
-0.0375977
-43
-0.010498
-99
-0.0241699
-162
-0.0395508
-36
-0.00878906
25
0.00610352
-84
-0.0205078
4
0.000976562
38
0.00927734
-67
-0.0163574
8
0.00195312
-22
-0.00537109
3
0.000732422
51
0.0124512
46
0.0112305
-68
-0.0166016
8
0.00195312
5
0.0012207
-22
-0.00537109
-37
-0.0090332
103
0.0251465
91
0.0222168
10
0.00244141
-29
-0.00708008
74
0.0180664
30
0.00732422
-24
-0.00585938
101
0.0246582
-5
-0.0012207
-99
-0.0241699
-76
-0.0185547
55
0.0134277
-96
-0.0234375
161
0.0393066
-94
-0.0229492
-43
-0.010498
3
0.000732422
50
0.012207
19
0.00463867
6
0.00146484
-53
-0.0129395
51
0.0124512
-116
-0.0283203
33
0.00805664
-4
-0.000976562
156
0.0380859
-13
-0.00317383
4
0.000976562
96
0.0234375
-53
-0.0129395
142
0.034668
-13
-0.00317383
-20
-0.00488281
-82
-0.0200195
46
0.0112305
29
0.00708008
105
0.0256348
-68
-0.0166016
-60
-0.0146484
46
0.0112305
52
0.0126953
78
0.019043
-4
-0.000976562
30
0.00732422
27
0.0065918
-55
-0.0134277
-44
-0.0107422
-120
-0.0292969
-37
-0.0090332
-13
-0.00317383
-9
-0.00219727
-29
-0.00708008
23
0.00561523
152
0.0371094
-29
-0.00708008
101
0.0246582
-27
-0.0065918
1
0.000244141
15
0.00366211
37
0.0090332
-21
-0.00512695
16
0.00390625
-80
-0.0195312
-62
-0.0151367
12
0.00292969
63
0.0153809
93
0.0227051
40
0.00976562
-82
-0.0200195
-147
-0.0358887
92
0.0224609
199
0.048584
45
0.0109863
-79
-0.0192871
-99
-0.0241699
-46
-0.0112305
-39
-0.00952148
24
0.00585938
82
0.0200195
-1
-0.000244141
-12
-0.00292969
-19
-0.00463867
26
0.00634766
-2
-0.000488281
69
0.0168457
135
0.032959
64
0.015625
51
0.0124512
-59
-0.0144043
57
0.013916
88
0.0214844
35
0.00854492
-36
-0.00878906
16
0.00390625
-111
-0.0270996
-73
-0.0178223
73
0.0178223
-46
-0.0112305
-5
-0.0012207
12
0.00292969
-2
-0.000488281
73
0.0178223
14
0.00341797
104
0.0253906
-55
-0.0134277
-32
-0.0078125
-72
-0.0175781
-73
-0.0178223
86
0.0209961
-41
-0.0100098
-78
-0.019043
31
0.00756836
-25
-0.00610352
-2
-0.000488281
73
0.0178223
24
0.00585938
-145
-0.0354004
9
0.00219727
0
0
-183
-0.0446777
-71
-0.017334
-43
-0.010498
-16
-0.00390625
-16
-0.00390625
21
0.00512695
92
0.0224609
79
0.0192871
-26
-0.00634766
-76
-0.0185547
70
0.0170898
-15
-0.00366211
-68
-0.0166016
14
0.00341797
43
0.010498
-131
-0.0319824
76
0.0185547
131
0.0319824
81
0.0197754
-46
-0.0112305
82
0.0200195
20
0.00488281
80
0.0195312
-24
-0.00585938
60
0.0146484
-17
-0.00415039
-26
-0.00634766
-76
-0.0185547
-24
-0.00585938
118
0.0288086
28
0.00683594
-98
-0.0239258
-93
-0.0227051
52
0.0126953
-3
-0.000732422
19
0.00463867
124
0.0302734
-14
-0.00341797
86
0.0209961
14
0.00341797
-88
-0.0214844
22
0.00537109
-17
-0.00415039
-84
-0.0205078
37
0.0090332
4
0.000976562
-28
-0.00683594
23
0.00561523
-7
-0.00170898
-75
-0.0183105
-66
-0.0161133
-40
-0.00976562
108
0.0263672
-157
-0.0383301
89
0.0217285
-11
-0.00268555
238
0.0581055
-22
-0.00537109
148
0.0361328
-93
-0.0227051
-133
-0.0324707
-29
-0.00708008
-10
-0.00244141
38
0.00927734
156
0.0380859
-63
-0.0153809
-60
-0.0146484
29
0.00708008
-16
-0.00390625
-88
-0.0214844
-52
-0.0126953
84
0.0205078
-71
-0.017334
53
0.0129395
-42
-0.0102539
-78
-0.019043
189
0.0461426
-42
-0.0102539
5
0.0012207
48
0.0117188
-62
-0.0151367
36
0.00878906
-104
-0.0253906
-47
-0.0114746
178
0.043457
137
0.0334473
48
0.0117188
42
0.0102539
31
0.00756836
-19
-0.00463867
-29
-0.00708008
58
0.0141602
-54
-0.0131836
-88
-0.0214844
-18
-0.00439453
11
0.00268555
-100
-0.0244141
-94
-0.0229492
73
0.0178223
17
0.00415039
-39
-0.00952148
66
0.0161133
250
0.0610352
-36
-0.00878906
-186
-0.0454102
-76
-0.0185547
-38
-0.00927734
-4
-0.000976562
-31
-0.00756836
41
0.0100098
-5
-0.0012207
-54
-0.0131836
42
0.0102539
-19
-0.00463867
29
0.00708008
22
0.00537109
126
0.0307617
10
0.00244141
62
0.0151367
51
0.0124512
-27
-0.0065918
59
0.0144043
-1
-0.000244141
-13
-0.00317383
-7
-0.00170898
-109
-0.0266113
-5
-0.0012207
11
0.00268555
-76
-0.0185547
72
0.0175781
-48
-0.0117188
-47
-0.0114746
-19
-0.00463867
-93
-0.0227051
139
0.0339355
106
0.0258789
27
0.0065918
18
0.00439453
32
0.0078125
70
0.0170898
46
0.0112305
-30
-0.00732422
-160
-0.0390625
-103
-0.0251465
-64
-0.015625
40
0.00976562
-19
-0.00463867
67
0.0163574
-50
-0.012207
45
0.0109863
-74
-0.0180664
-12
-0.00292969
-34
-0.00830078
36
0.00878906
-149
-0.036377
19
0.00463867
60
0.0146484
38
0.00927734
-13
-0.00317383
-99
-0.0241699
-25
-0.00610352
-11
-0.00268555
18
0.00439453
-55
-0.0134277
9
0.00219727
-46
-0.0112305
91
0.0222168
-27
-0.0065918
-85
-0.020752
-42
-0.0102539
-20
-0.00488281
23
0.00561523
17
0.00415039
11
0.00268555
-87
-0.0212402
-134
-0.0327148
-44
-0.0107422
27
0.0065918
-66
-0.0161133
-22
-0.00537109
63
0.0153809
62
0.0151367
-92
-0.0224609
23
0.00561523
-43
-0.010498
-85
-0.020752
154
0.0375977
38
0.00927734
58
0.0141602
-69
-0.0168457
107
0.026123
-5
-0.0012207
109
0.0266113
-65
-0.0158691
65
0.0158691
41
0.0100098
-11
-0.00268555
-70
-0.0170898
-4
-0.000976562
52
0.0126953
54
0.0131836
77
0.0187988
9
0.00219727
34
0.00830078
-19
-0.00463867
46
0.0112305
76
0.0185547
20
0.00488281
-80
-0.0195312
-84
-0.0205078
5
0.0012207
-39
-0.00952148
-104
-0.0253906
-49
-0.0119629
34
0.00830078
14
0.00341797
80
0.0195312
-1
-0.000244141
-84
-0.0205078
-62
-0.0151367
55
0.0134277
55
0.0134277
34
0.00830078
61
0.0148926
-158
-0.0385742
-48
-0.0117188
56
0.0136719
67
0.0163574
61
0.0148926
82
0.0200195
104
0.0253906
-69
-0.0168457
23
0.00561523
158
0.0385742
63
0.0153809
-19
-0.00463867
-5
-0.0012207
25
0.00610352
79
0.0192871
-89
-0.0217285
-104
-0.0253906
91
0.0222168
-36
-0.00878906
66
0.0161133
-39
-0.00952148
-13
-0.00317383
7
0.00170898
3
0.000732422
-5
-0.0012207
-62
-0.0151367
-100
-0.0244141
35
0.00854492
-48
-0.0117188
-36
-0.00878906
-5
-0.0012207
-43
-0.010498
56
0.0136719
-46
-0.0112305
-6
-0.00146484
103
0.0251465
-23
-0.00561523
31
0.00756836
85
0.020752
36
0.00878906
-123
-0.0300293
-92
-0.0224609
-19
-0.00463867
-59
-0.0144043
72
0.0175781
-27
-0.0065918
65
0.0158691
-35
-0.00854492
14
0.00341797
55
0.0134277
-95
-0.0231934
-8
-0.00195312
53
0.0129395
19
0.00463867
121
0.029541
44
0.0107422
-13
-0.00317383
-103
-0.0251465
72
0.0175781
-39
-0.00952148
77
0.0187988
-89
-0.0217285
104
0.0253906
47
0.0114746
97
0.0236816
11
0.00268555
118
0.0288086
-54
-0.0131836
-63
-0.0153809
14
0.00341797
-72
-0.0175781
7
0.00170898
175
0.0427246
38
0.00927734
-28
-0.00683594
112
0.0273438
102
0.0249023
-37
-0.0090332
-118
-0.0288086
8
0.00195312
-75
-0.0183105
34
0.00830078
-19
-0.00463867
-103
-0.0251465
-65
-0.0158691
-21
-0.00512695
-34
-0.00830078
40
0.00976562
45
0.0109863
-18
-0.00439453
39
0.00952148
-3
-0.000732422
6
0.00146484
1
0.000244141
68
0.0166016
-173
-0.0422363
17
0.00415039
1
0.000244141
-57
-0.013916
91
0.0222168
30
0.00732422
51
0.0124512
33
0.00805664
50
0.012207
-18
-0.00439453
-66
-0.0161133
120
0.0292969
47
0.0114746
-20
-0.00488281
-69
-0.0168457
80
0.0195312
80
0.0195312
157
0.0383301
-46
-0.0112305
27
0.0065918
-75
-0.0183105
28
0.00683594
41
0.0100098
46
0.0112305
11
0.00268555
87
0.0212402
2
0.000488281
34
0.00830078
66
0.0161133
70
0.0170898
52
0.0126953
-14
-0.00341797
95
0.0231934
-108
-0.0263672
-75
-0.0183105
-54
-0.0131836
-9
-0.00219727
-35
-0.00854492
47
0.0114746
142
0.034668
19
0.00463867
-23
-0.00561523
18
0.00439453
60
0.0146484
-7
-0.00170898
-86
-0.0209961
-83
-0.0202637
11
0.00268555
-63
-0.0153809
-81
-0.0197754
86
0.0209961
22
0.00537109
-41
-0.0100098
-49
-0.0119629
-20
-0.00488281
214
0.0522461
-60
-0.0146484
9
0.00219727
-52
-0.0126953
86
0.0209961
-43
-0.010498
178
0.043457
28
0.00683594
-13
-0.00317383
51
0.0124512
33
0.00805664
-54
-0.0131836
14
0.00341797
6
0.00146484
54
0.0131836
51
0.0124512
-19
-0.00463867
-42
-0.0102539
93
0.0227051
60
0.0146484
94
0.0229492
-45
-0.0109863
-61
-0.0148926
97
0.0236816
49
0.0119629
40
0.00976562
-78
-0.019043
10
0.00244141
-100
-0.0244141
51
0.0124512
-88
-0.0214844
82
0.0200195
23
0.00561523
-43
-0.010498
-5
-0.0012207
13
0.00317383
-45
-0.0109863
4
0.000976562
-36
-0.00878906
-6
-0.00146484
71
0.017334
5
0.0012207
-24
-0.00585938
0
0
-91
-0.0222168
31
0.00756836
28
0.00683594
33
0.00805664
30
0.00732422
-130
-0.0317383
-33
-0.00805664
-44
-0.0107422
58
0.0141602
40
0.00976562
9
0.00219727
41
0.0100098
27
0.0065918
-37
-0.0090332
100
0.0244141
-58
-0.0141602
85
0.020752
-35
-0.00854492
-54
-0.0131836
-14
-0.00341797
-1
-0.000244141
-3
-0.000732422
67
0.0163574
136
0.0332031
-91
-0.0222168
-23
-0.00561523
79
0.0192871
-33
-0.00805664
-40
-0.00976562
33
0.00805664
9
0.00219727
-25
-0.00610352
-36
-0.00878906
-7
-0.00170898
-77
-0.0187988
52
0.0126953
-31
-0.00756836
18
0.00439453
93
0.0227051
82
0.0200195
-14
-0.00341797
-37
-0.0090332
-23
-0.00561523
-16
-0.00390625
24
0.00585938
38
0.00927734
-21
-0.00512695
12
0.00292969
76
0.0185547
13
0.00317383
-30
-0.00732422
26
0.00634766
70
0.0170898
-88
-0.0214844
70
0.0170898
-6
-0.00146484
-5
-0.0012207
-25
-0.00610352
89
0.0217285
48
0.0117188
176
0.0429688
67
0.0163574
-64
-0.015625
18
0.00439453
-2
-0.000488281
-43
-0.010498
-152
-0.0371094
68
0.0166016
75
0.0183105
94
0.0229492
-79
-0.0192871
24
0.00585938
14
0.00341797
37
0.0090332
67
0.0163574
-31
-0.00756836
119
0.0290527
-14
-0.00341797
1
0.000244141
21
0.00512695
-34
-0.00830078
11
0.00268555
-88
-0.0214844
-35
-0.00854492
-223
-0.0544434
-80
-0.0195312
-28
-0.00683594
-111
-0.0270996
-85
-0.020752
25
0.00610352
137
0.0334473
-19
-0.00463867
-30
-0.00732422
99
0.0241699
30
0.00732422
19
0.00463867
20
0.00488281
13
0.00317383
-75
-0.0183105
-11
-0.00268555
-39
-0.00952148
34
0.00830078
-53
-0.0129395
-16
-0.00390625
-48
-0.0117188
-48
-0.0117188
-199
-0.048584
11
0.00268555
58
0.0141602
61
0.0148926
-38
-0.00927734
82
0.0200195
25
0.00610352
51
0.0124512
117
0.0285645
-52
-0.0126953
74
0.0180664
28
0.00683594
-116
-0.0283203
30
0.00732422
-159
-0.0388184
-58
-0.0141602
25
0.00610352
-49
-0.0119629
-79
-0.0192871
-37
-0.0090332
-28
-0.00683594
-23
-0.00561523
28
0.00683594
-10
-0.00244141
-38
-0.00927734
13
0.00317383
-72
-0.0175781
80
0.0195312
54
0.0131836
128
0.03125
-139
-0.0339355
-77
-0.0187988
83
0.0202637
-31
-0.00756836
-105
-0.0256348
-28
-0.00683594
-69
-0.0168457
-24
-0.00585938
31
0.00756836
14
0.00341797
-5
-0.0012207
89
0.0217285
64
0.015625
4
0.000976562
12
0.00292969
-18
-0.00439453
-5
-0.0012207
17
0.00415039
32
0.0078125
-81
-0.0197754
-11
-0.00268555
8
0.00195312
23
0.00561523
-35
-0.00854492
36
0.00878906
33
0.00805664
-34
-0.00830078
-31
-0.00756836
190
0.0463867
40
0.00976562
3
0.000732422
86
0.0209961
0
0
-28
-0.00683594
-33
-0.00805664
36
0.00878906
44
0.0107422
-25
-0.00610352
-27
-0.0065918
81
0.0197754
9
0.00219727
-92
-0.0224609
91
0.0222168
-30
-0.00732422
-54
-0.0131836
21
0.00512695
77
0.0187988
5
0.0012207
-20
-0.00488281
5
0.0012207
-102
-0.0249023
14
0.00341797
-166
-0.0405273
42
0.0102539
18
0.00439453
-68
-0.0166016
-54
-0.0131836
27
0.0065918
60
0.0146484
60
0.0146484
24
0.00585938
-46
-0.0112305
70
0.0170898
27
0.0065918
-58
-0.0141602
-34
-0.00830078
-78
-0.019043
-56
-0.0136719
90
0.0219727
-20
-0.00488281
28
0.00683594
-37
-0.0090332
74
0.0180664
-123
-0.0300293
38
0.00927734
-20
-0.00488281
52
0.0126953
-35
-0.00854492
103
0.0251465
12
0.00292969
-14
-0.00341797
78
0.019043
1
0.000244141
6
0.00146484
-16
-0.00390625
-45
-0.0109863
-2
-0.000488281
-45
-0.0109863
-16
-0.00390625
-65
-0.0158691
-67
-0.0163574
-22
-0.00537109
14
0.00341797
125
0.0305176
-53
-0.0129395
-39
-0.00952148
-34
-0.00830078
-36
-0.00878906
33
0.00805664
-55
-0.0134277
-28
-0.00683594
50
0.012207
72
0.0175781
-85
-0.020752
-26
-0.00634766
-78
-0.019043
42
0.0102539
18
0.00439453
10
0.00244141
124
0.0302734
-63
-0.0153809
14
0.00341797
70
0.0170898
-22
-0.00537109
45
0.0109863
13
0.00317383
-61
-0.0148926
59
0.0144043
-17
-0.00415039
-11
-0.00268555
22
0.00537109
31
0.00756836
-8
-0.00195312
-59
-0.0144043
73
0.0178223
-60
-0.0146484
-97
-0.0236816
7
0.00170898
67
0.0163574
3
0.000732422
-93
-0.0227051
-98
-0.0239258
142
0.034668
-87
-0.0212402
-93
-0.0227051
47
0.0114746
-23
-0.00561523
97
0.0236816
-106
-0.0258789
-47
-0.0114746
-61
-0.0148926
118
0.0288086
71
0.017334
57
0.013916
-49
-0.0119629
50
0.012207
-54
-0.0131836
82
0.0200195
10
0.00244141
-109
-0.0266113
44
0.0107422
-86
-0.0209961
101
0.0246582
-13
-0.00317383
-20
-0.00488281
43
0.010498
-19
-0.00463867
-17
-0.00415039
11
0.00268555
-57
-0.013916
-36
-0.00878906
-59
-0.0144043
-110
-0.0268555
146
0.0356445
17
0.00415039
-30
-0.00732422
15
0.00366211
-33
-0.00805664
-95
-0.0231934
-55
-0.0134277
131
0.0319824
-22
-0.00537109
-59
-0.0144043
42
0.0102539
2
0.000488281
-62
-0.0151367
34
0.00830078
-91
-0.0222168
-31
-0.00756836
57
0.013916
-80
-0.0195312
43
0.010498
97
0.0236816
97
0.0236816
-29
-0.00708008
-28
-0.00683594
-62
-0.0151367
-3
-0.000732422
-2
-0.000488281
8
0.00195312
-35
-0.00854492
-83
-0.0202637
-48
-0.0117188
-19
-0.00463867
-35
-0.00854492
7
0.00170898
-59
-0.0144043
28
0.00683594
-47
-0.0114746
68
0.0166016
-11
-0.00268555
38
0.00927734
-111
-0.0270996
-58
-0.0141602
39
0.00952148
-23
-0.00561523
-59
-0.0144043
-70
-0.0170898
-37
-0.0090332
89
0.0217285
37
0.0090332
65
0.0158691
-159
-0.0388184
-120
-0.0292969
-99
-0.0241699
2
0.000488281
101
0.0246582
54
0.0131836
-52
-0.0126953
114
0.027832
-79
-0.0192871
25
0.00610352
-107
-0.026123
23
0.00561523
-89
-0.0217285
9
0.00219727
59
0.0144043
24
0.00585938
-4
-0.000976562
-16
-0.00390625
51
0.0124512
36
0.00878906
33
0.00805664
32
0.0078125
47
0.0114746
-27
-0.0065918
-3
-0.000732422
64
0.015625
-160
-0.0390625
-54
-0.0131836
137
0.0334473
-48
-0.0117188
124
0.0302734
102
0.0249023
-90
-0.0219727
-8
-0.00195312
-56
-0.0136719
-76
-0.0185547
-16
-0.00390625
-40
-0.00976562
-14
-0.00341797
46
0.0112305
-65
-0.0158691
25
0.00610352
20
0.00488281
39
0.00952148
19
0.00463867
-48
-0.0117188
86
0.0209961
127
0.0310059
-86
-0.0209961
7
0.00170898
48
0.0117188
-39
-0.00952148
3
0.000732422
-137
-0.0334473
-40
-0.00976562
36
0.00878906
37
0.0090332
36
0.00878906
-24
-0.00585938
-25
-0.00610352
-18
-0.00439453
46
0.0112305
54
0.0131836
0
0
-39
-0.00952148
145
0.0354004
-154
-0.0375977
19
0.00463867
-20
-0.00488281
-72
-0.0175781
-114
-0.027832
18
0.00439453
18
0.00439453
52
0.0126953
16
0.00390625
183
0.0446777
-103
-0.0251465
-82
-0.0200195
61
0.0148926
-61
-0.0148926
-227
-0.0554199
-62
-0.0151367
184
0.0449219
-42
-0.0102539
86
0.0209961
-133
-0.0324707
124
0.0302734
-57
-0.013916
-141
-0.0344238
-58
-0.0141602
36
0.00878906
39
0.00952148
-108
-0.0263672
-21
-0.00512695
-29
-0.00708008
-14
-0.00341797
50
0.012207
60
0.0146484
-66
-0.0161133
-5
-0.0012207
110
0.0268555
150
0.0366211
-70
-0.0170898
-34
-0.00830078
50
0.012207
18
0.00439453
35
0.00854492
-33
-0.00805664
-2
-0.000488281
-47
-0.0114746
1
0.000244141
-33
-0.00805664
-103
-0.0251465
28
0.00683594
149
0.036377
-103
-0.0251465
48
0.0117188
122
0.0297852
68
0.0166016
-29
-0.00708008
39
0.00952148
13
0.00317383
-78
-0.019043
19
0.00463867
46
0.0112305
-29
-0.00708008
-57
-0.013916
-18
-0.00439453
-81
-0.0197754
-70
-0.0170898
-55
-0.0134277
-99
-0.0241699
-4
-0.000976562
91
0.0222168
-92
-0.0224609
-34
-0.00830078
175
0.0427246
-1
-0.000244141
-135
-0.032959
-85
-0.020752
-6
-0.00146484
83
0.0202637
-54
-0.0131836
-64
-0.015625
47
0.0114746
61
0.0148926
157
0.0383301
-48
-0.0117188
-16
-0.00390625
1
0.000244141
67
0.0163574
29
0.00708008
-98
-0.0239258
-6
-0.00146484
91
0.0222168
-47
-0.0114746
127
0.0310059
42
0.0102539
-44
-0.0107422
-87
-0.0212402
-104
-0.0253906
-77
-0.0187988
86
0.0209961
-71
-0.017334
-91
-0.0222168
45
0.0109863
-100
-0.0244141
52
0.0126953
33
0.00805664
-17
-0.00415039
-7
-0.00170898
9
0.00219727
-99
-0.0241699
-59
-0.0144043
14
0.00341797
7
0.00170898
-55
-0.0134277
26
0.00634766
33
0.00805664
-103
-0.0251465
-4
-0.000976562
-28
-0.00683594
-16
-0.00390625
-39
-0.00952148
16
0.00390625
5
0.0012207
32
0.0078125
-84
-0.0205078
-55
-0.0134277
-22
-0.00537109
-15
-0.00366211
-3
-0.000732422
165
0.0402832
-75
-0.0183105
52
0.0126953
91
0.0222168
-115
-0.0280762
39
0.00952148
-129
-0.0314941
18
0.00439453
-6
-0.00146484
87
0.0212402
-20
-0.00488281
27
0.0065918
61
0.0148926
27
0.0065918
-100
-0.0244141
-49
-0.0119629
5
0.0012207
20
0.00488281
-68
-0.0166016
19
0.00463867
-22
-0.00537109
-15
-0.00366211
-8
-0.00195312
102
0.0249023
-12
-0.00292969
-46
-0.0112305
175
0.0427246
6
0.00146484
62
0.0151367
46
0.0112305
-6
-0.00146484
25
0.00610352
-26
-0.00634766
102
0.0249023
-72
-0.0175781
62
0.0151367
-10
-0.00244141
-21
-0.00512695
67
0.0163574
44
0.0107422
73
0.0178223
43
0.010498
-110
-0.0268555
104
0.0253906
76
0.0185547
-15
-0.00366211
-42
-0.0102539
19
0.00463867
112
0.0273438
62
0.0151367
-55
-0.0134277
-82
-0.0200195
83
0.0202637
8
0.00195312
71
0.017334
-14
-0.00341797
-26
-0.00634766
-135
-0.032959
12
0.00292969
78
0.019043
-2
-0.000488281
-13
-0.00317383
65
0.0158691
-39
-0.00952148
14
0.00341797
-157
-0.0383301
103
0.0251465
119
0.0290527
170
0.0415039
-118
-0.0288086
-12
-0.00292969
25
0.00610352
84
0.0205078
-72
-0.0175781
160
0.0390625
-79
-0.0192871
-43
-0.010498
-35
-0.00854492
-130
-0.0317383
-23
-0.00561523
-89
-0.0217285
13
0.00317383
17
0.00415039
10
0.00244141
28
0.00683594
30
0.00732422
16
0.00390625
70
0.0170898
11
0.00268555
28
0.00683594
118
0.0288086
65
0.0158691
67
0.0163574
133
0.0324707
52
0.0126953
-5
-0.0012207
119
0.0290527
9
0.00219727
97
0.0236816
94
0.0229492
15
0.00366211
111
0.0270996
-25
-0.00610352
-5
-0.0012207
0
0
9
0.00219727
10
0.00244141
-5
-0.0012207
93
0.0227051
107
0.026123
60
0.0146484
-4
-0.000976562
30
0.00732422
-54
-0.0131836
103
0.0251465
17
0.00415039
-69
-0.0168457
-80
-0.0195312
-154
-0.0375977
38
0.00927734
-37
-0.0090332
29
0.00708008
16
0.00390625
-42
-0.0102539
130
0.0317383
48
0.0117188
-101
-0.0246582
-41
-0.0100098
-69
-0.0168457
-27
-0.0065918
31
0.00756836
-109
-0.0266113
-1
-0.000244141
22
0.00537109
105
0.0256348
-13
-0.00317383
12
0.00292969
3
0.000732422
26
0.00634766
29
0.00708008
-34
-0.00830078
-99
-0.0241699
-23
-0.00561523
-36
-0.00878906
-214
-0.0522461
39
0.00952148
58
0.0141602
0
0
103
0.0251465
-48
-0.0117188
15
0.00366211
104
0.0253906
21
0.00512695
-120
-0.0292969
16
0.00390625
-16
-0.00390625
121
0.029541
6
0.00146484
-69
-0.0168457
13
0.00317383
-19
-0.00463867
-98
-0.0239258
13
0.00317383
30
0.00732422
-36
-0.00878906
75
0.0183105
93
0.0227051
2
0.000488281
-70
-0.0170898
-39
-0.00952148
-27
-0.0065918
61
0.0148926
-161
-0.0393066
11
0.00268555
-73
-0.0178223
7
0.00170898
87
0.0212402
39
0.00952148
80
0.0195312
-1
-0.000244141
-83
-0.0202637
64
0.015625
-5
-0.0012207
17
0.00415039
53
0.0129395
97
0.0236816
15
0.00366211
28
0.00683594
71
0.017334
-54
-0.0131836
-10
-0.00244141
-120
-0.0292969
33
0.00805664
17
0.00415039
-19
-0.00463867
-18
-0.00439453
-4
-0.000976562
-98
-0.0239258
12
0.00292969
-38
-0.00927734
8
0.00195312
7
0.00170898
-156
-0.0380859
7
0.00170898
-29
-0.00708008
-36
-0.00878906
-16
-0.00390625
77
0.0187988
-150
-0.0366211
-16
-0.00390625
3
0.000732422
45
0.0109863
-74
-0.0180664
-22
-0.00537109
-35
-0.00854492
-90
-0.0219727
266
0.0649414
95
0.0231934
81
0.0197754
83
0.0202637
17
0.00415039
31
0.00756836
55
0.0134277
-34
-0.00830078
94
0.0229492
-70
-0.0170898
-135
-0.032959
31
0.00756836
-11
-0.00268555
-34
-0.00830078
-11
-0.00268555
-70
-0.0170898
-22
-0.00537109
-31
-0.00756836
-81
-0.0197754
13
0.00317383
-71
-0.017334
-60
-0.0146484
-43
-0.010498
19
0.00463867
28
0.00683594
66
0.0161133
-46
-0.0112305
-11
-0.00268555
-59
-0.0144043
-131
-0.0319824
49
0.0119629
-11
-0.00268555
8
0.00195312
44
0.0107422
49
0.0119629
39
0.00952148
49
0.0119629
2
0.000488281
-69
-0.0168457
103
0.0251465
133
0.0324707
0
0
61
0.0148926
-120
-0.0292969
-31
-0.00756836
68
0.0166016
-61
-0.0148926
72
0.0175781
-18
-0.00439453
-41
-0.0100098
18
0.00439453
27
0.0065918
56
0.0136719
62
0.0151367
38
0.00927734
-17
-0.00415039
-97
-0.0236816
12
0.00292969
99
0.0241699
-41
-0.0100098
-242
-0.059082
29
0.00708008
37
0.0090332
101
0.0246582
-14
-0.00341797
64
0.015625
110
0.0268555
20
0.00488281
84
0.0205078
-20
-0.00488281
41
0.0100098
42
0.0102539
141
0.0344238
5
0.0012207
87
0.0212402
5
0.0012207
64
0.015625
-70
-0.0170898
20
0.00488281
99
0.0241699
26
0.00634766
-10
-0.00244141
-57
-0.013916
21
0.00512695
114
0.027832
-15
-0.00366211
71
0.017334
7
0.00170898
115
0.0280762
-53
-0.0129395
273
0.0666504
27
0.0065918
-31
-0.00756836
34
0.00830078
-49
-0.0119629
-87
-0.0212402
51
0.0124512
-26
-0.00634766
7
0.00170898
0
0
74
0.0180664
-18
-0.00439453
71
0.017334
-28
-0.00683594
63
0.0153809
-25
-0.00610352
-89
-0.0217285
-3
-0.000732422
-91
-0.0222168
14
0.00341797
108
0.0263672
-1
-0.000244141
-23
-0.00561523
43
0.010498
-13
-0.00317383
50
0.012207
71
0.017334
-76
-0.0185547
-96
-0.0234375
45
0.0109863
-98
-0.0239258
-54
-0.0131836
34
0.00830078
193
0.0471191
26
0.00634766
56
0.0136719
73
0.0178223
97
0.0236816
-48
-0.0117188
19
0.00463867
14
0.00341797
46
0.0112305
-91
-0.0222168
-32
-0.0078125
95
0.0231934
92
0.0224609
-31
-0.00756836
19
0.00463867
30
0.00732422
94
0.0229492
94
0.0229492
-72
-0.0175781
-46
-0.0112305
61
0.0148926
191
0.0466309
-11
-0.00268555
-57
-0.013916
40
0.00976562
137
0.0334473
33
0.00805664
-42
-0.0102539
37
0.0090332
104
0.0253906
68
0.0166016
-78
-0.019043
-35
-0.00854492
-72
-0.0175781
52
0.0126953
2
0.000488281
35
0.00854492
-90
-0.0219727
-36
-0.00878906
-66
-0.0161133
111
0.0270996
81
0.0197754
-98
-0.0239258
41
0.0100098
27
0.0065918
-21
-0.00512695
20
0.00488281
-84
-0.0205078
-63
-0.0153809
-106
-0.0258789
17
0.00415039
35
0.00854492
-39
-0.00952148
44
0.0107422
-21
-0.00512695
-88
-0.0214844
29
0.00708008
128
0.03125
104
0.0253906
-9
-0.00219727
10
0.00244141
241
0.0588379
-61
-0.0148926
-24
-0.00585938
136
0.0332031
-191
-0.0466309
-40
-0.00976562
68
0.0166016
-17
-0.00415039
60
0.0146484
-6
-0.00146484
136
0.0332031
-55
-0.0134277
11
0.00268555
37
0.0090332
56
0.0136719
24
0.00585938
94
0.0229492
-36
-0.00878906
85
0.020752
-1
-0.000244141
144
0.0351562
53
0.0129395
-47
-0.0114746
-9
-0.00219727
129
0.0314941
-146
-0.0356445
49
0.0119629
26
0.00634766
-79
-0.0192871
-3
-0.000732422
40
0.00976562
94
0.0229492
-2
-0.000488281
61
0.0148926
-62
-0.0151367
2
0.000488281
0
0
7
0.00170898
-20
-0.00488281
81
0.0197754
-47
-0.0114746
-29
-0.00708008
17
0.00415039
-4
-0.000976562
3
0.000732422
-23
-0.00561523
95
0.0231934
24
0.00585938
17
0.00415039
70
0.0170898
-52
-0.0126953
-10
-0.00244141
144
0.0351562
50
0.012207
17
0.00415039
-23
-0.00561523
-70
-0.0170898
-35
-0.00854492
135
0.032959
-48
-0.0117188
-9
-0.00219727
47
0.0114746
38
0.00927734
-64
-0.015625
38
0.00927734
2
0.000488281
-104
-0.0253906
7
0.00170898
-57
-0.013916
-1
-0.000244141
-3
-0.000732422
6
0.00146484
-47
-0.0114746
-12
-0.00292969
35
0.00854492
0
0
-23
-0.00561523
125
0.0305176
-8
-0.00195312
81
0.0197754
-37
-0.0090332
1
0.000244141
-85
-0.020752
17
0.00415039
-1
-0.000244141
-69
-0.0168457
19
0.00463867
-11
-0.00268555
-60
-0.0146484
4
0.000976562
61
0.0148926
-21
-0.00512695
-106
-0.0258789
12
0.00292969
76
0.0185547
-17
-0.00415039
125
0.0305176
27
0.0065918
59
0.0144043
62
0.0151367
-1
-0.000244141
74
0.0180664
101
0.0246582
-3
-0.000732422
-24
-0.00585938
22
0.00537109
21
0.00512695
-10
-0.00244141
81
0.0197754
-153
-0.0373535
58
0.0141602
66
0.0161133
-81
-0.0197754
19
0.00463867
-14
-0.00341797
66
0.0161133
30
0.00732422
26
0.00634766
42
0.0102539
0
0
-141
-0.0344238
10
0.00244141
-56
-0.0136719
-4
-0.000976562
129
0.0314941
-53
-0.0129395
54
0.0131836
-28
-0.00683594
154
0.0375977
-112
-0.0273438
58
0.0141602
-9
-0.00219727
67
0.0163574
-73
-0.0178223
76
0.0185547
2
0.000488281
24
0.00585938
-58
-0.0141602
-96
-0.0234375
45
0.0109863
71
0.017334
-41
-0.0100098
41
0.0100098
-53
-0.0129395
-10
-0.00244141
-108
-0.0263672
33
0.00805664
-85
-0.020752
-77
-0.0187988
-70
-0.0170898
35
0.00854492
-22
-0.00537109
18
0.00439453
-66
-0.0161133
80
0.0195312
1
0.000244141
-161
-0.0393066
-54
-0.0131836
-88
-0.0214844
-59
-0.0144043
177
0.0432129
-38
-0.00927734
-21
-0.00512695
-76
-0.0185547
-100
-0.0244141
25
0.00610352
-10
-0.00244141
21
0.00512695
-89
-0.0217285
-6
-0.00146484
-72
-0.0175781
-82
-0.0200195
5
0.0012207
-54
-0.0131836
-41
-0.0100098
-8
-0.00195312
80
0.0195312
-98
-0.0239258
31
0.00756836
22
0.00537109
30
0.00732422
-34
-0.00830078
92
0.0224609
-85
-0.020752
-21
-0.00512695
29
0.00708008
-16
-0.00390625
-6
-0.00146484
98
0.0239258
-26
-0.00634766
9
0.00219727
-40
-0.00976562
-48
-0.0117188
-79
-0.0192871
-42
-0.0102539
39
0.00952148
193
0.0471191
68
0.0166016
80
0.0195312
-82
-0.0200195
0
0
54
0.0131836
16
0.00390625
-9
-0.00219727
55
0.0134277
-14
-0.00341797
13
0.00317383
32
0.0078125
-40
-0.00976562
-86
-0.0209961
28
0.00683594
-60
-0.0146484
67
0.0163574
-16
-0.00390625
-12
-0.00292969
-61
-0.0148926
-129
-0.0314941
-5
-0.0012207
-37
-0.0090332
79
0.0192871
-2
-0.000488281
35
0.00854492
72
0.0175781
10
0.00244141
42
0.0102539
-62
-0.0151367
-110
-0.0268555
-12
-0.00292969
-63
-0.0153809
-151
-0.0368652
-12
-0.00292969
117
0.0285645
6
0.00146484
-8
-0.00195312
62
0.0151367
-11
-0.00268555
17
0.00415039
97
0.0236816
-64
-0.015625
-63
-0.0153809
26
0.00634766
-9
-0.00219727
53
0.0129395
107
0.026123
41
0.0100098
18
0.00439453
67
0.0163574
7
0.00170898
35
0.00854492
31
0.00756836
-4
-0.000976562
27
0.0065918
32
0.0078125
-74
-0.0180664
41
0.0100098
-55
-0.0134277
70
0.0170898
39
0.00952148
54
0.0131836
39
0.00952148
173
0.0422363
-7
-0.00170898
38
0.00927734
7
0.00170898
71
0.017334
-7
-0.00170898
128
0.03125
-38
-0.00927734
-66
-0.0161133
-55
-0.0134277
-28
-0.00683594
127
0.0310059
-3
-0.000732422
-8
-0.00195312
-32
-0.0078125
51
0.0124512
7
0.00170898
9
0.00219727
-47
-0.0114746
-113
-0.0275879
-20
-0.00488281
57
0.013916
48
0.0117188
71
0.017334
91
0.0222168
-29
-0.00708008
-22
-0.00537109
-69
-0.0168457
-97
-0.0236816
-40
-0.00976562
51
0.0124512
-62
-0.0151367
-9
-0.00219727
91
0.0222168
1
0.000244141
39
0.00952148
-94
-0.0229492
-62
-0.0151367
132
0.0322266
48
0.0117188
-13
-0.00317383
93
0.0227051
-122
-0.0297852
19
0.00463867
42
0.0102539
-16
-0.00390625
44
0.0107422
93
0.0227051
203
0.0495605
77
0.0187988
44
0.0107422
68
0.0166016
47
0.0114746
-65
-0.0158691
45
0.0109863
-40
-0.00976562
-98
-0.0239258
-57
-0.013916
-7
-0.00170898
30
0.00732422
-55
-0.0134277
64
0.015625
-37
-0.0090332
-9
-0.00219727
-67
-0.0163574
-58
-0.0141602
-53
-0.0129395
13
0.00317383
-46
-0.0112305
-119
-0.0290527
101
0.0246582
-9
-0.00219727
76
0.0185547
-91
-0.0222168
-74
-0.0180664
42
0.0102539
54
0.0131836
36
0.00878906
128
0.03125
-18
-0.00439453
172
0.0419922
-21
-0.00512695
30
0.00732422
-38
-0.00927734
-33
-0.00805664
22
0.00537109
1
0.000244141
74
0.0180664
-11
-0.00268555
63
0.0153809
53
0.0129395
11
0.00268555
63
0.0153809
14
0.00341797
132
0.0322266
7
0.00170898
5
0.0012207
27
0.0065918
77
0.0187988
-82
-0.0200195
89
0.0217285
38
0.00927734
31
0.00756836
-34
-0.00830078
5
0.0012207
-24
-0.00585938
217
0.0529785
18
0.00439453
-16
-0.00390625
-6
-0.00146484
-3
-0.000732422
-86
-0.0209961
8
0.00195312
38
0.00927734
197
0.0480957
34
0.00830078
91
0.0222168
98
0.0239258
-57
-0.013916
-54
-0.0131836
70
0.0170898
-10
-0.00244141
47
0.0114746
-24
-0.00585938
81
0.0197754
54
0.0131836
64
0.015625
110
0.0268555
52
0.0126953
51
0.0124512
-32
-0.0078125
57
0.013916
-36
-0.00878906
-56
-0.0136719
-131
-0.0319824
30
0.00732422
-147
-0.0358887
-18
-0.00439453
-19
-0.00463867
1
0.000244141
-20
-0.00488281
-16
-0.00390625
37
0.0090332
-127
-0.0310059
-158
-0.0385742
-45
-0.0109863
-19
-0.00463867
93
0.0227051
15
0.00366211
-49
-0.0119629
3
0.000732422
18
0.00439453
-113
-0.0275879
-94
-0.0229492
-57
-0.013916
-55
-0.0134277
111
0.0270996
-12
-0.00292969
-60
-0.0146484
51
0.0124512
11
0.00268555
41
0.0100098
174
0.0424805
115
0.0280762
13
0.00317383
81
0.0197754
50
0.012207
-29
-0.00708008
3
0.000732422
-117
-0.0285645
-17
-0.00415039
16
0.00390625
-70
-0.0170898
109
0.0266113
-37
-0.0090332
51
0.0124512
30
0.00732422
-143
-0.0349121
45
0.0109863
-20
-0.00488281
118
0.0288086
46
0.0112305
10
0.00244141
0
0
-180
-0.0439453
-8
-0.00195312
36
0.00878906
91
0.0222168
-32
-0.0078125
23
0.00561523
12
0.00292969
-43
-0.010498
-37
-0.0090332
-16
-0.00390625
81
0.0197754
-28
-0.00683594
132
0.0322266
-69
-0.0168457
80
0.0195312
74
0.0180664
-92
-0.0224609
-15
-0.00366211
14
0.00341797
15
0.00366211
-86
-0.0209961
-47
-0.0114746
-44
-0.0107422
30
0.00732422
-12
-0.00292969
-73
-0.0178223
130
0.0317383
67
0.0163574
6
0.00146484
-22
-0.00537109
90
0.0219727
-10
-0.00244141
161
0.0393066
-1
-0.000244141
-16
-0.00390625
90
0.0219727
-24
-0.00585938
67
0.0163574
-119
-0.0290527
72
0.0175781
-34
-0.00830078
64
0.015625
92
0.0224609
-99
-0.0241699
0
0
45
0.0109863
71
0.017334
-76
-0.0185547
57
0.013916
-30
-0.00732422
-38
-0.00927734
10
0.00244141
-19
-0.00463867
-32
-0.0078125
-2
-0.000488281
66
0.0161133
-43
-0.010498
45
0.0109863
10
0.00244141
-33
-0.00805664
65
0.0158691
55
0.0134277
-94
-0.0229492
35
0.00854492
10
0.00244141
3
0.000732422
51
0.0124512
119
0.0290527
121
0.029541
-84
-0.0205078
-32
-0.0078125
-14
-0.00341797
-43
-0.010498
35
0.00854492
-95
-0.0231934
71
0.017334
-144
-0.0351562
-85
-0.020752
-116
-0.0283203
-64
-0.015625
-30
-0.00732422
-123
-0.0300293
-201
-0.0490723
-46
-0.0112305
-14
-0.00341797
-1
-0.000244141
-11
-0.00268555
-2
-0.000488281
225
0.0549316
-82
-0.0200195
58
0.0141602
27
0.0065918
25
0.00610352
54
0.0131836
-6
-0.00146484
54
0.0131836
31
0.00756836
-87
-0.0212402
-13
-0.00317383
-12
-0.00292969
-38
-0.00927734
121
0.029541
-34
-0.00830078
-46
-0.0112305
84
0.0205078
-56
-0.0136719
40
0.00976562
123
0.0300293
1
0.000244141
50
0.012207
39
0.00952148
32
0.0078125
-60
-0.0146484
78
0.019043
-105
-0.0256348
123
0.0300293
59
0.0144043
99
0.0241699
33
0.00805664
-47
-0.0114746
-75
-0.0183105
51
0.0124512
-6
-0.00146484
-37
-0.0090332
121
0.029541
54
0.0131836
-39
-0.00952148
-50
-0.012207
-125
-0.0305176
-29
-0.00708008
39
0.00952148
65
0.0158691
-35
-0.00854492
-26
-0.00634766
87
0.0212402
-11
-0.00268555
31
0.00756836
68
0.0166016
114
0.027832
-35
-0.00854492
100
0.0244141
-11
-0.00268555
-107
-0.026123
13
0.00317383
-66
-0.0161133
-151
-0.0368652
9
0.00219727
81
0.0197754
-28
-0.00683594
-26
-0.00634766
-12
-0.00292969
8
0.00195312
48
0.0117188
-67
-0.0163574
-155
-0.0378418
80
0.0195312
60
0.0146484
46
0.0112305
-67
-0.0163574
5
0.0012207
-11
-0.00268555
43
0.010498
-36
-0.00878906
37
0.0090332
-81
-0.0197754
8
0.00195312
65
0.0158691
-14
-0.00341797
-79
-0.0192871
81
0.0197754
-134
-0.0327148
50
0.012207
75
0.0183105
-28
-0.00683594
-15
-0.00366211
57
0.013916
-75
-0.0183105
96
0.0234375
93
0.0227051
43
0.010498
44
0.0107422
-17
-0.00415039
52
0.0126953
42
0.0102539
-137
-0.0334473
96
0.0234375
124
0.0302734
39
0.00952148
44
0.0107422
-37
-0.0090332
24
0.00585938
59
0.0144043
-59
-0.0144043
32
0.0078125
-26
-0.00634766
51
0.0124512
-33
-0.00805664
21
0.00512695
-51
-0.0124512
74
0.0180664
-79
-0.0192871
47
0.0114746
192
0.046875
120
0.0292969
114
0.027832
-108
-0.0263672
5
0.0012207
11
0.00268555
7
0.00170898
-19
-0.00463867
-69
-0.0168457
-1
-0.000244141
17
0.00415039
73
0.0178223
-35
-0.00854492
44
0.0107422
-95
-0.0231934
9
0.00219727
-22
-0.00537109
-15
-0.00366211
-19
-0.00463867
-124
-0.0302734
55
0.0134277
-62
-0.0151367
-51
-0.0124512
-8
-0.00195312
-46
-0.0112305
12
0.00292969
120
0.0292969
-44
-0.0107422
61
0.0148926
-108
-0.0263672
48
0.0117188
85
0.020752
104
0.0253906
76
0.0185547
-123
-0.0300293
-10
-0.00244141
-56
-0.0136719
79
0.0192871
34
0.00830078
-23
-0.00561523
20
0.00488281
-137
-0.0334473
-45
-0.0109863
39
0.00952148
45
0.0109863
-90
-0.0219727
77
0.0187988
65
0.0158691
-71
-0.017334
-19
-0.00463867
19
0.00463867
52
0.0126953
-13
-0.00317383
-1
-0.000244141
23
0.00561523
59
0.0144043
132
0.0322266
22
0.00537109
67
0.0163574
14
0.00341797
-149
-0.036377
24
0.00585938
105
0.0256348
-50
-0.012207
-93
-0.0227051
-109
-0.0266113
52
0.0126953
-79
-0.0192871
-83
-0.0202637
-27
-0.0065918
8
0.00195312
15
0.00366211
36
0.00878906
-116
-0.0283203
12
0.00292969
75
0.0183105
17
0.00415039
22
0.00537109
127
0.0310059
-20
-0.00488281
-85
-0.020752
-13
-0.00317383
-20
-0.00488281
49
0.0119629
-32
-0.0078125
18
0.00439453
4
0.000976562
103
0.0251465
92
0.0224609
8
0.00195312
-21
-0.00512695
-38
-0.00927734
50
0.012207
21
0.00512695
-1
-0.000244141
-24
-0.00585938
17
0.00415039
99
0.0241699
-5
-0.0012207
46
0.0112305
66
0.0161133
-55
-0.0134277
-122
-0.0297852
-45
-0.0109863
-165
-0.0402832
109
0.0266113
-41
-0.0100098
46
0.0112305
37
0.0090332
9
0.00219727
-126
-0.0307617
31
0.00756836
-90
-0.0219727
54
0.0131836
-36
-0.00878906
59
0.0144043
83
0.0202637
58
0.0141602
-5
-0.0012207
24
0.00585938
-123
-0.0300293
39
0.00952148
-44
-0.0107422
3
0.000732422
89
0.0217285
-11
-0.00268555
24
0.00585938
-16
-0.00390625
15
0.00366211
45
0.0109863
-32
-0.0078125
124
0.0302734
31
0.00756836
-67
-0.0163574
150
0.0366211
21
0.00512695
115
0.0280762
18
0.00439453
-209
-0.0510254
-87
-0.0212402
-59
-0.0144043
85
0.020752
-115
-0.0280762
-35
-0.00854492
-40
-0.00976562
-73
-0.0178223
-36
-0.00878906
94
0.0229492
10
0.00244141
-77
-0.0187988
127
0.0310059
-22
-0.00537109
-61
-0.0148926
-55
-0.0134277
43
0.010498
-32
-0.0078125
-29
-0.00708008
85
0.020752
38
0.00927734
-38
-0.00927734
-27
-0.0065918
54
0.0131836
40
0.00976562
-109
-0.0266113
158
0.0385742
88
0.0214844
-144
-0.0351562
22
0.00537109
-81
-0.0197754
161
0.0393066
-60
-0.0146484
-28
-0.00683594
-41
-0.0100098
-42
-0.0102539
-73
-0.0178223
15
0.00366211
59
0.0144043
77
0.0187988
68
0.0166016
-44
-0.0107422
-24
-0.00585938
-91
-0.0222168
19
0.00463867
-77
-0.0187988
-38
-0.00927734
29
0.00708008
-100
-0.0244141
-59
-0.0144043
-7
-0.00170898
-96
-0.0234375
109
0.0266113
-4
-0.000976562
-144
-0.0351562
-69
-0.0168457
-3
-0.000732422
78
0.019043
-145
-0.0354004
-38
-0.00927734
-14
-0.00341797
-39
-0.00952148
-95
-0.0231934
-47
-0.0114746
-105
-0.0256348
59
0.0144043
-24
-0.00585938
104
0.0253906
-4
-0.000976562
-12
-0.00292969
-29
-0.00708008
134
0.0327148
2
0.000488281
66
0.0161133
-7
-0.00170898
35
0.00854492
-16
-0.00390625
-7
-0.00170898
-126
-0.0307617
10
0.00244141
12
0.00292969
-15
-0.00366211
128
0.03125
-25
-0.00610352
0
0
-3
-0.000732422
-26
-0.00634766
65
0.0158691
68
0.0166016
-100
-0.0244141
-21
-0.00512695
-3
-0.000732422
119
0.0290527
-94
-0.0229492
106
0.0258789
-82
-0.0200195
-281
-0.0686035
58
0.0141602
32
0.0078125
99
0.0241699
24
0.00585938
64
0.015625
-114
-0.027832
-55
-0.0134277
2
0.000488281
-56
-0.0136719
147
0.0358887
-111
-0.0270996
-155
-0.0378418
-43
-0.010498
20
0.00488281
5
0.0012207
-98
-0.0239258
27
0.0065918
-34
-0.00830078
-82
-0.0200195
74
0.0180664
-9
-0.00219727
86
0.0209961
78
0.019043
53
0.0129395
70
0.0170898
33
0.00805664
62
0.0151367
87
0.0212402
70
0.0170898
-16
-0.00390625
131
0.0319824
-62
-0.0151367
-17
-0.00415039
-41
-0.0100098
-51
-0.0124512
2
0.000488281
8
0.00195312
63
0.0153809
1
0.000244141
52
0.0126953
-43
-0.010498
32
0.0078125
-63
-0.0153809
9
0.00219727
-11
-0.00268555
-22
-0.00537109
-30
-0.00732422
-168
-0.0410156
-31
-0.00756836
-86
-0.0209961
-71
-0.017334
21
0.00512695
66
0.0161133
-73
-0.0178223
-10
-0.00244141
-37
-0.0090332
46
0.0112305
163
0.0397949
51
0.0124512
8
0.00195312
-41
-0.0100098
15
0.00366211
59
0.0144043
38
0.00927734
-83
-0.0202637
25
0.00610352
-21
-0.00512695
-106
-0.0258789
-52
-0.0126953
-18
-0.00439453
-47
-0.0114746
115
0.0280762
9
0.00219727
29
0.00708008
95
0.0231934
-82
-0.0200195
18
0.00439453
67
0.0163574
85
0.020752
174
0.0424805
40
0.00976562
-74
-0.0180664
-42
-0.0102539
87
0.0212402
-10
-0.00244141
70
0.0170898
30
0.00732422
-67
-0.0163574
61
0.0148926
-8
-0.00195312
114
0.027832
-70
-0.0170898
30
0.00732422
-5
-0.0012207
15
0.00366211
-17
-0.00415039
33
0.00805664
-75
-0.0183105
47
0.0114746
-52
-0.0126953
81
0.0197754
-174
-0.0424805
8
0.00195312
-32
-0.0078125
14
0.00341797
105
0.0256348
-59
-0.0144043
-77
-0.0187988
76
0.0185547
2
0.000488281
15
0.00366211
14
0.00341797
31
0.00756836
43
0.010498
-36
-0.00878906
84
0.0205078
-23
-0.00561523
-74
-0.0180664
1
0.000244141
2
0.000488281
-87
-0.0212402
35
0.00854492
-37
-0.0090332
-109
-0.0266113
-47
-0.0114746
-60
-0.0146484
-10
-0.00244141
-46
-0.0112305
130
0.0317383
83
0.0202637
-21
-0.00512695
36
0.00878906
-23
-0.00561523
94
0.0229492
43
0.010498
23
0.00561523
51
0.0124512
64
0.015625
-62
-0.0151367
-30
-0.00732422
34
0.00830078
21
0.00512695
-16
-0.00390625
100
0.0244141
-56
-0.0136719
-195
-0.0476074
-31
-0.00756836
141
0.0344238
39
0.00952148
-33
-0.00805664
36
0.00878906
-3
-0.000732422
-91
-0.0222168
19
0.00463867
-68
-0.0166016
107
0.026123
88
0.0214844
47
0.0114746
35
0.00854492
-66
-0.0161133
133
0.0324707
77
0.0187988
-28
-0.00683594
-67
-0.0163574
29
0.00708008
-58
-0.0141602
33
0.00805664
-25
-0.00610352
-2
-0.000488281
10
0.00244141
85
0.020752
-102
-0.0249023
-61
-0.0148926
68
0.0166016
9
0.00219727
57
0.013916
61
0.0148926
-31
-0.00756836
25
0.00610352
30
0.00732422
-22
-0.00537109
76
0.0185547
71
0.017334
63
0.0153809
-118
-0.0288086
-7
-0.00170898
-126
-0.0307617
-22
-0.00537109
15
0.00366211
41
0.0100098
41
0.0100098
-19
-0.00463867
-10
-0.00244141
-117
-0.0285645
69
0.0168457
17
0.00415039
14
0.00341797
-29
-0.00708008
65
0.0158691
150
0.0366211
14
0.00341797
48
0.0117188
-8
-0.00195312
50
0.012207
70
0.0170898
8
0.00195312
7
0.00170898
-52
-0.0126953
-4
-0.000976562
123
0.0300293
-41
-0.0100098
-37
-0.0090332
-64
-0.015625
102
0.0249023
-15
-0.00366211
-44
-0.0107422
26
0.00634766
-20
-0.00488281
-28
-0.00683594
-17
-0.00415039
-20
-0.00488281
-66
-0.0161133
-21
-0.00512695
1
0.000244141
53
0.0129395
7
0.00170898
63
0.0153809
8
0.00195312
-43
-0.010498
16
0.00390625
4
0.000976562
-38
-0.00927734
-20
-0.00488281
21
0.00512695
55
0.0134277
-160
-0.0390625
-64
-0.015625
-96
-0.0234375
23
0.00561523
-75
-0.0183105
84
0.0205078
-40
-0.00976562
31
0.00756836
-74
-0.0180664
-19
-0.00463867
-6
-0.00146484
-29
-0.00708008
-40
-0.00976562
-28
-0.00683594
-10
-0.00244141
44
0.0107422
131
0.0319824
-70
-0.0170898
124
0.0302734
-74
-0.0180664
-78
-0.019043
-25
-0.00610352
-91
-0.0222168
3
0.000732422
64
0.015625
18
0.00439453
-26
-0.00634766
-39
-0.00952148
82
0.0200195
-21
-0.00512695
118
0.0288086
21
0.00512695
-212
-0.0517578
33
0.00805664
40
0.00976562
-29
-0.00708008
-55
-0.0134277
-42
-0.0102539
99
0.0241699
-90
-0.0219727
78
0.019043
21
0.00512695
72
0.0175781
60
0.0146484
109
0.0266113
-3
-0.000732422
27
0.0065918
-1
-0.000244141
3
0.000732422
1
0.000244141
-101
-0.0246582
-64
-0.015625
-137
-0.0334473
3
0.000732422
15
0.00366211
10
0.00244141
-24
-0.00585938
-52
-0.0126953
-67
-0.0163574
1
0.000244141
-188
-0.0458984
124
0.0302734
-75
-0.0183105
-72
-0.0175781
-4
-0.000976562
1
0.000244141
39
0.00952148
23
0.00561523
-127
-0.0310059
62
0.0151367
72
0.0175781
-26
-0.00634766
78
0.019043
-90
-0.0219727
74
0.0180664
-11
-0.00268555
32
0.0078125
-110
-0.0268555
-63
-0.0153809
3
0.000732422
2
0.000488281
-80
-0.0195312
18
0.00439453
-56
-0.0136719
25
0.00610352
-11
-0.00268555
-79
-0.0192871
-11
-0.00268555
55
0.0134277
-1
-0.000244141
53
0.0129395
31
0.00756836
7
0.00170898
122
0.0297852
23
0.00561523
-43
-0.010498
-66
-0.0161133
72
0.0175781
41
0.0100098
52
0.0126953
-84
-0.0205078
37
0.0090332
-82
-0.0200195
-15
-0.00366211
54
0.0131836
-96
-0.0234375
33
0.00805664
-52
-0.0126953
-84
-0.0205078
27
0.0065918
-37
-0.0090332
75
0.0183105
37
0.0090332
-30
-0.00732422
-78
-0.019043
41
0.0100098
-77
-0.0187988
32
0.0078125
-98
-0.0239258
-20
-0.00488281
-145
-0.0354004
39
0.00952148
-136
-0.0332031
-30
-0.00732422
32
0.0078125
40
0.00976562
17
0.00415039
20
0.00488281
16
0.00390625
-3
-0.000732422
84
0.0205078
39
0.00952148
124
0.0302734
0
0
5
0.0012207
64
0.015625
-16
-0.00390625
82
0.0200195
44
0.0107422
15
0.00366211
-89
-0.0217285
45
0.0109863
-8
-0.00195312
-134
-0.0327148
-17
-0.00415039
36
0.00878906
6
0.00146484
-72
-0.0175781
-24
-0.00585938
16
0.00390625
-20
-0.00488281
98
0.0239258
-32
-0.0078125
102
0.0249023
153
0.0373535
-8
-0.00195312
120
0.0292969
-50
-0.012207
112
0.0273438
34
0.00830078
136
0.0332031
107
0.026123
-51
-0.0124512
26
0.00634766
-58
-0.0141602
-19
-0.00463867
-112
-0.0273438
-103
-0.0251465
87
0.0212402
-39
-0.00952148
58
0.0141602
4
0.000976562
29
0.00708008
-49
-0.0119629
38
0.00927734
44
0.0107422
42
0.0102539
70
0.0170898
45
0.0109863
51
0.0124512
-144
-0.0351562
68
0.0166016
41
0.0100098
-37
-0.0090332
20
0.00488281
-28
-0.00683594
-42
-0.0102539
-14
-0.00341797
-94
-0.0229492
-101
-0.0246582
-62
-0.0151367
6
0.00146484
-66
-0.0161133
-15
-0.00366211
-26
-0.00634766
26
0.00634766
-53
-0.0129395
14
0.00341797
10
0.00244141
26
0.00634766
-25
-0.00610352
41
0.0100098
-25
-0.00610352
-77
-0.0187988
65
0.0158691
18
0.00439453
17
0.00415039
63
0.0153809
-43
-0.010498
62
0.0151367
-99
-0.0241699
-5
-0.0012207
-43
-0.010498
-105
-0.0256348
-67
-0.0163574
28
0.00683594
-129
-0.0314941
-86
-0.0209961
50
0.012207
58
0.0141602
-113
-0.0275879
29
0.00708008
-64
-0.015625
-29
-0.00708008
102
0.0249023
13
0.00317383
-50
-0.012207
-3
-0.000732422
-89
-0.0217285
-70
-0.0170898
-13
-0.00317383
20
0.00488281
43
0.010498
0
0
156
0.0380859
18
0.00439453
129
0.0314941
119
0.0290527
165
0.0402832
-69
-0.0168457
40
0.00976562
56
0.0136719
-111
-0.0270996
-24
-0.00585938
-24
-0.00585938
65
0.0158691
64
0.015625
-27
-0.0065918
61
0.0148926
-63
-0.0153809
89
0.0217285
-122
-0.0297852
47
0.0114746
6
0.00146484
-82
-0.0200195
-31
-0.00756836
6
0.00146484
52
0.0126953
27
0.0065918
49
0.0119629
-108
-0.0263672
85
0.020752
-7
-0.00170898
-77
-0.0187988
1
0.000244141
9
0.00219727
38
0.00927734
-38
-0.00927734
-112
-0.0273438
-51
-0.0124512
-34
-0.00830078
80
0.0195312
-24
-0.00585938
1
0.000244141
-16
-0.00390625
26
0.00634766
-67
-0.0163574
27
0.0065918
0
0
27
0.0065918
-52
-0.0126953
23
0.00561523
-12
-0.00292969
-39
-0.00952148
-19
-0.00463867
51
0.0124512
156
0.0380859
27
0.0065918
-7
-0.00170898
0
0
110
0.0268555
6
0.00146484
-81
-0.0197754
-16
-0.00390625
26
0.00634766
-25
-0.00610352
87
0.0212402
-38
-0.00927734
-6
-0.00146484
22
0.00537109
-79
-0.0192871
18
0.00439453
-103
-0.0251465
55
0.0134277
-86
-0.0209961
54
0.0131836
33
0.00805664
-20
-0.00488281
19
0.00463867
53
0.0129395
-37
-0.0090332
42
0.0102539
-6
-0.00146484
81
0.0197754
-117
-0.0285645
25
0.00610352
100
0.0244141
-18
-0.00439453
-98
-0.0239258
37
0.0090332
51
0.0124512
13
0.00317383
-36
-0.00878906
31
0.00756836
42
0.0102539
-96
-0.0234375
-130
-0.0317383
-32
-0.0078125
-99
-0.0241699
-94
-0.0229492
22
0.00537109
-77
-0.0187988
-70
-0.0170898
-41
-0.0100098
-8
-0.00195312
21
0.00512695
-39
-0.00952148
-61
-0.0148926
-86
-0.0209961
30
0.00732422
48
0.0117188
4
0.000976562
-43
-0.010498
-15
-0.00366211
-104
-0.0253906
-46
-0.0112305
81
0.0197754
-72
-0.0175781
72
0.0175781
-37
-0.0090332
-117
-0.0285645
55
0.0134277
-18
-0.00439453
-45
-0.0109863
-49
-0.0119629
-92
-0.0224609
105
0.0256348
-21
-0.00512695
71
0.017334
61
0.0148926
18
0.00439453
83
0.0202637
-29
-0.00708008
-49
-0.0119629
74
0.0180664
4
0.000976562
-41
-0.0100098
112
0.0273438
44
0.0107422
-67
-0.0163574
37
0.0090332
-94
-0.0229492
100
0.0244141
61
0.0148926
15
0.00366211
5
0.0012207
-109
-0.0266113
-35
-0.00854492
-56
-0.0136719
45
0.0109863
-122
-0.0297852
19
0.00463867
38
0.00927734
132
0.0322266
92
0.0224609
18
0.00439453
-7
-0.00170898
62
0.0151367
155
0.0378418
14
0.00341797
53
0.0129395
39
0.00952148
113
0.0275879
-51
-0.0124512
-90
-0.0219727
-31
-0.00756836
34
0.00830078
-6
-0.00146484
-67
-0.0163574
5
0.0012207
62
0.0151367
26
0.00634766
15
0.00366211
34
0.00830078
64
0.015625
-26
-0.00634766
-71
-0.017334
18
0.00439453
60
0.0146484
-36
-0.00878906
-28
-0.00683594
-38
-0.00927734
106
0.0258789
-110
-0.0268555
95
0.0231934
-114
-0.027832
156
0.0380859
24
0.00585938
13
0.00317383
93
0.0227051
93
0.0227051
-59
-0.0144043
-4
-0.000976562
-77
-0.0187988
47
0.0114746
-119
-0.0290527
-48
-0.0117188
60
0.0146484
65
0.0158691
-54
-0.0131836
59
0.0144043
49
0.0119629
-61
-0.0148926
-36
-0.00878906
15
0.00366211
-95
-0.0231934
68
0.0166016
5
0.0012207
-22
-0.00537109
-1
-0.000244141
-40
-0.00976562
-76
-0.0185547
-63
-0.0153809
168
0.0410156
49
0.0119629
-6
-0.00146484
-10
-0.00244141
48
0.0117188
-78
-0.019043
-33
-0.00805664
-83
-0.0202637
-73
-0.0178223
7
0.00170898
97
0.0236816
31
0.00756836
59
0.0144043
-93
-0.0227051
32
0.0078125
24
0.00585938
36
0.00878906
-143
-0.0349121
-3
-0.000732422
-116
-0.0283203
-52
-0.0126953
-33
-0.00805664
73
0.0178223
-74
-0.0180664
65
0.0158691
-129
-0.0314941
48
0.0117188
70
0.0170898
28
0.00683594
-96
-0.0234375
-9
-0.00219727
-60
-0.0146484
-25
-0.00610352
144
0.0351562
19
0.00463867
-181
-0.0441895
69
0.0168457
-126
-0.0307617
-26
-0.00634766
156
0.0380859
5
0.0012207
68
0.0166016
-61
-0.0148926
58
0.0141602
-9
-0.00219727
-156
-0.0380859
66
0.0161133
-82
-0.0200195
101
0.0246582
51
0.0124512
-30
-0.00732422
-3
-0.000732422
-35
-0.00854492
-80
-0.0195312
-33
-0.00805664
-81
-0.0197754
-5
-0.0012207
20
0.00488281
21
0.00512695
92
0.0224609
-53
-0.0129395
68
0.0166016
-19
-0.00463867
109
0.0266113
-6
-0.00146484
18
0.00439453
51
0.0124512
-20
-0.00488281
67
0.0163574
128
0.03125
22
0.00537109
-123
-0.0300293
54
0.0131836
20
0.00488281
-2
-0.000488281
4
0.000976562
-28
-0.00683594
15
0.00366211
56
0.0136719
135
0.032959
114
0.027832
-38
-0.00927734
-120
-0.0292969
3
0.000732422
-37
-0.0090332
-110
-0.0268555
-75
-0.0183105
5
0.0012207
-44
-0.0107422
125
0.0305176
30
0.00732422
-42
-0.0102539
137
0.0334473
14
0.00341797
34
0.00830078
20
0.00488281
-2
-0.000488281
-13
-0.00317383
-42
-0.0102539
-58
-0.0141602
20
0.00488281
-75
-0.0183105
72
0.0175781
-23
-0.00561523
86
0.0209961
5
0.0012207
-57
-0.013916
-33
-0.00805664
-22
-0.00537109
17
0.00415039
-25
-0.00610352
100
0.0244141
-59
-0.0144043
16
0.00390625
29
0.00708008
-31
-0.00756836
-8
-0.00195312
-63
-0.0153809
-222
-0.0541992
-41
-0.0100098
-57
-0.013916
-24
-0.00585938
25
0.00610352
17
0.00415039
31
0.00756836
59
0.0144043
23
0.00561523
58
0.0141602
56
0.0136719
19
0.00463867
53
0.0129395
-28
-0.00683594
13
0.00317383
55
0.0134277
-96
-0.0234375
-31
-0.00756836
-2
-0.000488281
-28
-0.00683594
-22
-0.00537109
24
0.00585938
53
0.0129395
-83
-0.0202637
-53
-0.0129395
-78
-0.019043
115
0.0280762
14
0.00341797
7
0.00170898
-69
-0.0168457
-75
-0.0183105
-59
-0.0144043
-101
-0.0246582
3
0.000732422
101
0.0246582
40
0.00976562
-18
-0.00439453
-37
-0.0090332
-23
-0.00561523
-65
-0.0158691
-27
-0.0065918
55
0.0134277
-23
-0.00561523
26
0.00634766
30
0.00732422
-5
-0.0012207
-24
-0.00585938
-16
-0.00390625
14
0.00341797
34
0.00830078
-19
-0.00463867
105
0.0256348
46
0.0112305
87
0.0212402
-62
-0.0151367
-73
-0.0178223
78
0.019043
-181
-0.0441895
130
0.0317383
-30
-0.00732422
77
0.0187988
95
0.0231934
52
0.0126953
-137
-0.0334473
-13
-0.00317383
125
0.0305176
-28
-0.00683594
41
0.0100098
22
0.00537109
108
0.0263672
-52
-0.0126953
-27
-0.0065918
113
0.0275879
-115
-0.0280762
76
0.0185547
10
0.00244141
-80
-0.0195312
-108
-0.0263672
-20
-0.00488281
-62
-0.0151367
40
0.00976562
-16
-0.00390625
47
0.0114746
0
0
92
0.0224609
-152
-0.0371094
102
0.0249023
49
0.0119629
-1
-0.000244141
41
0.0100098
-20
-0.00488281
-124
-0.0302734
-79
-0.0192871
130
0.0317383
15
0.00366211
-50
-0.012207
45
0.0109863
126
0.0307617
-124
-0.0302734
-74
-0.0180664
-32
-0.0078125
67
0.0163574
-62
-0.0151367
97
0.0236816
-103
-0.0251465
-20
-0.00488281
13
0.00317383
-95
-0.0231934
87
0.0212402
-34
-0.00830078
-78
-0.019043
-70
-0.0170898
-22
-0.00537109
-18
-0.00439453
43
0.010498
12
0.00292969
-45
-0.0109863
35
0.00854492
-70
-0.0170898
146
0.0356445
-29
-0.00708008
-144
-0.0351562
14
0.00341797
-12
-0.00292969
-21
-0.00512695
53
0.0129395
46
0.0112305
29
0.00708008
13
0.00317383
67
0.0163574
-62
-0.0151367
-46
-0.0112305
-20
-0.00488281
-96
-0.0234375
-21
-0.00512695
136
0.0332031
-67
-0.0163574
-142
-0.034668
47
0.0114746
-137
-0.0334473
-21
-0.00512695
-179
-0.0437012
112
0.0273438
18
0.00439453
66
0.0161133
-20
-0.00488281
-6
-0.00146484
78
0.019043
-109
-0.0266113
137
0.0334473
24
0.00585938
-45
-0.0109863
-34
-0.00830078
123
0.0300293
-29
-0.00708008
84
0.0205078
-54
-0.0131836
-132
-0.0322266
-113
-0.0275879
-46
-0.0112305
6
0.00146484
-79
-0.0192871
-65
-0.0158691
20
0.00488281
-40
-0.00976562
-19
-0.00463867
11
0.00268555
-48
-0.0117188
140
0.0341797
-19
-0.00463867
-39
-0.00952148
-85
-0.020752
70
0.0170898
-23
-0.00561523
-25
-0.00610352
29
0.00708008
-36
-0.00878906
49
0.0119629
-94
-0.0229492
2
0.000488281
-57
-0.013916
-147
-0.0358887
-29
-0.00708008
2
0.000488281
-33
-0.00805664
77
0.0187988
57
0.013916
40
0.00976562
-48
-0.0117188
-171
-0.041748
-44
-0.0107422
52
0.0126953
50
0.012207
75
0.0183105
-12
-0.00292969
-59
-0.0144043
-25
-0.00610352
-109
-0.0266113
12
0.00292969
50
0.012207
-90
-0.0219727
71
0.017334
-34
-0.00830078
69
0.0168457
-52
-0.0126953
5
0.0012207
-11
-0.00268555
59
0.0144043
-70
-0.0170898
-44
-0.0107422
29
0.00708008
29
0.00708008
4
0.000976562
135
0.032959
51
0.0124512
-23
-0.00561523
0
0
-24
-0.00585938
-22
-0.00537109
-35
-0.00854492
-6
-0.00146484
-40
-0.00976562
-38
-0.00927734
33
0.00805664
-88
-0.0214844
-139
-0.0339355
21
0.00512695
22
0.00537109
-132
-0.0322266
120
0.0292969
-30
-0.00732422
-10
-0.00244141
-24
-0.00585938
54
0.0131836
-9
-0.00219727
-12
-0.00292969
-99
-0.0241699
90
0.0219727
68
0.0166016
13
0.00317383
-42
-0.0102539
61
0.0148926
-41
-0.0100098
27
0.0065918
-64
-0.015625
27
0.0065918
-3
-0.000732422
-76
-0.0185547
115
0.0280762
52
0.0126953
16
0.00390625
-17
-0.00415039
-42
-0.0102539
-21
-0.00512695
48
0.0117188
-7
-0.00170898
62
0.0151367
-47
-0.0114746
17
0.00415039
-36
-0.00878906
6
0.00146484
-56
-0.0136719
-67
-0.0163574
64
0.015625
-34
-0.00830078
-6
-0.00146484
-34
-0.00830078
136
0.0332031
51
0.0124512
-40
-0.00976562
-28
-0.00683594
184
0.0449219
-73
-0.0178223
-72
-0.0175781
-1
-0.000244141
54
0.0131836
82
0.0200195
-59
-0.0144043
-25
-0.00610352
-44
-0.0107422
22
0.00537109
-56
-0.0136719
-84
-0.0205078
-36
-0.00878906
75
0.0183105
-19
-0.00463867
-20
-0.00488281
-75
-0.0183105
33
0.00805664
-93
-0.0227051
18
0.00439453
-51
-0.0124512
38
0.00927734
-29
-0.00708008
-32
-0.0078125
-79
-0.0192871
65
0.0158691
-129
-0.0314941
89
0.0217285
-24
-0.00585938
52
0.0126953
9
0.00219727
14
0.00341797
-76
-0.0185547
-59
-0.0144043
-65
-0.0158691
15
0.00366211
106
0.0258789
16
0.00390625
60
0.0146484
-47
-0.0114746
25
0.00610352
48
0.0117188
-68
-0.0166016
15
0.00366211
144
0.0351562
-61
-0.0148926
