-241
-0.0147095
-71
-0.0043335
-106
-0.00646973
-61
-0.00372314
49
0.00299072
-143
-0.00872803
453
0.0276489
146
0.00891113
-273
-0.0166626
-114
-0.00695801
-93
-0.00567627
-221
-0.0134888
-106
-0.00646973
60
0.00366211
-32
-0.00195312
48
0.00292969
509
0.0310669
-16
-0.000976562
426
0.026001
-176
-0.0107422
461
0.0281372
137
0.00836182
311
0.0189819
-105
-0.00640869
111
0.0067749
-32
-0.00195312
-95
-0.00579834
125
0.00762939
445
0.0271606
67
0.00408936
190
0.0115967
-258
-0.0157471
119
0.00726318
-7
-0.000427246
325
0.0198364
186
0.0113525
-278
-0.0169678
-117
-0.00714111
154
0.00939941
101
0.00616455
-208
-0.0126953
-254
-0.0155029
236
0.0144043
173
0.0105591
23
0.00140381
-23
-0.00140381
-706
-0.0430908
-234
-0.0142822
219
0.0133667
113
0.00689697
61
0.00372314
-4
-0.000244141
-170
-0.010376
-280
-0.0170898
-226
-0.0137939
-27
-0.00164795
-112
-0.00683594
-217
-0.0132446
297
0.0181274
126
0.00769043
-163
-0.00994873
123
0.00750732
-130
-0.00793457
-205
-0.0125122
134
0.00817871
79
0.00482178
-53
-0.00323486
215
0.0131226
94
0.0057373
-85
-0.00518799
-321
-0.0195923
-57
-0.003479
-57
-0.003479
-277
-0.0169067
-76
-0.00463867
110
0.00671387
-30
-0.00183105
-141
-0.00860596
-71
-0.0043335
-255
-0.015564
-154
-0.00939941
-243
-0.0148315
-317
-0.0193481
-21
-0.00128174
-12
-0.000732422
-29
-0.00177002
182
0.0111084
-11
-0.000671387
369
0.022522
-116
-0.00708008
-572
-0.0349121
33
0.00201416
-318
-0.0194092
149
0.00909424
67
0.00408936
101
0.00616455
-296
-0.0180664
-44
-0.00268555
-309
-0.0188599
-21
-0.00128174
56
0.00341797
-4
-0.000244141
4
0.000244141
165
0.0100708
-252
-0.0153809
140
0.00854492
16
0.000976562
-203
-0.0123901
-186
-0.0113525
210
0.0128174
-212
-0.0129395
10
0.000610352
-248
-0.0151367
88
0.00537109
291
0.0177612
-125
-0.00762939
-51
-0.00311279
76
0.00463867
-70
-0.00427246
-58
-0.00354004
-154
-0.00939941
38
0.00231934
-229
-0.0139771
-79
-0.00482178
19
0.00115967
-84
-0.00512695
-480
-0.0292969
135
0.00823975
270
0.0164795
54
0.0032959
144
0.00878906
216
0.0131836
235
0.0143433
-254
-0.0155029
-89
-0.00543213
-97
-0.00592041
-77
-0.00469971
-5
-0.000305176
163
0.00994873
71
0.0043335
-201
-0.0122681
3
0.000183105
-71
-0.0043335
-87
-0.00531006
-86
-0.00524902
-227
-0.013855
92
0.00561523
139
0.00848389
-187
-0.0114136
242
0.0147705
576
0.0351562
2
0.00012207
6
0.000366211
74
0.0045166
-265
-0.0161743
-26
-0.00158691
-32
-0.00195312
64
0.00390625
-216
-0.0131836
-117
-0.00714111
506
0.0308838
159
0.00970459
60
0.00366211
130
0.00793457
61
0.00372314
21
0.00128174
241
0.0147095
62
0.00378418
-159
-0.00970459
131
0.00799561
-36
-0.00219727
-20
-0.0012207
-340
-0.020752
-13
-0.000793457
68
0.00415039
65
0.00396729
357
0.0217896
20
0.0012207
245
0.0149536
180
0.0109863
252
0.0153809
-42
-0.00256348
84
0.00512695
-326
-0.0198975
243
0.0148315
122
0.00744629
-81
-0.00494385
289
0.0176392
72
0.00439453
167
0.0101929
40
0.00244141
322
0.0196533
11
0.000671387
-124
-0.00756836
275
0.0167847
-137
-0.00836182
-386
-0.0235596
36
0.00219727
-145
-0.0088501
-117
-0.00714111
-277
-0.0169067
146
0.00891113
-150
-0.00915527
-180
-0.0109863
777
0.0474243
45
0.00274658
266
0.0162354
207
0.0126343
-91
-0.0055542
92
0.00561523
273
0.0166626
-43
-0.00262451
-59
-0.00360107
-173
-0.0105591
-422
-0.0257568
0
0
70
0.00427246
-231
-0.0140991
-12
-0.000732422
12
0.000732422
-312
-0.019043
162
0.0098877
206
0.0125732
-103
-0.00628662
-298
-0.0181885
31
0.00189209
-167
-0.0101929
-188
-0.0114746
122
0.00744629
30
0.00183105
-177
-0.0108032
34
0.0020752
-42
-0.00256348
-3
-0.000183105
-184
-0.0112305
-120
-0.00732422
429
0.0261841
437
0.0266724
-2
-0.00012207
-33
-0.00201416
400
0.0244141
-208
-0.0126953
141
0.00860596
-129
-0.00787354
-7
-0.000427246
230
0.0140381
-51
-0.00311279
66
0.00402832
222
0.0135498
18
0.00109863
-162
-0.0098877
-217
-0.0132446
178
0.0108643
72
0.00439453
-174
-0.0106201
-12
-0.000732422
324
0.0197754
-186
-0.0113525
210
0.0128174
223
0.0136108
-630
-0.0384521
-39
-0.00238037
-372
-0.0227051
66
0.00402832
225
0.0137329
-161
-0.00982666
-88
-0.00537109
-3
-0.000183105
32
0.00195312
81
0.00494385
422
0.0257568
-228
-0.013916
340
0.020752
106
0.00646973
-70
-0.00427246
-4
-0.000244141
-133
-0.00811768
28
0.00170898
-170
-0.010376
8
0.000488281
-20
-0.0012207
107
0.00653076
-31
-0.00189209
-104
-0.00634766
51
0.00311279
-54
-0.0032959
106
0.00646973
168
0.0102539
97
0.00592041
211
0.0128784
143
0.00872803
-78
-0.00476074
177
0.0108032
-64
-0.00390625
-30
-0.00183105
230
0.0140381
53
0.00323486
-63
-0.00384521
-98
-0.00598145
-288
-0.0175781
-374
-0.0228271
-4
-0.000244141
446
0.0272217
23
0.00140381
-271
-0.0165405
-82
-0.00500488
285
0.017395
7
0.000427246
153
0.00933838
70
0.00427246
262
0.0159912
101
0.00616455
-483
-0.02948
-140
-0.00854492
643
0.0392456
-80
-0.00488281
-702
-0.0428467
-183
-0.0111694
18
0.00109863
-35
-0.00213623
-387
-0.0236206
180
0.0109863
-436
-0.0266113
-117
-0.00714111
352
0.0214844
30
0.00183105
-490
-0.0299072
110
0.00671387
-484
-0.029541
-11
-0.000671387
33
0.00201416
-16
-0.000976562
-69
-0.00421143
114
0.00695801
424
0.0258789
187
0.0114136
-226
-0.0137939
161
0.00982666
322
0.0196533
-25
-0.00152588
17
0.0010376
69
0.00421143
-26
-0.00158691
23
0.00140381
341
0.020813
187
0.0114136
-347
-0.0211792
236
0.0144043
-50
-0.00305176
43
0.00262451
39
0.00238037
-230
-0.0140381
159
0.00970459
29
0.00177002
-93
-0.00567627
269
0.0164185
143
0.00872803
56
0.00341797
718
0.0438232
7
0.000427246
-285
-0.017395
-50
-0.00305176
82
0.00500488
249
0.0151978
-45
-0.00274658
-68
-0.00415039
37
0.0022583
69
0.00421143
284
0.017334
53
0.00323486
-37
-0.0022583
-47
-0.00286865
85
0.00518799
-260
-0.0158691
205
0.0125122
313
0.019104
-100
-0.00610352
-144
-0.00878906
-275
-0.0167847
96
0.00585938
12
0.000732422
-10
-0.000610352
298
0.0181885
-25
-0.00152588
62
0.00378418
77
0.00469971
-62
-0.00378418
-40
-0.00244141
557
0.0339966
-184
-0.0112305
-82
-0.00500488
-276
-0.0168457
-55
-0.00335693
-23
-0.00140381
2
0.00012207
-9
-0.000549316
-128
-0.0078125
-57
-0.003479
-31
-0.00189209
-6
-0.000366211
90
0.00549316
6
0.000366211
478
0.0291748
14
0.000854492
23
0.00140381
-79
-0.00482178
-238
-0.0145264
7
0.000427246
-83
-0.00506592
-129
-0.00787354
21
0.00128174
-45
-0.00274658
-88
-0.00537109
118
0.00720215
-81
-0.00494385
89
0.00543213
-426
-0.026001
90
0.00549316
94
0.0057373
27
0.00164795
-214
-0.0130615
-155
-0.00946045
-94
-0.0057373
-131
-0.00799561
-383
-0.0233765
248
0.0151367
101
0.00616455
256
0.015625
-363
-0.0221558
59
0.00360107
81
0.00494385
111
0.0067749
251
0.0153198
93
0.00567627
155
0.00946045
-83
-0.00506592
-147
-0.00897217
21
0.00128174
-20
-0.0012207
136
0.00830078
118
0.00720215
-167
-0.0101929
-224
-0.0136719
71
0.0043335
474
0.0289307
-17
-0.0010376
218
0.0133057
-45
-0.00274658
-55
-0.00335693
10
0.000610352
-59
-0.00360107
62
0.00378418
262
0.0159912
130
0.00793457
184
0.0112305
-25
-0.00152588
252
0.0153809
-23
-0.00140381
128
0.0078125
-15
-0.000915527
518
0.0316162
11
0.000671387
-243
-0.0148315
-116
-0.00708008
188
0.0114746
46
0.00280762
117
0.00714111
-93
-0.00567627
-18
-0.00109863
122
0.00744629
508
0.0310059
66
0.00402832
300
0.0183105
-231
-0.0140991
49
0.00299072
-121
-0.00738525
58
0.00354004
-245
-0.0149536
-8
-0.000488281
48
0.00292969
41
0.00250244
-63
-0.00384521
-311
-0.0189819
-163
-0.00994873
387
0.0236206
-167
-0.0101929
88
0.00537109
-8
-0.000488281
85
0.00518799
106
0.00646973
-203
-0.0123901
97
0.00592041
21
0.00128174
52
0.00317383
67
0.00408936
128
0.0078125
172
0.010498
-12
-0.000732422
-223
-0.0136108
-230
-0.0140381
-640
-0.0390625
-154
-0.00939941
143
0.00872803
-201
-0.0122681
-319
-0.0194702
-75
-0.00457764
474
0.0289307
32
0.00195312
332
0.0202637
12
0.000732422
-7
-0.000427246
13
0.000793457
-1
-6.10352e-05
54
0.0032959
72
0.00439453
130
0.00793457
67
0.00408936
-28
-0.00170898
-301
-0.0183716
13
0.000793457
128
0.0078125
62
0.00378418
-245
-0.0149536
43
0.00262451
-533
-0.0325317
-23
-0.00140381
256
0.015625
-50
-0.00305176
-12
-0.000732422
132
0.00805664
269
0.0164185
-134
-0.00817871
-74
-0.0045166
122
0.00744629
12
0.000732422
31
0.00189209
320
0.0195312
52
0.00317383
3
0.000183105
-136
-0.00830078
521
0.0317993
52
0.00317383
-318
-0.0194092
2
0.00012207
50
0.00305176
-70
-0.00427246
-183
-0.0111694
-103
-0.00628662
264
0.0161133
-50
-0.00305176
157
0.00958252
-79
-0.00482178
-130
-0.00793457
125
0.00762939
-4
-0.000244141
-27
-0.00164795
-208
-0.0126953
-144
-0.00878906
-400
-0.0244141
237
0.0144653
-91
-0.0055542
-91
-0.0055542
-64
-0.00390625
-131
-0.00799561
-185
-0.0112915
-127
-0.00775146
276
0.0168457
59
0.00360107
273
0.0166626
32
0.00195312
148
0.0090332
-75
-0.00457764
55
0.00335693
-96
-0.00585938
57
0.003479
196
0.0119629
-187
-0.0114136
-106
-0.00646973
-108
-0.0065918
41
0.00250244
190
0.0115967
68
0.00415039
13
0.000793457
-68
-0.00415039
-97
-0.00592041
-260
-0.0158691
-120
-0.00732422
65
0.00396729
-132
-0.00805664
124
0.00756836
-229
-0.0139771
82
0.00500488
550
0.0335693
-9
-0.000549316
-12
-0.000732422
190
0.0115967
134
0.00817871
84
0.00512695
88
0.00537109
75
0.00457764
155
0.00946045
-26
-0.00158691
91
0.0055542
45
0.00274658
288
0.0175781
186
0.0113525
386
0.0235596
80
0.00488281
-374
-0.0228271
-173
-0.0105591
-349
-0.0213013
-26
-0.00158691
-388
-0.0236816
140
0.00854492
-210
-0.0128174
-15
-0.000915527
79
0.00482178
183
0.0111694
-1
-6.10352e-05
-37
-0.0022583
-118
-0.00720215
56
0.00341797
243
0.0148315
51
0.00311279
-178
-0.0108643
106
0.00646973
153
0.00933838
-111
-0.0067749
-38
-0.00231934
-189
-0.0115356
283
0.0172729
73
0.00445557
-388
-0.0236816
37
0.0022583
-13
-0.000793457
-150
-0.00915527
-282
-0.0172119
247
0.0150757
-82
-0.00500488
20
0.0012207
391
0.0238647
-179
-0.0109253
-118
-0.00720215
-122
-0.00744629
-69
-0.00421143
66
0.00402832
440
0.0268555
168
0.0102539
-373
-0.0227661
-168
-0.0102539
119
0.00726318
130
0.00793457
-49
-0.00299072
-4
-0.000244141
-33
-0.00201416
42
0.00256348
154
0.00939941
-72
-0.00439453
-113
-0.00689697
130
0.00793457
-92
-0.00561523
112
0.00683594
-148
-0.0090332
306
0.0186768
462
0.0281982
-53
-0.00323486
22
0.00134277
11
0.000671387
-553
-0.0337524
-6
-0.000366211
-125
-0.00762939
213
0.0130005
-91
-0.0055542
89
0.00543213
41
0.00250244
181
0.0110474
-78
-0.00476074
-84
-0.00512695
-124
-0.00756836
-98
-0.00598145
374
0.0228271
190
0.0115967
49
0.00299072
9
0.000549316
-298
-0.0181885
10
0.000610352
332
0.0202637
2
0.00012207
-103
-0.00628662
134
0.00817871
96
0.00585938
26
0.00158691
-191
-0.0116577
58
0.00354004
7
0.000427246
112
0.00683594
-39
-0.00238037
-154
-0.00939941
-38
-0.00231934
-112
-0.00683594
-12
-0.000732422
128
0.0078125
-289
-0.0176392
159
0.00970459
-236
-0.0144043
-151
-0.00921631
36
0.00219727
115
0.00701904
-122
-0.00744629
247
0.0150757
85
0.00518799
282
0.0172119
-302
-0.0184326
51
0.00311279
-119
-0.00726318
-112
-0.00683594
-199
-0.012146
21
0.00128174
315
0.0192261
78
0.00476074
-313
-0.019104
-2
-0.00012207
-91
-0.0055542
-5
-0.000305176
52
0.00317383
-148
-0.0090332
187
0.0114136
101
0.00616455
489
0.0298462
-166
-0.0101318
-188
-0.0114746
-185
-0.0112915
197
0.0120239
-9
-0.000549316
290
0.0177002
-66
-0.00402832
346
0.0211182
36
0.00219727
279
0.0170288
100
0.00610352
-36
-0.00219727
-151
-0.00921631
19
0.00115967
123
0.00750732
-347
-0.0211792
-8
-0.000488281
-85
-0.00518799
-100
-0.00610352
-152
-0.00927734
106
0.00646973
65
0.00396729
135
0.00823975
296
0.0180664
148
0.0090332
157
0.00958252
171
0.010437
64
0.00390625
-36
-0.00219727
190
0.0115967
185
0.0112915
-239
-0.0145874
-56
-0.00341797
48
0.00292969
36
0.00219727
571
0.0348511
-54
-0.0032959
111
0.0067749
167
0.0101929
-15
-0.000915527
21
0.00128174
377
0.0230103
147
0.00897217
117
0.00714111
-252
-0.0153809
592
0.0361328
-61
-0.00372314
300
0.0183105
-36
-0.00219727
-5
-0.000305176
77
0.00469971
125
0.00762939
19
0.00115967
266
0.0162354
57
0.003479
75
0.00457764
-232
-0.0141602
276
0.0168457
113
0.00689697
-300
-0.0183105
-13
-0.000793457
289
0.0176392
-52
-0.00317383
293
0.0178833
72
0.00439453
48
0.00292969
-245
-0.0149536
-228
-0.013916
94
0.0057373
211
0.0128784
160
0.00976562
174
0.0106201
20
0.0012207
319
0.0194702
-53
-0.00323486
74
0.0045166
155
0.00946045
-83
-0.00506592
40
0.00244141
31
0.00189209
-17
-0.0010376
65
0.00396729
90
0.00549316
-431
-0.0263062
123
0.00750732
113
0.00689697
47
0.00286865
351
0.0214233
39
0.00238037
11
0.000671387
117
0.00714111
116
0.00708008
-140
-0.00854492
-54
-0.0032959
14
0.000854492
-11
-0.000671387
-251
-0.0153198
84
0.00512695
199
0.012146
32
0.00195312
29
0.00177002
109
0.00665283
24
0.00146484
193
0.0117798
-110
-0.00671387
126
0.00769043
71
0.0043335
-228
-0.013916
141
0.00860596
-28
-0.00170898
279
0.0170288
98
0.00598145
-18
-0.00109863
-185
-0.0112915
24
0.00146484
-99
-0.00604248
75
0.00457764
-405
-0.0247192
-35
-0.00213623
-32
-0.00195312
-134
-0.00817871
260
0.0158691
-46
-0.00280762
50
0.00305176
195
0.0119019
17
0.0010376
44
0.00268555
415
0.0253296
-232
-0.0141602
-202
-0.0123291
-138
-0.00842285
205
0.0125122
-46
-0.00280762
107
0.00653076
-170
-0.010376
-423
-0.0258179
-48
-0.00292969
-287
-0.0175171
69
0.00421143
128
0.0078125
-334
-0.0203857
141
0.00860596
304
0.0185547
-254
-0.0155029
-202
-0.0123291
342
0.020874
-206
-0.0125732
293
0.0178833
-150
-0.00915527
-402
-0.0245361
67
0.00408936
-276
-0.0168457
214
0.0130615
-151
-0.00921631
107
0.00653076
56
0.00341797
-45
-0.00274658
-375
-0.0228882
-122
-0.00744629
-77
-0.00469971
36
0.00219727
178
0.0108643
-196
-0.0119629
293
0.0178833
-69
-0.00421143
213
0.0130005
43
0.00262451
209
0.0127563
-30
-0.00183105
-129
-0.00787354
-223
-0.0136108
298
0.0181885
-2
-0.00012207
216
0.0131836
-54
-0.0032959
-281
-0.0171509
18
0.00109863
240
0.0146484
86
0.00524902
-186
-0.0113525
-142
-0.00866699
523
0.0319214
-136
-0.00830078
-344
-0.0209961
212
0.0129395
-29
-0.00177002
-261
-0.0159302
-415
-0.0253296
-57
-0.003479
263
0.0160522
126
0.00769043
169
0.0103149
-58
-0.00354004
-370
-0.022583
-80
-0.00488281
-81
-0.00494385
-109
-0.00665283
120
0.00732422
136
0.00830078
107
0.00653076
-12
-0.000732422
621
0.0379028
53
0.00323486
214
0.0130615
-95
-0.00579834
321
0.0195923
106
0.00646973
65
0.00396729
-40
-0.00244141
-73
-0.00445557
166
0.0101318
137
0.00836182
-40
-0.00244141
-252
-0.0153809
-7
-0.000427246
395
0.0241089
72
0.00439453
57
0.003479
-8
-0.000488281
-389
-0.0237427
265
0.0161743
-150
-0.00915527
-142
-0.00866699
-154
-0.00939941
-158
-0.00964355
-160
-0.00976562
213
0.0130005
99
0.00604248
21
0.00128174
523
0.0319214
14
0.000854492
455
0.027771
232
0.0141602
90
0.00549316
100
0.00610352
-260
-0.0158691
-40
-0.00244141
389
0.0237427
130
0.00793457
-44
-0.00268555
112
0.00683594
-82
-0.00500488
-92
-0.00561523
149
0.00909424
15
0.000915527
421
0.0256958
-197
-0.0120239
-363
-0.0221558
-130
-0.00793457
-368
-0.0224609
-74
-0.0045166
-414
-0.0252686
-202
-0.0123291
270
0.0164795
64
0.00390625
1
6.10352e-05
-111
-0.0067749
-93
-0.00567627
119
0.00726318
-486
-0.0296631
170
0.010376
-152
-0.00927734
-41
-0.00250244
134
0.00817871
263
0.0160522
273
0.0166626
-58
-0.00354004
-280
-0.0170898
-71
-0.0043335
-467
-0.0285034
35
0.00213623
-359
-0.0219116
-17
-0.0010376
-589
-0.0359497
62
0.00378418
-115
-0.00701904
-66
-0.00402832
12
0.000732422
-113
-0.00689697
-178
-0.0108643
-109
-0.00665283
-422
-0.0257568
-141
-0.00860596
2
0.00012207
21
0.00128174
-314
-0.019165
263
0.0160522
428
0.026123
-157
-0.00958252
477
0.0291138
106
0.00646973
-654
-0.039917
45
0.00274658
-78
-0.00476074
-183
-0.0111694
199
0.012146
-123
-0.00750732
248
0.0151367
-80
-0.00488281
-264
-0.0161133
-149
-0.00909424
-205
-0.0125122
-66
-0.00402832
115
0.00701904
-245
-0.0149536
247
0.0150757
81
0.00494385
-145
-0.0088501
53
0.00323486
-81
-0.00494385
-22
-0.00134277
65
0.00396729
132
0.00805664
-142
-0.00866699
-96
-0.00585938
27
0.00164795
-58
-0.00354004
38
0.00231934
-5
-0.000305176
80
0.00488281
-22
-0.00134277
-87
-0.00531006
167
0.0101929
-108
-0.0065918
171
0.010437
-491
-0.0299683
-136
-0.00830078
79
0.00482178
-109
-0.00665283
147
0.00897217
-147
-0.00897217
-207
-0.0126343
169
0.0103149
-68
-0.00415039
44
0.00268555
-57
-0.003479
80
0.00488281
249
0.0151978
-38
-0.00231934
-264
-0.0161133
-11
-0.000671387
-238
-0.0145264
246
0.0150146
-379
-0.0231323
184
0.0112305
296
0.0180664
-82
-0.00500488
-193
-0.0117798
-1
-6.10352e-05
-33
-0.00201416
-67
-0.00408936
415
0.0253296
264
0.0161133
-281
-0.0171509
-142
-0.00866699
-375
-0.0228882
-136
-0.00830078
-302
-0.0184326
-96
-0.00585938
-172
-0.010498
-119
-0.00726318
-227
-0.013855
-18
-0.00109863
275
0.0167847
-82
-0.00500488
-128
-0.0078125
190
0.0115967
356
0.0217285
131
0.00799561
-70
-0.00427246
-195
-0.0119019
-171
-0.010437
-138
-0.00842285
-121
-0.00738525
-67
-0.00408936
214
0.0130615
-208
-0.0126953
255
0.015564
-337
-0.0205688
-1
-6.10352e-05
-137
-0.00836182
-222
-0.0135498
101
0.00616455
-90
-0.00549316
298
0.0181885
110
0.00671387
21
0.00128174
55
0.00335693
-46
-0.00280762
595
0.0363159
-76
-0.00463867
223
0.0136108
-141
-0.00860596
84
0.00512695
-108
-0.0065918
155
0.00946045
-32
-0.00195312
289
0.0176392
-94
-0.0057373
123
0.00750732
63
0.00384521
-291
-0.0177612
72
0.00439453
-271
-0.0165405
64
0.00390625
21
0.00128174
6
0.000366211
-127
-0.00775146
-10
-0.000610352
144
0.00878906
202
0.0123291
50
0.00305176
-72
-0.00439453
193
0.0117798
193
0.0117798
-79
-0.00482178
6
0.000366211
110
0.00671387
-13
-0.000793457
67
0.00408936
22
0.00134277
89
0.00543213
72
0.00439453
478
0.0291748
-198
-0.012085
313
0.019104
217
0.0132446
-337
-0.0205688
-48
-0.00292969
207
0.0126343
-62
-0.00378418
334
0.0203857
-5
-0.000305176
-80
-0.00488281
31
0.00189209
83
0.00506592
184
0.0112305
-13
-0.000793457
-264
-0.0161133
-205
-0.0125122
43
0.00262451
536
0.0327148
9
0.000549316
-97
-0.00592041
-26
-0.00158691
-36
-0.00219727
91
0.0055542
71
0.0043335
73
0.00445557
-254
-0.0155029
0
0
52
0.00317383
-28
-0.00170898
-103
-0.00628662
37
0.0022583
174
0.0106201
249
0.0151978
-105
-0.00640869
150
0.00915527
181
0.0110474
-191
-0.0116577
-270
-0.0164795
130
0.00793457
-559
-0.0341187
-53
-0.00323486
113
0.00689697
71
0.0043335
6
0.000366211
-51
-0.00311279
8
0.000488281
-100
-0.00610352
-224
-0.0136719
8
0.000488281
87
0.00531006
-60
-0.00366211
103
0.00628662
58
0.00354004
-221
-0.0134888
-234
-0.0142822
-371
-0.022644
-219
-0.0133667
-443
-0.0270386
-34
-0.0020752
147
0.00897217
-160
-0.00976562
-192
-0.0117188
-117
-0.00714111
51
0.00311279
-121
-0.00738525
283
0.0172729
-19
-0.00115967
-112
-0.00683594
34
0.0020752
65
0.00396729
3
0.000183105
-238
-0.0145264
51
0.00311279
-33
-0.00201416
-5
-0.000305176
416
0.0253906
120
0.00732422
83
0.00506592
0
0
-77
-0.00469971
219
0.0133667
20
0.0012207
81
0.00494385
-234
-0.0142822
-44
-0.00268555
-448
-0.0273438
155
0.00946045
345
0.0210571
64
0.00390625
246
0.0150146
-36
-0.00219727
-367
-0.0223999
-184
-0.0112305
60
0.00366211
-131
-0.00799561
-454
-0.02771
-120
-0.00732422
280
0.0170898
-120
-0.00732422
-696
-0.0424805
23
0.00140381
217
0.0132446
-54
-0.0032959
106
0.00646973
-143
-0.00872803
31
0.00189209
-137
-0.00836182
-62
-0.00378418
214
0.0130615
6
0.000366211
-77
-0.00469971
-86
-0.00524902
79
0.00482178
-449
-0.0274048
-33
-0.00201416
-77
-0.00469971
74
0.0045166
338
0.0206299
-73
-0.00445557
-84
-0.00512695
-50
-0.00305176
184
0.0112305
-183
-0.0111694
55
0.00335693
-73
-0.00445557
223
0.0136108
84
0.00512695
-141
-0.00860596
-212
-0.0129395
167
0.0101929
-102
-0.00622559
77
0.00469971
-44
-0.00268555
355
0.0216675
91
0.0055542
-148
-0.0090332
172
0.010498
-8
-0.000488281
101
0.00616455
-30
-0.00183105
127
0.00775146
180
0.0109863
86
0.00524902
-108
-0.0065918
-126
-0.00769043
-39
-0.00238037
-120
-0.00732422
164
0.0100098
14
0.000854492
191
0.0116577
-154
-0.00939941
-300
-0.0183105
39
0.00238037
-419
-0.0255737
166
0.0101318
9
0.000549316
-55
-0.00335693
115
0.00701904
195
0.0119019
54
0.0032959
-61
-0.00372314
153
0.00933838
31
0.00189209
-339
-0.0206909
90
0.00549316
265
0.0161743
-14
-0.000854492
-79
-0.00482178
32
0.00195312
37
0.0022583
16
0.000976562
-84
-0.00512695
-150
-0.00915527
-30
-0.00183105
13
0.000793457
-296
-0.0180664
187
0.0114136
260
0.0158691
-76
-0.00463867
216
0.0131836
-51
-0.00311279
-498
-0.0303955
149
0.00909424
78
0.00476074
217
0.0132446
29
0.00177002
64
0.00390625
145
0.0088501
-115
-0.00701904
-209
-0.0127563
43
0.00262451
-271
-0.0165405
118
0.00720215
-13
-0.000793457
49
0.00299072
200
0.012207
-216
-0.0131836
520
0.0317383
-82
-0.00500488
-391
-0.0238647
168
0.0102539
121
0.00738525
158
0.00964355
13
0.000793457
-38
-0.00231934
-143
-0.00872803
29
0.00177002
111
0.0067749
-67
-0.00408936
173
0.0105591
-295
-0.0180054
-74
-0.0045166
4
0.000244141
11
0.000671387
-18
-0.00109863
-426
-0.026001
114
0.00695801
200
0.012207
63
0.00384521
-94
-0.0057373
50
0.00305176
135
0.00823975
-50
-0.00305176
141
0.00860596
39
0.00238037
40
0.00244141
103
0.00628662
-65
-0.00396729
-110
-0.00671387
18
0.00109863
8
0.000488281
43
0.00262451
-23
-0.00140381
-305
-0.0186157
251
0.0153198
160
0.00976562
77
0.00469971
-386
-0.0235596
-63
-0.00384521
91
0.0055542
11
0.000671387
231
0.0140991
70
0.00427246
142
0.00866699
77
0.00469971
-27
-0.00164795
38
0.00231934
-45
-0.00274658
229
0.0139771
-174
-0.0106201
-110
-0.00671387
145
0.0088501
-1
-6.10352e-05
453
0.0276489
-161
-0.00982666
468
0.0285645
78
0.00476074
32
0.00195312
-134
-0.00817871
-97
-0.00592041
155
0.00946045
568
0.034668
-26
-0.00158691
-80
-0.00488281
-90
-0.00549316
-143
-0.00872803
-25
-0.00152588
98
0.00598145
-240
-0.0146484
69
0.00421143
166
0.0101318
-415
-0.0253296
-246
-0.0150146
-270
-0.0164795
-67
-0.00408936
105
0.00640869
13
0.000793457
164
0.0100098
43
0.00262451
-244
-0.0148926
46
0.00280762
-346
-0.0211182
-194
-0.0118408
-6
-0.000366211
-72
-0.00439453
-298
-0.0181885
298
0.0181885
67
0.00408936
-74
-0.0045166
7
0.000427246
129
0.00787354
281
0.0171509
-24
-0.00146484
446
0.0272217
199
0.012146
177
0.0108032
-72
-0.00439453
340
0.020752
13
0.000793457
-110
-0.00671387
-44
-0.00268555
65
0.00396729
-82
-0.00500488
-46
-0.00280762
96
0.00585938
82
0.00500488
-48
-0.00292969
-224
-0.0136719
-96
-0.00585938
173
0.0105591
-63
-0.00384521
47
0.00286865
63
0.00384521
-240
-0.0146484
-69
-0.00421143
-121
-0.00738525
60
0.00366211
576
0.0351562
-55
-0.00335693
247
0.0150757
72
0.00439453
586
0.0357666
0
0
305
0.0186157
129
0.00787354
-140
-0.00854492
199
0.012146
233
0.0142212
-297
-0.0181274
-37
-0.0022583
124
0.00756836
487
0.0297241
-45
-0.00274658
-437
-0.0266724
143
0.00872803
23
0.00140381
57
0.003479
574
0.0350342
128
0.0078125
-130
-0.00793457
-193
-0.0117798
108
0.0065918
146
0.00891113
314
0.019165
37
0.0022583
-266
-0.0162354
93
0.00567627
-61
-0.00372314
2
0.00012207
-371
-0.022644
42
0.00256348
-614
-0.0374756
106
0.00646973
138
0.00842285
-12
-0.000732422
41
0.00250244
-272
-0.0166016
153
0.00933838
94
0.0057373
-418
-0.0255127
-164
-0.0100098
-144
-0.00878906
-213
-0.0130005
-243
-0.0148315
69
0.00421143
415
0.0253296
203
0.0123901
-39
-0.00238037
39
0.00238037
-348
-0.0212402
205
0.0125122
-259
-0.0158081
-91
-0.0055542
51
0.00311279
217
0.0132446
78
0.00476074
-4
-0.000244141
-140
-0.00854492
-191
-0.0116577
221
0.0134888
-214
-0.0130615
-90
-0.00549316
18
0.00109863
123
0.00750732
84
0.00512695
-315
-0.0192261
244
0.0148926
58
0.00354004
-12
-0.000732422
-326
-0.0198975
-86
-0.00524902
296
0.0180664
-123
-0.00750732
-325
-0.0198364
76
0.00463867
179
0.0109253
-309
-0.0188599
48
0.00292969
-183
-0.0111694
133
0.00811768
43
0.00262451
438
0.0267334
-141
-0.00860596
-65
-0.00396729
-39
-0.00238037
-85
-0.00518799
61
0.00372314
286
0.0174561
-136
-0.00830078
79
0.00482178
-245
-0.0149536
94
0.0057373
65
0.00396729
127
0.00775146
116
0.00708008
-181
-0.0110474
109
0.00665283
100
0.00610352
-18
-0.00109863
114
0.00695801
-174
-0.0106201
237
0.0144653
-213
-0.0130005
186
0.0113525
-106
-0.00646973
-14
-0.000854492
-331
-0.0202026
-19
-0.00115967
51
0.00311279
-261
-0.0159302
-97
-0.00592041
-206
-0.0125732
205
0.0125122
213
0.0130005
186
0.0113525
468
0.0285645
-87
-0.00531006
-308
-0.0187988
-122
-0.00744629
199
0.012146
-69
-0.00421143
-42
-0.00256348
-205
-0.0125122
57
0.003479
233
0.0142212
-323
-0.0197144
-124
-0.00756836
-236
-0.0144043
-89
-0.00543213
127
0.00775146
-43
-0.00262451
220
0.0134277
6
0.000366211
360
0.0219727
57
0.003479
540
0.032959
17
0.0010376
-226
-0.0137939
-132
-0.00805664
-497
-0.0303345
135
0.00823975
9
0.000549316
134
0.00817871
79
0.00482178
-116
-0.00708008
-192
-0.0117188
53
0.00323486
313
0.019104
225
0.0137329
31
0.00189209
33
0.00201416
285
0.017395
-320
-0.0195312
70
0.00427246
-61
-0.00372314
-37
-0.0022583
-146
-0.00891113
-235
-0.0143433
-156
-0.00952148
-103
-0.00628662
-57
-0.003479
-275
-0.0167847
-68
-0.00415039
-204
-0.0124512
-48
-0.00292969
-80
-0.00488281
-12
-0.000732422
284
0.017334
185
0.0112915
-84
-0.00512695
-47
-0.00286865
-358
-0.0218506
28
0.00170898
44
0.00268555
-92
-0.00561523
364
0.0222168
-113
-0.00689697
-21
-0.00128174
63
0.00384521
29
0.00177002
181
0.0110474
68
0.00415039
-33
-0.00201416
126
0.00769043
68
0.00415039
238
0.0145264
-176
-0.0107422
-206
-0.0125732
-99
-0.00604248
46
0.00280762
-54
-0.0032959
85
0.00518799
-13
-0.000793457
132
0.00805664
-52
-0.00317383
-300
-0.0183105
-1
-6.10352e-05
-91
-0.0055542
10
0.000610352
-155
-0.00946045
-1
-6.10352e-05
33
0.00201416
67
0.00408936
-26
-0.00158691
92
0.00561523
0
0
-99
-0.00604248
115
0.00701904
-41
-0.00250244
-55
-0.00335693
-20
-0.0012207
-140
-0.00854492
14
0.000854492
-147
-0.00897217
-251
-0.0153198
247
0.0150757
75
0.00457764
-461
-0.0281372
0
0
206
0.0125732
-119
-0.00726318
-164
-0.0100098
-30
-0.00183105
-123
-0.00750732
-104
-0.00634766
394
0.0240479
-21
-0.00128174
-85
-0.00518799
218
0.0133057
-83
-0.00506592
-119
-0.00726318
314
0.019165
-385
-0.0234985
-216
-0.0131836
-197
-0.0120239
196
0.0119629
-22
-0.00134277
-104
-0.00634766
142
0.00866699
2
0.00012207
-5
-0.000305176
-245
-0.0149536
90
0.00549316
73
0.00445557
65
0.00396729
268
0.0163574
130
0.00793457
-22
-0.00134277
-113
-0.00689697
17
0.0010376
-197
-0.0120239
-434
-0.0264893
-244
-0.0148926
-175
-0.0106812
197
0.0120239
-117
-0.00714111
111
0.0067749
-238
-0.0145264
-209
-0.0127563
62
0.00378418
-128
-0.0078125
-325
-0.0198364
-24
-0.00146484
296
0.0180664
54
0.0032959
276
0.0168457
-170
-0.010376
216
0.0131836
-103
-0.00628662
285
0.017395
-77
-0.00469971
171
0.010437
3
0.000183105
-521
-0.0317993
121
0.00738525
2
0.00012207
150
0.00915527
-240
-0.0146484
-363
-0.0221558
-131
-0.00799561
95
0.00579834
-34
-0.0020752
115
0.00701904
138
0.00842285
-67
-0.00408936
102
0.00622559
-154
-0.00939941
227
0.013855
54
0.0032959
125
0.00762939
229
0.0139771
414
0.0252686
68
0.00415039
181
0.0110474
-143
-0.00872803
75
0.00457764
-67
-0.00408936
-252
-0.0153809
18
0.00109863
461
0.0281372
-68
-0.00415039
90
0.00549316
96
0.00585938
-159
-0.00970459
25
0.00152588
-55
-0.00335693
-36
-0.00219727
536
0.0327148
-161
-0.00982666
-109
-0.00665283
77
0.00469971
-71
-0.0043335
-120
-0.00732422
-321
-0.0195923
-192
-0.0117188
-57
-0.003479
-37
-0.0022583
247
0.0150757
-168
-0.0102539
-194
-0.0118408
243
0.0148315
-245
-0.0149536
-63
-0.00384521
-49
-0.00299072
-158
-0.00964355
207
0.0126343
36
0.00219727
140
0.00854492
-86
-0.00524902
419
0.0255737
29
0.00177002
-398
-0.024292
-40
-0.00244141
-99
-0.00604248
183
0.0111694
-94
-0.0057373
-132
-0.00805664
29
0.00177002
-37
-0.0022583
56
0.00341797
-1
-6.10352e-05
43
0.00262451
-78
-0.00476074
49
0.00299072
-76
-0.00463867
68
0.00415039
12
0.000732422
186
0.0113525
-15
-0.000915527
-231
-0.0140991
75
0.00457764
-131
-0.00799561
10
0.000610352
182
0.0111084
22
0.00134277
-71
-0.0043335
-177
-0.0108032
-478
-0.0291748
73
0.00445557
-195
-0.0119019
-121
-0.00738525
110
0.00671387
-157
-0.00958252
-129
-0.00787354
-55
-0.00335693
-73
-0.00445557
39
0.00238037
92
0.00561523
-121
-0.00738525
35
0.00213623
-140
-0.00854492
84
0.00512695
-88
-0.00537109
-183
-0.0111694
-407
-0.0248413
-377
-0.0230103
-226
-0.0137939
95
0.00579834
132
0.00805664
288
0.0175781
-193
-0.0117798
-113
-0.00689697
189
0.0115356
38
0.00231934
30
0.00183105
-47
-0.00286865
121
0.00738525
-16
-0.000976562
188
0.0114746
-197
-0.0120239
135
0.00823975
-274
-0.0167236
-42
-0.00256348
-54
-0.0032959
-20
-0.0012207
366
0.0223389
10
0.000610352
-436
-0.0266113
130
0.00793457
-240
-0.0146484
-128
-0.0078125
-114
-0.00695801
-174
-0.0106201
-24
-0.00146484
165
0.0100708
-193
-0.0117798
151
0.00921631
9
0.000549316
-63
-0.00384521
54
0.0032959
156
0.00952148
-77
-0.00469971
77
0.00469971
285
0.017395
-76
-0.00463867
290
0.0177002
-45
-0.00274658
-213
-0.0130005
-54
-0.0032959
501
0.0305786
-137
-0.00836182
23
0.00140381
26
0.00158691
-228
-0.013916
-34
-0.0020752
87
0.00531006
-81
-0.00494385
87
0.00531006
64
0.00390625
137
0.00836182
-12
-0.000732422
7
0.000427246
-21
-0.00128174
-71
-0.0043335
118
0.00720215
290
0.0177002
41
0.00250244
-357
-0.0217896
25
0.00152588
306
0.0186768
-202
-0.0123291
298
0.0181885
32
0.00195312
-65
-0.00396729
-53
-0.00323486
298
0.0181885
59
0.00360107
-146
-0.00891113
74
0.0045166
50
0.00305176
-47
-0.00286865
-195
-0.0119019
-22
-0.00134277
188
0.0114746
85
0.00518799
15
0.000915527
-15
-0.000915527
219
0.0133667
32
0.00195312
235
0.0143433
-43
-0.00262451
-24
-0.00146484
-134
-0.00817871
-71
-0.0043335
215
0.0131226
-36
-0.00219727
-125
-0.00762939
-299
-0.0182495
54
0.0032959
153
0.00933838
51
0.00311279
-21
-0.00128174
80
0.00488281
167
0.0101929
-36
-0.00219727
-157
-0.00958252
60
0.00366211
-353
-0.0215454
-54
-0.0032959
59
0.00360107
49
0.00299072
110
0.00671387
79
0.00482178
-226
-0.0137939
123
0.00750732
-188
-0.0114746
-17
-0.0010376
531
0.0324097
-24
-0.00146484
104
0.00634766
-82
-0.00500488
110
0.00671387
33
0.00201416
427
0.026062
-2
-0.00012207
-138
-0.00842285
-38
-0.00231934
241
0.0147095
202
0.0123291
-151
-0.00921631
-127
-0.00775146
321
0.0195923
-67
-0.00408936
85
0.00518799
-194
-0.0118408
58
0.00354004
142
0.00866699
-95
-0.00579834
-161
-0.00982666
211
0.0128784
1
6.10352e-05
113
0.00689697
107
0.00653076
-139
-0.00848389
83
0.00506592
-166
-0.0101318
-176
-0.0107422
323
0.0197144
203
0.0123901
59
0.00360107
16
0.000976562
-16
-0.000976562
54
0.0032959
279
0.0170288
-61
-0.00372314
355
0.0216675
-249
-0.0151978
-182
-0.0111084
113
0.00689697
-91
-0.0055542
45
0.00274658
-297
-0.0181274
-241
-0.0147095
-138
-0.00842285
-98
-0.00598145
306
0.0186768
-37
-0.0022583
-84
-0.00512695
-196
-0.0119629
-11
-0.000671387
-93
-0.00567627
-453
-0.0276489
-126
-0.00769043
-121
-0.00738525
64
0.00390625
-17
-0.0010376
87
0.00531006
-110
-0.00671387
160
0.00976562
-67
-0.00408936
163
0.00994873
-159
-0.00970459
-21
-0.00128174
-128
-0.0078125
125
0.00762939
47
0.00286865
-136
-0.00830078
-83
-0.00506592
10
0.000610352
35
0.00213623
-123
-0.00750732
-98
-0.00598145
67
0.00408936
411
0.0250854
197
0.0120239
-272
-0.0166016
-210
-0.0128174
-264
-0.0161133
-82
-0.00500488
251
0.0153198
-283
-0.0172729
235
0.0143433
8
0.000488281
390
0.0238037
-205
-0.0125122
459
0.0280151
139
0.00848389
571
0.0348511
140
0.00854492
2
0.00012207
-260
-0.0158691
-37
-0.0022583
-131
-0.00799561
254
0.0155029
-187
-0.0114136
-207
-0.0126343
-22
-0.00134277
57
0.003479
-10
-0.000610352
274
0.0167236
-74
-0.0045166
539
0.0328979
-46
-0.00280762
-58
-0.00354004
-148
-0.0090332
435
0.0265503
136
0.00830078
-57
-0.003479
-67
-0.00408936
56
0.00341797
-125
-0.00762939
100
0.00610352
77
0.00469971
-144
-0.00878906
17
0.0010376
-203
-0.0123901
-197
-0.0120239
261
0.0159302
221
0.0134888
5
0.000305176
62
0.00378418
-454
-0.02771
-58
-0.00354004
-375
-0.0228882
5
0.000305176
-19
-0.00115967
-181
-0.0110474
351
0.0214233
13
0.000793457
-88
-0.00537109
42
0.00256348
214
0.0130615
-156
-0.00952148
199
0.012146
56
0.00341797
9
0.000549316
286
0.0174561
224
0.0136719
150
0.00915527
302
0.0184326
-167
-0.0101929
339
0.0206909
-242
-0.0147705
225
0.0137329
-58
-0.00354004
95
0.00579834
262
0.0159912
-249
-0.0151978
43
0.00262451
-24
-0.00146484
27
0.00164795
7
0.000427246
-391
-0.0238647
313
0.019104
6
0.000366211
-72
-0.00439453
-61
-0.00372314
94
0.0057373
42
0.00256348
-317
-0.0193481
5
0.000305176
-125
-0.00762939
-168
-0.0102539
-230
-0.0140381
252
0.0153809
260
0.0158691
-62
-0.00378418
152
0.00927734
246
0.0150146
-288
-0.0175781
-102
-0.00622559
309
0.0188599
-49
-0.00299072
162
0.0098877
-47
-0.00286865
322
0.0196533
-148
-0.0090332
-487
-0.0297241
95
0.00579834
8
0.000488281
-61
-0.00372314
-104
-0.00634766
-22
-0.00134277
35
0.00213623
114
0.00695801
-155
-0.00946045
146
0.00891113
-135
-0.00823975
50
0.00305176
-326
-0.0198975
13
0.000793457
-248
-0.0151367
-50
-0.00305176
-36
-0.00219727
177
0.0108032
56
0.00341797
-61
-0.00372314
129
0.00787354
131
0.00799561
-321
-0.0195923
77
0.00469971
-8
-0.000488281
260
0.0158691
50
0.00305176
-50
-0.00305176
242
0.0147705
-85
-0.00518799
-339
-0.0206909
11
0.000671387
-135
-0.00823975
82
0.00500488
277
0.0169067
259
0.0158081
-290
-0.0177002
-194
-0.0118408
-240
-0.0146484
126
0.00769043
387
0.0236206
19
0.00115967
-120
-0.00732422
-22
-0.00134277
90
0.00549316
-115
-0.00701904
243
0.0148315
109
0.00665283
-79
-0.00482178
218
0.0133057
301
0.0183716
178
0.0108643
-2
-0.00012207
-133
-0.00811768
2
0.00012207
-167
-0.0101929
-130
-0.00793457
89
0.00543213
264
0.0161133
184
0.0112305
186
0.0113525
-11
-0.000671387
-102
-0.00622559
-65
-0.00396729
76
0.00463867
103
0.00628662
122
0.00744629
-113
-0.00689697
65
0.00396729
-53
-0.00323486
437
0.0266724
-60
-0.00366211
70
0.00427246
-82
-0.00500488
223
0.0136108
-14
-0.000854492
8
0.000488281
134
0.00817871
-134
-0.00817871
-177
-0.0108032
80
0.00488281
127
0.00775146
-48
-0.00292969
-48
-0.00292969
33
0.00201416
29
0.00177002
277
0.0169067
-17
-0.0010376
-77
-0.00469971
113
0.00689697
198
0.012085
-66
-0.00402832
-328
-0.0200195
237
0.0144653
-67
-0.00408936
55
0.00335693
-20
-0.0012207
-92
-0.00561523
122
0.00744629
-129
-0.00787354
-33
-0.00201416
19
0.00115967
208
0.0126953
-205
-0.0125122
-87
-0.00531006
138
0.00842285
90
0.00549316
143
0.00872803
290
0.0177002
-207
-0.0126343
-161
-0.00982666
160
0.00976562
118
0.00720215
-126
-0.00769043
212
0.0129395
103
0.00628662
-338
-0.0206299
-2
-0.00012207
287
0.0175171
-82
-0.00500488
403
0.0245972
-103
-0.00628662
-282
-0.0172119
49
0.00299072
-170
-0.010376
-87
-0.00531006
303
0.0184937
230
0.0140381
-329
-0.0200806
-23
-0.00140381
-461
-0.0281372
-255
-0.015564
-47
-0.00286865
98
0.00598145
-19
-0.00115967
-12
-0.000732422
-99
-0.00604248
-47
-0.00286865
407
0.0248413
-70
-0.00427246
225
0.0137329
141
0.00860596
-282
-0.0172119
154
0.00939941
-228
-0.013916
-32
-0.00195312
-142
-0.00866699
-109
-0.00665283
-43
-0.00262451
30
0.00183105
166
0.0101318
280
0.0170898
415
0.0253296
22
0.00134277
98
0.00598145
57
0.003479
35
0.00213623
-25
-0.00152588
286
0.0174561
224
0.0136719
34
0.0020752
-144
-0.00878906
-310
-0.0189209
-52
-0.00317383
75
0.00457764
131
0.00799561
-87
-0.00531006
129
0.00787354
-226
-0.0137939
-198
-0.012085
-192
-0.0117188
198
0.012085
283
0.0172729
150
0.00915527
204
0.0124512
62
0.00378418
123
0.00750732
-112
-0.00683594
-1
-6.10352e-05
12
0.000732422
128
0.0078125
212
0.0129395
-105
-0.00640869
133
0.00811768
-164
-0.0100098
62
0.00378418
85
0.00518799
-49
-0.00299072
309
0.0188599
117
0.00714111
-78
-0.00476074
-43
-0.00262451
87
0.00531006
-69
-0.00421143
-89
-0.00543213
207
0.0126343
-547
-0.0333862
44
0.00268555
-5
-0.000305176
16
0.000976562
324
0.0197754
-232
-0.0141602
192
0.0117188
248
0.0151367
1
6.10352e-05
34
0.0020752
453
0.0276489
-18
-0.00109863
57
0.003479
-25
-0.00152588
-16
-0.000976562
-249
-0.0151978
-38
-0.00231934
34
0.0020752
-69
-0.00421143
74
0.0045166
-115
-0.00701904
123
0.00750732
5
0.000305176
-237
-0.0144653
-338
-0.0206299
-95
-0.00579834
-55
-0.00335693
169
0.0103149
122
0.00744629
4
0.000244141
256
0.015625
80
0.00488281
0
0
22
0.00134277
163
0.00994873
105
0.00640869
34
0.0020752
168
0.0102539
-22
-0.00134277
199
0.012146
316
0.0192871
-100
-0.00610352
-63
-0.00384521
10
0.000610352
-349
-0.0213013
136
0.00830078
-5
-0.000305176
-64
-0.00390625
-150
-0.00915527
-98
-0.00598145
317
0.0193481
6
0.000366211
-195
-0.0119019
137
0.00836182
378
0.0230713
84
0.00512695
70
0.00427246
-171
-0.010437
-552
-0.0336914
-36
-0.00219727
261
0.0159302
-45
-0.00274658
-295
-0.0180054
243
0.0148315
406
0.0247803
31
0.00189209
-319
-0.0194702
212
0.0129395
622
0.0379639
129
0.00787354
102
0.00622559
0
0
-115
-0.00701904
58
0.00354004
89
0.00543213
-75
-0.00457764
-312
-0.019043
-146
-0.00891113
-2
-0.00012207
-81
-0.00494385
-98
-0.00598145
-49
-0.00299072
-230
-0.0140381
-51
-0.00311279
-168
-0.0102539
-19
-0.00115967
192
0.0117188
-10
-0.000610352
-11
-0.000671387
194
0.0118408
114
0.00695801
65
0.00396729
-151
-0.00921631
-60
-0.00366211
-19
-0.00115967
27
0.00164795
-131
-0.00799561
83
0.00506592
-92
-0.00561523
-104
-0.00634766
-329
-0.0200806
141
0.00860596
-89
-0.00543213
-76
-0.00463867
115
0.00701904
-225
-0.0137329
444
0.0270996
-18
-0.00109863
-138
-0.00842285
44
0.00268555
164
0.0100098
237
0.0144653
397
0.024231
66
0.00402832
-320
-0.0195312
125
0.00762939
-192
-0.0117188
5
0.000305176
255
0.015564
304
0.0185547
127
0.00775146
51
0.00311279
415
0.0253296
-111
-0.0067749
-154
-0.00939941
214
0.0130615
579
0.0353394
192
0.0117188
-22
-0.00134277
-158
-0.00964355
-340
-0.020752
-81
-0.00494385
-390
-0.0238037
-387
-0.0236206
261
0.0159302
107
0.00653076
-97
-0.00592041
-16
-0.000976562
196
0.0119629
74
0.0045166
377
0.0230103
-123
-0.00750732
269
0.0164185
103
0.00628662
-372
-0.0227051
-55
-0.00335693
-183
-0.0111694
-74
-0.0045166
-227
-0.013855
-84
-0.00512695
-307
-0.0187378
119
0.00726318
192
0.0117188
26
0.00158691
69
0.00421143
16
0.000976562
201
0.0122681
-33
-0.00201416
-105
-0.00640869
-35
-0.00213623
390
0.0238037
119
0.00726318
76
0.00463867
38
0.00231934
244
0.0148926
-153
-0.00933838
37
0.0022583
-77
-0.00469971
-390
-0.0238037
-257
-0.015686
-197
-0.0120239
7
0.000427246
40
0.00244141
46
0.00280762
84
0.00512695
-1
-6.10352e-05
-179
-0.0109253
-74
-0.0045166
371
0.022644
-16
-0.000976562
117
0.00714111
192
0.0117188
-173
-0.0105591
180
0.0109863
202
0.0123291
-128
-0.0078125
-229
-0.0139771
-120
-0.00732422
-245
-0.0149536
-28
-0.00170898
-301
-0.0183716
134
0.00817871
-32
-0.00195312
-116
-0.00708008
-541
-0.03302
-44
-0.00268555
-154
-0.00939941
-31
-0.00189209
173
0.0105591
-39
-0.00238037
-210
-0.0128174
-157
-0.00958252
664
0.0405273
20
0.0012207
-510
-0.0311279
-138
-0.00842285
356
0.0217285
-179
-0.0109253
-235
-0.0143433
27
0.00164795
-182
-0.0111084
-84
-0.00512695
351
0.0214233
-65
-0.00396729
67
0.00408936
37
0.0022583
64
0.00390625
-23
-0.00140381
-16
-0.000976562
1
6.10352e-05
685
0.0418091
169
0.0103149
235
0.0143433
-97
-0.00592041
129
0.00787354
-17
-0.0010376
283
0.0172729
-68
-0.00415039
14
0.000854492
-34
-0.0020752
6
0.000366211
-48
-0.00292969
516
0.0314941
12
0.000732422
-537
-0.0327759
-41
-0.00250244
-74
-0.0045166
167
0.0101929
-293
-0.0178833
87
0.00531006
-297
-0.0181274
53
0.00323486
155
0.00946045
-120
-0.00732422
158
0.00964355
-72
-0.00439453
128
0.0078125
21
0.00128174
-452
-0.0275879
107
0.00653076
-103
-0.00628662
134
0.00817871
-199
-0.012146
247
0.0150757
187
0.0114136
-61
-0.00372314
540
0.032959
-165
-0.0100708
-124
-0.00756836
-46
-0.00280762
524
0.0319824
104
0.00634766
-84
-0.00512695
-19
-0.00115967
354
0.0216064
51
0.00311279
66
0.00402832
-137
-0.00836182
262
0.0159912
85
0.00518799
-141
-0.00860596
112
0.00683594
-30
-0.00183105
3
0.000183105
183
0.0111694
-99
-0.00604248
246
0.0150146
-70
-0.00427246
76
0.00463867
-79
-0.00482178
229
0.0139771
-126
-0.00769043
-93
-0.00567627
-15
-0.000915527
300
0.0183105
-75
-0.00457764
-124
-0.00756836
-85
-0.00518799
54
0.0032959
34
0.0020752
-149
-0.00909424
-64
-0.00390625
-152
-0.00927734
-14
-0.000854492
-540
-0.032959
45
0.00274658
35
0.00213623
-6
-0.000366211
-55
-0.00335693
33
0.00201416
137
0.00836182
42
0.00256348
147
0.00897217
70
0.00427246
117
0.00714111
114
0.00695801
214
0.0130615
19
0.00115967
-90
-0.00549316
238
0.0145264
200
0.012207
155
0.00946045
552
0.0336914
-59
-0.00360107
151
0.00921631
94
0.0057373
360
0.0219727
51
0.00311279
-342
-0.020874
-352
-0.0214844
-465
-0.0283813
97
0.00592041
157
0.00958252
55
0.00335693
386
0.0235596
-159
-0.00970459
182
0.0111084
-40
-0.00244141
-294
-0.0179443
-180
-0.0109863
114
0.00695801
-116
-0.00708008
390
0.0238037
124
0.00756836
-157
-0.00958252
35
0.00213623
-45
-0.00274658
188
0.0114746
338
0.0206299
-84
-0.00512695
150
0.00915527
82
0.00500488
-482
-0.0294189
-94
-0.0057373
-209
-0.0127563
126
0.00769043
-138
-0.00842285
32
0.00195312
-88
-0.00537109
-96
-0.00585938
55
0.00335693
-22
-0.00134277
100
0.00610352
-16
-0.000976562
380
0.0231934
-42
-0.00256348
124
0.00756836
-160
-0.00976562
16
0.000976562
110
0.00671387
119
0.00726318
69
0.00421143
-331
-0.0202026
178
0.0108643
-104
-0.00634766
105
0.00640869
82
0.00500488
13
0.000793457
-192
-0.0117188
-77
-0.00469971
-24
-0.00146484
130
0.00793457
88
0.00537109
51
0.00311279
245
0.0149536
-95
-0.00579834
-158
-0.00964355
-179
-0.0109253
222
0.0135498
290
0.0177002
-39
-0.00238037
39
0.00238037
-439
-0.0267944
-9
-0.000549316
-93
-0.00567627
-134
-0.00817871
1
6.10352e-05
105
0.00640869
228
0.013916
-72
-0.00439453
-332
-0.0202637
-112
-0.00683594
-331
-0.0202026
-56
-0.00341797
-252
-0.0153809
-103
-0.00628662
-205
-0.0125122
56
0.00341797
226
0.0137939
-103
-0.00628662
124
0.00756836
100
0.00610352
91
0.0055542
138
0.00842285
55
0.00335693
80
0.00488281
-358
-0.0218506
80
0.00488281
-82
-0.00500488
10
0.000610352
-118
-0.00720215
-74
-0.0045166
-46
-0.00280762
233
0.0142212
338
0.0206299
167
0.0101929
188
0.0114746
-201
-0.0122681
-36
-0.00219727
-55
-0.00335693
-208
-0.0126953
-52
-0.00317383
-125
-0.00762939
99
0.00604248
-156
-0.00952148
-121
-0.00738525
90
0.00549316
-206
-0.0125732
-110
-0.00671387
34
0.0020752
-387
-0.0236206
-121
-0.00738525
-78
-0.00476074
132
0.00805664
-94
-0.0057373
48
0.00292969
201
0.0122681
-74
-0.0045166
-124
-0.00756836
165
0.0100708
-255
-0.015564
96
0.00585938
66
0.00402832
68
0.00415039
-164
-0.0100098
-40
-0.00244141
260
0.0158691
-24
-0.00146484
-100
-0.00610352
24
0.00146484
-370
-0.022583
70
0.00427246
123
0.00750732
16
0.000976562
-27
-0.00164795
17
0.0010376
-12
-0.000732422
-103
-0.00628662
-26
-0.00158691
-43
-0.00262451
-238
-0.0145264
-92
-0.00561523
-403
-0.0245972
109
0.00665283
-375
-0.0228882
-75
-0.00457764
-151
-0.00921631
-67
-0.00408936
221
0.0134888
-134
-0.00817871
322
0.0196533
59
0.00360107
-347
-0.0211792
142
0.00866699
-121
-0.00738525
-81
-0.00494385
-43
-0.00262451
22
0.00134277
289
0.0176392
90
0.00549316
-87
-0.00531006
-27
-0.00164795
259
0.0158081
13
0.000793457
-461
-0.0281372
-65
-0.00396729
163
0.00994873
87
0.00531006
-30
-0.00183105
134
0.00817871
54
0.0032959
88
0.00537109
515
0.0314331
70
0.00427246
4
0.000244141
70
0.00427246
214
0.0130615
-135
-0.00823975
-139
-0.00848389
-328
-0.0200195
-424
-0.0258789
95
0.00579834
253
0.0154419
-5
-0.000305176
343
0.0209351
-68
-0.00415039
-145
-0.0088501
-51
-0.00311279
233
0.0142212
87
0.00531006
-13
-0.000793457
-106
-0.00646973
58
0.00354004
63
0.00384521
-56
-0.00341797
-96
-0.00585938
-55
-0.00335693
71
0.0043335
98
0.00598145
-1
-6.10352e-05
181
0.0110474
-53
-0.00323486
-172
-0.010498
-24
-0.00146484
236
0.0144043
101
0.00616455
32
0.00195312
-104
-0.00634766
35
0.00213623
-12
-0.000732422
-395
-0.0241089
126
0.00769043
-119
-0.00726318
53
0.00323486
260
0.0158691
83
0.00506592
-9
-0.000549316
-109
-0.00665283
-69
-0.00421143
229
0.0139771
-406
-0.0247803
68
0.00415039
228
0.013916
-50
-0.00305176
179
0.0109253
-77
-0.00469971
-369
-0.022522
175
0.0106812
-230
-0.0140381
-115
-0.00701904
-87
-0.00531006
112
0.00683594
-339
-0.0206909
-34
-0.0020752
-38
-0.00231934
180
0.0109863
-180
-0.0109863
-15
-0.000915527
51
0.00311279
4
0.000244141
-94
-0.0057373
-18
-0.00109863
32
0.00195312
170
0.010376
-361
-0.0220337
-9
-0.000549316
260
0.0158691
39
0.00238037
-108
-0.0065918
-101
-0.00616455
-112
-0.00683594
94
0.0057373
-181
-0.0110474
156
0.00952148
144
0.00878906
177
0.0108032
37
0.0022583
137
0.00836182
-396
-0.0241699
51
0.00311279
298
0.0181885
-58
-0.00354004
491
0.0299683
163
0.00994873
88
0.00537109
67
0.00408936
-65
-0.00396729
241
0.0147095
-347
-0.0211792
-63
-0.00384521
-134
-0.00817871
102
0.00622559
-389
-0.0237427
42
0.00256348
-179
-0.0109253
113
0.00689697
-264
-0.0161133
-83
-0.00506592
55
0.00335693
154
0.00939941
-160
-0.00976562
-55
-0.00335693
73
0.00445557
-81
-0.00494385
-28
-0.00170898
-57
-0.003479
-4
-0.000244141
-70
-0.00427246
42
0.00256348
-62
-0.00378418
-259
-0.0158081
262
0.0159912
-82
-0.00500488
-29
-0.00177002
-264
-0.0161133
135
0.00823975
-48
-0.00292969
-192
-0.0117188
243
0.0148315
-84
-0.00512695
-382
-0.0233154
37
0.0022583
-12
-0.000732422
18
0.00109863
-124
-0.00756836
-53
-0.00323486
39
0.00238037
3
0.000183105
603
0.0368042
-27
-0.00164795
136
0.00830078
-209
-0.0127563
60
0.00366211
40
0.00244141
-140
-0.00854492
153
0.00933838
-4
-0.000244141
63
0.00384521
135
0.00823975
4
0.000244141
15
0.000915527
-77
-0.00469971
96
0.00585938
103
0.00628662
-97
-0.00592041
-152
-0.00927734
127
0.00775146
-98
-0.00598145
-82
-0.00500488
-21
-0.00128174
-270
-0.0164795
-45
-0.00274658
323
0.0197144
-117
-0.00714111
-107
-0.00653076
102
0.00622559
-318
-0.0194092
60
0.00366211
554
0.0338135
-148
-0.0090332
-155
-0.00946045
-20
-0.0012207
-134
-0.00817871
-97
-0.00592041
43
0.00262451
-46
-0.00280762
-67
-0.00408936
-56
-0.00341797
-388
-0.0236816
223
0.0136108
-47
-0.00286865
46
0.00280762
-175
-0.0106812
45
0.00274658
-224
-0.0136719
-190
-0.0115967
501
0.0305786
-9
-0.000549316
21
0.00128174
-29
-0.00177002
477
0.0291138
-27
-0.00164795
186
0.0113525
-114
-0.00695801
0
0
37
0.0022583
272
0.0166016
117
0.00714111
-240
-0.0146484
58
0.00354004
-255
-0.015564
17
0.0010376
-215
-0.0131226
108
0.0065918
225
0.0137329
-193
-0.0117798
-285
-0.017395
272
0.0166016
338
0.0206299
-72
-0.00439453
311
0.0189819
-121
-0.00738525
21
0.00128174
141
0.00860596
-139
-0.00848389
-32
-0.00195312
0
0
67
0.00408936
-129
-0.00787354
51
0.00311279
37
0.0022583
-58
-0.00354004
31
0.00189209
-234
-0.0142822
171
0.010437
-33
-0.00201416
-120
-0.00732422
-7
-0.000427246
397
0.024231
143
0.00872803
-132
-0.00805664
211
0.0128784
137
0.00836182
-52
-0.00317383
179
0.0109253
-32
-0.00195312
-35
-0.00213623
58
0.00354004
-19
-0.00115967
103
0.00628662
-523
-0.0319214
-121
-0.00738525
-226
-0.0137939
-169
-0.0103149
93
0.00567627
-33
-0.00201416
188
0.0114746
-112
-0.00683594
-522
-0.0318604
-75
-0.00457764
-32
-0.00195312
-70
-0.00427246
-12
-0.000732422
-22
-0.00134277
-117
-0.00714111
-15
-0.000915527
-100
-0.00610352
-219
-0.0133667
510
0.0311279
-106
-0.00646973
266
0.0162354
-44
-0.00268555
-59
-0.00360107
-42
-0.00256348
238
0.0145264
33
0.00201416
240
0.0146484
-133
-0.00811768
30
0.00183105
-33
-0.00201416
205
0.0125122
-117
-0.00714111
-464
-0.0283203
126
0.00769043
-67
-0.00408936
88
0.00537109
105
0.00640869
-29
-0.00177002
596
0.036377
165
0.0100708
127
0.00775146
-1
-6.10352e-05
-49
-0.00299072
92
0.00561523
532
0.0324707
21
0.00128174
65
0.00396729
168
0.0102539
63
0.00384521
20
0.0012207
94
0.0057373
45
0.00274658
392
0.0239258
110
0.00671387
226
0.0137939
34
0.0020752
-458
-0.0279541
78
0.00476074
-36
-0.00219727
173
0.0105591
-712
-0.043457
-173
-0.0105591
-139
-0.00848389
-33
-0.00201416
105
0.00640869
-40
-0.00244141
412
0.0251465
-22
-0.00134277
16
0.000976562
166
0.0101318
73
0.00445557
-71
-0.0043335
-60
-0.00366211
10
0.000610352
205
0.0125122
40
0.00244141
-379
-0.0231323
-141
-0.00860596
-124
-0.00756836
27
0.00164795
148
0.0090332
-220
-0.0134277
94
0.0057373
-129
-0.00787354
-111
-0.0067749
-109
-0.00665283
65
0.00396729
-168
-0.0102539
-304
-0.0185547
-69
-0.00421143
-245
-0.0149536
-142
-0.00866699
-78
-0.00476074
-19
-0.00115967
120
0.00732422
91
0.0055542
458
0.0279541
-312
-0.019043
-366
-0.0223389
161
0.00982666
-226
-0.0137939
-118
-0.00720215
207
0.0126343
-92
-0.00561523
249
0.0151978
205
0.0125122
-286
-0.0174561
202
0.0123291
-213
-0.0130005
-78
-0.00476074
-60
-0.00366211
215
0.0131226
210
0.0128174
-70
-0.00427246
-438
-0.0267334
192
0.0117188
488
0.0297852
84
0.00512695
-362
-0.0220947
-127
-0.00775146
-193
-0.0117798
149
0.00909424
273
0.0166626
122
0.00744629
144
0.00878906
285
0.017395
-530
-0.0323486
-42
-0.00256348
-32
-0.00195312
-44
-0.00268555
-67
-0.00408936
-76
-0.00463867
161
0.00982666
200
0.012207
-25
-0.00152588
-51
-0.00311279
202
0.0123291
78
0.00476074
-449
-0.0274048
-41
-0.00250244
218
0.0133057
122
0.00744629
265
0.0161743
-73
-0.00445557
-8
-0.000488281
139
0.00848389
-56
-0.00341797
-83
-0.00506592
-102
-0.00622559
-228
-0.013916
-85
-0.00518799
-91
-0.0055542
-151
-0.00921631
115
0.00701904
292
0.0178223
-168
-0.0102539
277
0.0169067
-227
-0.013855
-196
-0.0119629
61
0.00372314
256
0.015625
41
0.00250244
143
0.00872803
-23
-0.00140381
534
0.0325928
-24
-0.00146484
-111
-0.0067749
-120
-0.00732422
-12
-0.000732422
94
0.0057373
-410
-0.0250244
-82
-0.00500488
37
0.0022583
21
0.00128174
-247
-0.0150757
-221
-0.0134888
299
0.0182495
97
0.00592041
-241
-0.0147095
-124
-0.00756836
163
0.00994873
77
0.00469971
100
0.00610352
-52
-0.00317383
-117
-0.00714111
50
0.00305176
136
0.00830078
-36
-0.00219727
134
0.00817871
103
0.00628662
-85
-0.00518799
57
0.003479
332
0.0202637
27
0.00164795
185
0.0112915
131
0.00799561
70
0.00427246
-99
-0.00604248
-3
-0.000183105
130
0.00793457
353
0.0215454
291
0.0177612
287
0.0175171
-94
-0.0057373
-195
-0.0119019
-77
-0.00469971
-622
-0.0379639
62
0.00378418
433
0.0264282
33
0.00201416
-205
-0.0125122
-182
-0.0111084
20
0.0012207
-78
-0.00476074
221
0.0134888
120
0.00732422
97
0.00592041
110
0.00671387
-34
-0.0020752
55
0.00335693
-276
-0.0168457
-184
-0.0112305
-300
-0.0183105
-82
-0.00500488
-239
-0.0145874
77
0.00469971
133
0.00811768
-50
-0.00305176
-417
-0.0254517
5
0.000305176
60
0.00366211
-250
-0.0152588
376
0.0229492
162
0.0098877
191
0.0116577
-27
-0.00164795
291
0.0177612
160
0.00976562
-404
-0.0246582
72
0.00439453
232
0.0141602
210
0.0128174
-161
-0.00982666
45
0.00274658
138
0.00842285
115
0.00701904
-20
-0.0012207
46
0.00280762
-30
-0.00183105
-3
-0.000183105
516
0.0314941
31
0.00189209
-455
-0.027771
-275
-0.0167847
-152
-0.00927734
52
0.00317383
-156
-0.00952148
-43
-0.00262451
-376
-0.0229492
-332
-0.0202637
212
0.0129395
54
0.0032959
276
0.0168457
125
0.00762939
-74
-0.0045166
195
0.0119019
-193
-0.0117798
-255
-0.015564
-31
-0.00189209
71
0.0043335
-221
-0.0134888
-48
-0.00292969
198
0.012085
216
0.0131836
446
0.0272217
-22
-0.00134277
619
0.0377808
21
0.00128174
69
0.00421143
199
0.012146
-598
-0.036499
-32
-0.00195312
-29
-0.00177002
198
0.012085
-140
-0.00854492
52
0.00317383
68
0.00415039
-75
-0.00457764
105
0.00640869
-109
-0.00665283
258
0.0157471
-22
-0.00134277
159
0.00970459
-64
-0.00390625
66
0.00402832
-176
-0.0107422
189
0.0115356
-121
-0.00738525
183
0.0111694
-64
-0.00390625
-168
-0.0102539
57
0.003479
199
0.012146
8
0.000488281
-109
-0.00665283
177
0.0108032
-261
-0.0159302
163
0.00994873
139
0.00848389
-29
-0.00177002
2
0.00012207
-136
-0.00830078
-226
-0.0137939
25
0.00152588
-181
-0.0110474
16
0.000976562
-35
-0.00213623
71
0.0043335
44
0.00268555
-286
-0.0174561
-134
-0.00817871
124
0.00756836
-152
-0.00927734
191
0.0116577
16
0.000976562
107
0.00653076
-330
-0.0201416
82
0.00500488
-277
-0.0169067
-76
-0.00463867
95
0.00579834
159
0.00970459
-316
-0.0192871
13
0.000793457
-631
-0.0385132
-43
-0.00262451
-117
-0.00714111
296
0.0180664
-74
-0.0045166
-83
-0.00506592
-221
-0.0134888
-59
-0.00360107
-233
-0.0142212
71
0.0043335
-192
-0.0117188
-96
-0.00585938
52
0.00317383
-67
-0.00408936
-236
-0.0144043
50
0.00305176
-157
-0.00958252
-149
-0.00909424
80
0.00488281
-35
-0.00213623
53
0.00323486
93
0.00567627
-530
-0.0323486
-61
-0.00372314
-484
-0.029541
-88
-0.00537109
-146
-0.00891113
92
0.00561523
-233
-0.0142212
-32
-0.00195312
-95
-0.00579834
-103
-0.00628662
-441
-0.0269165
-123
-0.00750732
-94
-0.0057373
-149
-0.00909424
-97
-0.00592041
-96
-0.00585938
372
0.0227051
-186
-0.0113525
-121
-0.00738525
180
0.0109863
483
0.02948
-4
-0.000244141
-377
-0.0230103
146
0.00891113
208
0.0126953
-117
-0.00714111
-249
-0.0151978
-122
-0.00744629
244
0.0148926
7
0.000427246
-394
-0.0240479
-135
-0.00823975
135
0.00823975
5
0.000305176
293
0.0178833
-182
-0.0111084
-190
-0.0115967
-182
-0.0111084
22
0.00134277
42
0.00256348
60
0.00366211
-12
-0.000732422
118
0.00720215
38
0.00231934
33
0.00201416
35
0.00213623
-164
-0.0100098
82
0.00500488
66
0.00402832
139
0.00848389
-111
-0.0067749
0
0
-278
-0.0169678
-60
-0.00366211
43
0.00262451
216
0.0131836
17
0.0010376
51
0.00311279
-617
-0.0376587
35
0.00213623
110
0.00671387
-18
-0.00109863
126
0.00769043
-171
-0.010437
-10
-0.000610352
-142
-0.00866699
-202
-0.0123291
-197
-0.0120239
-150
-0.00915527
-66
-0.00402832
82
0.00500488
25
0.00152588
-422
-0.0257568
2
0.00012207
339
0.0206909
-32
-0.00195312
-319
-0.0194702
67
0.00408936
-111
-0.0067749
158
0.00964355
-70
-0.00427246
-154
-0.00939941
-643
-0.0392456
-4
-0.000244141
224
0.0136719
23
0.00140381
-78
-0.00476074
-133
-0.00811768
-323
-0.0197144
24
0.00146484
-291
-0.0177612
80
0.00488281
94
0.0057373
-115
-0.00701904
240
0.0146484
-60
-0.00366211
-262
-0.0159912
-179
-0.0109253
-249
-0.0151978
28
0.00170898
-331
-0.0202026
-268
-0.0163574
-182
-0.0111084
-170
-0.010376
-279
-0.0170288
-325
-0.0198364
168
0.0102539
74
0.0045166
136
0.00830078
-20
-0.0012207
-133
-0.00811768
157
0.00958252
-20
-0.0012207
-50
-0.00305176
239
0.0145874
-93
-0.00567627
146
0.00891113
-30
-0.00183105
103
0.00628662
98
0.00598145
-151
-0.00921631
144
0.00878906
278
0.0169678
-59
-0.00360107
-33
-0.00201416
188
0.0114746
-414
-0.0252686
-160
-0.00976562
94
0.0057373
34
0.0020752
21
0.00128174
103
0.00628662
-85
-0.00518799
-54
-0.0032959
389
0.0237427
-23
-0.00140381
295
0.0180054
119
0.00726318
-65
-0.00396729
182
0.0111084
-23
-0.00140381
155
0.00946045
-112
-0.00683594
166
0.0101318
-23
-0.00140381
-12
-0.000732422
116
0.00708008
123
0.00750732
-226
-0.0137939
36
0.00219727
376
0.0229492
69
0.00421143
519
0.0316772
202
0.0123291
36
0.00219727
162
0.0098877
-181
-0.0110474
248
0.0151367
83
0.00506592
355
0.0216675
103
0.00628662
0
0
-199
-0.012146
12
0.000732422
261
0.0159302
90
0.00549316
-28
-0.00170898
212
0.0129395
-33
-0.00201416
-126
-0.00769043
-168
-0.0102539
107
0.00653076
301
0.0183716
-8
-0.000488281
-277
-0.0169067
80
0.00488281
178
0.0108643
-27
-0.00164795
-345
-0.0210571
102
0.00622559
-239
-0.0145874
-43
-0.00262451
-198
-0.012085
-42
-0.00256348
18
0.00109863
168
0.0102539
-140
-0.00854492
-148
-0.0090332
-233
-0.0142212
28
0.00170898
-627
-0.038269
93
0.00567627
-436
-0.0266113
45
0.00274658
-26
-0.00158691
54
0.0032959
42
0.00256348
41
0.00250244
398
0.024292
-134
-0.00817871
-483
-0.02948
-119
-0.00726318
208
0.0126953
145
0.0088501
133
0.00811768
-128
-0.0078125
-654
-0.039917
130
0.00793457
-316
-0.0192871
-115
-0.00701904
44
0.00268555
-135
-0.00823975
277
0.0169067
-8
-0.000488281
192
0.0117188
82
0.00500488
-90
-0.00549316
-116
-0.00708008
-46
-0.00280762
14
0.000854492
-189
-0.0115356
55
0.00335693
-108
-0.0065918
45
0.00274658
-182
-0.0111084
-63
-0.00384521
546
0.0333252
121
0.00738525
-206
-0.0125732
-29
-0.00177002
-165
-0.0100708
140
0.00854492
205
0.0125122
30
0.00183105
-166
-0.0101318
-83
-0.00506592
-209
-0.0127563
16
0.000976562
99
0.00604248
76
0.00463867
-117
-0.00714111
144
0.00878906
-156
-0.00952148
30
0.00183105
76
0.00463867
-66
-0.00402832
185
0.0112915
-30
-0.00183105
-487
-0.0297241
-82
-0.00500488
-148
-0.0090332
78
0.00476074
-288
-0.0175781
-230
-0.0140381
-34
-0.0020752
24
0.00146484
-49
-0.00299072
216
0.0131836
-151
-0.00921631
-10
-0.000610352
-153
-0.00933838
50
0.00305176
222
0.0135498
-235
-0.0143433
-58
-0.00354004
-35
-0.00213623
-9
-0.000549316
-185
-0.0112915
-130
-0.00793457
50
0.00305176
-20
-0.0012207
50
0.00305176
-59
-0.00360107
-232
-0.0141602
-11
-0.000671387
-9
-0.000549316
-158
-0.00964355
-132
-0.00805664
-73
-0.00445557
-10
-0.000610352
188
0.0114746
98
0.00598145
-252
-0.0153809
-136
-0.00830078
-32
-0.00195312
70
0.00427246
52
0.00317383
-129
-0.00787354
550
0.0335693
245
0.0149536
-82
-0.00500488
-92
-0.00561523
6
0.000366211
-173
-0.0105591
101
0.00616455
10
0.000610352
-132
-0.00805664
-306
-0.0186768
-126
-0.00769043
47
0.00286865
-26
-0.00158691
-51
-0.00311279
312
0.019043
166
0.0101318
-232
-0.0141602
-61
-0.00372314
-138
-0.00842285
64
0.00390625
-80
-0.00488281
13
0.000793457
-332
-0.0202637
13
0.000793457
692
0.0422363
-75
-0.00457764
-192
-0.0117188
-209
-0.0127563
-427
-0.026062
65
0.00396729
150
0.00915527
-131
-0.00799561
486
0.0296631
-96
-0.00585938
255
0.015564
48
0.00292969
-66
-0.00402832
112
0.00683594
102
0.00622559
-38
-0.00231934
-344
-0.0209961
35
0.00213623
432
0.0263672
-91
-0.0055542
51
0.00311279
74
0.0045166
505
0.0308228
-48
-0.00292969
-365
-0.0222778
85
0.00518799
-265
-0.0161743
-64
-0.00390625
52
0.00317383
-201
-0.0122681
-84
-0.00512695
92
0.00561523
-123
-0.00750732
26
0.00158691
15
0.000915527
-52
-0.00317383
512
0.03125
118
0.00720215
15
0.000915527
14
0.000854492
264
0.0161133
-120
-0.00732422
78
0.00476074
51
0.00311279
-105
-0.00640869
-52
-0.00317383
-145
-0.0088501
-30
-0.00183105
-47
-0.00286865
-83
-0.00506592
-14
-0.000854492
-255
-0.015564
504
0.0307617
55
0.00335693
-497
-0.0303345
152
0.00927734
-19
-0.00115967
-129
-0.00787354
-610
-0.0372314
203
0.0123901
-64
-0.00390625
-163
-0.00994873
568
0.034668
-64
-0.00390625
207
0.0126343
-38
-0.00231934
33
0.00201416
-105
-0.00640869
130
0.00793457
-26
-0.00158691
-496
-0.0302734
-91
-0.0055542
371
0.022644
-54
-0.0032959
-2
-0.00012207
1
6.10352e-05
138
0.00842285
22
0.00134277
-408
-0.0249023
-63
-0.00384521
207
0.0126343
108
0.0065918
-70
-0.00427246
5
0.000305176
-22
-0.00134277
48
0.00292969
239
0.0145874
65
0.00396729
187
0.0114136
-97
-0.00592041
86
0.00524902
104
0.00634766
53
0.00323486
162
0.0098877
-137
-0.00836182
142
0.00866699
12
0.000732422
-27
-0.00164795
327
0.0199585
-55
-0.00335693
165
0.0100708
17
0.0010376
141
0.00860596
-139
-0.00848389
91
0.0055542
60
0.00366211
231
0.0140991
-117
-0.00714111
-89
-0.00543213
-15
-0.000915527
-191
-0.0116577
101
0.00616455
32
0.00195312
-268
-0.0163574
-152
-0.00927734
247
0.0150757
-220
-0.0134277
-29
-0.00177002
-144
-0.00878906
44
0.00268555
129
0.00787354
-32
-0.00195312
-58
-0.00354004
-16
-0.000976562
-261
-0.0159302
-188
-0.0114746
-39
-0.00238037
285
0.017395
516
0.0314941
-188
-0.0114746
57
0.003479
112
0.00683594
232
0.0141602
-195
-0.0119019
172
0.010498
-128
-0.0078125
0
0
103
0.00628662
-63
-0.00384521
223
0.0136108
-69
-0.00421143
297
0.0181274
86
0.00524902
-55
-0.00335693
-399
-0.024353
-108
-0.0065918
252
0.0153809
-103
-0.00628662
-41
-0.00250244
59
0.00360107
126
0.00769043
102
0.00622559
404
0.0246582
-89
-0.00543213
-100
-0.00610352
-214
-0.0130615
-250
-0.0152588
-41
-0.00250244
4
0.000244141
157
0.00958252
253
0.0154419
72
0.00439453
269
0.0164185
-60
-0.00366211
-8
-0.000488281
153
0.00933838
-240
-0.0146484
-239
-0.0145874
87
0.00531006
-7
-0.000427246
38
0.00231934
-75
-0.00457764
121
0.00738525
79
0.00482178
132
0.00805664
65
0.00396729
-389
-0.0237427
-59
-0.00360107
-25
-0.00152588
268
0.0163574
63
0.00384521
-273
-0.0166626
146
0.00891113
-89
-0.00543213
-59
-0.00360107
-64
-0.00390625
-355
-0.0216675
-91
-0.0055542
150
0.00915527
-155
-0.00946045
120
0.00732422
86
0.00524902
-74
-0.0045166
-144
-0.00878906
-362
-0.0220947
-106
-0.00646973
261
0.0159302
138
0.00842285
-257
-0.015686
263
0.0160522
366
0.0223389
-63
-0.00384521
294
0.0179443
-109
-0.00665283
-115
-0.00701904
-105
-0.00640869
-97
-0.00592041
-122
-0.00744629
-97
-0.00592041
86
0.00524902
-137
-0.00836182
126
0.00769043
351
0.0214233
-76
-0.00463867
264
0.0161133
-61
-0.00372314
230
0.0140381
324
0.0197754
-340
-0.020752
-22
-0.00134277
225
0.0137329
-44
-0.00268555
247
0.0150757
54
0.0032959
107
0.00653076
-68
-0.00415039
-94
-0.0057373
-31
-0.00189209
74
0.0045166
21
0.00128174
136
0.00830078
85
0.00518799
-99
-0.00604248
-89
-0.00543213
121
0.00738525
-3
-0.000183105
-255
-0.015564
-42
-0.00256348
41
0.00250244
114
0.00695801
-37
-0.0022583
240
0.0146484
-200
-0.012207
-56
-0.00341797
267
0.0162964
-13
-0.000793457
-443
-0.0270386
-86
-0.00524902
189
0.0115356
31
0.00189209
397
0.024231
57
0.003479
-311
-0.0189819
-138
-0.00842285
342
0.020874
-107
-0.00653076
-164
-0.0100098
-21
-0.00128174
-206
-0.0125732
27
0.00164795
271
0.0165405
-30
-0.00183105
76
0.00463867
26
0.00158691
-146
-0.00891113
44
0.00268555
