178
0.00384117
202
0.00435909
-911
-0.019659
-191
-0.00412171
-468
-0.0100993
-171
-0.00369012
-282
-0.00608546
-173
-0.00373328
178
0.00384117
-79
-0.00170479
-685
-0.014782
339
0.00731549
104
0.00224428
473
0.0102072
-578
-0.012473
-145
-0.00312905
-487
-0.0105093
-234
-0.00504963
-827
-0.0178464
-161
-0.00347432
-884
-0.0190764
144
0.00310747
475
0.0102503
-267
-0.00576176
894
0.0192922
-317
-0.00684074
36
0.000776867
-15
-0.000323694
475
0.0102503
197
0.00425119
-665
-0.0143505
59
0.0012732
-734
-0.0158394
-128
-0.00276219
-192
-0.00414329
687
0.0148252
149
0.00321536
-98
-0.0021148
-187
-0.00403539
-597
-0.012883
148
0.00319379
-231
-0.00498489
225
0.00485542
-368
-0.0079413
-330
-0.00712128
259
0.00558912
802
0.0173069
-876
-0.0189038
177
0.00381959
52
0.00112214
747
0.01612
335
0.00722918
763
0.0164653
101
0.00217954
564
0.0121709
-302
-0.00651705
-432
-0.0093224
-340
-0.00733707
640
0.013811
506
0.0109193
645
0.0139189
340
0.00733707
1255
0.0270824
257
0.00554596
-297
-0.00640915
121
0.00261114
-586
-0.0126457
412
0.00889081
1099
0.023716
37
0.000798446
367
0.00791972
-105
-0.00226586
689
0.0148684
200
0.00431593
-771
-0.0166379
-142
-0.00306431
560
0.0120846
258
0.00556754
-328
-0.00707812
297
0.00640915
23
0.000496331
-377
-0.00813552
-801
-0.0172853
-21
-0.000453172
430
0.00927924
-196
-0.00422961
52
0.00112214
282
0.00608546
682
0.0147173
41
0.000884765
163
0.00351748
357
0.00770393
407
0.00878291
-248
-0.00535175
-490
-0.010574
-392
-0.00845921
297
0.00640915
40
0.000863185
158
0.00340958
-120
-0.00258956
-1557
-0.0335995
-282
-0.00608546
-1198
-0.0258524
129
0.00278377
671
0.0144799
-123
-0.00265429
37
0.000798446
-101
-0.00217954
519
0.0111998
-41
-0.000884765
-1108
-0.0239102
319
0.0068839
-1259
-0.0271688
-257
-0.00554596
-121
-0.00261114
-154
-0.00332326
-584
-0.0126025
-245
-0.00528701
-110
-0.00237376
-37
-0.000798446
70
0.00151057
-108
-0.0023306
-583
-0.0125809
-144
-0.00310747
-1011
-0.021817
-21
-0.000453172
-515
-0.0111135
-21
-0.000453172
-973
-0.020997
30
0.000647389
29
0.000625809
157
0.003388
-112
-0.00241692
-272
-0.00586966
-535
-0.0115451
132
0.00284851
-363
-0.00783341
-143
-0.00308589
154
0.00332326
320
0.00690548
693
0.0149547
-555
-0.0119767
-256
-0.00552438
5
0.000107898
-662
-0.0142857
400
0.00863185
343
0.00740181
286
0.00617177
186
0.00401381
-86
-0.00185585
993
0.0214286
150
0.00323694
-88
-0.00189901
406
0.00876133
334
0.0072076
-121
-0.00261114
-562
-0.0121278
-188
-0.00405697
1010
0.0217954
68
0.00146741
-839
-0.0181053
297
0.00640915
-63
-0.00135952
182
0.00392749
775
0.0167242
169
0.00364696
-954
-0.020587
541
0.0116746
-230
-0.00496331
216
0.0046612
-832
-0.0179543
-291
-0.00627967
154
0.00332326
-62
-0.00133794
501
0.0108114
113
0.0024385
1313
0.0283341
197
0.00425119
173
0.00373328
-351
-0.00757445
-465
-0.0100345
-322
-0.00694864
565
0.0121925
103
0.0022227
312
0.00673284
-115
-0.00248166
-411
-0.00886923
214
0.00461804
-662
-0.0142857
-571
-0.012322
-435
-0.00938714
-59
-0.0012732
1500
0.0323694
397
0.00856711
-1067
-0.0230255
-421
-0.00908502
9
0.000194217
467
0.0100777
314
0.006776
447
0.00964609
114
0.00246008
142
0.00306431
-86
-0.00185585
2
4.31593e-05
-734
-0.0158394
-147
-0.00317221
-842
-0.01817
163
0.00351748
344
0.00742339
-420
-0.00906344
-320
-0.00690548
538
0.0116098
-173
-0.00373328
-85
-0.00183427
1
2.15796e-05
-24
-0.000517911
471
0.010164
162
0.0034959
303
0.00653863
-29
-0.000625809
-46
-0.000992663
-192
-0.00414329
79
0.00170479
310
0.00668968
668
0.0144152
3
6.47389e-05
-291
-0.00627967
-376
-0.00811394
-718
-0.0154942
128
0.00276219
415
0.00895555
296
0.00638757
-1244
-0.0268451
150
0.00323694
800
0.0172637
-101
-0.00217954
-91
-0.00196375
-542
-0.0116962
149
0.00321536
207
0.00446698
1354
0.0292188
-251
-0.00541649
72
0.00155373
-109
-0.00235218
1247
0.0269098
48
0.00103582
-192
-0.00414329
108
0.0023306
197
0.00425119
219
0.00472594
192
0.00414329
-90
-0.00194217
-1099
-0.023716
-125
-0.00269745
653
0.0140915
100
0.00215796
383
0.008265
577
0.0124514
-264
-0.00569702
-234
-0.00504963
-52
-0.00112214
409
0.00882607
-745
-0.0160768
-131
-0.00282693
1165
0.0251403
-301
-0.00649547
-190
-0.00410013
-395
-0.00852395
-871
-0.0187959
-484
-0.0104445
1098
0.0236944
-77
-0.00166163
-332
-0.00716444
404
0.00871817
-689
-0.0148684
203
0.00438066
-176
-0.00379801
384
0.00828658
-58
-0.00125162
58
0.00125162
-874
-0.0188606
-73
-0.00157531
926
0.0199827
147
0.00317221
-253
-0.00545965
-26
-0.00056107
-1187
-0.025615
-26
-0.00056107
1086
0.0234355
219
0.00472594
-262
-0.00565386
98
0.0021148
407
0.00878291
303
0.00653863
803
0.0173284
150
0.00323694
238
0.00513595
-12
-0.000258956
-110
-0.00237376
-168
-0.00362538
-656
-0.0141562
2
4.31593e-05
-1057
-0.0228097
-1005
-0.0216875
78
0.00168321
-131
-0.00282693
-363
-0.00783341
312
0.00673284
261
0.00563228
146
0.00315063
-672
-0.0145015
81
0.00174795
-791
-0.0170695
493
0.0106388
-837
-0.0180621
-67
-0.00144584
-808
-0.0174363
-338
-0.00729391
-1769
-0.0381744
478
0.0103151
89
0.00192059
195
0.00420803
-553
-0.0119335
170
0.00366854
-564
-0.0121709
208
0.00448856
-650
-0.0140268
-441
-0.00951662
-1021
-0.0220328
-108
-0.0023306
217
0.00468278
353
0.00761761
-82
-0.00176953
-139
-0.00299957
-61
-0.00131636
169
0.00364696
-40
-0.000863185
343
0.00740181
-92
-0.00198533
-76
-0.00164005
-596
-0.0128615
-17
-0.000366854
645
0.0139189
-94
-0.00202849
1078
0.0232628
374
0.00807078
744
0.0160552
118
0.0025464
-353
-0.00761761
-368
-0.0079413
-1018
-0.0219681
-290
-0.00625809
915
0.0197454
508
0.0109625
385
0.00830816
-68
-0.00146741
-116
-0.00250324
-288
-0.00621493
293
0.00632283
297
0.00640915
557
0.0120199
405
0.00873975
238
0.00513595
-114
-0.00246008
205
0.00442382
-27
-0.00058265
918
0.0198101
65
0.00140268
178
0.00384117
175
0.00377644
355
0.00766077
-79
-0.00170479
613
0.0132283
232
0.00500647
-304
-0.00656021
-328
-0.00707812
-1267
-0.0273414
-167
-0.0036038
586
0.0126457
165
0.00356064
-937
-0.0202201
-396
-0.00854553
595
0.0128399
-460
-0.00992663
559
0.012063
309
0.00666811
-722
-0.0155805
-164
-0.00353906
66
0.00142426
-421
-0.00908502
-1034
-0.0223133
-155
-0.00334484
908
0.0195943
-240
-0.00517911
-639
-0.0137894
-205
-0.00442382
218
0.00470436
-119
-0.00256798
-152
-0.0032801
-199
-0.00429435
-760
-0.0164005
-17
-0.000366854
150
0.00323694
106
0.00228744
-391
-0.00843763
195
0.00420803
851
0.0183643
-182
-0.00392749
-1612
-0.0347864
288
0.00621493
1070
0.0230902
-480
-0.0103582
-1071
-0.0231118
-242
-0.00522227
371
0.00800604
-133
-0.00287009
866
0.018688
430
0.00927924
373
0.0080492
-220
-0.00474752
446
0.00962451
56
0.00120846
342
0.00738023
200
0.00431593
406
0.00876133
-429
-0.00925766
355
0.00766077
234
0.00504963
-320
-0.00690548
-76
-0.00164005
-1059
-0.0228528
422
0.0091066
751
0.0162063
62
0.00133794
592
0.0127751
-497
-0.0107251
1154
0.0249029
-224
-0.00483384
-350
-0.00755287
-430
-0.00927924
-1012
-0.0218386
312
0.00673284
754
0.016271
63
0.00135952
-1132
-0.0244281
-48
-0.00103582
-103
-0.0022227
-364
-0.00785498
-78
-0.00168321
-53
-0.00114372
672
0.0145015
-187
-0.00403539
-1211
-0.0261329
-110
-0.00237376
322
0.00694864
219
0.00472594
287
0.00619335
80
0.00172637
-903
-0.0194864
78
0.00168321
-703
-0.0151705
-148
-0.00319379
-106
-0.00228744
68
0.00146741
-893
-0.0192706
472
0.0101856
-650
-0.0140268
-365
-0.00787656
109
0.00235218
310
0.00668968
-1504
-0.0324558
104
0.00224428
-508
-0.0109625
-154
-0.00332326
21
0.000453172
346
0.00746655
103
0.0022227
644
0.0138973
127
0.00274061
-190
-0.00410013
461
0.00994821
-2
-4.31593e-05
259
0.00558912
138
0.00297799
59
0.0012732
98
0.0021148
88
0.00189901
227
0.00489858
-1020
-0.0220112
146
0.00315063
23
0.000496331
249
0.00537333
117
0.00252482
-330
-0.00712128
-178
-0.00384117
88
0.00189901
1188
0.0256366
-659
-0.014221
530
0.0114372
-256
-0.00552438
1449
0.0312689
113
0.0024385
422
0.0091066
-194
-0.00418645
-269
-0.00580492
444
0.00958136
128
0.00276219
-197
-0.00425119
-576
-0.0124299
-181
-0.00390591
-867
-0.0187095
430
0.00927924
15
0.000323694
-40
-0.000863185
-866
-0.018688
227
0.00489858
142
0.00306431
21
0.000453172
-589
-0.0127104
-476
-0.0102719
340
0.00733707
-149
-0.00321536
-73
-0.00157531
-327
-0.00705654
730
0.0157531
309
0.00666811
-394
-0.00850237
328
0.00707812
515
0.0111135
146
0.00315063
252
0.00543807
669
0.0144368
369
0.00796288
-250
-0.00539491
-1134
-0.0244713
-208
-0.00448856
136
0.00293483
-135
-0.00291325
-143
-0.00308589
304
0.00656021
-316
-0.00681916
45
0.000971083
874
0.0188606
-302
-0.00651705
399
0.00861027
-46
-0.000992663
-753
-0.0162495
280
0.0060423
532
0.0114804
222
0.00479068
211
0.0045533
-180
-0.00388433
648
0.0139836
343
0.00740181
-813
-0.0175442
154
0.00332326
194
0.00418645
-511
-0.0110272
983
0.0212128
481
0.0103798
1240
0.0267587
224
0.00483384
-326
-0.00703496
639
0.0137894
-23
-0.000496331
-304
-0.00656021
-82
-0.00176953
138
0.00297799
252
0.00543807
-133
-0.00287009
-111
-0.00239534
36
0.000776867
127
0.00274061
-14
-0.000302115
412
0.00889081
-196
-0.00422961
-679
-0.0146526
51
0.00110056
9
0.000194217
144
0.00310747
259
0.00558912
-488
-0.0105309
779
0.0168105
-376
-0.00811394
109
0.00235218
257
0.00554596
-883
-0.0190548
387
0.00835132
-278
-0.00599914
58
0.00125162
-51
-0.00110056
-489
-0.0105524
37
0.000798446
354
0.00763919
162
0.0034959
169
0.00364696
-1058
-0.0228312
-679
-0.0146526
-364
-0.00785498
-69
-0.00148899
491
0.0105956
12
0.000258956
937
0.0202201
-382
-0.00824342
255
0.00550281
-335
-0.00722918
-354
-0.00763919
441
0.00951662
687
0.0148252
723
0.0156021
-414
-0.00893397
-218
-0.00470436
-12
-0.000258956
-75
-0.00161847
193
0.00416487
38
0.000820026
513
0.0110703
50
0.00107898
493
0.0106388
143
0.00308589
442
0.0095382
156
0.00336642
704
0.0151921
243
0.00524385
-551
-0.0118904
198
0.00427277
-52
-0.00112214
-105
-0.00226586
451
0.00973241
-334
-0.0072076
-1434
-0.0309452
-65
-0.00140268
-385
-0.00830816
24
0.000517911
-309
-0.00666811
-136
-0.00293483
-283
-0.00610703
-610
-0.0131636
684
0.0147605
23
0.000496331
783
0.0168968
-162
-0.0034959
-56
-0.00120846
-215
-0.00463962
-123
-0.00265429
282
0.00608546
-111
-0.00239534
40
0.000863185
465
0.0100345
-51
-0.00110056
-292
-0.00630125
522
0.0112646
45
0.000971083
99
0.00213638
24
0.000517911
-180
-0.00388433
821
0.0177169
139
0.00299957
-398
-0.00858869
-65
-0.00140268
328
0.00707812
516
0.0111351
-317
-0.00684074
192
0.00414329
-1298
-0.0280104
-95
-0.00205006
519
0.0111998
7
0.000151057
1194
0.0257661
-94
-0.00202849
80
0.00172637
134
0.00289167
194
0.00418645
-477
-0.0102935
642
0.0138541
-73
-0.00157531
174
0.00375486
0
0
1228
0.0264998
-25
-0.000539491
-71
-0.00153215
400
0.00863185
-1169
-0.0252266
31
0.000668968
-523
-0.0112861
224
0.00483384
-1062
-0.0229176
-19
-0.000410013
412
0.00889081
-128
-0.00276219
446
0.00962451
-712
-0.0153647
705
0.0152136
-309
-0.00666811
102
0.00220112
193
0.00416487
-348
-0.00750971
-422
-0.0091066
1138
0.0245576
-106
-0.00228744
109
0.00235218
273
0.00589124
-167
-0.0036038
-180
-0.00388433
448
0.00966767
241
0.00520069
-464
-0.0100129
158
0.00340958
-611
-0.0131852
379
0.00817868
573
0.0123651
-290
-0.00625809
-1267
-0.0273414
202
0.00435909
79
0.00170479
-105
-0.00226586
-304
-0.00656021
16
0.000345274
620
0.0133794
-180
-0.00388433
-637
-0.0137462
444
0.00958136
-197
-0.00425119
215
0.00463962
126
0.00271903
-11
-0.000237376
404
0.00871817
-164
-0.00353906
-197
-0.00425119
-108
-0.0023306
1465
0.0316142
-129
-0.00278377
-202
-0.00435909
-60
-0.00129478
-1000
-0.0215796
-279
-0.00602072
482
0.0104014
90
0.00194217
-1021
-0.0220328
76
0.00164005
-427
-0.0092145
48
0.00103582
-569
-0.0122788
-15
-0.000323694
-872
-0.0188174
130
0.00280535
445
0.00960293
189
0.00407855
-751
-0.0162063
-129
-0.00278377
20
0.000431593
456
0.00984031
-788
-0.0170047
-327
-0.00705654
74
0.00159689
-4
-8.63185e-05
632
0.0136383
-163
-0.00351748
-52
-0.00112214
-111
-0.00239534
584
0.0126025
-232
-0.00500647
-926
-0.0199827
261
0.00563228
-463
-0.00999137
-161
-0.00347432
174
0.00375486
-294
-0.00634441
66
0.00142426
157
0.003388
69
0.00148899
149
0.00321536
-813
-0.0175442
1
2.15796e-05
986
0.0212775
-39
-0.000841606
68
0.00146741
-127
-0.00274061
-94
-0.00202849
251
0.00541649
-256
-0.00552438
271
0.00584808
-1316
-0.0283988
144
0.00310747
-90
-0.00194217
-167
-0.0036038
-24
-0.000517911
390
0.00841606
182
0.00392749
157
0.003388
-432
-0.0093224
-273
-0.00589124
-21
-0.000453172
-49
-0.0010574
223
0.00481226
-542
-0.0116962
334
0.0072076
371
0.00800604
-525
-0.0113293
-463
-0.00999137
-330
-0.00712128
25
0.000539491
290
0.00625809
182
0.00392749
-1006
-0.0217091
-6
-0.000129478
570
0.0123004
-132
-0.00284851
293
0.00632283
-66
-0.00142426
687
0.0148252
-67
-0.00144584
-353
-0.00761761
177
0.00381959
-912
-0.0196806
684
0.0147605
-206
-0.0044454
-152
-0.0032801
656
0.0141562
310
0.00668968
1093
0.0235865
-47
-0.00101424
7
0.000151057
30
0.000647389
1058
0.0228312
53
0.00114372
491
0.0105956
223
0.00481226
13
0.000280535
241
0.00520069
86
0.00185585
236
0.00509279
-967
-0.0208675
-18
-0.000388433
-113
-0.0024385
88
0.00189901
-342
-0.00738023
469
0.0101208
-158
-0.00340958
-122
-0.00263271
-177
-0.00381959
-122
-0.00263271
1210
0.0261114
67
0.00144584
-989
-0.0213423
206
0.0044454
-160
-0.00345274
436
0.00940872
-686
-0.0148036
403
0.00869659
-757
-0.0163358
40
0.000863185
-1132
-0.0244281
215
0.00463962
569
0.0122788
-275
-0.0059344
-1071
-0.0231118
41
0.000884765
861
0.0185801
-153
-0.00330168
1964
0.0423824
-172
-0.0037117
-590
-0.012732
-129
-0.00278377
689
0.0148684
40
0.000863185
-146
-0.00315063
-300
-0.00647389
-600
-0.0129478
186
0.00401381
518
0.0111782
18
0.000388433
626
0.0135088
-253
-0.00545965
636
0.0137246
151
0.00325852
-281
-0.00606388
133
0.00287009
-31
-0.000668968
-192
-0.00414329
695
0.0149978
416
0.00897713
528
0.011394
-344
-0.00742339
794
0.0171342
-116
-0.00250324
-418
-0.00902028
259
0.00558912
-108
-0.0023306
159
0.00343116
-502
-0.010833
54
0.0011653
-757
-0.0163358
10
0.000215796
-710
-0.0153215
-97
-0.00209322
-710
-0.0153215
-481
-0.0103798
-673
-0.0145231
362
0.00781183
-681
-0.0146957
539
0.0116314
-140
-0.00302115
-172
-0.0037117
254
0.00548123
-84
-0.00181269
-646
-0.0139404
-349
-0.00753129
-357
-0.00770393
-342
-0.00738023
-507
-0.0109409
-201
-0.00433751
92
0.00198533
-103
-0.0022227
-300
-0.00647389
-97
-0.00209322
750
0.0161847
5
0.000107898
-790
-0.0170479
-197
-0.00425119
-885
-0.019098
-45
-0.000971083
-156
-0.00336642
-109
-0.00235218
-696
-0.0150194
194
0.00418645
363
0.00783341
55
0.00118688
591
0.0127536
-274
-0.00591282
939
0.0202633
-414
-0.00893397
-180
-0.00388433
-269
-0.00580492
-704
-0.0151921
-287
-0.00619335
770
0.0166163
405
0.00873975
-356
-0.00768235
-194
-0.00418645
-964
-0.0208028
498
0.0107467
-56
-0.00120846
371
0.00800604
-452
-0.00975399
-167
-0.0036038
-383
-0.008265
-213
-0.00459646
-1085
-0.0234139
-144
-0.00310747
-504
-0.0108761
-212
-0.00457488
143
0.00308589
256
0.00552438
-338
-0.00729391
-81
-0.00174795
-750
-0.0161847
11
0.000237376
151
0.00325852
200
0.00431593
-295
-0.00636599
-128
-0.00276219
45
0.000971083
163
0.00351748
88
0.00189901
-68
-0.00146741
-98
-0.0021148
97
0.00209322
69
0.00148899
100
0.00215796
-459
-0.00990505
182
0.00392749
-224
-0.00483384
-288
-0.00621493
204
0.00440224
92
0.00198533
-672
-0.0145015
-357
-0.00770393
276
0.00595598
-81
-0.00174795
1496
0.0322831
-191
-0.00412171
-1118
-0.024126
22
0.000474752
87
0.00187743
-273
-0.00589124
-800
-0.0172637
83
0.00179111
1085
0.0234139
185
0.00399223
206
0.0044454
21
0.000453172
837
0.0180621
220
0.00474752
215
0.00463962
-433
-0.00934398
-1083
-0.0233707
280
0.0060423
225
0.00485542
440
0.00949504
1021
0.0220328
192
0.00414329
-144
-0.00310747
245
0.00528701
-173
-0.00373328
-342
-0.00738023
-683
-0.0147389
-176
-0.00379801
-342
-0.00738023
75
0.00161847
-625
-0.0134873
516
0.0111351
-1216
-0.0262408
519
0.0111998
-68
-0.00146741
197
0.00425119
-94
-0.00202849
57
0.00123004
-363
-0.00783341
-211
-0.0045533
385
0.00830816
199
0.00429435
324
0.0069918
-51
-0.00110056
272
0.00586966
-438
-0.00945188
-29
-0.000625809
37
0.000798446
-269
-0.00580492
93
0.00200691
-694
-0.0149763
126
0.00271903
-176
-0.00379801
39
0.000841606
-888
-0.0191627
123
0.00265429
-1059
-0.0228528
234
0.00504963
-508
-0.0109625
-745
-0.0160768
-846
-0.0182564
309
0.00666811
725
0.0156452
-39
-0.000841606
-1291
-0.0278593
-229
-0.00494174
1315
0.0283772
-320
-0.00690548
83
0.00179111
170
0.00366854
-664
-0.0143289
-588
-0.0126888
890
0.0192059
163
0.00351748
-114
-0.00246008
-68
-0.00146741
-962
-0.0207596
103
0.0022227
-73
-0.00157531
167
0.0036038
70
0.00151057
68
0.00146741
-868
-0.0187311
-18
-0.000388433
-315
-0.00679758
64
0.0013811
1101
0.0237592
244
0.00526543
-417
-0.00899871
-179
-0.00386275
-1001
-0.0216012
112
0.00241692
132
0.00284851
-298
-0.00643073
351
0.00757445
-211
-0.0045533
294
0.00634441
-278
-0.00599914
-1261
-0.0272119
-168
-0.00362538
111
0.00239534
75
0.00161847
-1014
-0.0218817
-289
-0.00623651
-606
-0.0130773
-74
-0.00159689
-595
-0.0128399
-200
-0.00431593
-391
-0.00843763
-33
-0.000712128
-1401
-0.0302331
111
0.00239534
-356
-0.00768235
195
0.00420803
-123
-0.00265429
68
0.00146741
-1110
-0.0239534
-264
-0.00569702
-163
-0.00351748
-185
-0.00399223
-128
-0.00276219
17
0.000366854
201
0.00433751
-159
-0.00343116
749
0.0161631
-312
-0.00673284
-621
-0.0134009
38
0.000820026
519
0.0111998
309
0.00666811
-1198
-0.0258524
-69
-0.00148899
-262
-0.00565386
-131
-0.00282693
478
0.0103151
561
0.0121062
-35
-0.000755287
-231
-0.00498489
-1059
-0.0228528
404
0.00871817
899
0.0194001
-198
-0.00427277
89
0.00192059
-239
-0.00515753
228
0.00492016
234
0.00504963
-20
-0.000431593
163
0.00351748
-1242
-0.0268019
-266
-0.00574018
863
0.0186232
-225
-0.00485542
-18
-0.000388433
353
0.00761761
-1111
-0.023975
-313
-0.00675442
918
0.0198101
-57
-0.00123004
909
0.0196159
-118
-0.0025464
1070
0.0230902
467
0.0100777
150
0.00323694
51
0.00110056
-373
-0.0080492
-137
-0.00295641
597
0.012883
-102
-0.00220112
-801
-0.0172853
86
0.00185585
231
0.00498489
371
0.00800604
-425
-0.00917134
178
0.00384117
287
0.00619335
-44
-0.000949504
-403
-0.00869659
168
0.00362538
-575
-0.0124083
409
0.00882607
-328
-0.00707812
-58
-0.00125162
570
0.0123004
-283
-0.00610703
-153
-0.00330168
279
0.00602072
462
0.00996979
-414
-0.00893397
165
0.00356064
106
0.00228744
407
0.00878291
-22
-0.000474752
-168
-0.00362538
-103
-0.0022227
-229
-0.00494174
98
0.0021148
474
0.0102287
374
0.00807078
702
0.0151489
-225
-0.00485542
-958
-0.0206733
281
0.00606388
-106
-0.00228744
-13
-0.000280535
469
0.0101208
-416
-0.00897713
-183
-0.00394907
496
0.0107035
121
0.00261114
297
0.00640915
595
0.0128399
-154
-0.00332326
-1284
-0.0277082
122
0.00263271
-266
-0.00574018
79
0.00170479
-222
-0.00479068
26
0.00056107
-651
-0.0140483
-38
-0.000820026
-470
-0.0101424
-178
-0.00384117
65
0.00140268
165
0.00356064
-486
-0.0104877
-173
-0.00373328
244
0.00526543
-30
-0.000647389
785
0.01694
134
0.00289167
-507
-0.0109409
-645
-0.0139189
-214
-0.00461804
77
0.00166163
-990
-0.0213638
180
0.00388433
-384
-0.00828658
-193
-0.00416487
420
0.00906344
-31
-0.000668968
503
0.0108546
107
0.00230902
-505
-0.0108977
-137
-0.00295641
719
0.0155158
-54
-0.0011653
-82
-0.00176953
166
0.00358222
277
0.00597756
-254
-0.00548123
-432
-0.0093224
-2
-4.31593e-05
-16
-0.000345274
-58
-0.00125162
-427
-0.0092145
351
0.00757445
833
0.0179758
-108
-0.0023306
-618
-0.0133362
-72
-0.00155373
-175
-0.00377644
170
0.00366854
1329
0.0286793
-427
-0.0092145
751
0.0162063
202
0.00435909
759
0.0163789
321
0.00692706
-916
-0.0197669
441
0.00951662
-454
-0.00979715
-114
-0.00246008
-241
-0.00520069
274
0.00591282
441
0.00951662
149
0.00321536
643
0.0138757
115
0.00248166
-818
-0.0176521
-151
-0.00325852
547
0.0118041
269
0.00580492
-624
-0.0134657
45
0.000971083
-567
-0.0122356
-177
-0.00381959
-673
-0.0145231
-57
-0.00123004
-307
-0.00662495
961
0.020738
587
0.0126672
-340
-0.00733707
-206
-0.0044454
156
0.00336642
-69
-0.00148899
384
0.00828658
555
0.0119767
-295
-0.00636599
-505
-0.0108977
50
0.00107898
257
0.00554596
318
0.00686232
1000
0.0215796
-101
-0.00217954
-718
-0.0154942
189
0.00407855
1461
0.0315278
-274
-0.00591282
-422
-0.0091066
7
0.000151057
-367
-0.00791972
49
0.0010574
1309
0.0282477
-66
-0.00142426
-457
-0.00986189
-453
-0.00977557
-615
-0.0132715
395
0.00852395
1028
0.0221839
-172
-0.0037117
-131
-0.00282693
-111
-0.00239534
-285
-0.00615019
112
0.00241692
-519
-0.0111998
278
0.00599914
-809
-0.0174579
-269
-0.00580492
-517
-0.0111567
6
0.000129478
39
0.000841606
-217
-0.00468278
55
0.00118688
335
0.00722918
1214
0.0261977
241
0.00520069
-407
-0.00878291
-30
-0.000647389
323
0.00697022
70
0.00151057
523
0.0112861
-446
-0.00962451
719
0.0155158
-160
-0.00345274
-54
-0.0011653
113
0.0024385
305
0.00658179
181
0.00390591
596
0.0128615
-337
-0.00727233
851
0.0183643
83
0.00179111
-409
-0.00882607
6
0.000129478
-284
-0.00612861
-263
-0.00567544
-152
-0.0032801
-72
-0.00155373
749
0.0161631
234
0.00504963
1375
0.029672
293
0.00632283
-790
-0.0170479
352
0.00759603
-612
-0.0132067
-111
-0.00239534
-204
-0.00440224
106
0.00228744
718
0.0154942
-27
-0.00058265
407
0.00878291
552
0.011912
-536
-0.0115667
234
0.00504963
-239
-0.00515753
8
0.000172637
-514
-0.0110919
5
0.000107898
540
0.011653
-354
-0.00763919
751
0.0162063
19
0.000410013
-25
-0.000539491
22
0.000474752
-482
-0.0104014
328
0.00707812
510
0.0110056
52
0.00112214
-276
-0.00595598
110
0.00237376
856
0.0184722
-124
-0.00267587
-1459
-0.0314847
239
0.00515753
-331
-0.00714286
-405
-0.00873975
688
0.0148468
-50
-0.00107898
-20
-0.000431593
-62
-0.00133794
-297
-0.00640915
-453
-0.00977557
410
0.00884765
347
0.00748813
-818
-0.0176521
-44
-0.000949504
1035
0.0223349
431
0.00930082
-497
-0.0107251
14
0.000302115
-660
-0.0142426
83
0.00179111
-692
-0.0149331
71
0.00153215
-627
-0.0135304
-15
-0.000323694
-1076
-0.0232197
230
0.00496331
-192
-0.00414329
-58
-0.00125162
-6
-0.000129478
55
0.00118688
118
0.0025464
-161
-0.00347432
1087
0.0234571
-189
-0.00407855
620
0.0133794
133
0.00287009
164
0.00353906
77
0.00166163
-170
-0.00366854
-475
-0.0102503
-238
-0.00513595
385
0.00830816
-658
-0.0141994
-107
-0.00230902
1118
0.024126
-36
-0.000776867
76
0.00164005
-182
-0.00392749
260
0.0056107
33
0.000712128
39
0.000841606
-6
-0.000129478
-36
-0.000776867
-173
-0.00373328
-416
-0.00897713
-35
-0.000755287
682
0.0147173
369
0.00796288
-528
-0.011394
-253
-0.00545965
455
0.00981873
-291
-0.00627967
-91
-0.00196375
443
0.00955978
283
0.00610703
-130
-0.00280535
-1044
-0.0225291
175
0.00377644
-1243
-0.0268235
-205
-0.00442382
24
0.000517911
206
0.0044454
-334
-0.0072076
173
0.00373328
147
0.00317221
14
0.000302115
-320
-0.00690548
234
0.00504963
158
0.00340958
-182
-0.00392749
-263
-0.00567544
266
0.00574018
-615
-0.0132715
131
0.00282693
640
0.013811
49
0.0010574
-376
-0.00811394
-178
-0.00384117
-714
-0.0154079
98
0.0021148
-429
-0.00925766
597
0.012883
403
0.00869659
-11
-0.000237376
301
0.00649547
118
0.0025464
-1089
-0.0235002
-593
-0.0127967
-2
-4.31593e-05
63
0.00135952
306
0.00660337
-171
-0.00369012
-199
-0.00429435
400
0.00863185
-103
-0.0022227
-26
-0.00056107
-147
-0.00317221
248
0.00535175
-600
-0.0129478
-166
-0.00358222
553
0.0119335
361
0.00779025
2
4.31593e-05
-584
-0.0126025
4
8.63185e-05
-186
-0.00401381
1106
0.0238671
-285
-0.00615019
291
0.00627967
291
0.00627967
335
0.00722918
144
0.00310747
450
0.00971083
188
0.00405697
883
0.0190548
-237
-0.00511437
-945
-0.0203927
-202
-0.00435909
-615
-0.0132715
122
0.00263271
-26
-0.00056107
-160
-0.00345274
-297
-0.00640915
-95
-0.00205006
82
0.00176953
-55
-0.00118688
-587
-0.0126672
2
4.31593e-05
1177
0.0253992
-658
-0.0141994
-1060
-0.0228744
106
0.00228744
959
0.0206949
-23
-0.000496331
549
0.0118472
147
0.00317221
622
0.0134225
211
0.0045533
-627
-0.0135304
-6
-0.000129478
-519
-0.0111998
526
0.0113509
-721
-0.0155589
-125
-0.00269745
473
0.0102072
154
0.00332326
-240
-0.00517911
-122
-0.00263271
572
0.0123435
77
0.00166163
-942
-0.020328
334
0.0072076
42
0.000906344
81
0.00174795
470
0.0101424
418
0.00902028
1606
0.0346569
187
0.00403539
304
0.00656021
155
0.00334484
222
0.00479068
-416
-0.00897713
162
0.0034959
78
0.00168321
-862
-0.0186016
359
0.00774709
-900
-0.0194217
81
0.00174795
-470
-0.0101424
372
0.00802762
67
0.00144584
-4
-8.63185e-05
-369
-0.00796288
-33
-0.000712128
-988
-0.0213207
-181
-0.00390591
719
0.0155158
-582
-0.0125593
-461
-0.00994821
180
0.00388433
-1012
-0.0218386
395
0.00852395
106
0.00228744
290
0.00625809
-592
-0.0127751
-2
-4.31593e-05
-571
-0.012322
-382
-0.00824342
509
0.010984
-41
-0.000884765
644
0.0138973
294
0.00634441
-577
-0.0124514
69
0.00148899
397
0.00856711
216
0.0046612
381
0.00822184
461
0.00994821
-416
-0.00897713
153
0.00330168
-88
-0.00189901
209
0.00451014
-594
-0.0128183
-376
-0.00811394
-612
-0.0132067
86
0.00185585
145
0.00312905
-212
-0.00457488
-386
-0.00832974
-39
-0.000841606
220
0.00474752
-77
-0.00166163
-787
-0.0169832
-204
-0.00440224
114
0.00246008
75
0.00161847
-386
-0.00832974
65
0.00140268
116
0.00250324
-116
-0.00250324
195
0.00420803
-236
-0.00509279
-818
-0.0176521
29
0.000625809
-408
-0.00880449
-369
-0.00796288
-1113
-0.0240181
124
0.00267587
-7
-0.000151057
43
0.000927924
-749
-0.0161631
-22
-0.000474752
652
0.0140699
-178
-0.00384117
123
0.00265429
274
0.00591282
439
0.00947346
-249
-0.00537333
-331
-0.00714286
-21
-0.000453172
845
0.0182348
393
0.00848079
-1251
-0.0269961
24
0.000517911
-507
-0.0109409
180
0.00388433
769
0.0165947
-160
-0.00345274
-580
-0.0125162
-206
-0.0044454
127
0.00274061
-856
-0.0184722
-893
-0.0192706
55
0.00118688
-394
-0.00850237
239
0.00515753
-3
-6.47389e-05
-494
-0.0106603
-578
-0.012473
-309
-0.00666811
855
0.0184506
-86
-0.00185585
699
0.0150842
307
0.00662495
-631
-0.0136167
283
0.00610703
400
0.00863185
295
0.00636599
-66
-0.00142426
-117
-0.00252482
-12
-0.000258956
30
0.000647389
1497
0.0323047
153
0.00330168
-452
-0.00975399
-105
-0.00226586
-370
-0.00798446
-140
-0.00302115
-778
-0.016789
189
0.00407855
701
0.0151273
-447
-0.00964609
160
0.00345274
99
0.00213638
464
0.0100129
240
0.00517911
298
0.00643073
112
0.00241692
579
0.0124946
-273
-0.00589124
-4
-8.63185e-05
-344
-0.00742339
-938
-0.0202417
-322
-0.00694864
142
0.00306431
661
0.0142641
-612
-0.0132067
634
0.0136815
-734
-0.0158394
300
0.00647389
-265
-0.0057186
-425
-0.00917134
226
0.004877
146
0.00315063
-363
-0.00783341
-209
-0.00451014
-38
-0.000820026
212
0.00457488
593
0.0127967
248
0.00535175
137
0.00295641
195
0.00420803
-509
-0.010984
155
0.00334484
-949
-0.0204791
-41
-0.000884765
406
0.00876133
128
0.00276219
-782
-0.0168753
171
0.00369012
195
0.00420803
-587
-0.0126672
1457
0.0314415
-10
-0.000215796
565
0.0121925
92
0.00198533
-758
-0.0163574
-60
-0.00129478
-1584
-0.0341821
-165
-0.00356064
51
0.00110056
-17
-0.000366854
187
0.00403539
-265
-0.0057186
595
0.0128399
-249
-0.00537333
413
0.00891239
-146
-0.00315063
-1048
-0.0226155
-163
-0.00351748
1165
0.0251403
-77
-0.00166163
165
0.00356064
-177
-0.00381959
751
0.0162063
702
0.0151489
390
0.00841606
242
0.00522227
-274
-0.00591282
61
0.00131636
440
0.00949504
152
0.0032801
-115
-0.00248166
-26
-0.00056107
-341
-0.00735865
-232
-0.00500647
4
8.63185e-05
57
0.00123004
-215
-0.00463962
-338
-0.00729391
283
0.00610703
199
0.00429435
-1061
-0.022896
-178
-0.00384117
-478
-0.0103151
-70
-0.00151057
340
0.00733707
116
0.00250324
193
0.00416487
-51
-0.00110056
59
0.0012732
77
0.00166163
-181
-0.00390591
41
0.000884765
-1020
-0.0220112
-198
-0.00427277
209
0.00451014
-3
-6.47389e-05
-539
-0.0116314
-133
-0.00287009
600
0.0129478
-206
-0.0044454
-23
-0.000496331
223
0.00481226
-550
-0.0118688
-28
-0.00060423
-783
-0.0168968
-404
-0.00871817
403
0.00869659
-229
-0.00494174
1097
0.0236729
265
0.0057186
461
0.00994821
-446
-0.00962451
-236
-0.00509279
516
0.0111351
-743
-0.0160337
477
0.0102935
545
0.0117609
286
0.00617177
-392
-0.00845921
-151
-0.00325852
1648
0.0355632
-340
-0.00733707
457
0.00986189
-187
-0.00403539
-359
-0.00774709
254
0.00548123
564
0.0121709
133
0.00287009
1122
0.0242123
141
0.00304273
510
0.0110056
172
0.0037117
-395
-0.00852395
86
0.00185585
261
0.00563228
19
0.000410013
-311
-0.00671126
-544
-0.0117393
819
0.0176737
95
0.00205006
151
0.00325852
-228
-0.00492016
102
0.00220112
139
0.00299957
-177
-0.00381959
-69
-0.00148899
-379
-0.00817868
-327
-0.00705654
60
0.00129478
-505
-0.0108977
389
0.00839448
-64
-0.0013811
-349
-0.00753129
-409
-0.00882607
-48
-0.00103582
-53
-0.00114372
-421
-0.00908502
-57
-0.00123004
-149
-0.00321536
-720
-0.0155373
-540
-0.011653
135
0.00291325
616
0.0132931
-468
-0.0100993
687
0.0148252
-295
-0.00636599
-117
-0.00252482
110
0.00237376
-1533
-0.0330816
98
0.0021148
-191
-0.00412171
312
0.00673284
1865
0.040246
388
0.0083729
107
0.00230902
258
0.00556754
700
0.0151057
-249
-0.00537333
-190
-0.00410013
264
0.00569702
638
0.0137678
228
0.00492016
436
0.00940872
340
0.00733707
-152
-0.0032801
-349
-0.00753129
-829
-0.0178895
-106
-0.00228744
139
0.00299957
-2
-4.31593e-05
-326
-0.00703496
-212
-0.00457488
410
0.00884765
-601
-0.0129694
-954
-0.020587
-289
-0.00623651
511
0.0110272
303
0.00653863
-700
-0.0151057
448
0.00966767
190
0.00410013
-129
-0.00278377
-734
-0.0158394
261
0.00563228
-911
-0.019659
222
0.00479068
-512
-0.0110488
-41
-0.000884765
-436
-0.00940872
119
0.00256798
-798
-0.0172205
325
0.00701338
1423
0.0307078
273
0.00589124
-445
-0.00960293
50
0.00107898
-723
-0.0156021
257
0.00554596
1152
0.0248597
32
0.000690548
628
0.013552
494
0.0106603
-116
-0.00250324
55
0.00118688
45
0.000971083
-179
-0.00386275
570
0.0123004
488
0.0105309
-443
-0.00955978
466
0.0100561
-687
-0.0148252
-281
-0.00606388
326
0.00703496
546
0.0117825
885
0.019098
-344
-0.00742339
875
0.0188822
-676
-0.0145878
449
0.00968925
366
0.00789814
-352
-0.00759603
4
8.63185e-05
-235
-0.00507121
383
0.008265
-1002
-0.0216228
194
0.00418645
-339
-0.00731549
4
8.63185e-05
-597
-0.012883
-33
-0.000712128
158
0.00340958
382
0.00824342
508
0.0109625
-30
-0.000647389
750
0.0161847
77
0.00166163
-340
-0.00733707
13
0.000280535
-714
-0.0154079
-547
-0.0118041
-201
-0.00433751
157
0.003388
862
0.0186016
-391
-0.00843763
528
0.011394
7
0.000151057
-184
-0.00397065
-177
-0.00381959
-437
-0.0094303
365
0.00787656
703
0.0151705
0
0
35
0.000755287
-104
-0.00224428
309
0.00666811
204
0.00440224
-73
-0.00157531
109
0.00235218
-621
-0.0134009
-26
-0.00056107
103
0.0022227
338
0.00729391
-917
-0.0197885
84
0.00181269
562
0.0121278
-351
-0.00757445
-591
-0.0127536
-284
-0.00612861
260
0.0056107
-65
-0.00140268
-285
-0.00615019
-21
-0.000453172
657
0.0141778
74
0.00159689
72
0.00155373
842
0.01817
142
0.00306431
-549
-0.0118472
-20
-0.000431593
-629
-0.0135736
-794
-0.0171342
-120
-0.00258956
-35
-0.000755287
-182
-0.00392749
237
0.00511437
299
0.00645231
-204
-0.00440224
10
0.000215796
824
0.0177816
126
0.00271903
489
0.0105524
-31
-0.000668968
87
0.00187743
-51
-0.00110056
149
0.00321536
415
0.00895555
-417
-0.00899871
46
0.000992663
-136
-0.00293483
-71
-0.00153215
-362
-0.00781183
-123
-0.00265429
1518
0.0327579
-82
-0.00176953
-135
-0.00291325
-208
-0.00448856
-956
-0.0206301
-39
-0.000841606
-187
-0.00403539
-201
-0.00433751
152
0.0032801
-184
-0.00397065
-834
-0.0179974
-16
-0.000345274
-560
-0.0120846
-36
-0.000776867
-79
-0.00170479
260
0.0056107
350
0.00755287
183
0.00394907
293
0.00632283
131
0.00282693
-585
-0.0126241
-120
-0.00258956
-81
-0.00174795
-108
-0.0023306
-96
-0.00207164
39
0.000841606
81
0.00174795
-94
-0.00202849
-823
-0.01776
-8
-0.000172637
60
0.00129478
-150
-0.00323694
432
0.0093224
25
0.000539491
-320
-0.00690548
-64
-0.0013811
-382
-0.00824342
61
0.00131636
341
0.00735865
-162
-0.0034959
-249
-0.00537333
121
0.00261114
-642
-0.0138541
-143
-0.00308589
-1063
-0.0229391
-251
-0.00541649
-1114
-0.0240397
80
0.00172637
334
0.0072076
145
0.00312905
1138
0.0245576
44
0.000949504
-394
-0.00850237
-250
-0.00539491
-289
-0.00623651
-60
-0.00129478
285
0.00615019
-148
-0.00319379
-332
-0.00716444
742
0.0160121
-583
-0.0125809
181
0.00390591
1101
0.0237592
-158
-0.00340958
-527
-0.0113725
-288
-0.00621493
160
0.00345274
-73
-0.00157531
-874
-0.0188606
-222
-0.00479068
33
0.000712128
-88
-0.00189901
791
0.0170695
-33
-0.000712128
-1061
-0.022896
95
0.00205006
401
0.00865343
-11
-0.000237376
-284
-0.00612861
52
0.00112214
-414
-0.00893397
-344
-0.00742339
141
0.00304273
-12
-0.000258956
619
0.0133578
-145
-0.00312905
1562
0.0337074
-323
-0.00697022
308
0.00664653
175
0.00377644
-426
-0.00919292
316
0.00681916
604
0.0130341
-22
-0.000474752
-868
-0.0187311
-137
-0.00295641
-321
-0.00692706
-55
-0.00118688
453
0.00977557
123
0.00265429
-547
-0.0118041
198
0.00427277
661
0.0142641
-10
-0.000215796
-689
-0.0148684
-430
-0.00927924
437
0.0094303
-311
-0.00671126
-265
-0.0057186
11
0.000237376
518
0.0111782
-134
-0.00289167
-37
-0.000798446
-701
-0.0151273
-877
-0.0189253
-77
-0.00166163
-941
-0.0203064
206
0.0044454
-184
-0.00397065
73
0.00157531
908
0.0195943
307
0.00662495
-369
-0.00796288
59
0.0012732
-864
-0.0186448
27
0.00058265
-1147
-0.0247518
5
0.000107898
311
0.00671126
53
0.00114372
607
0.0130988
-82
-0.00176953
512
0.0110488
134
0.00289167
6
0.000129478
21
0.000453172
1130
0.024385
258
0.00556754
-36
-0.000776867
-100
-0.00215796
-17
-0.000366854
61
0.00131636
8
0.000172637
-81
-0.00174795
176
0.00379801
-336
-0.00725076
-24
-0.000517911
216
0.0046612
171
0.00369012
212
0.00457488
597
0.012883
437
0.0094303
-109
-0.00235218
39
0.000841606
-575
-0.0124083
-38
-0.000820026
-89
-0.00192059
-64
-0.0013811
-559
-0.012063
-70
-0.00151057
-62
-0.00133794
-44
-0.000949504
65
0.00140268
-49
-0.0010574
277
0.00597756
110
0.00237376
-749
-0.0161631
42
0.000906344
-576
-0.0124299
-641
-0.0138325
834
0.0179974
31
0.000668968
212
0.00457488
-2
-4.31593e-05
-1011
-0.021817
117
0.00252482
-735
-0.015861
267
0.00576176
-679
-0.0146526
265
0.0057186
723
0.0156021
-33
-0.000712128
640
0.013811
238
0.00513595
193
0.00416487
-86
-0.00185585
-246
-0.00530859
-576
-0.0124299
521
0.011243
2
4.31593e-05
-191
-0.00412171
71
0.00153215
1161
0.0250539
274
0.00591282
384
0.00828658
554
0.0119551
1138
0.0245576
-176
-0.00379801
3
6.47389e-05
-70
-0.00151057
-706
-0.0152352
98
0.0021148
-418
-0.00902028
-212
-0.00457488
248
0.00535175
-24
-0.000517911
258
0.00556754
2
4.31593e-05
-556
-0.0119983
-238
-0.00513595
-469
-0.0101208
281
0.00606388
-374
-0.00807078
-267
-0.00576176
-161
-0.00347432
-82
-0.00176953
192
0.00414329
-234
-0.00504963
312
0.00673284
87
0.00187743
-14
-0.000302115
453
0.00977557
249
0.00537333
-264
-0.00569702
174
0.00375486
330
0.00712128
564
0.0121709
-328
-0.00707812
437
0.0094303
-64
-0.0013811
-114
-0.00246008
117
0.00252482
711
0.0153431
409
0.00882607
-518
-0.0111782
37
0.000798446
-361
-0.00779025
389
0.00839448
376
0.00811394
94
0.00202849
205
0.00442382
-121
-0.00261114
729
0.0157315
-80
-0.00172637
-1331
-0.0287225
-89
-0.00192059
-81
-0.00174795
-30
-0.000647389
175
0.00377644
625
0.0134873
953
0.0205654
-107
-0.00230902
168
0.00362538
-339
-0.00731549
-594
-0.0128183
170
0.00366854
-8
-0.000172637
-166
-0.00358222
1919
0.0414113
-251
-0.00541649
275
0.0059344
320
0.00690548
467
0.0100777
-212
-0.00457488
215
0.00463962
129
0.00278377
391
0.00843763
408
0.00880449
-1084
-0.0233923
-261
-0.00563228
-213
-0.00459646
-47
-0.00101424
-280
-0.0060423
-82
-0.00176953
726
0.0156668
80
0.00172637
884
0.0190764
496
0.0107035
658
0.0141994
-216
-0.0046612
689
0.0148684
-110
-0.00237376
-203
-0.00438066
-149
-0.00321536
534
0.0115235
306
0.00660337
-762
-0.0164437
423
0.00912818
529
0.0114156
296
0.00638757
-466
-0.0100561
329
0.0070997
733
0.0158179
-122
-0.00263271
245
0.00528701
-447
-0.00964609
70
0.00151057
-22
-0.000474752
-609
-0.013142
-49
-0.0010574
-197
-0.00425119
80
0.00172637
369
0.00796288
-198
-0.00427277
-520
-0.0112214
204
0.00440224
-572
-0.0123435
31
0.000668968
570
0.0123004
-82
-0.00176953
-976
-0.0210617
89
0.00192059
-842
-0.01817
-198
-0.00427277
892
0.019249
326
0.00703496
213
0.00459646
-178
-0.00384117
917
0.0197885
130
0.00280535
388
0.0083729
-725
-0.0156452
85
0.00183427
93
0.00200691
-180
-0.00388433
16
0.000345274
-570
-0.0123004
177
0.00381959
378
0.0081571
564
0.0121709
-478
-0.0103151
279
0.00602072
-10
-0.000215796
-139
-0.00299957
-283
-0.00610703
-48
-0.00103582
768
0.0165732
-35
-0.000755287
-537
-0.0115883
-240
-0.00517911
944
0.0203712
457
0.00986189
261
0.00563228
-171
-0.00369012
-385
-0.00830816
87
0.00187743
-573
-0.0123651
269
0.00580492
-251
-0.00541649
120
0.00258956
972
0.0209754
-131
-0.00282693
-1226
-0.0264566
331
0.00714286
1116
0.0240829
133
0.00287009
-514
-0.0110919
261
0.00563228
365
0.00787656
82
0.00176953
968
0.0208891
-182
-0.00392749
1566
0.0337937
-321
-0.00692706
620
0.0133794
-484
-0.0104445
41
0.000884765
193
0.00416487
17
0.000366854
400
0.00863185
769
0.0165947
-65
-0.00140268
-969
-0.0209107
84
0.00181269
429
0.00925766
-219
-0.00472594
-596
-0.0128615
120
0.00258956
1287
0.027773
-462
-0.00996979
189
0.00407855
-21
-0.000453172
-1023
-0.022076
-129
-0.00278377
425
0.00917134
569
0.0122788
-515
-0.0111135
351
0.00757445
-543
-0.0117177
-25
-0.000539491
-75
-0.00161847
-442
-0.0095382
-495
-0.0106819
257
0.00554596
-507
-0.0109409
-104
-0.00224428
94
0.00202849
54
0.0011653
593
0.0127967
-15
-0.000323694
342
0.00738023
-192
-0.00414329
-203
-0.00438066
-161
-0.00347432
-892
-0.019249
-25
-0.000539491
-393
-0.00848079
-153
-0.00330168
-680
-0.0146741
-142
-0.00306431
-118
-0.0025464
195
0.00420803
-266
-0.00574018
17
0.000366854
45
0.000971083
-126
-0.00271903
690
0.0148899
37
0.000798446
-361
-0.00779025
610
0.0131636
498
0.0107467
180
0.00388433
132
0.00284851
-330
-0.00712128
-152
-0.0032801
242
0.00522227
-319
-0.0068839
-9
-0.000194217
-483
-0.010423
-7
-0.000151057
136
0.00293483
359
0.00774709
-1746
-0.037678
-255
-0.00550281
-837
-0.0180621
-19
-0.000410013
448
0.00966767
-197
-0.00425119
-447
-0.00964609
-278
-0.00599914
1117
0.0241044
236
0.00509279
446
0.00962451
415
0.00895555
788
0.0170047
90
0.00194217
818
0.0176521
500
0.0107898
-1713
-0.0369659
96
0.00207164
207
0.00446698
151
0.00325852
-1109
-0.0239318
10
0.000215796
-475
-0.0102503
149
0.00321536
-719
-0.0155158
-389
-0.00839448
-88
-0.00189901
-569
-0.0122788
-452
-0.00975399
332
0.00716444
-673
-0.0145231
50
0.00107898
698
0.0150626
-116
-0.00250324
34
0.000733707
411
0.00886923
-249
-0.00537333
55
0.00118688
162
0.0034959
-65
-0.00140268
458
0.00988347
238
0.00513595
1283
0.0276867
50
0.00107898
397
0.00856711
-76
-0.00164005
-667
-0.0143936
180
0.00388433
64
0.0013811
-159
-0.00343116
-321
-0.00692706
-217
-0.00468278
-756
-0.0163142
20
0.000431593
1345
0.0290246
199
0.00429435
513
0.0110703
-240
-0.00517911
604
0.0130341
15
0.000323694
241
0.00520069
14
0.000302115
473
0.0102072
263
0.00567544
-63
-0.00135952
92
0.00198533
-125
-0.00269745
184
0.00397065
557
0.0120199
40
0.000863185
-1224
-0.0264135
-395
-0.00852395
-45
-0.000971083
-4
-8.63185e-05
-959
-0.0206949
564
0.0121709
368
0.0079413
-188
-0.00405697
1272
0.0274493
-367
-0.00791972
-221
-0.0047691
-224
-0.00483384
-959
-0.0206949
-184
-0.00397065
-566
-0.0122141
58
0.00125162
-1153
-0.0248813
462
0.00996979
47
0.00101424
-277
-0.00597756
-885
-0.019098
46
0.000992663
463
0.00999137
-109
-0.00235218
-289
-0.00623651
-457
-0.00986189
789
0.0170263
-297
-0.00640915
-114
-0.00246008
-125
-0.00269745
578
0.012473
143
0.00308589
467
0.0100777
118
0.0025464
-740
-0.0159689
-183
-0.00394907
646
0.0139404
198
0.00427277
916
0.0197669
178
0.00384117
643
0.0138757
291
0.00627967
-1087
-0.0234571
332
0.00716444
-267
-0.00576176
349
0.00753129
1204
0.0259819
-169
-0.00364696
1114
0.0240397
115
0.00248166
-143
-0.00308589
196
0.00422961
-321
-0.00692706
318
0.00686232
-68
-0.00146741
89
0.00192059
-286
-0.00617177
-716
-0.015451
-74
-0.00159689
104
0.00224428
1008
0.0217523
163
0.00351748
1465
0.0316142
127
0.00274061
1409
0.0304057
-81
-0.00174795
-542
-0.0116962
419
0.00904186
384
0.00828658
-6
-0.000129478
-22
-0.000474752
83
0.00179111
213
0.00459646
-151
-0.00325852
-463
-0.00999137
340
0.00733707
286
0.00617177
62
0.00133794
-742
-0.0160121
16
0.000345274
77
0.00166163
-2
-4.31593e-05
762
0.0164437
-204
-0.00440224
394
0.00850237
-33
-0.000712128
444
0.00958136
69
0.00148899
-188
-0.00405697
-90
-0.00194217
-2215
-0.0477989
-795
-0.0171558
153
0.00330168
250
0.00539491
-274
-0.00591282
-160
-0.00345274
242
0.00522227
-284
-0.00612861
163
0.00351748
87
0.00187743
209
0.00451014
284
0.00612861
804
0.01735
280
0.0060423
-568
-0.0122572
-84
-0.00181269
271
0.00584808
236
0.00509279
-173
-0.00373328
-152
-0.0032801
-107
-0.00230902
295
0.00636599
-229
-0.00494174
266
0.00574018
-259
-0.00558912
191
0.00412171
1038
0.0223997
-453
-0.00977557
-97
-0.00209322
93
0.00200691
-257
-0.00554596
636
0.0137246
545
0.0117609
61
0.00131636
16
0.000345274
118
0.0025464
22
0.000474752
-21
-0.000453172
463
0.00999137
-68
-0.00146741
746
0.0160984
-212
-0.00457488
-374
-0.00807078
-141
-0.00304273
-176
-0.00379801
-406
-0.00876133
-1036
-0.0223565
-109
-0.00235218
293
0.00632283
-315
-0.00679758
-871
-0.0187959
105
0.00226586
-82
-0.00176953
170
0.00366854
90
0.00194217
-228
-0.00492016
-813
-0.0175442
235
0.00507121
-1561
-0.0336858
68
0.00146741
-577
-0.0124514
-162
-0.0034959
168
0.00362538
-215
-0.00463962
1929
0.0416271
62
0.00133794
-1267
-0.0273414
-18
-0.000388433
85
0.00183427
-278
-0.00599914
-1298
-0.0280104
36
0.000776867
-48
-0.00103582
-167
-0.0036038
11
0.000237376
-183
-0.00394907
71
0.00153215
206
0.0044454
-1839
-0.0396849
384
0.00828658
476
0.0102719
668
0.0144152
-528
-0.011394
139
0.00299957
-150
-0.00323694
-134
-0.00289167
-202
-0.00435909
306
0.00660337
267
0.00576176
-32
-0.000690548
325
0.00701338
-187
-0.00403539
-739
-0.0159473
-184
-0.00397065
504
0.0108761
650
0.0140268
-56
-0.00120846
78
0.00168321
-1667
-0.0359732
229
0.00494174
-660
-0.0142426
24
0.000517911
-507
-0.0109409
363
0.00783341
-870
-0.0187743
7
0.000151057
7
0.000151057
329
0.0070997
1104
0.0238239
-244
-0.00526543
-561
-0.0121062
-14
-0.000302115
-56
-0.00120846
-128
-0.00276219
500
0.0107898
-81
-0.00174795
-551
-0.0118904
56
0.00120846
835
0.018019
138
0.00297799
-618
-0.0133362
138
0.00297799
-901
-0.0194432
-110
-0.00237376
529
0.0114156
-517
-0.0111567
424
0.00914976
176
0.00379801
62
0.00133794
-497
-0.0107251
151
0.00325852
-178
-0.00384117
-524
-0.0113077
6
0.000129478
-44
-0.000949504
157
0.003388
-1182
-0.0255071
530
0.0114372
-159
-0.00343116
-204
-0.00440224
268
0.00578334
564
0.0121709
-830
-0.0179111
-511
-0.0110272
-94
-0.00202849
-444
-0.00958136
-920
-0.0198533
-225
-0.00485542
1058
0.0228312
177
0.00381959
-799
-0.0172421
-257
-0.00554596
527
0.0113725
-444
-0.00958136
1041
0.0224644
-138
-0.00297799
-530
-0.0114372
452
0.00975399
690
0.0148899
56
0.00120846
-206
-0.0044454
81
0.00174795
1254
0.0270609
289
0.00623651
682
0.0147173
703
0.0151705
1075
0.0231981
-278
-0.00599914
-167
-0.0036038
179
0.00386275
2
4.31593e-05
83
0.00179111
-472
-0.0101856
-201
-0.00433751
1141
0.0246224
-201
-0.00433751
-1296
-0.0279672
-183
-0.00394907
328
0.00707812
102
0.00220112
129
0.00278377
89
0.00192059
-196
-0.00422961
-190
-0.00410013
242
0.00522227
99
0.00213638
-181
-0.00390591
-147
-0.00317221
-588
-0.0126888
72
0.00155373
-321
-0.00692706
-209
-0.00451014
400
0.00863185
-34
-0.000733707
-194
-0.00418645
-25
-0.000539491
1077
0.0232413
-190
-0.00410013
852
0.0183858
232
0.00500647
-109
-0.00235218
251
0.00541649
-1113
-0.0240181
-38
-0.000820026
1132
0.0244281
-304
-0.00656021
125
0.00269745
-105
-0.00226586
243
0.00524385
299
0.00645231
19
0.000410013
-426
-0.00919292
-1221
-0.0263487
-97
-0.00209322
296
0.00638757
-149
-0.00321536
76
0.00164005
-85
-0.00183427
138
0.00297799
-671
-0.0144799
-287
-0.00619335
-19
-0.000410013
-52
-0.00112214
21
0.000453172
752
0.0162279
74
0.00159689
-594
-0.0128183
-99
-0.00213638
127
0.00274061
254
0.00548123
692
0.0149331
85
0.00183427
416
0.00897713
-164
-0.00353906
-48
-0.00103582
-396
-0.00854553
-602
-0.0129909
88
0.00189901
370
0.00798446
-217
-0.00468278
-152
-0.0032801
-60
-0.00129478
192
0.00414329
31
0.000668968
438
0.00945188
312
0.00673284
145
0.00312905
-45
-0.000971083
-52
-0.00112214
503
0.0108546
422
0.0091066
-168
-0.00362538
410
0.00884765
-33
-0.000712128
846
0.0182564
555
0.0119767
-357
-0.00770393
424
0.00914976
-506
-0.0109193
-345
-0.00744497
-631
-0.0136167
-99
-0.00213638
-97
-0.00209322
29
0.000625809
-517
-0.0111567
-380
-0.00820026
1231
0.0265645
-233
-0.00502805
108
0.0023306
-290
-0.00625809
116
0.00250324
-81
-0.00174795
765
0.0165084
222
0.00479068
263
0.00567544
-39
-0.000841606
38
0.000820026
3
6.47389e-05
-1170
-0.0252482
-155
-0.00334484
805
0.0173716
308
0.00664653
349
0.00753129
-8
-0.000172637
-607
-0.0130988
246
0.00530859
66
0.00142426
-336
-0.00725076
198
0.00427277
3
6.47389e-05
-922
-0.0198964
233
0.00502805
-573
-0.0123651
112
0.00241692
-1207
-0.0260466
271
0.00584808
-5
-0.000107898
-286
-0.00617177
-928
-0.0200259
-336
-0.00725076
1298
0.0280104
151
0.00325852
128
0.00276219
13
0.000280535
1004
0.0216659
438
0.00945188
-300
-0.00647389
220
0.00474752
494
0.0106603
621
0.0134009
507
0.0109409
97
0.00209322
277
0.00597756
38
0.000820026
527
0.0113725
31
0.000668968
-366
-0.00789814
-186
-0.00401381
-439
-0.00947346
143
0.00308589
-261
-0.00563228
-16
-0.000345274
-33
-0.000712128
220
0.00474752
1220
0.0263271
-180
-0.00388433
-182
-0.00392749
134
0.00289167
-668
-0.0144152
43
0.000927924
1108
0.0239102
66
0.00142426
-1277
-0.0275572
581
0.0125378
-678
-0.014631
-14
-0.000302115
-327
-0.00705654
651
0.0140483
-968
-0.0208891
-346
-0.00746655
277
0.00597756
-217
-0.00468278
-614
-0.0132499
319
0.0068839
205
0.00442382
-65
-0.00140268
-1456
-0.0314199
-197
-0.00425119
-47
-0.00101424
-304
-0.00656021
1948
0.0420371
-91
-0.00196375
309
0.00666811
-538
-0.0116098
-922
-0.0198964
236
0.00509279
-44
-0.000949504
-57
-0.00123004
-4
-8.63185e-05
288
0.00621493
-329
-0.0070997
89
0.00192059
662
0.0142857
16
0.000345274
91
0.00196375
-68
-0.00146741
529
0.0114156
127
0.00274061
-230
-0.00496331
259
0.00558912
-224
-0.00483384
114
0.00246008
-1083
-0.0233707
-249
-0.00537333
-118
-0.0025464
220
0.00474752
483
0.010423
-55
-0.00118688
264
0.00569702
-104
-0.00224428
-1105
-0.0238455
-124
-0.00267587
-205
-0.00442382
-301
-0.00649547
-875
-0.0188822
150
0.00323694
-237
-0.00511437
141
0.00304273
381
0.00822184
-138
-0.00297799
208
0.00448856
-538
-0.0116098
-97
-0.00209322
-183
-0.00394907
201
0.00433751
-345
-0.00744497
48
0.00103582
89
0.00192059
-320
-0.00690548
-32
-0.000690548
974
0.0210186
-86
-0.00185585
707
0.0152568
378
0.0081571
1692
0.0365127
162
0.0034959
-156
-0.00336642
49
0.0010574
-336
-0.00725076
391
0.00843763
956
0.0206301
129
0.00278377
23
0.000496331
-191
-0.00412171
631
0.0136167
71
0.00153215
599
0.0129262
-100
-0.00215796
-206
-0.0044454
-187
-0.00403539
-71
-0.00153215
169
0.00364696
254
0.00548123
-4
-8.63185e-05
-102
-0.00220112
258
0.00556754
-504
-0.0108761
-171
-0.00369012
-205
-0.00442382
-126
-0.00271903
609
0.013142
-293
-0.00632283
-2015
-0.043483
86
0.00185585
-230
-0.00496331
301
0.00649547
200
0.00431593
-30
-0.000647389
90
0.00194217
-498
-0.0107467
916
0.0197669
-140
-0.00302115
736
0.0158826
464
0.0100129
638
0.0137678
-283
-0.00610703
-356
-0.00768235
-414
-0.00893397
-926
-0.0199827
269
0.00580492
-12
-0.000258956
83
0.00179111
230
0.00496331
-29
-0.000625809
561
0.0121062
-224
-0.00483384
-704
-0.0151921
33
0.000712128
-1183
-0.0255287
-129
-0.00278377
-806
-0.0173932
-452
-0.00975399
-684
-0.0147605
333
0.00718602
-616
-0.0132931
265
0.0057186
-866
-0.018688
741
0.0159905
-1008
-0.0217523
-295
-0.00636599
172
0.0037117
-92
-0.00198533
-322
-0.00694864
-117
-0.00252482
-437
-0.0094303
-52
-0.00112214
364
0.00785498
255
0.00550281
-94
-0.00202849
43
0.000927924
-716
-0.015451
-256
-0.00552438
-67
-0.00144584
44
0.000949504
-93
-0.00200691
-407
-0.00878291
1016
0.0219249
35
0.000755287
-409
-0.00882607
61
0.00131636
343
0.00740181
-224
-0.00483384
66
0.00142426
-227
-0.00489858
-43
-0.000927924
296
0.00638757
-209
-0.00451014
-179
-0.00386275
-25
-0.000539491
622
0.0134225
90
0.00194217
-399
-0.00861027
-579
-0.0124946
-175
-0.00377644
-250
-0.00539491
119
0.00256798
7
0.000151057
124
0.00267587
859
0.0185369
147
0.00317221
-31
-0.000668968
111
0.00239534
516
0.0111351
270
0.0058265
827
0.0178464
345
0.00744497
-723
-0.0156021
-104
-0.00224428
-380
-0.00820026
192
0.00414329
1449
0.0312689
-26
-0.00056107
-508
-0.0109625
430
0.00927924
-618
-0.0133362
-193
-0.00416487
-1584
-0.0341821
221
0.0047691
-1507
-0.0325205
-267
-0.00576176
-822
-0.0177385
349
0.00753129
-437
-0.0094303
26
0.00056107
-30
-0.000647389
53
0.00114372
-302
-0.00651705
-63
-0.00135952
144
0.00310747
77
0.00166163
-608
-0.0131204
149
0.00321536
1077
0.0232413
81
0.00174795
-314
-0.006776
-5
-0.000107898
-1109
-0.0239318
265
0.0057186
140
0.00302115
311
0.00671126
-282
-0.00608546
-126
-0.00271903
295
0.00636599
89
0.00192059
-312
-0.00673284
-336
-0.00725076
701
0.0151273
299
0.00645231
87
0.00187743
-210
-0.00453172
-911
-0.019659
-120
-0.00258956
637
0.0137462
-156
-0.00336642
-645
-0.0139189
237
0.00511437
-256
-0.00552438
-101
-0.00217954
1174
0.0253345
226
0.004877
306
0.00660337
55
0.00118688
-374
-0.00807078
-101
-0.00217954
-378
-0.0081571
322
0.00694864
-402
-0.00867501
-91
-0.00196375
215
0.00463962
96
0.00207164
-616
-0.0132931
-229
-0.00494174
397
0.00856711
108
0.0023306
465
0.0100345
-192
-0.00414329
-1256
-0.027104
549
0.0118472
575
0.0124083
295
0.00636599
394
0.00850237
-3
-6.47389e-05
396
0.00854553
116
0.00250324
132
0.00284851
520
0.0112214
-467
-0.0100777
-428
-0.00923608
-469
-0.0101208
100
0.00215796
758
0.0163574
136
0.00293483
1178
0.0254208
-26
-0.00056107
730
0.0157531
72
0.00155373
-703
-0.0151705
-160
-0.00345274
-285
-0.00615019
32
0.000690548
-304
-0.00656021
-124
-0.00267587
223
0.00481226
-277
-0.00597756
1282
0.0276651
-33
-0.000712128
41
0.000884765
105
0.00226586
816
0.017609
256
0.00552438
599
0.0129262
-210
-0.00453172
-1450
-0.0312905
366
0.00789814
-788
-0.0170047
-222
-0.00479068
-432
-0.0093224
-165
-0.00356064
-780
-0.0168321
-256
-0.00552438
155
0.00334484
-179
-0.00386275
163
0.00351748
-281
-0.00606388
176
0.00379801
10
0.000215796
-106
-0.00228744
-20
-0.000431593
234
0.00504963
207
0.00446698
608
0.0131204
182
0.00392749
-792
-0.0170911
39
0.000841606
371
0.00800604
186
0.00401381
-539
-0.0116314
238
0.00513595
337
0.00727233
-487
-0.0105093
-753
-0.0162495
-414
-0.00893397
1083
0.0233707
-57
-0.00123004
-667
-0.0143936
-149
-0.00321536
-17
-0.000366854
-67
-0.00144584
1012
0.0218386
-186
-0.00401381
870
0.0187743
342
0.00738023
-577
-0.0124514
-32
-0.000690548
-1163
-0.0250971
-164
-0.00353906
-299
-0.00645231
381
0.00822184
-826
-0.0178248
-322
-0.00694864
141
0.00304273
-17
-0.000366854
439
0.00947346
497
0.0107251
263
0.00567544
485
0.0104661
98
0.0021148
-56
-0.00120846
947
0.0204359
208
0.00448856
-11
-0.000237376
-242
-0.00522227
-570
-0.0123004
-88
-0.00189901
437
0.0094303
141
0.00304273
-706
-0.0152352
377
0.00813552
631
0.0136167
143
0.00308589
-133
-0.00287009
-107
-0.00230902
445
0.00960293
2
4.31593e-05
-1046
-0.0225723
263
0.00567544
825
0.0178032
-32
-0.000690548
-96
-0.00207164
-89
-0.00192059
-739
-0.0159473
-32
-0.000690548
-182
-0.00392749
-144
-0.00310747
-113
-0.0024385
-214
-0.00461804
830
0.0179111
-79
-0.00170479
400
0.00863185
-16
-0.000345274
-461
-0.00994821
-35
-0.000755287
343
0.00740181
13
0.000280535
218
0.00470436
-69
-0.00148899
-304
-0.00656021
-43
-0.000927924
427
0.0092145
-125
-0.00269745
-789
-0.0170263
37
0.000798446
-23
-0.000496331
122
0.00263271
174
0.00375486
134
0.00289167
-113
-0.0024385
374
0.00807078
-154
-0.00332326
11
0.000237376
441
0.00951662
112
0.00241692
581
0.0125378
-59
-0.0012732
-418
-0.00902028
-205
-0.00442382
-313
-0.00675442
-7
-0.000151057
142
0.00306431
233
0.00502805
518
0.0111782
58
0.00125162
438
0.00945188
-139
-0.00299957
-216
-0.0046612
254
0.00548123
1168
0.025205
109
0.00235218
-197
-0.00425119
98
0.0021148
391
0.00843763
208
0.00448856
-474
-0.0102287
-480
-0.0103582
-621
-0.0134009
209
0.00451014
-315
-0.00679758
295
0.00636599
-757
-0.0163358
7
0.000151057
922
0.0198964
-74
-0.00159689
-77
-0.00166163
-328
-0.00707812
-936
-0.0201985
601
0.0129694
117
0.00252482
43
0.000927924
346
0.00746655
-340
-0.00733707
-245
-0.00528701
-6
-0.000129478
-414
-0.00893397
53
0.00114372
52
0.00112214
-46
-0.000992663
-54
-0.0011653
-202
-0.00435909
160
0.00345274
152
0.0032801
-557
-0.0120199
46
0.000992663
845
0.0182348
-27
-0.00058265
-235
-0.00507121
559
0.012063
-268
-0.00578334
174
0.00375486
-790
-0.0170479
78
0.00168321
-652
-0.0140699
-369
-0.00796288
-194
-0.00418645
-466
-0.0100561
-992
-0.021407
-526
-0.0113509
148
0.00319379
-590
-0.012732
-1069
-0.0230686
-80
-0.00172637
-508
-0.0109625
-362
-0.00781183
-34
-0.000733707
-164
-0.00353906
-237
-0.00511437
-252
-0.00543807
418
0.00902028
350
0.00755287
-146
-0.00315063
407
0.00878291
-169
-0.00364696
-487
-0.0105093
99
0.00213638
247
0.00533017
-772
-0.0166595
81
0.00174795
288
0.00621493
292
0.00630125
-129
-0.00278377
-248
-0.00535175
982
0.0211912
209
0.00451014
268
0.00578334
412
0.00889081
45
0.000971083
-53
-0.00114372
77
0.00166163
-8
-0.000172637
355
0.00766077
27
0.00058265
517
0.0111567
514
0.0110919
304
0.00656021
425
0.00917134
610
0.0131636
288
0.00621493
460
0.00992663
-70
-0.00151057
-274
-0.00591282
466
0.0100561
-1630
-0.0351748
170
0.00366854
267
0.00576176
-369
-0.00796288
234
0.00504963
154
0.00332326
-460
-0.00992663
242
0.00522227
-969
-0.0209107
-249
-0.00537333
-1229
-0.0265214
-37
-0.000798446
293
0.00632283
461
0.00994821
138
0.00297799
-54
-0.0011653
-923
-0.019918
233
0.00502805
1125
0.0242771
215
0.00463962
791
0.0170695
-61
-0.00131636
374
0.00807078
-397
-0.00856711
1
2.15796e-05
167
0.0036038
93
0.00200691
-121
-0.00261114
475
0.0102503
76
0.00164005
-187
-0.00403539
-27
-0.00058265
-7
-0.000151057
-81
-0.00174795
-145
-0.00312905
-260
-0.0056107
-604
-0.0130341
-333
-0.00718602
247
0.00533017
90
0.00194217
136
0.00293483
317
0.00684074
207
0.00446698
249
0.00537333
-1426
-0.0307726
-159
-0.00343116
-742
-0.0160121
273
0.00589124
193
0.00416487
-96
-0.00207164
9
0.000194217
34
0.000733707
-530
-0.0114372
350
0.00755287
-1442
-0.0311178
-39
-0.000841606
430
0.00927924
-113
-0.0024385
-47
-0.00101424
181
0.00390591
42
0.000906344
-211
-0.0045533
362
0.00781183
245
0.00528701
-366
-0.00789814
116
0.00250324
1410
0.0304273
-72
-0.00155373
-261
-0.00563228
459
0.00990505
430
0.00927924
-42
-0.000906344
1321
0.0285067
470
0.0101424
-222
-0.00479068
104
0.00224428
-104
-0.00224428
-396
-0.00854553
118
0.0025464
-176
-0.00379801
132
0.00284851
-242
-0.00522227
-495
-0.0106819
211
0.0045533
465
0.0100345
121
0.00261114
685
0.014782
154
0.00332326
193
0.00416487
497
0.0107251
-289
-0.00623651
441
0.00951662
113
0.0024385
27
0.00058265
-284
-0.00612861
373
0.0080492
-108
-0.0023306
190
0.00410013
-110
-0.00237376
-349
-0.00753129
-804
-0.01735
-176
-0.00379801
-737
-0.0159042
670
0.0144584
111
0.00239534
146
0.00315063
23
0.000496331
-351
-0.00757445
-106
-0.00228744
-52
-0.00112214
186
0.00401381
-166
-0.00358222
-269
-0.00580492
-105
-0.00226586
-150
-0.00323694
-102
-0.00220112
-22
-0.000474752
-39
-0.000841606
-823
-0.01776
-156
-0.00336642
612
0.0132067
279
0.00602072
-544
-0.0117393
100
0.00215796
547
0.0118041
384
0.00828658
-513
-0.0110703
472
0.0101856
-734
-0.0158394
-37
-0.000798446
245
0.00528701
200
0.00431593
-11
-0.000237376
364
0.00785498
-1038
-0.0223997
147
0.00317221
-10
-0.000215796
150
0.00323694
-672
-0.0145015
6
0.000129478
264
0.00569702
-178
-0.00384117
105
0.00226586
-48
-0.00103582
535
0.0115451
-125
-0.00269745
913
0.0197022
-360
-0.00776867
-1046
-0.0225723
-145
-0.00312905
-1566
-0.0337937
25
0.000539491
71
0.00153215
-275
-0.0059344
-1392
-0.0300388
-195
-0.00420803
-46
-0.000992663
-494
-0.0106603
-276
-0.00595598
-87
-0.00187743
1255
0.0270824
-254
-0.00548123
564
0.0121709
226
0.004877
-1101
-0.0237592
4
8.63185e-05
76
0.00164005
-19
-0.000410013
-522
-0.0112646
34
0.000733707
200
0.00431593
138
0.00297799
-336
-0.00725076
-368
-0.0079413
-180
-0.00388433
233
0.00502805
873
0.018839
32
0.000690548
-485
-0.0104661
20
0.000431593
-53
-0.00114372
234
0.00504963
-393
-0.00848079
43
0.000927924
-542
-0.0116962
-275
-0.0059344
-80
-0.00172637
-51
-0.00110056
900
0.0194217
195
0.00420803
-260
-0.0056107
661
0.0142641
-364
-0.00785498
-111
-0.00239534
591
0.0127536
-124
-0.00267587
582
0.0125593
-130
-0.00280535
568
0.0122572
90
0.00194217
-102
-0.00220112
360
0.00776867
-352
-0.00759603
-30
-0.000647389
-33
-0.000712128
-94
-0.00202849
-988
-0.0213207
392
0.00845921
-69
-0.00148899
192
0.00414329
-67
-0.00144584
-123
-0.00265429
-146
-0.00315063
-573
-0.0123651
-650
-0.0140268
300
0.00647389
57
0.00123004
47
0.00101424
-469
-0.0101208
-134
-0.00289167
-335
-0.00722918
114
0.00246008
547
0.0118041
-66
-0.00142426
1263
0.0272551
-11
-0.000237376
196
0.00422961
209
0.00451014
-1105
-0.0238455
466
0.0100561
-530
-0.0114372
-240
-0.00517911
252
0.00543807
491
0.0105956
-185
-0.00399223
153
0.00330168
230
0.00496331
37
0.000798446
-144
-0.00310747
580
0.0125162
587
0.0126672
-168
-0.00362538
166
0.00358222
-306
-0.00660337
1383
0.0298446
304
0.00656021
920
0.0198533
112
0.00241692
-423
-0.00912818
20
0.000431593
218
0.00470436
-623
-0.0134441
353
0.00761761
-214
-0.00461804
1097
0.0236729
165
0.00356064
421
0.00908502
-57
-0.00123004
-1276
-0.0275356
32
0.000690548
-284
-0.00612861
-73
-0.00157531
892
0.019249
12
0.000258956
454
0.00979715
-195
-0.00420803
346
0.00746655
-405
-0.00873975
-789
-0.0170263
109
0.00235218
212
0.00457488
-86
-0.00185585
308
0.00664653
-225
-0.00485542
-16
-0.000345274
454
0.00979715
-380
-0.00820026
-409
-0.00882607
554
0.0119551
99
0.00213638
-178
-0.00384117
93
0.00200691
-509
-0.010984
368
0.0079413
-105
-0.00226586
-234
-0.00504963
509
0.010984
21
0.000453172
-188
-0.00405697
-124
-0.00267587
-1567
-0.0338153
188
0.00405697
916
0.0197669
64
0.0013811
-120
-0.00258956
-103
-0.0022227
134
0.00289167
39
0.000841606
510
0.0110056
-68
-0.00146741
-813
-0.0175442
-282
-0.00608546
-801
-0.0172853
348
0.00750971
1025
0.0221191
-102
-0.00220112
447
0.00964609
127
0.00274061
365
0.00787656
-109
-0.00235218
-654
-0.0141131
317
0.00684074
24
0.000517911
-255
-0.00550281
-595
-0.0128399
242
0.00522227
1002
0.0216228
-142
-0.00306431
-753
-0.0162495
12
0.000258956
153
0.00330168
238
0.00513595
1042
0.022486
-73
-0.00157531
-845
-0.0182348
-3
-6.47389e-05
311
0.00671126
-27
-0.00058265
-295
-0.00636599
173
0.00373328
590
0.012732
-31
-0.000668968
259
0.00558912
-90
-0.00194217
333
0.00718602
418
0.00902028
-349
-0.00753129
-255
-0.00550281
286
0.00617177
169
0.00364696
237
0.00511437
-311
-0.00671126
149
0.00321536
-36
-0.000776867
-1417
-0.0305783
-72
-0.00155373
391
0.00843763
-374
-0.00807078
-38
-0.000820026
209
0.00451014
-225
-0.00485542
237
0.00511437
879
0.0189685
245
0.00528701
-397
-0.00856711
-50
-0.00107898
834
0.0179974
-241
-0.00520069
-416
-0.00897713
-199
-0.00429435
432
0.0093224
103
0.0022227
-214
-0.00461804
-92
-0.00198533
128
0.00276219
-101
-0.00217954
255
0.00550281
169
0.00364696
581
0.0125378
76
0.00164005
177
0.00381959
-168
-0.00362538
912
0.0196806
135
0.00291325
-357
-0.00770393
170
0.00366854
374
0.00807078
-101
-0.00217954
770
0.0166163
58
0.00125162
-273
-0.00589124
-92
-0.00198533
-787
-0.0169832
-10
-0.000215796
-1117
-0.0241044
-503
-0.0108546
506
0.0109193
165
0.00356064
684
0.0147605
-315
-0.00679758
-1275
-0.027514
-71
-0.00153215
456
0.00984031
477
0.0102935
-204
-0.00440224
-224
-0.00483384
-374
-0.00807078
-352
-0.00759603
371
0.00800604
165
0.00356064
-63
-0.00135952
-317
-0.00684074
-982
-0.0211912
-19
-0.000410013
-1157
-0.0249676
-175
-0.00377644
244
0.00526543
-280
-0.0060423
191
0.00412171
155
0.00334484
475
0.0102503
521
0.011243
-388
-0.0083729
47
0.00101424
-235
-0.00507121
-40
-0.000863185
-188
-0.00405697
175
0.00377644
-882
-0.0190332
-318
-0.00686232
-1026
-0.0221407
-317
-0.00684074
-148
-0.00319379
189
0.00407855
-1084
-0.0233923
239
0.00515753
-559
-0.012063
230
0.00496331
-955
-0.0206085
-280
-0.0060423
-399
-0.00861027
-373
-0.0080492
-82
-0.00176953
-427
-0.0092145
-132
-0.00284851
-278
-0.00599914
4
8.63185e-05
-82
-0.00176953
-414
-0.00893397
278
0.00599914
238
0.00513595
325
0.00701338
-1357
-0.0292836
-262
-0.00565386
86
0.00185585
144
0.00310747
86
0.00185585
401
0.00865343
617
0.0133146
25
0.000539491
692
0.0149331
-105
-0.00226586
289
0.00623651
69
0.00148899
498
0.0107467
-222
-0.00479068
482
0.0104014
53
0.00114372
146
0.00315063
315
0.00679758
-934
-0.0201554
214
0.00461804
998
0.0215365
-202
-0.00435909
524
0.0113077
240
0.00517911
-336
-0.00725076
119
0.00256798
-208
-0.00448856
705
0.0152136
-828
-0.0178679
246
0.00530859
680
0.0146741
-132
-0.00284851
775
0.0167242
-411
-0.00886923
-87
-0.00187743
111
0.00239534
121
0.00261114
193
0.00416487
-152
-0.0032801
244
0.00526543
-214
-0.00461804
-209
-0.00451014
-318
-0.00686232
362
0.00781183
-860
-0.0185585
15
0.000323694
-296
-0.00638757
353
0.00761761
581
0.0125378
-438
-0.00945188
258
0.00556754
458
0.00988347
116
0.00250324
373
0.0080492
160
0.00345274
-226
-0.004877
-1511
-0.0326068
-78
-0.00168321
43
0.000927924
381
0.00822184
-455
-0.00981873
157
0.003388
-546
-0.0117825
-286
-0.00617177
-634
-0.0136815
60
0.00129478
800
0.0172637
-339
-0.00731549
259
0.00558912
-95
-0.00205006
426
0.00919292
-179
-0.00386275
-542
-0.0116962
60
0.00129478
1041
0.0224644
216
0.0046612
-755
-0.0162926
70
0.00151057
-407
-0.00878291
245
0.00528701
-313
-0.00675442
241
0.00520069
896
0.0193353
98
0.0021148
-874
-0.0188606
212
0.00457488
212
0.00457488
-474
-0.0102287
301
0.00649547
218
0.00470436
-57
-0.00123004
-173
-0.00373328
921
0.0198748
48
0.00103582
1218
0.026284
-14
-0.000302115
116
0.00250324
-38
-0.000820026
-212
-0.00457488
159
0.00343116
-627
-0.0135304
-21
-0.000453172
-894
-0.0192922
401
0.00865343
445
0.00960293
194
0.00418645
-262
-0.00565386
302
0.00651705
1261
0.0272119
-86
-0.00185585
378
0.0081571
112
0.00241692
294
0.00634441
-218
-0.00470436
-1202
-0.0259387
103
0.0022227
-158
-0.00340958
246
0.00530859
-540
-0.011653
120
0.00258956
-331
-0.00714286
517
0.0111567
-651
-0.0140483
122
0.00263271
-799
-0.0172421
136
0.00293483
-100
-0.00215796
-25
-0.000539491
-770
-0.0166163
184
0.00397065
-230
-0.00496331
-57
-0.00123004
-307
-0.00662495
315
0.00679758
987
0.0212991
-705
-0.0152136
690
0.0148899
-281
-0.00606388
141
0.00304273
36
0.000776867
