-587
-0.0179138
109
0.00332642
7
0.000213623
292
0.00891113
124
0.00378418
-109
-0.00332642
-220
-0.00671387
-78
-0.00238037
271
0.00827026
383
0.0116882
-262
-0.00799561
100
0.00305176
-125
-0.0038147
31
0.000946045
527
0.0160828
465
0.0141907
-336
-0.0102539
-168
-0.00512695
369
0.011261
253
0.00772095
-483
-0.01474
26
0.000793457
-324
-0.0098877
-168
-0.00512695
-706
-0.0215454
-193
-0.00588989
353
0.0107727
25
0.000762939
-409
-0.0124817
100
0.00305176
-1005
-0.0306702
49
0.00149536
326
0.00994873
211
0.00643921
508
0.0155029
91
0.0027771
412
0.0125732
52
0.00158691
-619
-0.0188904
-40
-0.0012207
-278
-0.00848389
-81
-0.00247192
3
9.15527e-05
-48
-0.00146484
532
0.0162354
73
0.00222778
550
0.0167847
324
0.0098877
660
0.0201416
-84
-0.00256348
-433
-0.0132141
-20
-0.000610352
146
0.00445557
-28
-0.000854492
593
0.0180969
-67
-0.00204468
431
0.0131531
-416
-0.0126953
-222
-0.0067749
316
0.00964355
395
0.0120544
273
0.0083313
-496
-0.0151367
7
0.000213623
332
0.0101318
514
0.015686
-475
-0.0144958
190
0.00579834
257
0.00784302
72
0.00219727
233
0.0071106
-7
-0.000213623
735
0.0224304
-11
-0.000335693
-172
-0.00524902
-254
-0.00775146
160
0.00488281
57
0.0017395
-254
-0.00775146
-77
-0.00234985
143
0.00436401
-195
-0.00595093
-277
-0.00845337
116
0.00354004
-688
-0.0209961
165
0.0050354
-688
-0.0209961
-101
-0.00308228
-370
-0.0112915
172
0.00524902
-743
-0.0226746
-25
-0.000762939
652
0.0198975
-295
-0.00900269
-234
-0.00714111
18
0.000549316
-621
-0.0189514
-346
-0.0105591
282
0.00860596
165
0.0050354
10
0.000305176
-149
-0.00454712
216
0.0065918
364
0.0111084
302
0.00921631
92
0.00280762
1054
0.0321655
42
0.00128174
595
0.018158
99
0.00302124
29
0.00088501
247
0.00753784
472
0.0144043
657
0.02005
355
0.0108337
224
0.00683594
-128
-0.00390625
-84
-0.00256348
29
0.00088501
23
0.000701904
486
0.0148315
113
0.00344849
678
0.0206909
-125
-0.0038147
-271
-0.00827026
-186
-0.00567627
-252
-0.00769043
248
0.00756836
80
0.00244141
-40
-0.0012207
-283
-0.00863647
-18
-0.000549316
-491
-0.0149841
-353
-0.0107727
245
0.00747681
-13
-0.000396729
-549
-0.0167542
-72
-0.00219727
23
0.000701904
-226
-0.00689697
407
0.0124207
-18
-0.000549316
-438
-0.0133667
-91
-0.0027771
-511
-0.0155945
-192
-0.00585938
198
0.00604248
-202
-0.00616455
-841
-0.0256653
-32
-0.000976562
188
0.0057373
-228
-0.00695801
368
0.0112305
98
0.00299072
-44
-0.00134277
345
0.0105286
579
0.0176697
121
0.00369263
-203
-0.00619507
314
0.00958252
-976
-0.0297852
25
0.000762939
943
0.0287781
4
0.00012207
-175
-0.00534058
-165
-0.0050354
-188
-0.0057373
-216
-0.0065918
-626
-0.019104
-15
-0.000457764
-134
-0.00408936
-45
-0.00137329
237
0.00723267
34
0.0010376
1468
0.0447998
-9
-0.000274658
-408
-0.0124512
30
0.000915527
60
0.00183105
179
0.00546265
69
0.00210571
95
0.00289917
724
0.0220947
-95
-0.00289917
454
0.013855
-137
-0.00418091
-65
-0.00198364
-54
-0.00164795
-631
-0.0192566
121
0.00369263
522
0.0159302
111
0.00338745
502
0.0153198
180
0.00549316
917
0.0279846
-107
-0.00326538
815
0.0248718
192
0.00585938
22
0.000671387
-96
-0.00292969
99
0.00302124
7
0.000213623
-588
-0.0179443
-130
-0.00396729
170
0.00518799
185
0.00564575
323
0.00985718
-38
-0.00115967
-411
-0.0125427
-24
-0.000732422
400
0.012207
-119
-0.00363159
184
0.00561523
-60
-0.00183105
231
0.00704956
-338
-0.0103149
-177
-0.00540161
245
0.00747681
-353
-0.0107727
36
0.00109863
-10
-0.000305176
279
0.0085144
-41
-0.00125122
-159
-0.00485229
453
0.0138245
497
0.0151672
346
0.0105591
-312
-0.00952148
222
0.0067749
-26
-0.000793457
480
0.0146484
-22
-0.000671387
-198
-0.00604248
212
0.00646973
422
0.0128784
-115
-0.00350952
173
0.00527954
-119
-0.00363159
96
0.00292969
4
0.00012207
-662
-0.0202026
31
0.000946045
297
0.00906372
18
0.000549316
28
0.000854492
0
0
306
0.00933838
256
0.0078125
-353
-0.0107727
7
0.000213623
-2
-6.10352e-05
-152
-0.00463867
-86
-0.00262451
190
0.00579834
-301
-0.00918579
4
0.00012207
-1094
-0.0333862
148
0.0045166
273
0.0083313
-49
-0.00149536
264
0.00805664
213
0.00650024
-72
-0.00219727
-414
-0.0126343
-168
-0.00512695
36
0.00109863
-94
-0.00286865
236
0.00720215
284
0.00866699
212
0.00646973
632
0.0192871
269
0.00820923
149
0.00454712
-193
-0.00588989
338
0.0103149
190
0.00579834
680
0.020752
200
0.00610352
147
0.00448608
95
0.00289917
63
0.00192261
346
0.0105591
308
0.00939941
-89
-0.00271606
44
0.00134277
-266
-0.00811768
-749
-0.0228577
241
0.00735474
-248
-0.00756836
127
0.00387573
66
0.00201416
224
0.00683594
435
0.0132751
91
0.0027771
-423
-0.0129089
163
0.00497437
432
0.0131836
-229
-0.00698853
-754
-0.0230103
70
0.00213623
-229
-0.00698853
-41
-0.00125122
559
0.0170593
106
0.00323486
-185
-0.00564575
-57
-0.0017395
-81
-0.00247192
21
0.000640869
19
0.000579834
-218
-0.00665283
-454
-0.013855
-287
-0.00875854
264
0.00805664
165
0.0050354
-221
-0.00674438
-153
-0.00466919
250
0.00762939
237
0.00723267
-600
-0.0183105
-109
-0.00332642
-188
-0.0057373
-208
-0.00634766
151
0.00460815
-34
-0.0010376
-1079
-0.0329285
137
0.00418091
-92
-0.00280762
149
0.00454712
213
0.00650024
-79
-0.00241089
-728
-0.0222168
88
0.00268555
249
0.00759888
-261
-0.00796509
-100
-0.00305176
232
0.00708008
-115
-0.00350952
-118
-0.00360107
-27
-0.000823975
-151
-0.00460815
549
0.0167542
128
0.00390625
430
0.0131226
-133
-0.00405884
-53
-0.00161743
-364
-0.0111084
279
0.0085144
104
0.00317383
-582
-0.0177612
-187
-0.00570679
-628
-0.019165
74
0.0022583
175
0.00534058
-165
-0.0050354
-613
-0.0187073
-323
-0.00985718
275
0.00839233
40
0.0012207
-462
-0.0140991
162
0.00494385
392
0.0119629
-410
-0.0125122
644
0.0196533
353
0.0107727
-716
-0.0218506
-583
-0.0177917
-190
-0.00579834
-275
-0.00839233
26
0.000793457
157
0.00479126
112
0.00341797
-143
-0.00436401
526
0.0160522
-92
-0.00280762
9
0.000274658
156
0.00476074
397
0.0121155
238
0.00726318
-34
-0.0010376
73
0.00222778
-194
-0.00592041
-109
-0.00332642
39
0.00119019
96
0.00292969
131
0.0039978
179
0.00546265
218
0.00665283
631
0.0192566
213
0.00650024
-30
-0.000915527
548
0.0167236
126
0.00384521
-513
-0.0156555
188
0.0057373
-322
-0.00982666
397
0.0121155
-128
-0.00390625
0
0
626
0.019104
111
0.00338745
312
0.00952148
-60
-0.00183105
331
0.0101013
137
0.00418091
-292
-0.00891113
-108
-0.0032959
-464
-0.0141602
-356
-0.0108643
446
0.0136108
181
0.00552368
378
0.0115356
7
0.000213623
-224
-0.00683594
-245
-0.00747681
-279
-0.0085144
-177
-0.00540161
191
0.00582886
-61
-0.00186157
303
0.00924683
125
0.0038147
-159
-0.00485229
-227
-0.00692749
75
0.00228882
-220
-0.00671387
588
0.0179443
140
0.00427246
-175
-0.00534058
-48
-0.00146484
-236
-0.00720215
103
0.00314331
-642
-0.0195923
188
0.0057373
277
0.00845337
-4
-0.00012207
33
0.00100708
316
0.00964355
305
0.00930786
212
0.00646973
101
0.00308228
35
0.00106812
42
0.00128174
45
0.00137329
347
0.0105896
-100
-0.00305176
-543
-0.016571
0
0
-317
-0.00967407
-275
-0.00839233
855
0.0260925
257
0.00784302
-301
-0.00918579
351
0.0107117
-72
-0.00219727
-286
-0.00872803
42
0.00128174
-134
-0.00408936
269
0.00820923
435
0.0132751
139
0.00424194
-179
-0.00546265
-212
-0.00646973
455
0.0138855
1002
0.0305786
249
0.00759888
-180
-0.00549316
54
0.00164795
-295
-0.00900269
-41
-0.00125122
-222
-0.0067749
69
0.00210571
212
0.00646973
-157
-0.00479126
212
0.00646973
-185
-0.00564575
378
0.0115356
90
0.00274658
677
0.0206604
267
0.00814819
-182
-0.0055542
-256
-0.0078125
186
0.00567627
66
0.00201416
-52
-0.00158691
-357
-0.0108948
-68
-0.0020752
-196
-0.00598145
-248
-0.00756836
94
0.00286865
-466
-0.0142212
-547
-0.0166931
-383
-0.0116882
-505
-0.0154114
-471
-0.0143738
-26
-0.000793457
94
0.00286865
-8
-0.000244141
334
0.0101929
100
0.00305176
-522
-0.0159302
-78
-0.00238037
333
0.0101624
-47
-0.00143433
1052
0.0321045
18
0.000549316
-675
-0.0205994
-123
-0.00375366
896
0.0273438
-68
-0.0020752
-217
-0.00662231
-131
-0.0039978
-211
-0.00643921
169
0.00515747
1049
0.0320129
56
0.00170898
-732
-0.0223389
-115
-0.00350952
-462
-0.0140991
288
0.00878906
26
0.000793457
79
0.00241089
-198
-0.00604248
-79
-0.00241089
581
0.0177307
-385
-0.0117493
256
0.0078125
63
0.00192261
635
0.0193787
33
0.00100708
297
0.00906372
14
0.000427246
330
0.0100708
199
0.006073
-505
-0.0154114
-44
-0.00134277
1151
0.0351257
-2
-6.10352e-05
-336
-0.0102539
280
0.00854492
322
0.00982666
-35
-0.00106812
224
0.00683594
-175
-0.00534058
473
0.0144348
191
0.00582886
309
0.00942993
-300
-0.00915527
-121
-0.00369263
66
0.00201416
228
0.00695801
-74
-0.0022583
-513
-0.0156555
-295
-0.00900269
-488
-0.0148926
-140
-0.00427246
-700
-0.0213623
-204
-0.00622559
574
0.0175171
43
0.00131226
163
0.00497437
-30
-0.000915527
-530
-0.0161743
299
0.00912476
4
0.00012207
-59
-0.00180054
-368
-0.0112305
299
0.00912476
-493
-0.0150452
-63
-0.00192261
-99
-0.00302124
-14
-0.000427246
-596
-0.0181885
62
0.00189209
-559
-0.0170593
6
0.000183105
71
0.00216675
-237
-0.00723267
590
0.0180054
138
0.00421143
122
0.00372314
-84
-0.00256348
-220
-0.00671387
116
0.00354004
-170
-0.00518799
78
0.00238037
-36
-0.00109863
79
0.00241089
-427
-0.013031
37
0.00112915
689
0.0210266
147
0.00448608
-202
-0.00616455
156
0.00476074
753
0.0229797
405
0.0123596
-53
-0.00161743
-186
-0.00567627
-91
-0.0027771
391
0.0119324
140
0.00427246
-220
-0.00671387
-156
-0.00476074
186
0.00567627
147
0.00448608
-47
-0.00143433
-166
-0.00506592
-22
-0.000671387
181
0.00552368
-16
-0.000488281
-618
-0.0188599
-109
-0.00332642
176
0.00537109
93
0.00283813
224
0.00683594
89
0.00271606
-207
-0.00631714
63
0.00192261
-46
-0.00140381
-173
-0.00527954
-755
-0.0230408
-106
-0.00323486
-39
-0.00119019
45
0.00137329
275
0.00839233
108
0.0032959
-629
-0.0191956
269
0.00820923
-633
-0.0193176
144
0.00439453
527
0.0160828
166
0.00506592
202
0.00616455
-307
-0.0093689
832
0.0253906
-106
-0.00323486
210
0.00640869
283
0.00863647
215
0.00656128
12
0.000366211
382
0.0116577
224
0.00683594
348
0.0106201
-166
-0.00506592
-50
-0.00152588
-216
-0.0065918
7
0.000213623
81
0.00247192
-319
-0.00973511
-211
-0.00643921
293
0.00894165
-106
-0.00323486
-133
-0.00405884
53
0.00161743
-84
-0.00256348
194
0.00592041
-116
-0.00354004
92
0.00280762
756
0.0230713
129
0.00393677
-390
-0.0119019
101
0.00308228
109
0.00332642
-286
-0.00872803
-1080
-0.032959
429
0.013092
81
0.00247192
49
0.00149536
94
0.00286865
-40
-0.0012207
475
0.0144958
-251
-0.00765991
-522
-0.0159302
71
0.00216675
-87
-0.00265503
-172
-0.00524902
-515
-0.0157166
149
0.00454712
478
0.0145874
135
0.00411987
196
0.00598145
253
0.00772095
261
0.00796509
-53
-0.00161743
1127
0.0343933
7
0.000213623
999
0.0304871
184
0.00561523
-148
-0.0045166
-181
-0.00552368
344
0.010498
-204
-0.00622559
287
0.00875854
123
0.00375366
579
0.0176697
-30
-0.000915527
-464
-0.0141602
108
0.0032959
-274
-0.00836182
-160
-0.00488281
-390
-0.0119019
102
0.00311279
59
0.00180054
22
0.000671387
-140
-0.00427246
-395
-0.0120544
-176
-0.00537109
204
0.00622559
97
0.00296021
-34
-0.0010376
-222
-0.0067749
6
0.000183105
482
0.0147095
193
0.00588989
-398
-0.012146
-127
-0.00387573
392
0.0119629
-53
-0.00161743
61
0.00186157
-14
-0.000427246
-118
-0.00360107
-166
-0.00506592
73
0.00222778
52
0.00158691
53
0.00161743
-153
-0.00466919
-18
-0.000549316
58
0.00177002
-597
-0.018219
-337
-0.0102844
-579
-0.0176697
-83
-0.00253296
-603
-0.0184021
-76
-0.00231934
-538
-0.0164185
12
0.000366211
-274
-0.00836182
115
0.00350952
-467
-0.0142517
-74
-0.0022583
-503
-0.0153503
-508
-0.0155029
-457
-0.0139465
27
0.000823975
124
0.00378418
-11
-0.000335693
-185
-0.00564575
-130
-0.00396729
15
0.000457764
-86
-0.00262451
201
0.00613403
180
0.00549316
889
0.0271301
140
0.00427246
72
0.00219727
-217
-0.00662231
-622
-0.0189819
143
0.00436401
244
0.00744629
108
0.0032959
391
0.0119324
208
0.00634766
269
0.00820923
-369
-0.011261
973
0.0296936
471
0.0143738
96
0.00292969
289
0.00881958
329
0.0100403
130
0.00396729
202
0.00616455
202
0.00616455
-174
-0.00531006
-24
-0.000732422
-815
-0.0248718
-146
-0.00445557
598
0.0182495
-83
-0.00253296
17
0.000518799
-309
-0.00942993
168
0.00512695
-401
-0.0122375
205
0.0062561
122
0.00372314
247
0.00753784
-65
-0.00198364
970
0.0296021
31
0.000946045
-348
-0.0106201
-103
-0.00314331
133
0.00405884
75
0.00228882
65
0.00198364
39
0.00119019
570
0.017395
-52
-0.00158691
-561
-0.0171204
-17
-0.000518799
-197
-0.00601196
87
0.00265503
-373
-0.0113831
-168
-0.00512695
156
0.00476074
-528
-0.0161133
-646
-0.0197144
-156
-0.00476074
283
0.00863647
22
0.000671387
-61
-0.00186157
56
0.00170898
-960
-0.0292969
112
0.00341797
999
0.0304871
-237
-0.00723267
87
0.00265503
-138
-0.00421143
-159
-0.00485229
65
0.00198364
111
0.00338745
-263
-0.00802612
-912
-0.027832
-169
-0.00515747
145
0.00442505
-97
-0.00296021
-78
-0.00238037
-212
-0.00646973
-638
-0.0194702
-378
-0.0115356
480
0.0146484
-336
-0.0102539
-145
-0.00442505
-196
-0.00598145
787
0.0240173
-175
-0.00534058
525
0.0160217
-79
-0.00241089
648
0.0197754
-254
-0.00775146
-89
-0.00271606
73
0.00222778
67
0.00204468
-167
-0.00509644
19
0.000579834
152
0.00463867
-308
-0.00939941
1
3.05176e-05
-110
-0.00335693
-104
-0.00317383
274
0.00836182
115
0.00350952
-192
-0.00585938
232
0.00708008
-241
-0.00735474
295
0.00900269
-1033
-0.0315247
-231
-0.00704956
442
0.0134888
58
0.00177002
408
0.0124512
-41
-0.00125122
-431
-0.0131531
-208
-0.00634766
62
0.00189209
181
0.00552368
378
0.0115356
-198
-0.00604248
-191
-0.00582886
-190
-0.00579834
-341
-0.0104065
172
0.00524902
1308
0.039917
401
0.0122375
107
0.00326538
-452
-0.0137939
-269
-0.00820923
122
0.00372314
-228
-0.00695801
-307
-0.0093689
-300
-0.00915527
-260
-0.00793457
540
0.0164795
205
0.0062561
257
0.00784302
133
0.00405884
-119
-0.00363159
-323
-0.00985718
-243
-0.00741577
-62
-0.00189209
-649
-0.0198059
175
0.00534058
-139
-0.00424194
114
0.003479
-144
-0.00439453
51
0.0015564
791
0.0241394
-13
-0.000396729
190
0.00579834
67
0.00204468
1
3.05176e-05
-364
-0.0111084
-49
-0.00149536
191
0.00582886
218
0.00665283
-381
-0.0116272
-642
-0.0195923
-66
-0.00201416
29
0.00088501
47
0.00143433
-550
-0.0167847
-55
-0.00167847
191
0.00582886
-80
-0.00244141
-258
-0.00787354
-219
-0.00668335
-504
-0.0153809
-258
-0.00787354
-801
-0.0244446
216
0.0065918
-416
-0.0126953
-338
-0.0103149
-463
-0.0141296
-197
-0.00601196
-373
-0.0113831
-65
-0.00198364
456
0.013916
29
0.00088501
-597
-0.018219
246
0.00750732
66
0.00201416
-111
-0.00338745
-287
-0.00875854
13
0.000396729
443
0.0135193
-31
-0.000946045
-219
-0.00668335
-362
-0.0110474
80
0.00244141
-111
-0.00338745
-763
-0.0232849
140
0.00427246
315
0.00961304
-129
-0.00393677
641
0.0195618
-282
-0.00860596
225
0.00686646
-286
-0.00872803
167
0.00509644
-403
-0.0122986
259
0.00790405
-522
-0.0159302
-265
-0.00808716
-52
-0.00158691
397
0.0121155
297
0.00906372
-467
-0.0142517
334
0.0101929
17
0.000518799
360
0.0109863
353
0.0107727
-83
-0.00253296
335
0.0102234
-189
-0.00576782
100
0.00305176
-83
-0.00253296
306
0.00933838
111
0.00338745
886
0.0270386
102
0.00311279
677
0.0206604
-134
-0.00408936
-461
-0.0140686
-85
-0.00259399
-259
-0.00790405
320
0.00976562
535
0.0163269
-6
-0.000183105
-387
-0.0118103
285
0.00869751
-570
-0.017395
-142
-0.0043335
266
0.00811768
-152
-0.00463867
177
0.00540161
-97
-0.00296021
-246
-0.00750732
-162
-0.00494385
-69
-0.00210571
110
0.00335693
-49
-0.00149536
-462
-0.0140991
-503
-0.0153503
489
0.0149231
1
3.05176e-05
144
0.00439453
-46
-0.00140381
166
0.00506592
308
0.00939941
-341
-0.0104065
-33
-0.00100708
94
0.00286865
-158
-0.00482178
-148
-0.0045166
-57
-0.0017395
-152
-0.00463867
-46
-0.00140381
-96
-0.00292969
-568
-0.017334
-54
-0.00164795
886
0.0270386
141
0.00430298
778
0.0237427
505
0.0154114
-40
-0.0012207
39
0.00119019
515
0.0157166
-64
-0.00195312
179
0.00546265
5
0.000152588
-232
-0.00708008
54
0.00164795
217
0.00662231
-115
-0.00350952
403
0.0122986
63
0.00192261
73
0.00222778
45
0.00137329
558
0.0170288
-15
-0.000457764
-87
-0.00265503
-120
-0.00366211
-431
-0.0131531
87
0.00265503
123
0.00375366
-151
-0.00460815
-562
-0.0171509
-185
-0.00564575
-503
-0.0153503
229
0.00698853
-522
-0.0159302
-90
-0.00274658
521
0.0158997
254
0.00775146
-426
-0.0130005
264
0.00805664
-346
-0.0105591
-252
-0.00769043
472
0.0144043
-129
-0.00393677
-216
-0.0065918
-31
-0.000946045
90
0.00274658
-190
-0.00579834
558
0.0170288
48
0.00146484
92
0.00280762
29
0.00088501
498
0.0151978
353
0.0107727
536
0.0163574
7
0.000213623
1276
0.0389404
-163
-0.00497437
-761
-0.0232239
72
0.00219727
278
0.00848389
-410
-0.0125122
-59
-0.00180054
-98
-0.00299072
92
0.00280762
-544
-0.0166016
238
0.00726318
82
0.00250244
499
0.0152283
169
0.00515747
-675
-0.0205994
387
0.0118103
190
0.00579834
-16
-0.000488281
-123
-0.00375366
-57
-0.0017395
-678
-0.0206909
-211
-0.00643921
-553
-0.0168762
-259
-0.00790405
-437
-0.0133362
131
0.0039978
21
0.000640869
81
0.00247192
312
0.00952148
-64
-0.00195312
31
0.000946045
125
0.0038147
-48
-0.00146484
162
0.00494385
249
0.00759888
17
0.000518799
-710
-0.0216675
-341
-0.0104065
167
0.00509644
-138
-0.00421143
364
0.0111084
-104
-0.00317383
138
0.00421143
-11
-0.000335693
-581
-0.0177307
-266
-0.00811768
-334
-0.0101929
101
0.00308228
-690
-0.0210571
-513
-0.0156555
-78
-0.00238037
28
0.000854492
-470
-0.0143433
-69
-0.00210571
-648
-0.0197754
174
0.00531006
310
0.00946045
24
0.000732422
252
0.00769043
-91
-0.0027771
-148
-0.0045166
-26
-0.000793457
397
0.0121155
-99
-0.00302124
-274
-0.00836182
124
0.00378418
78
0.00238037
96
0.00292969
-1055
-0.032196
-206
-0.00628662
-518
-0.0158081
199
0.006073
-237
-0.00723267
12
0.000366211
0
0
-26
-0.000793457
802
0.0244751
-30
-0.000915527
389
0.0118713
12
0.000366211
-246
-0.00750732
-15
-0.000457764
-292
-0.00891113
-129
-0.00393677
-319
-0.00973511
62
0.00189209
-595
-0.018158
38
0.00115967
540
0.0164795
-67
-0.00204468
-705
-0.0215149
-273
-0.0083313
-393
-0.0119934
4
0.00012207
304
0.00927734
-67
-0.00204468
-204
-0.00622559
-154
-0.00469971
-127
-0.00387573
263
0.00802612
170
0.00518799
-98
-0.00299072
-431
-0.0131531
81
0.00247192
340
0.010376
-201
-0.00613403
765
0.0233459
-139
-0.00424194
400
0.012207
-227
-0.00692749
143
0.00436401
16
0.000488281
-46
-0.00140381
147
0.00448608
76
0.00231934
34
0.0010376
-319
-0.00973511
209
0.00637817
227
0.00692749
-116
-0.00354004
98
0.00299072
-408
-0.0124512
159
0.00485229
13
0.000396729
-118
-0.00360107
-96
-0.00292969
-55
-0.00167847
-29
-0.00088501
-99
-0.00302124
35
0.00106812
-643
-0.0196228
1
3.05176e-05
54
0.00164795
-7
-0.000213623
41
0.00125122
-90
-0.00274658
191
0.00582886
-1
-3.05176e-05
906
0.0276489
-153
-0.00466919
-198
-0.00604248
-323
-0.00985718
14
0.000427246
14
0.000427246
-196
-0.00598145
130
0.00396729
139
0.00424194
8
0.000244141
615
0.0187683
-319
-0.00973511
-55
-0.00167847
154
0.00469971
-672
-0.0205078
-223
-0.00680542
12
0.000366211
323
0.00985718
-268
-0.00817871
-92
-0.00280762
88
0.00268555
306
0.00933838
502
0.0153198
162
0.00494385
-339
-0.0103455
111
0.00338745
633
0.0193176
-187
-0.00570679
449
0.0137024
115
0.00350952
-463
-0.0141296
-63
-0.00192261
-214
-0.00653076
-91
-0.0027771
-205
-0.0062561
-491
-0.0149841
120
0.00366211
129
0.00393677
-1018
-0.0310669
-130
-0.00396729
525
0.0160217
6
0.000183105
-42
-0.00128174
-23
-0.000701904
-52
-0.00158691
101
0.00308228
-843
-0.0257263
-45
-0.00137329
-508
-0.0155029
-92
-0.00280762
658
0.0200806
248
0.00756836
696
0.0212402
-180
-0.00549316
11
0.000335693
394
0.0120239
221
0.00674438
193
0.00588989
-608
-0.0185547
148
0.0045166
-203
-0.00619507
208
0.00634766
-74
-0.0022583
217
0.00662231
-510
-0.015564
-48
-0.00146484
259
0.00790405
-92
-0.00280762
-456
-0.013916
-257
-0.00784302
93
0.00283813
-159
-0.00485229
64
0.00195312
379
0.0115662
210
0.00640869
-179
-0.00546265
-183
-0.00558472
22
0.000671387
-550
-0.0167847
282
0.00860596
406
0.0123901
-218
-0.00665283
342
0.010437
223
0.00680542
99
0.00302124
43
0.00131226
21
0.000640869
-220
-0.00671387
-111
-0.00338745
90
0.00274658
-432
-0.0131836
212
0.00646973
275
0.00839233
81
0.00247192
259
0.00790405
-230
-0.00701904
8
0.000244141
70
0.00213623
462
0.0140991
-233
-0.0071106
-406
-0.0123901
359
0.0109558
-127
-0.00387573
3
9.15527e-05
10
0.000305176
143
0.00436401
46
0.00140381
-363
-0.0110779
190
0.00579834
-96
-0.00292969
79
0.00241089
137
0.00418091
-88
-0.00268555
-266
-0.00811768
-1
-3.05176e-05
-152
-0.00463867
-478
-0.0145874
54
0.00164795
571
0.0174255
-238
-0.00726318
-376
-0.0114746
-239
-0.0072937
-260
-0.00793457
7
0.000213623
187
0.00570679
74
0.0022583
-11
-0.000335693
-83
-0.00253296
-606
-0.0184937
113
0.00344849
398
0.012146
-79
-0.00241089
-536
-0.0163574
107
0.00326538
-287
-0.00875854
71
0.00216675
-440
-0.0134277
80
0.00244141
350
0.0106812
-492
-0.0150146
613
0.0187073
224
0.00683594
129
0.00393677
91
0.0027771
70
0.00213623
-76
-0.00231934
-272
-0.00830078
243
0.00741577
25
0.000762939
166
0.00506592
-167
-0.00509644
146
0.00445557
1
3.05176e-05
-193
-0.00588989
348
0.0106201
-77
-0.00234985
72
0.00219727
185
0.00564575
-258
-0.00787354
423
0.0129089
-97
-0.00296021
122
0.00372314
348
0.0106201
58
0.00177002
-322
-0.00982666
-45
-0.00137329
620
0.0189209
-139
-0.00424194
-333
-0.0101624
152
0.00463867
508
0.0155029
-55
-0.00167847
674
0.0205688
131
0.0039978
548
0.0167236
267
0.00814819
-501
-0.0152893
-506
-0.0154419
-977
-0.0298157
-168
-0.00512695
157
0.00479126
30
0.000915527
-68
-0.0020752
-349
-0.0106506
246
0.00750732
103
0.00314331
-933
-0.0284729
423
0.0129089
435
0.0132751
207
0.00631714
-61
-0.00186157
275
0.00839233
-555
-0.0169373
-402
-0.0122681
454
0.013855
-106
-0.00323486
171
0.00521851
-135
-0.00411987
86
0.00262451
-188
-0.0057373
204
0.00622559
-160
-0.00488281
-149
-0.00454712
398
0.012146
-336
-0.0102539
-311
-0.00949097
917
0.0279846
-64
-0.00195312
-650
-0.0198364
-143
-0.00436401
667
0.0203552
-42
-0.00128174
1080
0.032959
437
0.0133362
-560
-0.0170898
123
0.00375366
153
0.00466919
77
0.00234985
-145
-0.00442505
-144
-0.00439453
-860
-0.0262451
287
0.00875854
-755
-0.0230408
-280
-0.00854492
99
0.00302124
263
0.00802612
-563
-0.0171814
55
0.00167847
-226
-0.00689697
140
0.00427246
183
0.00558472
-285
-0.00869751
-17
-0.000518799
-175
-0.00534058
-254
-0.00775146
84
0.00256348
350
0.0106812
73
0.00222778
452
0.0137939
0
0
541
0.01651
-204
-0.00622559
605
0.0184631
73
0.00222778
-84
-0.00256348
172
0.00524902
-69
-0.00210571
131
0.0039978
707
0.0215759
-296
-0.0090332
-592
-0.0180664
-356
-0.0108643
-156
-0.00476074
-169
-0.00515747
-599
-0.01828
69
0.00210571
-598
-0.0182495
-76
-0.00231934
-413
-0.0126038
173
0.00527954
-640
-0.0195312
-219
-0.00668335
-383
-0.0116882
-207
-0.00631714
442
0.0134888
106
0.00323486
-407
-0.0124207
-28
-0.000854492
16
0.000488281
306
0.00933838
636
0.0194092
-185
-0.00564575
276
0.00842285
-131
-0.0039978
16
0.000488281
15
0.000457764
-220
-0.00671387
3
9.15527e-05
-98
-0.00299072
-4
-0.00012207
-130
-0.00396729
118
0.00360107
219
0.00668335
244
0.00744629
-414
-0.0126343
-100
-0.00305176
73
0.00222778
274
0.00836182
-112
-0.00341797
-251
-0.00765991
-213
-0.00650024
-309
-0.00942993
-169
-0.00515747
88
0.00268555
-712
-0.0217285
-320
-0.00976562
-563
-0.0171814
103
0.00314331
-410
-0.0125122
-400
-0.012207
151
0.00460815
85
0.00259399
57
0.0017395
23
0.000701904
1017
0.0310364
-18
-0.000549316
-955
-0.0291443
-89
-0.00271606
873
0.0266418
-98
-0.00299072
-462
-0.0140991
-101
-0.00308228
-764
-0.0233154
-67
-0.00204468
287
0.00875854
-11
-0.000335693
-316
-0.00964355
-272
-0.00830078
-16
-0.000488281
43
0.00131226
-879
-0.026825
-13
-0.000396729
-441
-0.0134583
89
0.00271606
331
0.0101013
205
0.0062561
742
0.022644
121
0.00369263
685
0.0209045
135
0.00411987
415
0.0126648
122
0.00372314
236
0.00720215
-327
-0.00997925
-1582
-0.0482788
-76
-0.00231934
-10
-0.000305176
-222
-0.0067749
200
0.00610352
253
0.00772095
-73
-0.00222778
-36
-0.00109863
200
0.00610352
1
3.05176e-05
-622
-0.0189819
130
0.00396729
-412
-0.0125732
66
0.00201416
-567
-0.0173035
207
0.00631714
505
0.0154114
-57
-0.0017395
-436
-0.0133057
-291
-0.00888062
-487
-0.0148621
470
0.0143433
354
0.0108032
121
0.00369263
110
0.00335693
-206
-0.00628662
-117
-0.00357056
130
0.00396729
-544
-0.0166016
-290
-0.0088501
546
0.0166626
-176
-0.00537109
345
0.0105286
181
0.00552368
150
0.00457764
-332
-0.0101318
-315
-0.00961304
122
0.00372314
532
0.0162354
144
0.00439453
-227
-0.00692749
64
0.00195312
423
0.0129089
-192
-0.00585938
504
0.0153809
-15
-0.000457764
360
0.0109863
45
0.00137329
594
0.0181274
-239
-0.0072937
-191
-0.00582886
111
0.00338745
-238
-0.00726318
-113
-0.00344849
-272
-0.00830078
-11
-0.000335693
-757
-0.0231018
-401
-0.0122375
294
0.00897217
-189
-0.00576782
364
0.0111084
429
0.013092
36
0.00109863
30
0.000915527
-334
-0.0101929
481
0.014679
-352
-0.0107422
125
0.0038147
-28
-0.000854492
111
0.00338745
250
0.00762939
55
0.00167847
156
0.00476074
-219
-0.00668335
-403
-0.0122986
-251
-0.00765991
-255
-0.00778198
-160
-0.00488281
-539
-0.016449
-6
-0.000183105
54
0.00164795
33
0.00100708
210
0.00640869
-258
-0.00787354
572
0.0174561
404
0.0123291
655
0.019989
-111
-0.00338745
-348
-0.0106201
-12
-0.000366211
674
0.0205688
39
0.00119019
-361
-0.0110168
-273
-0.0083313
508
0.0155029
95
0.00289917
-109
-0.00332642
-66
-0.00201416
232
0.00708008
-262
-0.00799561
399
0.0121765
42
0.00128174
462
0.0140991
337
0.0102844
546
0.0166626
245
0.00747681
-427
-0.013031
-177
-0.00540161
378
0.0115356
1
3.05176e-05
-1145
-0.0349426
51
0.0015564
699
0.0213318
77
0.00234985
-263
-0.00802612
238
0.00726318
323
0.00985718
306
0.00933838
348
0.0106201
92
0.00280762
-145
-0.00442505
-187
-0.00570679
-247
-0.00753784
80
0.00244141
-223
-0.00680542
-133
-0.00405884
-675
-0.0205994
-231
-0.00704956
137
0.00418091
-288
-0.00878906
-503
-0.0153503
354
0.0108032
-525
-0.0160217
378
0.0115356
-568
-0.017334
-353
-0.0107727
18
0.000549316
-23
-0.000701904
-460
-0.0140381
363
0.0110779
-179
-0.00546265
156
0.00476074
-195
-0.00595093
109
0.00332642
-663
-0.0202332
41
0.00125122
758
0.0231323
-364
-0.0111084
119
0.00363159
27
0.000823975
130
0.00396729
-13
-0.000396729
-159
-0.00485229
416
0.0126953
-127
-0.00387573
48
0.00146484
275
0.00839233
-401
-0.0122375
196
0.00598145
46
0.00140381
-581
-0.0177307
43
0.00131226
739
0.0225525
284
0.00866699
-308
-0.00939941
48
0.00146484
-624
-0.019043
-164
-0.00500488
250
0.00762939
-248
-0.00756836
107
0.00326538
420
0.0128174
255
0.00778198
-188
-0.0057373
165
0.0050354
78
0.00238037
2
6.10352e-05
10
0.000305176
657
0.02005
94
0.00286865
394
0.0120239
-191
-0.00582886
-746
-0.0227661
-468
-0.0142822
320
0.00976562
-287
-0.00875854
580
0.0177002
-357
-0.0108948
436
0.0133057
109
0.00332642
-773
-0.0235901
-363
-0.0110779
-49
-0.00149536
178
0.00543213
-342
-0.010437
-114
-0.003479
65
0.00198364
35
0.00106812
-507
-0.0154724
-121
-0.00369263
-136
-0.00415039
-9
-0.000274658
29
0.00088501
-178
-0.00543213
-254
-0.00775146
-422
-0.0128784
-453
-0.0138245
9
0.000274658
364
0.0111084
85
0.00259399
-169
-0.00515747
97
0.00296021
-633
-0.0193176
293
0.00894165
688
0.0209961
-35
-0.00106812
-547
-0.0166931
-54
-0.00164795
-601
-0.0183411
-364
-0.0111084
430
0.0131226
56
0.00170898
-375
-0.0114441
86
0.00262451
80
0.00244141
-349
-0.0106506
-391
-0.0119324
37
0.00112915
-275
-0.00839233
-271
-0.00827026
167
0.00509644
-173
-0.00527954
-357
-0.0108948
-25
-0.000762939
731
0.0223083
99
0.00302124
633
0.0193176
-186
-0.00567627
-157
-0.00479126
336
0.0102539
-167
-0.00509644
-31
-0.000946045
541
0.01651
264
0.00805664
-406
-0.0123901
-211
-0.00643921
-814
-0.0248413
-49
-0.00149536
515
0.0157166
-45
-0.00137329
350
0.0106812
-62
-0.00189209
83
0.00253296
-131
-0.0039978
-375
-0.0114441
-165
-0.0050354
-58
-0.00177002
-39
-0.00119019
-140
-0.00427246
152
0.00463867
578
0.0176392
160
0.00488281
-319
-0.00973511
-73
-0.00222778
-44
-0.00134277
59
0.00180054
-84
-0.00256348
107
0.00326538
679
0.0207214
127
0.00387573
-814
-0.0248413
506
0.0154419
-349
-0.0106506
136
0.00415039
-536
-0.0163574
-53
-0.00161743
266
0.00811768
-35
-0.00106812
-367
-0.0112
182
0.0055542
-476
-0.0145264
-275
-0.00839233
421
0.0128479
351
0.0107117
-149
-0.00454712
201
0.00613403
-181
-0.00552368
23
0.000701904
131
0.0039978
40
0.0012207
-425
-0.01297
96
0.00292969
725
0.0221252
333
0.0101624
589
0.0179749
70
0.00213623
386
0.0117798
385
0.0117493
-448
-0.0136719
73
0.00222778
215
0.00656128
-213
-0.00650024
154
0.00469971
-63
-0.00192261
-63
-0.00192261
51
0.0015564
-315
-0.00961304
-132
-0.00402832
-1015
-0.0309753
-272
-0.00830078
-200
-0.00610352
98
0.00299072
585
0.0178528
-321
-0.00979614
130
0.00396729
206
0.00628662
426
0.0130005
190
0.00579834
-873
-0.0266418
266
0.00811768
-222
-0.0067749
-246
-0.00750732
437
0.0133362
101
0.00308228
754
0.0230103
-1
-3.05176e-05
-739
-0.0225525
-139
-0.00424194
-850
-0.0259399
-43
-0.00131226
-1224
-0.0373535
100
0.00305176
182
0.0055542
243
0.00741577
483
0.01474
187
0.00570679
891
0.0271912
9
0.000274658
248
0.00756836
-332
-0.0101318
301
0.00918579
-108
-0.0032959
-1088
-0.0332031
43
0.00131226
250
0.00762939
-90
-0.00274658
539
0.016449
102
0.00311279
-420
-0.0128174
-141
-0.00430298
1042
0.0317993
9
0.000274658
217
0.00662231
30
0.000915527
32
0.000976562
59
0.00180054
-99
-0.00302124
-204
-0.00622559
-903
-0.0275574
11
0.000335693
625
0.0190735
-164
-0.00500488
266
0.00811768
-141
-0.00430298
622
0.0189819
193
0.00588989
105
0.00320435
-323
-0.00985718
-494
-0.0150757
-79
-0.00241089
291
0.00888062
291
0.00888062
-155
-0.00473022
77
0.00234985
116
0.00354004
-270
-0.00823975
-459
-0.0140076
-88
-0.00268555
210
0.00640869
323
0.00985718
421
0.0128479
-317
-0.00967407
334
0.0101929
-229
-0.00698853
247
0.00753784
225
0.00686646
-362
-0.0110474
70
0.00213623
99
0.00302124
-404
-0.0123291
-224
-0.00683594
-170
-0.00518799
-927
-0.0282898
-65
-0.00198364
-26
-0.000793457
-166
-0.00506592
711
0.021698
-274
-0.00836182
-741
-0.0226135
7
0.000213623
-896
-0.0273438
320
0.00976562
454
0.013855
431
0.0131531
-724
-0.0220947
-303
-0.00924683
-137
-0.00418091
-124
-0.00378418
168
0.00512695
480
0.0146484
161
0.00491333
-40
-0.0012207
148
0.0045166
-16
-0.000488281
840
0.0256348
-226
-0.00689697
-350
-0.0106812
-133
-0.00405884
107
0.00326538
-117
-0.00357056
576
0.0175781
-174
-0.00531006
-421
-0.0128479
-225
-0.00686646
-172
-0.00524902
225
0.00686646
442
0.0134888
-176
-0.00537109
72
0.00219727
163
0.00497437
-214
-0.00653076
-118
-0.00360107
-670
-0.0204468
-34
-0.0010376
186
0.00567627
-116
-0.00354004
25
0.000762939
-197
-0.00601196
339
0.0103455
-121
-0.00369263
51
0.0015564
-362
-0.0110474
-46
-0.00140381
67
0.00204468
184
0.00561523
229
0.00698853
122
0.00372314
-181
-0.00552368
-880
-0.0268555
-76
-0.00231934
-454
-0.013855
603
0.0184021
-356
-0.0108643
-72
-0.00219727
-342
-0.010437
318
0.00970459
-165
-0.0050354
-162
-0.00494385
83
0.00253296
-16
-0.000488281
289
0.00881958
-75
-0.00228882
-843
-0.0257263
-317
-0.00967407
-551
-0.0168152
193
0.00588989
79
0.00241089
156
0.00476074
349
0.0106506
199
0.006073
122
0.00372314
-183
-0.00558472
539
0.016449
80
0.00244141
717
0.0218811
-214
-0.00653076
-1111
-0.033905
-203
-0.00619507
-96
-0.00292969
140
0.00427246
68
0.0020752
3
9.15527e-05
-132
-0.00402832
-11
-0.000335693
292
0.00891113
4
0.00012207
84
0.00256348
203
0.00619507
-67
-0.00204468
-89
-0.00271606
-221
-0.00674438
72
0.00219727
223
0.00680542
318
0.00970459
-417
-0.0127258
-373
-0.0113831
484
0.0147705
-58
-0.00177002
53
0.00161743
-164
-0.00500488
-336
-0.0102539
163
0.00497437
-982
-0.0299683
-62
-0.00189209
836
0.0255127
195
0.00595093
-49
-0.00149536
-172
-0.00524902
292
0.00891113
-29
-0.00088501
-381
-0.0116272
191
0.00582886
-67
-0.00204468
73
0.00222778
812
0.0247803
-243
-0.00741577
-229
-0.00698853
234
0.00714111
633
0.0193176
-123
-0.00375366
1
3.05176e-05
-448
-0.0136719
694
0.0211792
421
0.0128479
-192
-0.00585938
158
0.00482178
178
0.00543213
217
0.00662231
-324
-0.0098877
-478
-0.0145874
373
0.0113831
-428
-0.0130615
156
0.00476074
-44
-0.00134277
-422
-0.0128784
65
0.00198364
142
0.0043335
-476
-0.0145264
-8
-0.000244141
-148
-0.0045166
-98
-0.00299072
-230
-0.00701904
-189
-0.00576782
151
0.00460815
-814
-0.0248413
174
0.00531006
140
0.00427246
2
6.10352e-05
-141
-0.00430298
-86
-0.00262451
-218
-0.00665283
15
0.000457764
-353
-0.0107727
32
0.000976562
-295
-0.00900269
-158
-0.00482178
-639
-0.0195007
-138
-0.00421143
-101
-0.00308228
52
0.00158691
-852
-0.026001
-96
-0.00292969
221
0.00674438
462
0.0140991
520
0.0158691
291
0.00888062
-152
-0.00463867
115
0.00350952
339
0.0103455
-4
-0.00012207
161
0.00491333
-266
-0.00811768
237
0.00723267
78
0.00238037
596
0.0181885
128
0.00390625
-690
-0.0210571
-94
-0.00286865
40
0.0012207
-324
-0.0098877
823
0.025116
-133
-0.00405884
-134
-0.00408936
323
0.00985718
-666
-0.0203247
-149
-0.00454712
-475
-0.0144958
38
0.00115967
20
0.000610352
64
0.00195312
-211
-0.00643921
-83
-0.00253296
375
0.0114441
-38
-0.00115967
-631
-0.0192566
116
0.00354004
-773
-0.0235901
394
0.0120239
-417
-0.0127258
10
0.000305176
-205
-0.0062561
-24
-0.000732422
-340
-0.010376
158
0.00482178
629
0.0191956
231
0.00704956
-447
-0.0136414
-10
-0.000305176
228
0.00695801
-89
-0.00271606
299
0.00912476
89
0.00271606
-404
-0.0123291
-151
-0.00460815
-348
-0.0106201
184
0.00561523
245
0.00747681
-14
-0.000427246
-78
-0.00238037
-197
-0.00601196
1130
0.0344849
143
0.00436401
-411
-0.0125427
-171
-0.00521851
-21
-0.000640869
-135
-0.00411987
4
0.00012207
204
0.00622559
272
0.00830078
226
0.00689697
-232
-0.00708008
-54
-0.00164795
236
0.00720215
430
0.0131226
-393
-0.0119934
249
0.00759888
334
0.0101929
72
0.00219727
18
0.000549316
-46
-0.00140381
68
0.0020752
-187
-0.00570679
124
0.00378418
-327
-0.00997925
255
0.00778198
79
0.00241089
-727
-0.0221863
83
0.00253296
-715
-0.0218201
-166
-0.00506592
-407
-0.0124207
-8
-0.000244141
-73
-0.00222778
-131
-0.0039978
508
0.0155029
-312
-0.00952148
118
0.00360107
-143
-0.00436401
126
0.00384521
-147
-0.00448608
-799
-0.0243835
-134
-0.00408936
144
0.00439453
142
0.0043335
-381
-0.0116272
-282
-0.00860596
42
0.00128174
-225
-0.00686646
760
0.0231934
-13
-0.000396729
385
0.0117493
-132
-0.00402832
-1073
-0.0327454
-24
-0.000732422
-125
-0.0038147
108
0.0032959
1165
0.035553
-149
-0.00454712
137
0.00418091
303
0.00924683
495
0.0151062
82
0.00250244
35
0.00106812
62
0.00189209
102
0.00311279
103
0.00314331
847
0.0258484
-231
-0.00704956
22
0.000671387
18
0.000549316
810
0.0247192
126
0.00384521
74
0.0022583
171
0.00521851
-3
-9.15527e-05
-410
-0.0125122
-114
-0.003479
-14
-0.000427246
1231
0.0375671
-39
-0.00119019
471
0.0143738
146
0.00445557
-84
-0.00256348
2
6.10352e-05
114
0.003479
-73
-0.00222778
392
0.0119629
-15
-0.000457764
-40
-0.0012207
9
0.000274658
352
0.0107422
-151
-0.00460815
54
0.00164795
42
0.00128174
-64
-0.00195312
405
0.0123596
-774
-0.0236206
-21
-0.000640869
307
0.0093689
184
0.00561523
-487
-0.0148621
-185
-0.00564575
-452
-0.0137939
-204
-0.00622559
67
0.00204468
136
0.00415039
429
0.013092
-206
-0.00628662
87
0.00265503
-5
-0.000152588
74
0.0022583
-182
-0.0055542
-169
-0.00515747
-100
-0.00305176
-245
-0.00747681
390
0.0119019
452
0.0137939
-35
-0.00106812
609
0.0185852
-149
-0.00454712
-584
-0.0178223
228
0.00695801
-1375
-0.0419617
45
0.00137329
-1053
-0.032135
-51
-0.0015564
-255
-0.00778198
-196
-0.00598145
449
0.0137024
127
0.00387573
-511
-0.0155945
-273
-0.0083313
-54
-0.00164795
-477
-0.0145569
-490
-0.0149536
125
0.0038147
-313
-0.009552
250
0.00762939
-116
-0.00354004
130
0.00396729
-849
-0.0259094
258
0.00787354
193
0.00588989
405
0.0123596
172
0.00524902
227
0.00692749
-232
-0.00708008
-105
-0.00320435
416
0.0126953
-92
-0.00280762
-397
-0.0121155
-104
-0.00317383
-92
-0.00280762
301
0.00918579
672
0.0205078
158
0.00482178
130
0.00396729
-136
-0.00415039
-1122
-0.0342407
-298
-0.00909424
159
0.00485229
172
0.00524902
158
0.00482178
128
0.00390625
265
0.00808716
176
0.00537109
-884
-0.0269775
-28
-0.000854492
-96
-0.00292969
99
0.00302124
748
0.0228271
-104
-0.00317383
1066
0.0325317
248
0.00756836
-50
-0.00152588
524
0.0159912
-231
-0.00704956
-186
-0.00567627
-577
-0.0176086
321
0.00979614
509
0.0155334
-3
-9.15527e-05
-277
-0.00845337
-176
-0.00537109
-300
-0.00915527
-312
-0.00952148
-590
-0.0180054
139
0.00424194
-105
-0.00320435
-353
-0.0107727
598
0.0182495
93
0.00283813
-696
-0.0212402
-23
-0.000701904
-318
-0.00970459
-109
-0.00332642
-332
-0.0101318
-252
-0.00769043
-184
-0.00561523
-50
-0.00152588
522
0.0159302
12
0.000366211
-867
-0.0264587
278
0.00848389
-516
-0.0157471
128
0.00390625
935
0.0285339
16
0.000488281
-390
-0.0119019
-27
-0.000823975
-626
-0.019104
-71
-0.00216675
587
0.0179138
124
0.00378418
-349
-0.0106506
-181
-0.00552368
-265
-0.00808716
-147
-0.00448608
33
0.00100708
-209
-0.00637817
370
0.0112915
87
0.00265503
605
0.0184631
-487
-0.0148621
347
0.0105896
-155
-0.00473022
-18
-0.000549316
34
0.0010376
-22
-0.000671387
49
0.00149536
389
0.0118713
93
0.00283813
-780
-0.0238037
-141
-0.00430298
513
0.0156555
47
0.00143433
794
0.024231
211
0.00643921
-861
-0.0262756
415
0.0126648
-193
-0.00588989
55
0.00167847
333
0.0101624
-239
-0.0072937
-107
-0.00326538
227
0.00692749
406
0.0123901
20
0.000610352
-172
-0.00524902
574
0.0175171
-163
-0.00497437
-125
-0.0038147
-189
-0.00576782
260
0.00793457
286
0.00872803
22
0.000671387
435
0.0132751
-196
-0.00598145
-88
-0.00268555
62
0.00189209
-47
-0.00143433
173
0.00527954
365
0.0111389
-174
-0.00531006
46
0.00140381
-20
-0.000610352
193
0.00588989
19
0.000579834
111
0.00338745
132
0.00402832
-393
-0.0119934
61
0.00186157
-673
-0.0205383
81
0.00247192
387
0.0118103
-145
-0.00442505
660
0.0201416
-8
-0.000244141
183
0.00558472
115
0.00350952
-25
-0.000762939
-412
-0.0125732
-767
-0.023407
13
0.000396729
358
0.0109253
-145
-0.00442505
-139
-0.00424194
102
0.00311279
711
0.021698
121
0.00369263
-714
-0.0217896
237
0.00723267
-176
-0.00537109
-95
-0.00289917
186
0.00567627
-235
-0.00717163
427
0.013031
-173
-0.00527954
-485
-0.014801
15
0.000457764
940
0.0286865
-170
-0.00518799
-323
-0.00985718
-338
-0.0103149
775
0.0236511
-357
-0.0108948
147
0.00448608
109
0.00332642
-372
-0.0113525
207
0.00631714
414
0.0126343
-309
-0.00942993
462
0.0140991
-330
-0.0100708
288
0.00878906
-17
-0.000518799
-1267
-0.0386658
-79
-0.00241089
453
0.0138245
51
0.0015564
-598
-0.0182495
-65
-0.00198364
226
0.00689697
39
0.00119019
350
0.0106812
-55
-0.00167847
-11
-0.000335693
288
0.00878906
-469
-0.0143127
117
0.00357056
-1189
-0.0362854
22
0.000671387
-248
-0.00756836
373
0.0113831
-91
-0.0027771
125
0.0038147
398
0.012146
-224
-0.00683594
-625
-0.0190735
128
0.00390625
743
0.0226746
-221
-0.00674438
-482
-0.0147095
241
0.00735474
-216
-0.0065918
-289
-0.00881958
-710
-0.0216675
-73
-0.00222778
287
0.00875854
136
0.00415039
992
0.0302734
173
0.00527954
540
0.0164795
253
0.00772095
338
0.0103149
-21
-0.000640869
-389
-0.0118713
-145
-0.00442505
360
0.0109863
255
0.00778198
-154
-0.00469971
168
0.00512695
-403
-0.0122986
-519
-0.0158386
259
0.00790405
105
0.00320435
754
0.0230103
224
0.00683594
-823
-0.025116
-92
-0.00280762
465
0.0141907
-268
-0.00817871
-183
-0.00558472
-158
-0.00482178
-502
-0.0153198
-161
-0.00491333
-116
-0.00354004
-202
-0.00616455
180
0.00549316
-217
-0.00662231
-440
-0.0134277
-185
-0.00564575
-59
-0.00180054
-183
-0.00558472
-334
-0.0101929
-54
-0.00164795
-1121
-0.0342102
-107
-0.00326538
-143
-0.00436401
-368
-0.0112305
-209
-0.00637817
-129
-0.00393677
705
0.0215149
416
0.0126953
-333
-0.0101624
166
0.00506592
986
0.0300903
-35
-0.00106812
16
0.000488281
-229
-0.00698853
543
0.016571
-150
-0.00457764
-275
-0.00839233
-37
-0.00112915
14
0.000427246
-113
-0.00344849
200
0.00610352
186
0.00567627
-527
-0.0160828
116
0.00354004
-222
-0.0067749
4
0.00012207
342
0.010437
-1
-3.05176e-05
-677
-0.0206604
185
0.00564575
-520
-0.0158691
-265
-0.00808716
128
0.00390625
136
0.00415039
87
0.00265503
38
0.00115967
545
0.0166321
-232
-0.00708008
249
0.00759888
101
0.00308228
288
0.00878906
-255
-0.00778198
-118
-0.00360107
-493
-0.0150452
410
0.0125122
-508
-0.0155029
-449
-0.0137024
98
0.00299072
-32
-0.000976562
97
0.00296021
197
0.00601196
-45
-0.00137329
612
0.0186768
-382
-0.0116577
364
0.0111084
239
0.0072937
-419
-0.0127869
177
0.00540161
-626
-0.019104
-299
-0.00912476
-35
-0.00106812
85
0.00259399
290
0.0088501
-145
-0.00442505
36
0.00109863
-102
-0.00311279
18
0.000549316
55
0.00167847
-625
-0.0190735
-284
-0.00866699
-135
-0.00411987
41
0.00125122
563
0.0171814
262
0.00799561
-1015
-0.0309753
-79
-0.00241089
-567
-0.0173035
78
0.00238037
704
0.0214844
-21
-0.000640869
9
0.000274658
125
0.0038147
252
0.00769043
-113
-0.00344849
221
0.00674438
84
0.00256348
-53
-0.00161743
-101
-0.00308228
-322
-0.00982666
-52
-0.00158691
-775
-0.0236511
70
0.00213623
-607
-0.0185242
195
0.00595093
-196
-0.00598145
-114
-0.003479
-371
-0.011322
-195
-0.00595093
275
0.00839233
-184
-0.00561523
-281
-0.00857544
128
0.00390625
149
0.00454712
99
0.00302124
158
0.00482178
-123
-0.00375366
373
0.0113831
-33
-0.00100708
319
0.00973511
-145
-0.00442505
-691
-0.0210876
172
0.00524902
-767
-0.023407
167
0.00509644
-11
-0.000335693
-296
-0.0090332
-299
-0.00912476
-74
-0.0022583
-702
-0.0214233
-41
-0.00125122
-195
-0.00595093
300
0.00915527
-295
-0.00900269
266
0.00811768
-145
-0.00442505
181
0.00552368
-140
-0.00427246
-43
-0.00131226
711
0.021698
142
0.0043335
-816
-0.0249023
17
0.000518799
522
0.0159302
147
0.00448608
186
0.00567627
-16
-0.000488281
-424
-0.0129395
-85
-0.00259399
-648
-0.0197754
496
0.0151367
-70
-0.00213623
312
0.00952148
268
0.00817871
-408
-0.0124512
636
0.0194092
-307
-0.0093689
237
0.00723267
-542
-0.0165405
-46
-0.00140381
14
0.000427246
150
0.00457764
150
0.00457764
290
0.0088501
-40
-0.0012207
-710
-0.0216675
-144
-0.00439453
23
0.000701904
58
0.00177002
-175
-0.00534058
83
0.00253296
-392
-0.0119629
-348
-0.0106201
102
0.00311279
-153
-0.00466919
114
0.003479
-544
-0.0166016
135
0.00411987
-40
-0.0012207
-501
-0.0152893
-184
-0.00561523
702
0.0214233
-96
-0.00292969
-227
-0.00692749
-151
-0.00460815
-183
-0.00558472
-74
-0.0022583
262
0.00799561
-234
-0.00714111
449
0.0137024
142
0.0043335
292
0.00891113
3
9.15527e-05
813
0.0248108
-25
-0.000762939
-796
-0.024292
-64
-0.00195312
-583
-0.0177917
-19
-0.000579834
-423
-0.0129089
191
0.00582886
189
0.00576782
123
0.00375366
-386
-0.0117798
-166
-0.00506592
-673
-0.0205383
264
0.00805664
159
0.00485229
-86
-0.00262451
-278
-0.00848389
85
0.00259399
-161
-0.00491333
80
0.00244141
-140
-0.00427246
-187
-0.00570679
119
0.00363159
-272
-0.00830078
-564
-0.0172119
124
0.00378418
1
3.05176e-05
-204
-0.00622559
562
0.0171509
-147
-0.00448608
-429
-0.013092
-9
-0.000274658
-900
-0.0274658
-297
-0.00906372
-60
-0.00183105
264
0.00805664
-200
-0.00610352
-42
-0.00128174
-3
-9.15527e-05
-166
-0.00506592
49
0.00149536
-130
-0.00396729
-111
-0.00338745
430
0.0131226
306
0.00933838
-115
-0.00350952
-503
-0.0153503
269
0.00820923
84
0.00256348
146
0.00445557
173
0.00527954
155
0.00473022
-367
-0.0112
-17
-0.000518799
575
0.0175476
160
0.00488281
1
3.05176e-05
229
0.00698853
-723
-0.0220642
218
0.00665283
-645
-0.0196838
97
0.00296021
-4
-0.00012207
497
0.0151672
108
0.0032959
326
0.00994873
-118
-0.00360107
150
0.00457764
173
0.00527954
-203
-0.00619507
121
0.00369263
-117
-0.00357056
253
0.00772095
-132
-0.00402832
486
0.0148315
74
0.0022583
997
0.030426
124
0.00378418
27
0.000823975
-24
-0.000732422
123
0.00375366
-47
-0.00143433
429
0.013092
-3
-9.15527e-05
73
0.00222778
-111
-0.00338745
748
0.0228271
118
0.00360107
99
0.00302124
11
0.000335693
323
0.00985718
125
0.0038147
-486
-0.0148315
117
0.00357056
484
0.0147705
45
0.00137329
-128
-0.00390625
-107
-0.00326538
-415
-0.0126648
39
0.00119019
-340
-0.010376
-164
-0.00500488
-454
-0.013855
0
0
-383
-0.0116882
228
0.00695801
-175
-0.00534058
411
0.0125427
-165
-0.0050354
68
0.0020752
323
0.00985718
304
0.00927734
385
0.0117493
-69
-0.00210571
-819
-0.0249939
36
0.00109863
-401
-0.0122375
262
0.00799561
60
0.00183105
-311
-0.00949097
-366
-0.0111694
170
0.00518799
-618
-0.0188599
75
0.00228882
467
0.0142517
-408
-0.0124512
239
0.0072937
-41
-0.00125122
-458
-0.0139771
200
0.00610352
-320
-0.00976562
174
0.00531006
-102
-0.00311279
157
0.00479126
-383
-0.0116882
171
0.00521851
92
0.00280762
163
0.00497437
-239
-0.0072937
-30
-0.000915527
476
0.0145264
127
0.00387573
103
0.00314331
-97
-0.00296021
972
0.0296631
34
0.0010376
-336
-0.0102539
37
0.00112915
-1065
-0.0325012
197
0.00601196
338
0.0103149
-162
-0.00494385
562
0.0171509
273
0.0083313
690
0.0210571
-62
-0.00189209
-719
-0.0219421
-181
-0.00552368
396
0.012085
-212
-0.00646973
312
0.00952148
277
0.00845337
163
0.00497437
-116
-0.00354004
-232
-0.00708008
-215
-0.00656128
-266
-0.00811768
-132
-0.00402832
31
0.000946045
181
0.00552368
-92
-0.00280762
-51
-0.0015564
-345
-0.0105286
-224
-0.00683594
-538
-0.0164185
228
0.00695801
-445
-0.0135803
254
0.00775146
-809
-0.0246887
249
0.00759888
-427
-0.013031
-226
-0.00689697
-172
-0.00524902
-183
-0.00558472
9
0.000274658
110
0.00335693
-140
-0.00427246
-182
-0.0055542
-298
-0.00909424
367
0.0112
-386
-0.0117798
34
0.0010376
200
0.00610352
-64
-0.00195312
370
0.0112915
147
0.00448608
-62
-0.00189209
-130
-0.00396729
27
0.000823975
155
0.00473022
-535
-0.0163269
-76
-0.00231934
-190
-0.00579834
-72
-0.00219727
-523
-0.0159607
-37
-0.00112915
-352
-0.0107422
223
0.00680542
240
0.00732422
104
0.00317383
377
0.0115051
84
0.00256348
-113
-0.00344849
300
0.00915527
-457
-0.0139465
295
0.00900269
-185
-0.00564575
-111
-0.00338745
-323
-0.00985718
272
0.00830078
492
0.0150146
-537
-0.0163879
348
0.0106201
150
0.00457764
-285
-0.00869751
159
0.00485229
-348
-0.0106201
-161
-0.00491333
-1146
-0.0349731
209
0.00637817
510
0.015564
172
0.00524902
-689
-0.0210266
-4
-0.00012207
851
0.0259705
-37
-0.00112915
249
0.00759888
357
0.0108948
162
0.00494385
-134
-0.00408936
11
0.000335693
247
0.00753784
363
0.0110779
67
0.00204468
-516
-0.0157471
365
0.0111389
36
0.00109863
-97
-0.00296021
347
0.0105896
-103
-0.00314331
299
0.00912476
103
0.00314331
469
0.0143127
111
0.00338745
-216
-0.0065918
34
0.0010376
-412
-0.0125732
45
0.00137329
-330
-0.0100708
-132
-0.00402832
340
0.010376
-10
-0.000305176
759
0.0231628
-51
-0.0015564
408
0.0124512
198
0.00604248
-61
-0.00186157
-119
-0.00363159
-100
-0.00305176
-171
-0.00521851
-123
-0.00375366
-48
-0.00146484
-218
-0.00665283
-26
-0.000793457
397
0.0121155
-150
-0.00457764
179
0.00546265
-128
-0.00390625
-54
-0.00164795
198
0.00604248
-222
-0.0067749
168
0.00512695
950
0.0289917
84
0.00256348
351
0.0107117
-208
-0.00634766
-16
-0.000488281
-34
-0.0010376
-82
-0.00250244
-201
-0.00613403
288
0.00878906
-359
-0.0109558
-395
-0.0120544
90
0.00274658
101
0.00308228
-57
-0.0017395
-250
-0.00762939
331
0.0101013
-667
-0.0203552
-82
-0.00250244
-750
-0.0228882
19
0.000579834
770
0.0234985
-22
-0.000671387
262
0.00799561
76
0.00231934
-513
-0.0156555
-31
-0.000946045
252
0.00769043
-214
-0.00653076
288
0.00878906
438
0.0133667
111
0.00338745
53
0.00161743
587
0.0179138
-153
-0.00466919
137
0.00418091
-10
-0.000305176
138
0.00421143
175
0.00534058
-299
-0.00912476
386
0.0117798
-127
-0.00387573
-137
-0.00418091
178
0.00543213
-241
-0.00735474
-53
-0.00161743
221
0.00674438
401
0.0122375
-165
-0.0050354
-95
-0.00289917
-238
-0.00726318
-49
-0.00149536
-13
-0.000396729
-113
-0.00344849
107
0.00326538
-2
-6.10352e-05
89
0.00271606
224
0.00683594
-264
-0.00805664
-757
-0.0231018
35
0.00106812
-41
-0.00125122
-45
-0.00137329
61
0.00186157
-56
-0.00170898
-190
-0.00579834
124
0.00378418
-69
-0.00210571
-118
-0.00360107
-515
-0.0157166
-283
-0.00863647
-54
-0.00164795
-108
-0.0032959
-532
-0.0162354
122
0.00372314
-628
-0.019165
97
0.00296021
183
0.00558472
-71
-0.00216675
-533
-0.0162659
201
0.00613403
-192
-0.00585938
112
0.00341797
699
0.0213318
-375
-0.0114441
-506
-0.0154419
52
0.00158691
-143
-0.00436401
-16
-0.000488281
-165
-0.0050354
194
0.00592041
-189
-0.00576782
-123
-0.00375366
-113
-0.00344849
-142
-0.0043335
504
0.0153809
-389
-0.0118713
-176
-0.00537109
-151
-0.00460815
-19
-0.000579834
-92
-0.00280762
615
0.0187683
-142
-0.0043335
-476
-0.0145264
438
0.0133667
155
0.00473022
-377
-0.0115051
440
0.0134277
-200
-0.00610352
210
0.00640869
-197
-0.00601196
848
0.0258789
120
0.00366211
548
0.0167236
90
0.00274658
349
0.0106506
-62
-0.00189209
-376
-0.0114746
47
0.00143433
389
0.0118713
-332
-0.0101318
372
0.0113525
-176
-0.00537109
-222
-0.0067749
133
0.00405884
-480
-0.0146484
-199
-0.006073
240
0.00732422
-46
-0.00140381
-225
-0.00686646
-242
-0.00738525
365
0.0111389
99
0.00302124
35
0.00106812
-244
-0.00744629
46
0.00140381
204
0.00622559
72
0.00219727
-294
-0.00897217
407
0.0124207
-209
-0.00637817
-987
-0.0301208
49
0.00149536
-503
-0.0153503
7
0.000213623
978
0.0298462
34
0.0010376
53
0.00161743
194
0.00592041
212
0.00646973
33
0.00100708
-93
-0.00283813
-135
-0.00411987
-116
-0.00354004
178
0.00543213
73
0.00222778
-112
-0.00341797
-181
-0.00552368
-68
-0.0020752
545
0.0166321
-440
-0.0134277
-215
-0.00656128
-73
-0.00222778
-137
-0.00418091
227
0.00692749
-438
-0.0133667
404
0.0123291
11
0.000335693
-22
-0.000671387
247
0.00753784
415
0.0126648
-398
-0.012146
144
0.00439453
490
0.0149536
-40
-0.0012207
-89
-0.00271606
-476
-0.0145264
-243
-0.00741577
-196
-0.00598145
-31
-0.000946045
218
0.00665283
-914
-0.0278931
153
0.00466919
-34
-0.0010376
473
0.0144348
-78
-0.00238037
-167
-0.00509644
302
0.00921631
218
0.00665283
-31
-0.000946045
-65
-0.00198364
323
0.00985718
121
0.00369263
40
0.0012207
89
0.00271606
585
0.0178528
-211
-0.00643921
-337
-0.0102844
19
0.000579834
-114
-0.003479
201
0.00613403
-488
-0.0148926
-130
-0.00396729
293
0.00894165
43
0.00131226
-18
-0.000549316
109
0.00332642
133
0.00405884
-49
-0.00149536
531
0.0162048
62
0.00189209
-146
-0.00445557
-280
-0.00854492
-730
-0.0222778
11
0.000335693
1042
0.0317993
113
0.00344849
27
0.000823975
117
0.00357056
74
0.0022583
-229
-0.00698853
539
0.016449
-30
-0.000915527
-296
-0.0090332
-7
-0.000213623
197
0.00601196
83
0.00253296
-416
-0.0126953
-315
-0.00961304
-428
-0.0130615
179
0.00546265
393
0.0119934
-9
-0.000274658
-437
-0.0133362
197
0.00601196
589
0.0179749
-34
-0.0010376
-411
-0.0125427
-47
-0.00143433
-267
-0.00814819
-110
-0.00335693
-407
-0.0124207
-152
-0.00463867
-354
-0.0108032
-295
-0.00900269
-24
-0.000732422
-98
-0.00299072
1248
0.0380859
380
0.0115967
15
0.000457764
-168
-0.00512695
-305
-0.00930786
163
0.00497437
515
0.0157166
57
0.0017395
633
0.0193176
132
0.00402832
-89
-0.00271606
-134
-0.00408936
531
0.0162048
-432
-0.0131836
-397
-0.0121155
-378
-0.0115356
325
0.00991821
-218
-0.00665283
268
0.00817871
-490
-0.0149536
-412
-0.0125732
-22
-0.000671387
-488
-0.0148926
-268
-0.00817871
343
0.0104675
434
0.0132446
-3
-9.15527e-05
287
0.00875854
189
0.00576782
-143
-0.00436401
448
0.0136719
63
0.00192261
145
0.00442505
27
0.000823975
316
0.00964355
397
0.0121155
58
0.00177002
-61
-0.00186157
-795
-0.0242615
-84
-0.00256348
476
0.0145264
-477
-0.0145569
701
0.0213928
-153
-0.00466919
460
0.0140381
-56
-0.00170898
396
0.012085
304
0.00927734
501
0.0152893
-28
-0.000854492
410
0.0125122
128
0.00390625
446
0.0136108
112
0.00341797
-404
-0.0123291
83
0.00253296
-747
-0.0227966
-173
-0.00527954
317
0.00967407
56
0.00170898
452
0.0137939
166
0.00506592
388
0.0118408
-67
-0.00204468
456
0.013916
8
0.000244141
-331
-0.0101013
-3
-9.15527e-05
-219
-0.00668335
134
0.00408936
-144
-0.00439453
-124
-0.00378418
421
0.0128479
-71
-0.00216675
432
0.0131836
212
0.00646973
721
0.0220032
254
0.00775146
489
0.0149231
-82
-0.00250244
-14
-0.000427246
274
0.00836182
361
0.0110168
132
0.00402832
145
0.00442505
-348
-0.0106201
261
0.00796509
5
0.000152588
86
0.00262451
-134
-0.00408936
-503
-0.0153503
-56
-0.00170898
41
0.00125122
-31
-0.000946045
574
0.0175171
290
0.0088501
-117
-0.00357056
-143
-0.00436401
-244
-0.00744629
3
9.15527e-05
-1090
-0.0332642
347
0.0105896
-210
-0.00640869
-50
-0.00152588
233
0.0071106
204
0.00622559
483
0.01474
-60
-0.00183105
321
0.00979614
-195
-0.00595093
-502
-0.0153198
365
0.0111389
-925
-0.0282288
-58
-0.00177002
-409
-0.0124817
-69
-0.00210571
27
0.000823975
336
0.0102539
82
0.00250244
-113
-0.00344849
-273
-0.0083313
-15
-0.000457764
588
0.0179443
157
0.00479126
-898
-0.0274048
364
0.0111084
-364
-0.0111084
41
0.00125122
13
0.000396729
-182
-0.0055542
-267
-0.00814819
-11
-0.000335693
-649
-0.0198059
-79
-0.00241089
-229
-0.00698853
9
0.000274658
657
0.02005
-63
-0.00192261
972
0.0296631
-196
-0.00598145
664
0.0202637
-221
-0.00674438
-358
-0.0109253
-225
-0.00686646
-80
-0.00244141
219
0.00668335
-538
-0.0164185
188
0.0057373
147
0.00448608
93
0.00283813
-645
-0.0196838
-152
-0.00463867
356
0.0108643
71
0.00216675
-710
-0.0216675
-108
-0.0032959
224
0.00683594
303
0.00924683
742
0.022644
275
0.00839233
-139
-0.00424194
-313
-0.009552
-1311
-0.0400085
-215
-0.00656128
332
0.0101318
-81
-0.00247192
-538
-0.0164185
174
0.00531006
-62
-0.00189209
-148
-0.0045166
-189
-0.00576782
118
0.00360107
-154
-0.00469971
315
0.00961304
-565
-0.0172424
-131
-0.0039978
-462
-0.0140991
-253
-0.00772095
-596
-0.0181885
-134
-0.00408936
31
0.000946045
406
0.0123901
-238
-0.00726318
-127
-0.00387573
-485
-0.014801
278
0.00848389
20
0.000610352
68
0.0020752
-62
-0.00189209
272
0.00830078
-341
-0.0104065
141
0.00430298
-295
-0.00900269
-455
-0.0138855
-755
-0.0230408
-38
-0.00115967
-665
-0.0202942
-39
-0.00119019
-317
-0.00967407
-40
-0.0012207
386
0.0117798
-252
-0.00769043
-131
-0.0039978
-42
-0.00128174
-244
-0.00744629
138
0.00421143
754
0.0230103
227
0.00692749
-113
-0.00344849
-390
-0.0119019
-69
-0.00210571
248
0.00756836
-239
-0.0072937
-173
-0.00527954
-199
-0.006073
26
0.000793457
153
0.00466919
-451
-0.0137634
811
0.0247498
140
0.00427246
697
0.0212708
-97
-0.00296021
502
0.0153198
173
0.00527954
-101
-0.00308228
-99
-0.00302124
139
0.00424194
-251
-0.00765991
-12
-0.000366211
241
0.00735474
93
0.00283813
187
0.00570679
62
0.00189209
-191
-0.00582886
542
0.0165405
-9
-0.000274658
42
0.00128174
267
0.00814819
-226
-0.00689697
-63
-0.00192261
398
0.012146
-168
-0.00512695
-487
-0.0148621
307
0.0093689
-158
-0.00482178
-122
-0.00372314
-488
-0.0148926
223
0.00680542
-344
-0.010498
-234
-0.00714111
-294
-0.00897217
-133
-0.00405884
717
0.0218811
118
0.00360107
-120
-0.00366211
150
0.00457764
468
0.0142822
-116
-0.00354004
-552
-0.0168457
12
0.000366211
-182
-0.0055542
142
0.0043335
763
0.0232849
2
6.10352e-05
79
0.00241089
-133
-0.00405884
954
0.0291138
-158
-0.00482178
246
0.00750732
-131
-0.0039978
-301
-0.00918579
-344
-0.010498
772
0.0235596
262
0.00799561
-47
-0.00143433
-318
-0.00970459
-626
-0.019104
-51
-0.0015564
-112
-0.00341797
-153
-0.00466919
-340
-0.010376
-50
-0.00152588
486
0.0148315
143
0.00436401
582
0.0177612
199
0.006073
397
0.0121155
-128
-0.00390625
-639
-0.0195007
-75
-0.00228882
154
0.00469971
12
0.000366211
-508
-0.0155029
-184
-0.00561523
-695
-0.0212097
-43
-0.00131226
-41
-0.00125122
158
0.00482178
505
0.0154114
-2
-6.10352e-05
-221
-0.00674438
149
0.00454712
344
0.010498
253
0.00772095
137
0.00418091
-30
-0.000915527
-67
-0.00204468
204
0.00622559
-331
-0.0101013
43
0.00131226
-485
-0.014801
225
0.00686646
724
0.0220947
254
0.00775146
267
0.00814819
-35
-0.00106812
643
0.0196228
284
0.00866699
465
0.0141907
76
0.00231934
-393
-0.0119934
-255
-0.00778198
-383
-0.0116882
112
0.00341797
-586
-0.0178833
131
0.0039978
10
0.000305176
-46
-0.00140381
88
0.00268555
215
0.00656128
-669
-0.0204163
51
0.0015564
13
0.000396729
-11
-0.000335693
423
0.0129089
39
0.00119019
-324
-0.0098877
49
0.00149536
146
0.00445557
63
0.00192261
38
0.00115967
180
0.00549316
85
0.00259399
-29
-0.00088501
-49
-0.00149536
-303
-0.00924683
-33
-0.00100708
200
0.00610352
-53
-0.00161743
-82
-0.00250244
137
0.00418091
-246
-0.00750732
256
0.0078125
-448
-0.0136719
-295
-0.00900269
255
0.00778198
261
0.00796509
29
0.00088501
-879
-0.026825
297
0.00906372
-26
-0.000793457
-251
-0.00765991
-10
-0.000305176
-169
-0.00515747
-110
-0.00335693
-84
-0.00256348
-521
-0.0158997
33
0.00100708
440
0.0134277
261
0.00796509
757
0.0231018
376
0.0114746
-582
-0.0177612
-100
-0.00305176
441
0.0134583
192
0.00585938
-693
-0.0211487
-53
-0.00161743
-459
-0.0140076
-144
-0.00439453
-2
-6.10352e-05
-351
-0.0107117
44
0.00134277
-89
-0.00271606
448
0.0136719
-271
-0.00827026
-129
-0.00393677
300
0.00915527
-98
-0.00299072
-190
-0.00579834
160
0.00488281
118
0.00360107
140
0.00427246
159
0.00485229
-381
-0.0116272
-184
-0.00561523
-318
-0.00970459
-214
-0.00653076
219
0.00668335
-165
-0.0050354
134
0.00408936
262
0.00799561
-916
-0.0279541
232
0.00708008
714
0.0217896
-334
-0.0101929
943
0.0287781
245
0.00747681
-143
-0.00436401
-107
-0.00326538
-68
-0.0020752
162
0.00494385
-353
-0.0107727
-9
-0.000274658
128
0.00390625
181
0.00552368
906
0.0276489
-332
-0.0101318
-565
-0.0172424
72
0.00219727
216
0.0065918
-24
-0.000732422
20
0.000610352
43
0.00131226
-366
-0.0111694
-253
-0.00772095
-355
-0.0108337
-245
-0.00747681
440
0.0134277
57
0.0017395
3
9.15527e-05
152
0.00463867
79
0.00241089
-36
-0.00109863
4
0.00012207
-407
-0.0124207
-156
-0.00476074
-95
-0.00289917
-610
-0.0186157
-205
-0.0062561
49
0.00149536
70
0.00213623
164
0.00500488
-3
-9.15527e-05
1112
0.0339355
-125
-0.0038147
-724
-0.0220947
69
0.00210571
73
0.00222778
-136
-0.00415039
-530
-0.0161743
10
0.000305176
-400
-0.012207
-447
-0.0136414
549
0.0167542
40
0.0012207
530
0.0161743
-336
-0.0102539
-633
-0.0193176
184
0.00561523
-288
-0.00878906
17
0.000518799
771
0.0235291
122
0.00372314
-560
-0.0170898
-219
-0.00668335
-310
-0.00946045
-199
-0.006073
-454
-0.013855
118
0.00360107
334
0.0101929
-239
-0.0072937
954
0.0291138
-44
-0.00134277
1294
0.0394897
290
0.0088501
466
0.0142212
-292
-0.00891113
284
0.00866699
130
0.00396729
407
0.0124207
-36
-0.00109863
484
0.0147705
137
0.00418091
401
0.0122375
-225
-0.00686646
351
0.0107117
58
0.00177002
-85
-0.00259399
172
0.00524902
309
0.00942993
-445
-0.0135803
664
0.0202637
245
0.00747681
1278
0.0390015
-106
-0.00323486
-885
-0.0270081
399
0.0121765
-160
-0.00488281
159
0.00485229
521
0.0158997
-12
-0.000366211
803
0.0245056
115
0.00350952
-192
-0.00585938
6
0.000183105
203
0.00619507
-29
-0.00088501
-133
-0.00405884
90
0.00274658
193
0.00588989
258
0.00787354
456
0.013916
-457
-0.0139465
-152
-0.00463867
135
0.00411987
-591
-0.0180359
283
0.00863647
-177
-0.00540161
-182
-0.0055542
-290
-0.0088501
-111
-0.00338745
706
0.0215454
203
0.00619507
20
0.000610352
96
0.00292969
-261
-0.00796509
97
0.00296021
-459
-0.0140076
224
0.00683594
425
0.01297
44
0.00134277
-254
-0.00775146
118
0.00360107
571
0.0174255
-114
-0.003479
170
0.00518799
-142
-0.0043335
-21
-0.000640869
-222
-0.0067749
-1
-3.05176e-05
-236
-0.00720215
-314
-0.00958252
-279
-0.0085144
413
0.0126038
65
0.00198364
-201
-0.00613403
-232
-0.00708008
594
0.0181274
-219
-0.00668335
521
0.0158997
-302
-0.00921631
-321
-0.00979614
257
0.00784302
123
0.00375366
343
0.0104675
-291
-0.00888062
-102
-0.00311279
411
0.0125427
210
0.00640869
451
0.0137634
-34
-0.0010376
406
0.0123901
-126
-0.00384521
464
0.0141602
72
0.00219727
-511
-0.0155945
-106
-0.00323486
-602
-0.0183716
-208
-0.00634766
105
0.00320435
7
0.000213623
-125
-0.0038147
-50
-0.00152588
-239
-0.0072937
110
0.00335693
759
0.0231628
-338
-0.0103149
366
0.0111694
176
0.00537109
-269
-0.00820923
93
0.00283813
-210
-0.00640869
-29
-0.00088501
-541
-0.01651
-23
-0.000701904
-505
-0.0154114
-150
-0.00457764
280
0.00854492
-399
-0.0121765
-95
-0.00289917
-23
-0.000701904
1095
0.0334167
-182
-0.0055542
465
0.0141907
177
0.00540161
391
0.0119324
89
0.00271606
576
0.0175781
-203
-0.00619507
-207
-0.00631714
-23
-0.000701904
29
0.00088501
-186
-0.00567627
-257
-0.00784302
197
0.00601196
-263
-0.00802612
-241
-0.00735474
564
0.0172119
-39
-0.00119019
-242
-0.00738525
258
0.00787354
59
0.00180054
-190
-0.00579834
-233
-0.0071106
145
0.00442505
-728
-0.0222168
9
0.000274658
-787
-0.0240173
-157
-0.00479126
-52
-0.00158691
187
0.00570679
-346
-0.0105591
-244
-0.00744629
-70
-0.00213623
141
0.00430298
69
0.00210571
-32
-0.000976562
-41
-0.00125122
-84
-0.00256348
975
0.0297546
130
0.00396729
975
0.0297546
-156
-0.00476074
-870
-0.0265503
-247
-0.00753784
-59
-0.00180054
-200
-0.00610352
188
0.0057373
-89
-0.00271606
74
0.0022583
124
0.00378418
39
0.00119019
-360
-0.0109863
796
0.024292
165
0.0050354
-201
-0.00613403
49
0.00149536
161
0.00491333
96
0.00292969
-49
-0.00149536
-92
-0.00280762
-718
-0.0219116
432
0.0131836
-729
-0.0222473
520
0.0158691
-385
-0.0117493
-303
-0.00924683
-174
-0.00531006
-82
-0.00250244
341
0.0104065
202
0.00616455
339
0.0103455
109
0.00332642
234
0.00714111
-183
-0.00558472
-185
-0.00564575
341
0.0104065
380
0.0115967
6
0.000183105
66
0.00201416
-105
-0.00320435
-1028
-0.0313721
37
0.00112915
47
0.00143433
-67
-0.00204468
738
0.022522
229
0.00698853
-580
-0.0177002
-150
-0.00457764
-297
-0.00906372
212
0.00646973
-777
-0.0237122
-87
-0.00265503
-79
-0.00241089
120
0.00366211
105
0.00320435
-47
-0.00143433
631
0.0192566
-246
-0.00750732
-17
-0.000518799
-344
-0.010498
-183
-0.00558472
116
0.00354004
769
0.023468
-9
-0.000274658
120
0.00366211
-61
-0.00186157
-138
-0.00421143
-263
-0.00802612
830
0.0253296
252
0.00769043
-301
-0.00918579
202
0.00616455
-22
-0.000671387
-126
-0.00384521
-218
-0.00665283
112
0.00341797
-645
-0.0196838
-248
-0.00756836
812
0.0247803
-31
-0.000946045
311
0.00949097
110
0.00335693
-498
-0.0151978
-325
-0.00991821
-32
-0.000976562
162
0.00494385
484
0.0147705
473
0.0144348
-113
-0.00344849
-76
-0.00231934
579
0.0176697
89
0.00271606
375
0.0114441
-143
-0.00436401
229
0.00698853
355
0.0108337
176
0.00537109
57
0.0017395
-382
-0.0116577
305
0.00930786
-235
-0.00717163
111
0.00338745
-589
-0.0179749
87
0.00265503
-17
-0.000518799
-636
-0.0194092
-29
-0.00088501
97
0.00296021
7
0.000213623
-420
-0.0128174
212
0.00646973
112
0.00341797
-45
-0.00137329
33
0.00100708
524
0.0159912
353
0.0107727
-422
-0.0128784
-416
-0.0126953
926
0.0282593
-92
-0.00280762
-1053
-0.032135
-285
-0.00869751
