-25
-0.0086326
-55
-0.0189917
-70
-0.0241713
46
0.015884
27
0.0093232
-101
-0.0348757
29
0.0100138
-40
-0.0138122
-60
-0.0207182
-9
-0.00310773
118
0.0407459
-15
-0.00517956
19
0.00656077
26
0.0089779
-13
-0.00448895
20
0.00690608
-70
-0.0241713
6
0.00207182
-18
-0.00621547
51
0.0176105
36
0.0124309
-24
-0.00828729
25
0.0086326
-93
-0.0321133
11
0.00379834
18
0.00621547
26
0.0089779
-77
-0.0265884
91
0.0314227
31
0.0107044
41
0.0141575
-19
-0.00656077
138
0.0476519
66
0.0227901
73
0.0252072
59
0.0203729
-41
-0.0141575
-4
-0.00138122
91
0.0314227
12
0.00414365
-99
-0.0341851
48
0.0165746
-18
-0.00621547
25
0.0086326
32
0.0110497
-19
-0.00656077
-5
-0.00172652
-28
-0.00966851
121
0.0417818
7
0.00241713
-3
-0.00103591
67
0.0231354
21
0.00725138
69
0.023826
-67
-0.0231354
-15
-0.00517956
12
0.00414365
56
0.019337
-28
-0.00966851
-69
-0.023826
27
0.0093232
-55
-0.0189917
137
0.0473066
-42
-0.0145028
110
0.0379834
52
0.0179558
3
0.00103591
46
0.015884
-40
-0.0138122
-60
-0.0207182
172
0.0593923
-58
-0.0200276
-54
-0.0186464
32
0.0110497
-6
-0.00207182
-51
-0.0176105
15
0.00517956
4
0.00138122
-24
-0.00828729
28
0.00966851
-35
-0.0120856
59
0.0203729
90
0.0310773
-25
-0.0086326
64
0.0220994
-28
-0.00966851
14
0.00483425
-41
-0.0141575
48
0.0165746
55
0.0189917
24
0.00828729
-13
-0.00448895
-57
-0.0196823
108
0.0372928
-11
-0.00379834
-45
-0.0155387
-49
-0.0169199
-55
-0.0189917
184
0.0635359
36
0.0124309
2
0.000690608
27
0.0093232
-47
-0.0162293
-28
-0.00966851
-4
-0.00138122
34
0.0117403
-14
-0.00483425
-74
-0.0255525
-34
-0.0117403
-25
-0.0086326
38
0.0131215
17
0.00587017
-23
-0.00794199
19
0.00656077
0
0
23
0.00794199
48
0.0165746
12
0.00414365
-38
-0.0131215
36
0.0124309
-101
-0.0348757
-47
-0.0162293
-2
-0.000690608
-1
-0.000345304
9
0.00310773
42
0.0145028
-96
-0.0331492
89
0.030732
-52
-0.0179558
72
0.0248619
-47
-0.0162293
4
0.00138122
35
0.0120856
-66
-0.0227901
42
0.0145028
-71
-0.0245166
-51
-0.0176105
13
0.00448895
35
0.0120856
-2
-0.000690608
-7
-0.00241713
26
0.0089779
13
0.00448895
8
0.00276243
-56
-0.019337
-52
-0.0179558
124
0.0428177
-15
-0.00517956
24
0.00828729
55
0.0189917
-32
-0.0110497
1
0.000345304
52
0.0179558
40
0.0138122
38
0.0131215
41
0.0141575
-51
-0.0176105
-18
-0.00621547
-23
-0.00794199
-34
-0.0117403
38
0.0131215
-2
-0.000690608
14
0.00483425
-34
-0.0117403
-38
-0.0131215
70
0.0241713
71
0.0245166
6
0.00207182
-84
-0.0290055
-33
-0.011395
-61
-0.0210635
-25
-0.0086326
0
0
-5
-0.00172652
-176
-0.0607735
50
0.0172652
29
0.0100138
57
0.0196823
40
0.0138122
8
0.00276243
-13
-0.00448895
77
0.0265884
75
0.0258978
3
0.00103591
-37
-0.0127762
9
0.00310773
-18
-0.00621547
-40
-0.0138122
-86
-0.0296961
24
0.00828729
44
0.0151934
-25
-0.0086326
-63
-0.0217541
-93
-0.0321133
-42
-0.0145028
-38
-0.0131215
6
0.00207182
-25
-0.0086326
8
0.00276243
65
0.0224448
2
0.000690608
-13
-0.00448895
-3
-0.00103591
69
0.023826
-34
-0.0117403
98
0.0338398
74
0.0255525
13
0.00448895
-36
-0.0124309
40
0.0138122
18
0.00621547
-3
-0.00103591
113
0.0390193
-2
-0.000690608
73
0.0252072
-18
-0.00621547
-5
-0.00172652
45
0.0155387
158
0.054558
32
0.0110497
38
0.0131215
-6
-0.00207182
-64
-0.0220994
-38
-0.0131215
-45
-0.0155387
-39
-0.0134669
13
0.00448895
8
0.00276243
-40
-0.0138122
-20
-0.00690608
-29
-0.0100138
63
0.0217541
-14
-0.00483425
-56
-0.019337
17
0.00587017
40
0.0138122
-5
-0.00172652
32
0.0110497
-41
-0.0141575
-17
-0.00587017
53
0.0183011
-14
-0.00483425
10
0.00345304
-9
-0.00310773
63
0.0217541
-63
-0.0217541
-62
-0.0214088
-25
-0.0086326
-21
-0.00725138
77
0.0265884
-24
-0.00828729
-11
-0.00379834
123
0.0424724
11
0.00379834
12
0.00414365
4
0.00138122
-102
-0.035221
7
0.00241713
-108
-0.0372928
94
0.0324586
-58
-0.0200276
33
0.011395
87
0.0300414
26
0.0089779
47
0.0162293
-15
-0.00517956
36
0.0124309
-22
-0.00759669
-26
-0.0089779
45
0.0155387
-41
-0.0141575
28
0.00966851
-51
-0.0176105
-1
-0.000345304
-1
-0.000345304
21
0.00725138
-51
-0.0176105
37
0.0127762
-43
-0.0148481
11
0.00379834
69
0.023826
25
0.0086326
107
0.0369475
8
0.00276243
-124
-0.0428177
-66
-0.0227901
-97
-0.0334945
47
0.0162293
111
0.0383287
2
0.000690608
120
0.0414365
-51
-0.0176105
-27
-0.0093232
-80
-0.0276243
101
0.0348757
98
0.0338398
-26
-0.0089779
41
0.0141575
-6
-0.00207182
11
0.00379834
70
0.0241713
26
0.0089779
31
0.0107044
-50
-0.0172652
-42
-0.0145028
-7
-0.00241713
12
0.00414365
53
0.0183011
47
0.0162293
-29
-0.0100138
-27
-0.0093232
-24
-0.00828729
98
0.0338398
56
0.019337
100
0.0345304
15
0.00517956
65
0.0224448
-6
-0.00207182
-33
-0.011395
6
0.00207182
7
0.00241713
-9
-0.00310773
-52
-0.0179558
-18
-0.00621547
-21
-0.00725138
64
0.0220994
-5
-0.00172652
-18
-0.00621547
64
0.0220994
63
0.0217541
64
0.0220994
-28
-0.00966851
-80
-0.0276243
-39
-0.0134669
100
0.0345304
12
0.00414365
71
0.0245166
-26
-0.0089779
-120
-0.0414365
-43
-0.0148481
-31
-0.0107044
-64
-0.0220994
-33
-0.011395
-29
-0.0100138
13
0.00448895
40
0.0138122
-9
-0.00310773
-44
-0.0151934
-47
-0.0162293
-92
-0.031768
92
0.031768
-6
-0.00207182
44
0.0151934
-20
-0.00690608
-25
-0.0086326
-44
-0.0151934
103
0.0355663
4
0.00138122
-12
-0.00414365
-53
-0.0183011
-14
-0.00483425
103
0.0355663
23
0.00794199
-2
-0.000690608
6
0.00207182
49
0.0169199
177
0.0611188
-15
-0.00517956
18
0.00621547
-49
-0.0169199
-61
-0.0210635
37
0.0127762
6
0.00207182
-10
-0.00345304
48
0.0165746
62
0.0214088
6
0.00207182
61
0.0210635
84
0.0290055
-14
-0.00483425
3
0.00103591
42
0.0145028
-33
-0.011395
10
0.00345304
82
0.0283149
-32
-0.0110497
-66
-0.0227901
-23
-0.00794199
-75
-0.0258978
59
0.0203729
31
0.0107044
30
0.0103591
98
0.0338398
-52
-0.0179558
-86
-0.0296961
-60
-0.0207182
-42
-0.0145028
-83
-0.0286602
-101
-0.0348757
-40
-0.0138122
26
0.0089779
-37
-0.0127762
-8
-0.00276243
-1
-0.000345304
-66
-0.0227901
58
0.0200276
-150
-0.0517956
7
0.00241713
-86
-0.0296961
17
0.00587017
58
0.0200276
-8
-0.00276243
25
0.0086326
-3
-0.00103591
58
0.0200276
-25
-0.0086326
-18
-0.00621547
-4
-0.00138122
32
0.0110497
5
0.00172652
-23
-0.00794199
-83
-0.0286602
-69
-0.023826
12
0.00414365
-81
-0.0279696
-49
-0.0169199
-136
-0.0469613
87
0.0300414
-25
-0.0086326
-4
-0.00138122
-23
-0.00794199
-99
-0.0341851
39
0.0134669
105
0.0362569
-36
-0.0124309
-95
-0.0328039
15
0.00517956
-14
-0.00483425
-92
-0.031768
28
0.00966851
71
0.0245166
-53
-0.0183011
51
0.0176105
44
0.0151934
-113
-0.0390193
16
0.00552486
62
0.0214088
-7
-0.00241713
2
0.000690608
54
0.0186464
-2
-0.000690608
32
0.0110497
-2
-0.000690608
-15
-0.00517956
48
0.0165746
73
0.0252072
-15
-0.00517956
19
0.00656077
-89
-0.030732
-99
-0.0341851
16
0.00552486
-56
-0.019337
31
0.0107044
16
0.00552486
-46
-0.015884
-43
-0.0148481
33
0.011395
-23
-0.00794199
50
0.0172652
-13
-0.00448895
-73
-0.0252072
-105
-0.0362569
-45
-0.0155387
-22
-0.00759669
-20
-0.00690608
12
0.00414365
51
0.0176105
-19
-0.00656077
44
0.0151934
58
0.0200276
-73
-0.0252072
-20
-0.00690608
-27
-0.0093232
26
0.0089779
0
0
19
0.00656077
-23
-0.00794199
22
0.00759669
69
0.023826
-33
-0.011395
8
0.00276243
62
0.0214088
27
0.0093232
8
0.00276243
2
0.000690608
-14
-0.00483425
38
0.0131215
5
0.00172652
-92
-0.031768
-52
-0.0179558
87
0.0300414
-14
-0.00483425
-80
-0.0276243
-17
-0.00587017
-23
-0.00794199
-64
-0.0220994
106
0.0366022
-22
-0.00759669
-38
-0.0131215
-29
-0.0100138
-42
-0.0145028
-34
-0.0117403
45
0.0155387
38
0.0131215
136
0.0469613
-31
-0.0107044
52
0.0179558
18
0.00621547
-57
-0.0196823
-94
-0.0324586
18
0.00621547
2
0.000690608
68
0.0234807
-14
-0.00483425
-112
-0.038674
-36
-0.0124309
37
0.0127762
33
0.011395
-2
-0.000690608
33
0.011395
74
0.0255525
-21
-0.00725138
177
0.0611188
-23
-0.00794199
111
0.0383287
50
0.0172652
-9
-0.00310773
-130
-0.0448895
101
0.0348757
43
0.0148481
36
0.0124309
-13
-0.00448895
-50
-0.0172652
-55
-0.0189917
-60
-0.0207182
-8
-0.00276243
-131
-0.0452348
-38
-0.0131215
-78
-0.0269337
-38
-0.0131215
39
0.0134669
-13
-0.00448895
-6
-0.00207182
-65
-0.0224448
89
0.030732
25
0.0086326
-41
-0.0141575
-64
-0.0220994
68
0.0234807
-56
-0.019337
-81
-0.0279696
25
0.0086326
-34
-0.0117403
-33
-0.011395
119
0.0410912
15
0.00517956
-2
-0.000690608
109
0.0376381
38
0.0131215
30
0.0103591
-93
-0.0321133
58
0.0200276
-103
-0.0355663
-22
-0.00759669
-164
-0.0566298
74
0.0255525
-61
-0.0210635
-11
-0.00379834
-9
-0.00310773
-2
-0.000690608
120
0.0414365
-1
-0.000345304
35
0.0120856
77
0.0265884
-34
-0.0117403
-13
-0.00448895
126
0.0435083
53
0.0183011
-49
-0.0169199
38
0.0131215
-65
-0.0224448
-38
-0.0131215
-7
-0.00241713
-40
-0.0138122
76
0.0262431
59
0.0203729
-57
-0.0196823
1
0.000345304
-54
-0.0186464
27
0.0093232
83
0.0286602
11
0.00379834
42
0.0145028
11
0.00379834
-68
-0.0234807
-30
-0.0103591
-12
-0.00414365
68
0.0234807
-35
-0.0120856
60
0.0207182
-50
-0.0172652
-27
-0.0093232
-10
-0.00345304
-19
-0.00656077
-34
-0.0117403
30
0.0103591
48
0.0165746
43
0.0148481
28
0.00966851
59
0.0203729
-102
-0.035221
-42
-0.0145028
50
0.0172652
-19
-0.00656077
-52
-0.0179558
-121
-0.0417818
-27
-0.0093232
-25
-0.0086326
8
0.00276243
-82
-0.0283149
-103
-0.0355663
101
0.0348757
17
0.00587017
25
0.0086326
-43
-0.0148481
-48
-0.0165746
-70
-0.0241713
108
0.0372928
20
0.00690608
-14
-0.00483425
40
0.0138122
-9
-0.00310773
5
0.00172652
-42
-0.0145028
-41
-0.0141575
-55
-0.0189917
-70
-0.0241713
-22
-0.00759669
116
0.0400552
-4
-0.00138122
-1
-0.000345304
20
0.00690608
133
0.0459254
34
0.0117403
89
0.030732
76
0.0262431
6
0.00207182
46
0.015884
14
0.00483425
-38
-0.0131215
-7
-0.00241713
7
0.00241713
53
0.0183011
13
0.00448895
-14
-0.00483425
-20
-0.00690608
-46
-0.015884
64
0.0220994
23
0.00794199
34
0.0117403
-42
-0.0145028
-17
-0.00587017
122
0.0421271
36
0.0124309
-22
-0.00759669
6
0.00207182
-50
-0.0172652
53
0.0183011
-105
-0.0362569
55
0.0189917
-47
-0.0162293
5
0.00172652
-11
-0.00379834
-7
-0.00241713
88
0.0303867
-42
-0.0145028
45
0.0155387
-52
-0.0179558
-1
-0.000345304
43
0.0148481
2
0.000690608
64
0.0220994
31
0.0107044
64
0.0220994
50
0.0172652
-88
-0.0303867
31
0.0107044
12
0.00414365
-61
-0.0210635
22
0.00759669
-29
-0.0100138
-16
-0.00552486
8
0.00276243
-26
-0.0089779
-86
-0.0296961
-17
-0.00587017
70
0.0241713
-9
-0.00310773
36
0.0124309
-24
-0.00828729
86
0.0296961
-108
-0.0372928
16
0.00552486
51
0.0176105
75
0.0258978
146
0.0504144
15
0.00517956
0
0
-38
-0.0131215
15
0.00517956
53
0.0183011
-27
-0.0093232
100
0.0345304
53
0.0183011
1
0.000345304
-79
-0.027279
117
0.0404006
48
0.0165746
-13
-0.00448895
90
0.0310773
-1
-0.000345304
53
0.0183011
2
0.000690608
87
0.0300414
-41
-0.0141575
38
0.0131215
32
0.0110497
-44
-0.0151934
52
0.0179558
-93
-0.0321133
63
0.0217541
-15
-0.00517956
57
0.0196823
96
0.0331492
28
0.00966851
-57
-0.0196823
9
0.00310773
-42
-0.0145028
-41
-0.0141575
-1
-0.000345304
-82
-0.0283149
-30
-0.0103591
23
0.00794199
-25
-0.0086326
54
0.0186464
55
0.0189917
-16
-0.00552486
6
0.00207182
-66
-0.0227901
6
0.00207182
-18
-0.00621547
-28
-0.00966851
-50
-0.0172652
-61
-0.0210635
-34
-0.0117403
-50
-0.0172652
69
0.023826
14
0.00483425
-30
-0.0103591
-13
-0.00448895
-20
-0.00690608
40
0.0138122
-109
-0.0376381
-46
-0.015884
-46
-0.015884
-45
-0.0155387
92
0.031768
-72
-0.0248619
97
0.0334945
-11
-0.00379834
37
0.0127762
46
0.015884
64
0.0220994
38
0.0131215
-6
-0.00207182
27
0.0093232
3
0.00103591
-51
-0.0176105
-36
-0.0124309
52
0.0179558
110
0.0379834
-13
-0.00448895
-95
-0.0328039
26
0.0089779
-44
-0.0151934
17
0.00587017
49
0.0169199
7
0.00241713
38
0.0131215
99
0.0341851
-36
-0.0124309
-16
-0.00552486
-27
-0.0093232
-46
-0.015884
-66
-0.0227901
18
0.00621547
-8
-0.00276243
32
0.0110497
-7
-0.00241713
-59
-0.0203729
-67
-0.0231354
-142
-0.0490331
10
0.00345304
18
0.00621547
-46
-0.015884
5
0.00172652
-66
-0.0227901
17
0.00587017
-69
-0.023826
8
0.00276243
1
0.000345304
52
0.0179558
-8
-0.00276243
-26
-0.0089779
-114
-0.0393646
12
0.00414365
76
0.0262431
-85
-0.0293508
-26
-0.0089779
35
0.0120856
-24
-0.00828729
32
0.0110497
-1
-0.000345304
7
0.00241713
-2
-0.000690608
-1
-0.000345304
17
0.00587017
0
0
103
0.0355663
40
0.0138122
5
0.00172652
-66
-0.0227901
33
0.011395
-17
-0.00587017
26
0.0089779
8
0.00276243
-24
-0.00828729
-54
-0.0186464
-27
-0.0093232
64
0.0220994
-2
-0.000690608
-18
-0.00621547
-11
-0.00379834
-13
-0.00448895
13
0.00448895
57
0.0196823
77
0.0265884
-37
-0.0127762
33
0.011395
35
0.0120856
-41
-0.0141575
72
0.0248619
12
0.00414365
-39
-0.0134669
-1
-0.000345304
5
0.00172652
28
0.00966851
6
0.00207182
-37
-0.0127762
20
0.00690608
-47
-0.0162293
93
0.0321133
-47
-0.0162293
48
0.0165746
48
0.0165746
-13
-0.00448895
-55
-0.0189917
-45
-0.0155387
24
0.00828729
29
0.0100138
13
0.00448895
31
0.0107044
38
0.0131215
-24
-0.00828729
-51
-0.0176105
-74
-0.0255525
1
0.000345304
-75
-0.0258978
1
0.000345304
96
0.0331492
-7
-0.00241713
42
0.0145028
23
0.00794199
8
0.00276243
-93
-0.0321133
-32
-0.0110497
37
0.0127762
-9
-0.00310773
-60
-0.0207182
7
0.00241713
16
0.00552486
12
0.00414365
41
0.0141575
-13
-0.00448895
-2
-0.000690608
67
0.0231354
30
0.0103591
45
0.0155387
15
0.00517956
-3
-0.00103591
11
0.00379834
51
0.0176105
-195
-0.0673343
6
0.00207182
-16
-0.00552486
8
0.00276243
87
0.0300414
14
0.00483425
5
0.00172652
-19
-0.00656077
-12
-0.00414365
17
0.00587017
7
0.00241713
-59
-0.0203729
26
0.0089779
-4
-0.00138122
88
0.0303867
0
0
4
0.00138122
60
0.0207182
42
0.0145028
-24
-0.00828729
-120
-0.0414365
88
0.0303867
-128
-0.0441989
-17
-0.00587017
-23
-0.00794199
-6
-0.00207182
69
0.023826
21
0.00725138
16
0.00552486
-9
-0.00310773
-115
-0.0397099
13
0.00448895
-102
-0.035221
-10
-0.00345304
-17
-0.00587017
19
0.00656077
-60
-0.0207182
-6
-0.00207182
54
0.0186464
-59
-0.0203729
163
0.0562845
-4
-0.00138122
132
0.0455801
-34
-0.0117403
35
0.0120856
-52
-0.0179558
-35
-0.0120856
-69
-0.023826
9
0.00310773
34
0.0117403
-107
-0.0369475
18
0.00621547
58
0.0200276
28
0.00966851
-9
-0.00310773
-8
-0.00276243
131
0.0452348
-30
-0.0103591
-89
-0.030732
-31
-0.0107044
-96
-0.0331492
-1
-0.000345304
-132
-0.0455801
-75
-0.0258978
-119
-0.0410912
-36
-0.0124309
47
0.0162293
-18
-0.00621547
89
0.030732
-93
-0.0321133
-42
-0.0145028
-2
-0.000690608
24
0.00828729
-3
-0.00103591
-45
-0.0155387
-8
-0.00276243
-62
-0.0214088
-78
-0.0269337
71
0.0245166
48
0.0165746
42
0.0145028
-7
-0.00241713
84
0.0290055
-13
-0.00448895
-15
-0.00517956
48
0.0165746
72
0.0248619
-32
-0.0110497
100
0.0345304
22
0.00759669
59
0.0203729
-106
-0.0366022
-1
-0.000345304
-7
-0.00241713
-71
-0.0245166
-10
-0.00345304
-73
-0.0252072
103
0.0355663
52
0.0179558
-21
-0.00725138
40
0.0138122
-73
-0.0252072
-11
-0.00379834
33
0.011395
10
0.00345304
12
0.00414365
-46
-0.015884
14
0.00483425
91
0.0314227
20
0.00690608
83
0.0286602
-48
-0.0165746
-56
-0.019337
14
0.00483425
28
0.00966851
-24
-0.00828729
-29
-0.0100138
-71
-0.0245166
10
0.00345304
-56
-0.019337
-64
-0.0220994
-58
-0.0200276
52
0.0179558
22
0.00759669
89
0.030732
-35
-0.0120856
72
0.0248619
-59
-0.0203729
29
0.0100138
-13
-0.00448895
-64
-0.0220994
59
0.0203729
-9
-0.00310773
16
0.00552486
-44
-0.0151934
-67
-0.0231354
-47
-0.0162293
21
0.00725138
-21
-0.00725138
-96
-0.0331492
0
0
-25
-0.0086326
-14
-0.00483425
-64
-0.0220994
-69
-0.023826
-30
-0.0103591
40
0.0138122
-54
-0.0186464
26
0.0089779
-61
-0.0210635
-38
-0.0131215
-123
-0.0424724
-14
-0.00483425
-12
-0.00414365
18
0.00621547
20
0.00690608
-23
-0.00794199
-78
-0.0269337
27
0.0093232
-57
-0.0196823
16
0.00552486
69
0.023826
-64
-0.0220994
56
0.019337
-27
-0.0093232
-37
-0.0127762
-3
-0.00103591
28
0.00966851
2
0.000690608
11
0.00379834
-27
-0.0093232
16
0.00552486
-58
-0.0200276
109
0.0376381
-131
-0.0452348
-70
-0.0241713
64
0.0220994
-7
-0.00241713
-62
-0.0214088
50
0.0172652
35
0.0120856
-68
-0.0234807
9
0.00310773
-7
-0.00241713
35
0.0120856
29
0.0100138
34
0.0117403
-58
-0.0200276
-22
-0.00759669
-30
-0.0103591
6
0.00207182
-27
-0.0093232
2
0.000690608
10
0.00345304
-42
-0.0145028
-3
-0.00103591
-23
-0.00794199
2
0.000690608
-22
-0.00759669
-9
-0.00310773
-3
-0.00103591
83
0.0286602
-34
-0.0117403
2
0.000690608
-33
-0.011395
-28
-0.00966851
113
0.0390193
-27
-0.0093232
6
0.00207182
56
0.019337
1
0.000345304
-3
-0.00103591
10
0.00345304
10
0.00345304
23
0.00794199
-47
-0.0162293
-13
-0.00448895
-42
-0.0145028
-95
-0.0328039
-40
-0.0138122
46
0.015884
-69
-0.023826
-55
-0.0189917
77
0.0265884
62
0.0214088
-49
-0.0169199
-24
-0.00828729
18
0.00621547
-18
-0.00621547
66
0.0227901
-29
-0.0100138
75
0.0258978
-17
-0.00587017
-52
-0.0179558
-131
-0.0452348
2
0.000690608
36
0.0124309
1
0.000345304
-61
-0.0210635
29
0.0100138
94
0.0324586
66
0.0227901
-45
-0.0155387
33
0.011395
27
0.0093232
63
0.0217541
41
0.0141575
63
0.0217541
37
0.0127762
81
0.0279696
-42
-0.0145028
-60
-0.0207182
-16
-0.00552486
99
0.0341851
-53
-0.0183011
45
0.0155387
-95
-0.0328039
45
0.0155387
-149
-0.0514503
-45
-0.0155387
65
0.0224448
-46
-0.015884
-14
-0.00483425
-56
-0.019337
-84
-0.0290055
64
0.0220994
22
0.00759669
-79
-0.027279
11
0.00379834
50
0.0172652
-38
-0.0131215
-51
-0.0176105
49
0.0169199
-14
-0.00483425
2
0.000690608
47
0.0162293
-50
-0.0172652
-31
-0.0107044
-46
-0.015884
19
0.00656077
-5
-0.00172652
-46
-0.015884
62
0.0214088
-85
-0.0293508
-13
-0.00448895
94
0.0324586
-6
-0.00207182
-58
-0.0200276
-48
-0.0165746
17
0.00587017
0
0
-70
-0.0241713
-14
-0.00483425
-14
-0.00483425
-110
-0.0379834
58
0.0200276
1
0.000345304
-35
-0.0120856
81
0.0279696
-48
-0.0165746
-39
-0.0134669
3
0.00103591
-50
-0.0172652
-47
-0.0162293
-65
-0.0224448
-37
-0.0127762
-35
-0.0120856
-34
-0.0117403
-47
-0.0162293
-52
-0.0179558
-7
-0.00241713
53
0.0183011
-1
-0.000345304
33
0.011395
-105
-0.0362569
61
0.0210635
72
0.0248619
49
0.0169199
97
0.0334945
-34
-0.0117403
-27
-0.0093232
-12
-0.00414365
-64
-0.0220994
93
0.0321133
-40
-0.0138122
104
0.0359116
-98
-0.0338398
27
0.0093232
100
0.0345304
-62
-0.0214088
13
0.00448895
13
0.00448895
-21
-0.00725138
32
0.0110497
89
0.030732
48
0.0165746
-32
-0.0110497
38
0.0131215
36
0.0124309
87
0.0300414
-85
-0.0293508
51
0.0176105
-81
-0.0279696
-118
-0.0407459
-30
-0.0103591
6
0.00207182
4
0.00138122
-54
-0.0186464
7
0.00241713
-23
-0.00794199
93
0.0321133
-26
-0.0089779
0
0
14
0.00483425
-25
-0.0086326
26
0.0089779
-28
-0.00966851
-14
-0.00483425
-66
-0.0227901
16
0.00552486
-68
-0.0234807
-82
-0.0283149
50
0.0172652
-24
-0.00828729
-21
-0.00725138
58
0.0200276
73
0.0252072
1
0.000345304
-10
-0.00345304
50
0.0172652
28
0.00966851
-73
-0.0252072
133
0.0459254
65
0.0224448
-79
-0.027279
56
0.019337
68
0.0234807
16
0.00552486
180
0.0621547
-32
-0.0110497
107
0.0369475
67
0.0231354
44
0.0151934
-77
-0.0265884
-98
-0.0338398
43
0.0148481
23
0.00794199
-42
-0.0145028
-28
-0.00966851
-3
-0.00103591
57
0.0196823
-71
-0.0245166
-25
-0.0086326
13
0.00448895
-5
-0.00172652
-42
-0.0145028
-36
-0.0124309
43
0.0148481
4
0.00138122
-25
-0.0086326
72
0.0248619
65
0.0224448
-34
-0.0117403
96
0.0331492
-24
-0.00828729
-57
-0.0196823
43
0.0148481
42
0.0145028
37
0.0127762
11
0.00379834
-80
-0.0276243
-4
-0.00138122
-5
-0.00172652
110
0.0379834
70
0.0241713
-12
-0.00414365
10
0.00345304
23
0.00794199
-5
-0.00172652
80
0.0276243
74
0.0255525
56
0.019337
3
0.00103591
97
0.0334945
43
0.0148481
-91
-0.0314227
1
0.000345304
82
0.0283149
-77
-0.0265884
-45
-0.0155387
-67
-0.0231354
24
0.00828729
128
0.0441989
-21
-0.00725138
-43
-0.0148481
-41
-0.0141575
3
0.00103591
22
0.00759669
0
0
-48
-0.0165746
-71
-0.0245166
-35
-0.0120856
65
0.0224448
59
0.0203729
13
0.00448895
1
0.000345304
34
0.0117403
50
0.0172652
-74
-0.0255525
14
0.00483425
76
0.0262431
-117
-0.0404006
-52
-0.0179558
18
0.00621547
-55
-0.0189917
-70
-0.0241713
-84
-0.0290055
-60
-0.0207182
-9
-0.00310773
-19
-0.00656077
-35
-0.0120856
21
0.00725138
7
0.00241713
70
0.0241713
57
0.0196823
-9
-0.00310773
37
0.0127762
1
0.000345304
130
0.0448895
76
0.0262431
-50
-0.0172652
6
0.00207182
31
0.0107044
14
0.00483425
54
0.0186464
-21
-0.00725138
-6
-0.00207182
-75
-0.0258978
-70
-0.0241713
66
0.0227901
9
0.00310773
133
0.0459254
39
0.0134669
50
0.0172652
-49
-0.0169199
-8
-0.00276243
9
0.00310773
9
0.00310773
0
0
-4
-0.00138122
30
0.0103591
20
0.00690608
-94
-0.0324586
38
0.0131215
-18
-0.00621547
55
0.0189917
35
0.0120856
48
0.0165746
95
0.0328039
0
0
10
0.00345304
-5
-0.00172652
-28
-0.00966851
-23
-0.00794199
-19
-0.00656077
45
0.0155387
19
0.00656077
33
0.011395
-18
-0.00621547
-49
-0.0169199
87
0.0300414
-70
-0.0241713
-38
-0.0131215
-21
-0.00725138
-50
-0.0172652
32
0.0110497
-27
-0.0093232
28
0.00966851
-36
-0.0124309
-16
-0.00552486
-65
-0.0224448
-6
-0.00207182
62
0.0214088
-12
-0.00414365
-61
-0.0210635
-12
-0.00414365
-24
-0.00828729
109
0.0376381
2
0.000690608
-45
-0.0155387
37
0.0127762
-23
-0.00794199
-5
-0.00172652
4
0.00138122
34
0.0117403
28
0.00966851
85
0.0293508
8
0.00276243
49
0.0169199
-103
-0.0355663
-89
-0.030732
-93
-0.0321133
58
0.0200276
5
0.00172652
-50
-0.0172652
-24
-0.00828729
-34
-0.0117403
-73
-0.0252072
-3
-0.00103591
-8
-0.00276243
-6
-0.00207182
-1
-0.000345304
36
0.0124309
-71
-0.0245166
7
0.00241713
26
0.0089779
96
0.0331492
7
0.00241713
-41
-0.0141575
-25
-0.0086326
119
0.0410912
62
0.0214088
26
0.0089779
-65
-0.0224448
-4
-0.00138122
-9
-0.00310773
-55
-0.0189917
-1
-0.000345304
13
0.00448895
41
0.0141575
146
0.0504144
-26
-0.0089779
46
0.015884
-56
-0.019337
62
0.0214088
52
0.0179558
-50
-0.0172652
-117
-0.0404006
142
0.0490331
54
0.0186464
47
0.0162293
-51
-0.0176105
2
0.000690608
69
0.023826
40
0.0138122
83
0.0286602
-15
-0.00517956
-8
-0.00276243
-18
-0.00621547
31
0.0107044
-10
-0.00345304
-12
-0.00414365
-25
-0.0086326
-63
-0.0217541
-132
-0.0455801
-44
-0.0151934
-29
-0.0100138
30
0.0103591
-14
-0.00483425
10
0.00345304
-11
-0.00379834
93
0.0321133
-13
-0.00448895
-30
-0.0103591
60
0.0207182
105
0.0362569
-34
-0.0117403
-36
-0.0124309
-36
-0.0124309
-9
-0.00310773
-23
-0.00794199
-38
-0.0131215
-40
-0.0138122
13
0.00448895
-11
-0.00379834
-15
-0.00517956
-39
-0.0134669
51
0.0176105
-68
-0.0234807
-28
-0.00966851
51
0.0176105
35
0.0120856
42
0.0145028
-20
-0.00690608
9
0.00310773
-10
-0.00345304
-14
-0.00483425
27
0.0093232
104
0.0359116
34
0.0117403
35
0.0120856
-74
-0.0255525
-95
-0.0328039
25
0.0086326
130
0.0448895
47
0.0162293
50
0.0172652
-35
-0.0120856
-124
-0.0428177
-82
-0.0283149
64
0.0220994
-43
-0.0148481
40
0.0138122
-12
-0.00414365
-38
-0.0131215
-87
-0.0300414
69
0.023826
9
0.00310773
12
0.00414365
-17
-0.00587017
14
0.00483425
20
0.00690608
-23
-0.00794199
-21
-0.00725138
118
0.0407459
-30
-0.0103591
171
0.059047
30
0.0103591
50
0.0172652
-78
-0.0269337
30
0.0103591
11
0.00379834
10
0.00345304
14
0.00483425
-44
-0.0151934
-22
-0.00759669
-83
-0.0286602
112
0.038674
36
0.0124309
39
0.0134669
-99
-0.0341851
48
0.0165746
22
0.00759669
-10
-0.00345304
-35
-0.0120856
18
0.00621547
-32
-0.0110497
32
0.0110497
24
0.00828729
-15
-0.00517956
-12
-0.00414365
21
0.00725138
-46
-0.015884
-54
-0.0186464
-39
-0.0134669
-7
-0.00241713
-23
-0.00794199
39
0.0134669
-69
-0.023826
45
0.0155387
-20
-0.00690608
-20
-0.00690608
-108
-0.0372928
-66
-0.0227901
18
0.00621547
11
0.00379834
20
0.00690608
-61
-0.0210635
41
0.0141575
-38
-0.0131215
-16
-0.00552486
132
0.0455801
-6
-0.00207182
-34
-0.0117403
-48
-0.0165746
45
0.0155387
12
0.00414365
77
0.0265884
-13
-0.00448895
38
0.0131215
60
0.0207182
-71
-0.0245166
16
0.00552486
-11
-0.00379834
-27
-0.0093232
0
0
-51
-0.0176105
11
0.00379834
-150
-0.0517956
67
0.0231354
-14
-0.00483425
-3
-0.00103591
-66
-0.0227901
-39
-0.0134669
35
0.0120856
-23
-0.00794199
-20
-0.00690608
-29
-0.0100138
0
0
-50
-0.0172652
-115
-0.0397099
-43
-0.0148481
23
0.00794199
-84
-0.0290055
-42
-0.0145028
-60
-0.0207182
30
0.0103591
-1
-0.000345304
-57
-0.0196823
23
0.00794199
-66
-0.0227901
-11
-0.00379834
-67
-0.0231354
-12
-0.00414365
-16
-0.00552486
-10
-0.00345304
6
0.00207182
32
0.0110497
45
0.0155387
42
0.0145028
72
0.0248619
-41
-0.0141575
-8
-0.00276243
-1
-0.000345304
-27
-0.0093232
7
0.00241713
136
0.0469613
17
0.00587017
-38
-0.0131215
72
0.0248619
-55
-0.0189917
52
0.0179558
-14
-0.00483425
-11
-0.00379834
-10
-0.00345304
-44
-0.0151934
-66
-0.0227901
15
0.00517956
-24
-0.00828729
42
0.0145028
-69
-0.023826
80
0.0276243
30
0.0103591
10
0.00345304
-81
-0.0279696
-83
-0.0286602
11
0.00379834
0
0
56
0.019337
0
0
13
0.00448895
0
0
86
0.0296961
28
0.00966851
-126
-0.0435083
0
0
-107
-0.0369475
-36
-0.0124309
-80
-0.0276243
-55
-0.0189917
17
0.00587017
58
0.0200276
-8
-0.00276243
-93
-0.0321133
-10
-0.00345304
23
0.00794199
1
0.000345304
-13
-0.00448895
-14
-0.00483425
-61
-0.0210635
80
0.0276243
8
0.00276243
-83
-0.0286602
33
0.011395
-64
-0.0220994
17
0.00587017
-2
-0.000690608
58
0.0200276
-12
-0.00414365
-13
-0.00448895
171
0.059047
35
0.0120856
-155
-0.0535221
20
0.00690608
-4
-0.00138122
-27
-0.0093232
-36
-0.0124309
4
0.00138122
20
0.00690608
-66
-0.0227901
-14
-0.00483425
5
0.00172652
-4
-0.00138122
1
0.000345304
50
0.0172652
5
0.00172652
30
0.0103591
18
0.00621547
-18
-0.00621547
-86
-0.0296961
-72
-0.0248619
17
0.00587017
-25
-0.0086326
10
0.00345304
78
0.0269337
42
0.0145028
35
0.0120856
55
0.0189917
3
0.00103591
-33
-0.011395
-65
-0.0224448
58
0.0200276
0
0
-7
-0.00241713
-42
-0.0145028
150
0.0517956
75
0.0258978
-23
-0.00794199
141
0.0486878
-86
-0.0296961
-157
-0.0542127
-17
-0.00587017
97
0.0334945
-45
-0.0155387
115
0.0397099
-18
-0.00621547
25
0.0086326
-43
-0.0148481
-27
-0.0093232
-69
-0.023826
-90
-0.0310773
54
0.0186464
56
0.019337
-12
-0.00414365
-124
-0.0428177
-57
-0.0196823
-17
-0.00587017
90
0.0310773
14
0.00483425
40
0.0138122
2
0.000690608
-40
-0.0138122
-33
-0.011395
73
0.0252072
-24
-0.00828729
122
0.0421271
79
0.027279
-91
-0.0314227
22
0.00759669
26
0.0089779
-96
-0.0331492
72
0.0248619
37
0.0127762
10
0.00345304
-30
-0.0103591
48
0.0165746
-30
-0.0103591
-103
-0.0355663
-71
-0.0245166
34
0.0117403
-68
-0.0234807
-26
-0.0089779
61
0.0210635
-34
-0.0117403
-5
-0.00172652
-88
-0.0303867
16
0.00552486
57
0.0196823
-23
-0.00794199
-65
-0.0224448
-28
-0.00966851
17
0.00587017
-18
-0.00621547
24
0.00828729
83
0.0286602
-68
-0.0234807
67
0.0231354
-36
-0.0124309
-106
-0.0366022
-57
-0.0196823
-41
-0.0141575
48
0.0165746
71
0.0245166
30
0.0103591
-17
-0.00587017
-4
-0.00138122
71
0.0245166
-2
-0.000690608
-72
-0.0248619
-15
-0.00517956
-3
-0.00103591
3
0.00103591
39
0.0134669
67
0.0231354
-8
-0.00276243
-34
-0.0117403
11
0.00379834
-63
-0.0217541
97
0.0334945
-31
-0.0107044
74
0.0255525
-70
-0.0241713
-27
-0.0093232
62
0.0214088
-71
-0.0245166
-14
-0.00483425
106
0.0366022
59
0.0203729
72
0.0248619
-34
-0.0117403
-19
-0.00656077
-37
-0.0127762
-13
-0.00448895
-2
-0.000690608
-38
-0.0131215
3
0.00103591
-117
-0.0404006
33
0.011395
16
0.00552486
8
0.00276243
13
0.00448895
-16
-0.00552486
26
0.0089779
38
0.0131215
82
0.0283149
-19
-0.00656077
-21
-0.00725138
40
0.0138122
-81
-0.0279696
-80
-0.0276243
51
0.0176105
-39
-0.0134669
-49
-0.0169199
32
0.0110497
-116
-0.0400552
40
0.0138122
-20
-0.00690608
-45
-0.0155387
-39
-0.0134669
-24
-0.00828729
57
0.0196823
-37
-0.0127762
8
0.00276243
58
0.0200276
-63
-0.0217541
-58
-0.0200276
62
0.0214088
-84
-0.0290055
-20
-0.00690608
-63
-0.0217541
31
0.0107044
-10
-0.00345304
53
0.0183011
-54
-0.0186464
-73
-0.0252072
45
0.0155387
-49
-0.0169199
34
0.0117403
15
0.00517956
32
0.0110497
-60
-0.0207182
7
0.00241713
-48
-0.0165746
-3
-0.00103591
24
0.00828729
-55
-0.0189917
-46
-0.015884
-10
-0.00345304
-49
-0.0169199
-2
-0.000690608
22
0.00759669
29
0.0100138
49
0.0169199
-37
-0.0127762
-6
-0.00207182
-50
-0.0172652
2
0.000690608
-72
-0.0248619
-81
-0.0279696
-69
-0.023826
-42
-0.0145028
113
0.0390193
-90
-0.0310773
-5
-0.00172652
-47
-0.0162293
22
0.00759669
13
0.00448895
-53
-0.0183011
10
0.00345304
27
0.0093232
-44
-0.0151934
8
0.00276243
-38
-0.0131215
-55
-0.0189917
-27
-0.0093232
58
0.0200276
4
0.00138122
73
0.0252072
-15
-0.00517956
38
0.0131215
1
0.000345304
86
0.0296961
39
0.0134669
-72
-0.0248619
-5
-0.00172652
-69
-0.023826
31
0.0107044
4
0.00138122
-47
-0.0162293
88
0.0303867
-29
-0.0100138
-42
-0.0145028
13
0.00448895
61
0.0210635
64
0.0220994
1
0.000345304
118
0.0407459
-7
-0.00241713
91
0.0314227
-42
-0.0145028
14
0.00483425
-64
-0.0220994
-41
-0.0141575
13
0.00448895
39
0.0134669
-30
-0.0103591
0
0
82
0.0283149
-80
-0.0276243
64
0.0220994
61
0.0210635
62
0.0214088
20
0.00690608
50
0.0172652
136
0.0469613
7
0.00241713
1
0.000345304
62
0.0214088
-6
-0.00207182
84
0.0290055
-37
-0.0127762
7
0.00241713
-78
-0.0269337
22
0.00759669
-31
-0.0107044
-6
-0.00207182
105
0.0362569
12
0.00414365
-25
-0.0086326
8
0.00276243
-86
-0.0296961
-50
-0.0172652
46
0.015884
52
0.0179558
-25
-0.0086326
-22
-0.00759669
-8
-0.00276243
-20
-0.00690608
41
0.0141575
-75
-0.0258978
-69
-0.023826
23
0.00794199
-89
-0.030732
-19
-0.00656077
23
0.00794199
27
0.0093232
-96
-0.0331492
22
0.00759669
22
0.00759669
-37
-0.0127762
-52
-0.0179558
-29
-0.0100138
-59
-0.0203729
58
0.0200276
-120
-0.0414365
-9
-0.00310773
18
0.00621547
-94
-0.0324586
-43
-0.0148481
-54
-0.0186464
32
0.0110497
36
0.0124309
42
0.0145028
-11
-0.00379834
-90
-0.0310773
-4
-0.00138122
-193
-0.0666436
-18
-0.00621547
46
0.015884
-59
-0.0203729
-56
-0.019337
81
0.0279696
-75
-0.0258978
-8
-0.00276243
-41
-0.0141575
-36
-0.0124309
85
0.0293508
-20
-0.00690608
30
0.0103591
16
0.00552486
53
0.0183011
-5
-0.00172652
-101
-0.0348757
-35
-0.0120856
-174
-0.0600829
-33
-0.011395
26
0.0089779
-2
-0.000690608
-33
-0.011395
-26
-0.0089779
16
0.00552486
-8
-0.00276243
-48
-0.0165746
-26
-0.0089779
6
0.00207182
93
0.0321133
13
0.00448895
7
0.00241713
116
0.0400552
63
0.0217541
-64
-0.0220994
40
0.0138122
-21
-0.00725138
40
0.0138122
-44
-0.0151934
-81
-0.0279696
74
0.0255525
51
0.0176105
-6
-0.00207182
-38
-0.0131215
45
0.0155387
72
0.0248619
76
0.0262431
27
0.0093232
-28
-0.00966851
-12
-0.00414365
84
0.0290055
-39
-0.0134669
3
0.00103591
12
0.00414365
-87
-0.0300414
-1
-0.000345304
-71
-0.0245166
-77
-0.0265884
97
0.0334945
-92
-0.031768
12
0.00414365
36
0.0124309
-22
-0.00759669
-53
-0.0183011
9
0.00310773
28
0.00966851
45
0.0155387
-23
-0.00794199
-16
-0.00552486
-54
-0.0186464
17
0.00587017
30
0.0103591
-19
-0.00656077
55
0.0189917
76
0.0262431
6
0.00207182
-11
-0.00379834
-61
-0.0210635
-72
-0.0248619
-35
-0.0120856
11
0.00379834
31
0.0107044
-56
-0.019337
-25
-0.0086326
7
0.00241713
134
0.0462707
-26
-0.0089779
-88
-0.0303867
-52
-0.0179558
62
0.0214088
41
0.0141575
9
0.00310773
72
0.0248619
10
0.00345304
92
0.031768
65
0.0224448
31
0.0107044
-24
-0.00828729
145
0.0500691
-86
-0.0296961
37
0.0127762
35
0.0120856
51
0.0176105
-108
-0.0372928
-114
-0.0393646
-13
-0.00448895
-81
-0.0279696
-16
-0.00552486
-25
-0.0086326
-17
-0.00587017
-13
-0.00448895
-54
-0.0186464
146
0.0504144
-1
-0.000345304
-95
-0.0328039
-96
-0.0331492
11
0.00379834
-17
-0.00587017
177
0.0611188
-56
-0.019337
-62
-0.0214088
11
0.00379834
-112
-0.038674
-13
-0.00448895
-58
-0.0200276
0
0
29
0.0100138
-40
-0.0138122
70
0.0241713
21
0.00725138
94
0.0324586
13
0.00448895
33
0.011395
22
0.00759669
51
0.0176105
-2
-0.000690608
9
0.00310773
67
0.0231354
105
0.0362569
-43
-0.0148481
-1
-0.000345304
-15
-0.00517956
-5
-0.00172652
-31
-0.0107044
-9
-0.00310773
-25
-0.0086326
-55
-0.0189917
-63
-0.0217541
-38
-0.0131215
-79
-0.027279
-19
-0.00656077
-24
-0.00828729
20
0.00690608
-1
-0.000345304
-60
-0.0207182
-20
-0.00690608
22
0.00759669
11
0.00379834
-12
-0.00414365
18
0.00621547
7
0.00241713
-56
-0.019337
-92
-0.031768
-58
-0.0200276
-64
-0.0220994
5
0.00172652
-7
-0.00241713
17
0.00587017
28
0.00966851
46
0.015884
49
0.0169199
-5
-0.00172652
-54
-0.0186464
-21
-0.00725138
50
0.0172652
-42
-0.0145028
41
0.0141575
30
0.0103591
22
0.00759669
-12
-0.00414365
37
0.0127762
-9
-0.00310773
-90
-0.0310773
-80
-0.0276243
4
0.00138122
-67
-0.0231354
146
0.0504144
37
0.0127762
73
0.0252072
-118
-0.0407459
14
0.00483425
-42
-0.0145028
52
0.0179558
-31
-0.0107044
-139
-0.0479972
-54
-0.0186464
13
0.00448895
3
0.00103591
46
0.015884
22
0.00759669
1
0.000345304
-63
-0.0217541
-32
-0.0110497
39
0.0134669
52
0.0179558
42
0.0145028
103
0.0355663
-43
-0.0148481
-1
-0.000345304
77
0.0265884
-130
-0.0448895
35
0.0120856
5
0.00172652
113
0.0390193
-48
-0.0165746
-7
-0.00241713
44
0.0151934
-6
-0.00207182
58
0.0200276
58
0.0200276
-71
-0.0245166
40
0.0138122
-5
-0.00172652
1
0.000345304
-156
-0.0538674
17
0.00587017
67
0.0231354
-4
-0.00138122
-68
-0.0234807
18
0.00621547
12
0.00414365
2
0.000690608
-46
-0.015884
9
0.00310773
-3
-0.00103591
30
0.0103591
-73
-0.0252072
43
0.0148481
10
0.00345304
-18
-0.00621547
60
0.0207182
14
0.00483425
6
0.00207182
36
0.0124309
18
0.00621547
-11
-0.00379834
30
0.0103591
25
0.0086326
15
0.00517956
44
0.0151934
66
0.0227901
-52
-0.0179558
44
0.0151934
65
0.0224448
62
0.0214088
-50
-0.0172652
-32
-0.0110497
38
0.0131215
-6
-0.00207182
40
0.0138122
14
0.00483425
-32
-0.0110497
-55
-0.0189917
6
0.00207182
-48
-0.0165746
65
0.0224448
-114
-0.0393646
-21
-0.00725138
-32
-0.0110497
73
0.0252072
48
0.0165746
-31
-0.0107044
39
0.0134669
17
0.00587017
-49
-0.0169199
-83
-0.0286602
-19
-0.00656077
69
0.023826
-17
-0.00587017
-10
-0.00345304
25
0.0086326
55
0.0189917
39
0.0134669
53
0.0183011
25
0.0086326
-12
-0.00414365
61
0.0210635
-5
-0.00172652
9
0.00310773
85
0.0293508
17
0.00587017
16
0.00552486
4
0.00138122
45
0.0155387
68
0.0234807
-12
-0.00414365
21
0.00725138
40
0.0138122
9
0.00310773
29
0.0100138
66
0.0227901
-70
-0.0241713
-38
-0.0131215
14
0.00483425
128
0.0441989
-21
-0.00725138
74
0.0255525
-4
-0.00138122
37
0.0127762
46
0.015884
-17
-0.00587017
-47
-0.0162293
66
0.0227901
44
0.0151934
-60
-0.0207182
-2
-0.000690608
88
0.0303867
-65
-0.0224448
-15
-0.00517956
55
0.0189917
-27
-0.0093232
-89
-0.030732
-136
-0.0469613
5
0.00172652
-33
-0.011395
-40
-0.0138122
67
0.0231354
-43
-0.0148481
-54
-0.0186464
-72
-0.0248619
-97
-0.0334945
-2
-0.000690608
-35
-0.0120856
-19
-0.00656077
66
0.0227901
34
0.0117403
6
0.00207182
27
0.0093232
-88
-0.0303867
54
0.0186464
-44
-0.0151934
-51
-0.0176105
116
0.0400552
21
0.00725138
-55
-0.0189917
173
0.0597376
1
0.000345304
-23
-0.00794199
27
0.0093232
-98
-0.0338398
21
0.00725138
34
0.0117403
-24
-0.00828729
54
0.0186464
-85
-0.0293508
0
0
64
0.0220994
-29
-0.0100138
2
0.000690608
-7
-0.00241713
92
0.031768
56
0.019337
-62
-0.0214088
13
0.00448895
22
0.00759669
-64
-0.0220994
-48
-0.0165746
56
0.019337
-108
-0.0372928
63
0.0217541
-18
-0.00621547
-41
-0.0141575
64
0.0220994
36
0.0124309
-134
-0.0462707
-40
-0.0138122
-6
-0.00207182
20
0.00690608
-95
-0.0328039
-39
-0.0134669
47
0.0162293
13
0.00448895
-12
-0.00414365
-76
-0.0262431
44
0.0151934
-19
-0.00656077
15
0.00517956
72
0.0248619
42
0.0145028
16
0.00552486
-23
-0.00794199
56
0.019337
45
0.0155387
-31
-0.0107044
39
0.0134669
-44
-0.0151934
-132
-0.0455801
71
0.0245166
-75
-0.0258978
-21
-0.00725138
-107
-0.0369475
-32
-0.0110497
81
0.0279696
-8
-0.00276243
-127
-0.0438536
0
0
-51
-0.0176105
23
0.00794199
-3
-0.00103591
11
0.00379834
56
0.019337
-17
-0.00587017
24
0.00828729
-1
-0.000345304
105
0.0362569
6
0.00207182
2
0.000690608
31
0.0107044
-2
-0.000690608
28
0.00966851
-9
-0.00310773
-62
-0.0214088
61
0.0210635
16
0.00552486
64
0.0220994
-54
-0.0186464
57
0.0196823
24
0.00828729
6
0.00207182
54
0.0186464
7
0.00241713
-127
-0.0438536
15
0.00517956
-64
-0.0220994
-16
-0.00552486
-1
-0.000345304
-68
-0.0234807
-9
-0.00310773
-111
-0.0383287
-38
-0.0131215
82
0.0283149
-56
-0.019337
-21
-0.00725138
29
0.0100138
4
0.00138122
-10
-0.00345304
-63
-0.0217541
53
0.0183011
-58
-0.0200276
-26
-0.0089779
60
0.0207182
86
0.0296961
-90
-0.0310773
56
0.019337
11
0.00379834
-46
-0.015884
35
0.0120856
10
0.00345304
45
0.0155387
-53
-0.0183011
-113
-0.0390193
-38
-0.0131215
-23
-0.00794199
-41
-0.0141575
-58
-0.0200276
50
0.0172652
51
0.0176105
-41
-0.0141575
-84
-0.0290055
-31
-0.0107044
-1
-0.000345304
-44
-0.0151934
7
0.00241713
-23
-0.00794199
-29
-0.0100138
33
0.011395
103
0.0355663
-7
-0.00241713
-69
-0.023826
19
0.00656077
74
0.0255525
17
0.00587017
-3
-0.00103591
-30
-0.0103591
-101
-0.0348757
20
0.00690608
12
0.00414365
-74
-0.0255525
-71
-0.0245166
36
0.0124309
88
0.0303867
40
0.0138122
-14
-0.00483425
17
0.00587017
36
0.0124309
-90
-0.0310773
-25
-0.0086326
-93
-0.0321133
-21
-0.00725138
69
0.023826
-11
-0.00379834
67
0.0231354
-11
-0.00379834
-81
-0.0279696
94
0.0324586
-69
-0.023826
45
0.0155387
17
0.00587017
41
0.0141575
-23
-0.00794199
-6
-0.00207182
3
0.00103591
86
0.0296961
-15
-0.00517956
106
0.0366022
-104
-0.0359116
5
0.00172652
79
0.027279
-50
-0.0172652
-14
-0.00483425
74
0.0255525
63
0.0217541
11
0.00379834
-20
-0.00690608
18
0.00621547
-58
-0.0200276
106
0.0366022
4
0.00138122
-24
-0.00828729
-12
-0.00414365
34
0.0117403
-6
-0.00207182
87
0.0300414
-43
-0.0148481
-13
-0.00448895
-7
-0.00241713
36
0.0124309
-32
-0.0110497
-13
-0.00448895
60
0.0207182
-18
-0.00621547
-81
-0.0279696
17
0.00587017
40
0.0138122
25
0.0086326
-48
-0.0165746
116
0.0400552
2
0.000690608
-63
-0.0217541
30
0.0103591
40
0.0138122
-41
-0.0141575
-49
-0.0169199
-2
-0.000690608
-18
-0.00621547
9
0.00310773
-33
-0.011395
-13
-0.00448895
8
0.00276243
34
0.0117403
-8
-0.00276243
-72
-0.0248619
-10
-0.00345304
45
0.0155387
5
0.00172652
-22
-0.00759669
-10
-0.00345304
-2
-0.000690608
-24
-0.00828729
60
0.0207182
-45
-0.0155387
6
0.00207182
-3
-0.00103591
-27
-0.0093232
10
0.00345304
-37
-0.0127762
129
0.0445442
2
0.000690608
77
0.0265884
65
0.0224448
-105
-0.0362569
24
0.00828729
-40
-0.0138122
-8
-0.00276243
-20
-0.00690608
9
0.00310773
-7
-0.00241713
-44
-0.0151934
-9
-0.00310773
39
0.0134669
44
0.0151934
-4
-0.00138122
33
0.011395
26
0.0089779
36
0.0124309
103
0.0355663
-92
-0.031768
-80
-0.0276243
-69
-0.023826
-5
-0.00172652
-69
-0.023826
14
0.00483425
47
0.0162293
-23
-0.00794199
62
0.0214088
-4
-0.00138122
43
0.0148481
114
0.0393646
75
0.0258978
26
0.0089779
-110
-0.0379834
26
0.0089779
51
0.0176105
-29
-0.0100138
16
0.00552486
48
0.0165746
-55
-0.0189917
-55
-0.0189917
-25
-0.0086326
-5
-0.00172652
59
0.0203729
-16
-0.00552486
24
0.00828729
2
0.000690608
63
0.0217541
4
0.00138122
21
0.00725138
-64
-0.0220994
28
0.00966851
49
0.0169199
-94
-0.0324586
-76
-0.0262431
-63
-0.0217541
24
0.00828729
-94
-0.0324586
66
0.0227901
-59
-0.0203729
4
0.00138122
-87
-0.0300414
7
0.00241713
-78
-0.0269337
-22
-0.00759669
-6
-0.00207182
-4
-0.00138122
74
0.0255525
-84
-0.0290055
122
0.0421271
19
0.00656077
29
0.0100138
101
0.0348757
-62
-0.0214088
11
0.00379834
-9
-0.00310773
95
0.0328039
3
0.00103591
-16
-0.00552486
20
0.00690608
13
0.00448895
-3
-0.00103591
-15
-0.00517956
59
0.0203729
36
0.0124309
-50
-0.0172652
-24
-0.00828729
-10
-0.00345304
5
0.00172652
-20
-0.00690608
59
0.0203729
0
0
-4
-0.00138122
-6
-0.00207182
-67
-0.0231354
-57
-0.0196823
12
0.00414365
-12
-0.00414365
76
0.0262431
12
0.00414365
18
0.00621547
-23
-0.00794199
18
0.00621547
33
0.011395
-27
-0.0093232
-17
-0.00587017
75
0.0258978
-23
-0.00794199
-34
-0.0117403
37
0.0127762
-32
-0.0110497
25
0.0086326
-16
-0.00552486
-48
-0.0165746
-45
-0.0155387
-4
-0.00138122
67
0.0231354
9
0.00310773
50
0.0172652
31
0.0107044
-6
-0.00207182
-28
-0.00966851
5
0.00172652
-31
-0.0107044
38
0.0131215
55
0.0189917
-44
-0.0151934
-44
-0.0151934
92
0.031768
-28
-0.00966851
63
0.0217541
-24
-0.00828729
-75
-0.0258978
-45
-0.0155387
-2
-0.000690608
21
0.00725138
-56
-0.019337
-75
-0.0258978
-6
-0.00207182
15
0.00517956
-32
-0.0110497
48
0.0165746
-85
-0.0293508
-140
-0.0483425
-110
-0.0379834
-31
-0.0107044
9
0.00310773
-45
-0.0155387
74
0.0255525
1
0.000345304
-19
-0.00656077
45
0.0155387
-67
-0.0231354
-21
-0.00725138
-31
-0.0107044
44
0.0151934
36
0.0124309
29
0.0100138
18
0.00621547
-9
-0.00310773
-32
-0.0110497
-31
-0.0107044
-69
-0.023826
-27
-0.0093232
-2
-0.000690608
-64
-0.0220994
60
0.0207182
39
0.0134669
-62
-0.0214088
-76
-0.0262431
-4
-0.00138122
69
0.023826
-10
-0.00345304
-19
-0.00656077
32
0.0110497
21
0.00725138
56
0.019337
16
0.00552486
80
0.0276243
8
0.00276243
-24
-0.00828729
37
0.0127762
-24
-0.00828729
21
0.00725138
-15
-0.00517956
91
0.0314227
42
0.0145028
63
0.0217541
-67
-0.0231354
-18
-0.00621547
3
0.00103591
21
0.00725138
-50
-0.0172652
-103
-0.0355663
-30
-0.0103591
-89
-0.030732
0
0
37
0.0127762
30
0.0103591
-77
-0.0265884
-50
-0.0172652
-40
-0.0138122
-10
-0.00345304
-65
-0.0224448
-44
-0.0151934
-65
-0.0224448
-31
-0.0107044
9
0.00310773
40
0.0138122
7
0.00241713
110
0.0379834
-95
-0.0328039
57
0.0196823
-11
-0.00379834
-37
-0.0127762
16
0.00552486
5
0.00172652
-145
-0.0500691
-52
-0.0179558
-68
-0.0234807
64
0.0220994
-2
-0.000690608
-87
-0.0300414
23
0.00794199
19
0.00656077
-47
-0.0162293
-70
-0.0241713
30
0.0103591
94
0.0324586
2
0.000690608
21
0.00725138
25
0.0086326
28
0.00966851
-29
-0.0100138
69
0.023826
-63
-0.0217541
-36
-0.0124309
-182
-0.0628453
-37
-0.0127762
-60
-0.0207182
-89
-0.030732
-7
-0.00241713
-90
-0.0310773
33
0.011395
-6
-0.00207182
-55
-0.0189917
-50
-0.0172652
-43
-0.0148481
44
0.0151934
-32
-0.0110497
-4
-0.00138122
-35
-0.0120856
36
0.0124309
87
0.0300414
10
0.00345304
-157
-0.0542127
82
0.0283149
27
0.0093232
60
0.0207182
-15
-0.00517956
-9
-0.00310773
22
0.00759669
-8
-0.00276243
-86
-0.0296961
29
0.0100138
-82
-0.0283149
-5
-0.00172652
11
0.00379834
-91
-0.0314227
-16
-0.00552486
54
0.0186464
20
0.00690608
-41
-0.0141575
30
0.0103591
-62
-0.0214088
52
0.0179558
100
0.0345304
-37
-0.0127762
6
0.00207182
-36
-0.0124309
67
0.0231354
65
0.0224448
56
0.019337
-42
-0.0145028
12
0.00414365
50
0.0172652
-97
-0.0334945
-21
-0.00725138
33
0.011395
77
0.0265884
19
0.00656077
-33
-0.011395
60
0.0207182
-33
-0.011395
103
0.0355663
4
0.00138122
-76
-0.0262431
-3
-0.00103591
16
0.00552486
-152
-0.0524862
11
0.00379834
14
0.00483425
46
0.015884
49
0.0169199
29
0.0100138
-54
-0.0186464
16
0.00552486
24
0.00828729
31
0.0107044
92
0.031768
57
0.0196823
52
0.0179558
-10
-0.00345304
29
0.0100138
15
0.00517956
37
0.0127762
62
0.0214088
38
0.0131215
35
0.0120856
163
0.0562845
30
0.0103591
-53
-0.0183011
71
0.0245166
67
0.0231354
48
0.0165746
-115
-0.0397099
-73
-0.0252072
207
0.0714779
-14
-0.00483425
-3
-0.00103591
24
0.00828729
-6
-0.00207182
66
0.0227901
-72
-0.0248619
40
0.0138122
-36
-0.0124309
-23
-0.00794199
-46
-0.015884
19
0.00656077
-67
-0.0231354
49
0.0169199
14
0.00483425
-34
-0.0117403
-118
-0.0407459
-14
-0.00483425
-70
-0.0241713
6
0.00207182
-104
-0.0359116
63
0.0217541
6
0.00207182
35
0.0120856
39
0.0134669
-51
-0.0176105
71
0.0245166
48
0.0165746
-73
-0.0252072
3
0.00103591
86
0.0296961
3
0.00103591
-24
-0.00828729
-73
-0.0252072
-15
-0.00517956
37
0.0127762
-95
-0.0328039
-14
-0.00483425
-43
-0.0148481
-6
-0.00207182
-26
-0.0089779
16
0.00552486
29
0.0100138
3
0.00103591
-75
-0.0258978
4
0.00138122
3
0.00103591
-50
-0.0172652
-7
-0.00241713
23
0.00794199
-21
-0.00725138
85
0.0293508
-39
-0.0134669
-21
-0.00725138
-33
-0.011395
81
0.0279696
-18
-0.00621547
41
0.0141575
42
0.0145028
-18
-0.00621547
-10
-0.00345304
10
0.00345304
-13
-0.00448895
-7
-0.00241713
-118
-0.0407459
-12
-0.00414365
-36
-0.0124309
16
0.00552486
3
0.00103591
-24
-0.00828729
-119
-0.0410912
-81
-0.0279696
90
0.0310773
-2
-0.000690608
36
0.0124309
-45
-0.0155387
-56
-0.019337
-27
-0.0093232
71
0.0245166
-11
-0.00379834
68
0.0234807
27
0.0093232
-69
-0.023826
37
0.0127762
15
0.00517956
1
0.000345304
-1
-0.000345304
45
0.0155387
22
0.00759669
8
0.00276243
24
0.00828729
7
0.00241713
-34
-0.0117403
-38
-0.0131215
31
0.0107044
4
0.00138122
-111
-0.0383287
-38
-0.0131215
2
0.000690608
-30
-0.0103591
-80
-0.0276243
-97
-0.0334945
89
0.030732
-77
-0.0265884
-5
-0.00172652
-24
-0.00828729
38
0.0131215
-59
-0.0203729
-161
-0.0555939
16
0.00552486
82
0.0283149
10
0.00345304
-125
-0.043163
-5
-0.00172652
72
0.0248619
-18
-0.00621547
3
0.00103591
-3
-0.00103591
-71
-0.0245166
-38
-0.0131215
-37
-0.0127762
-33
-0.011395
-12
-0.00414365
7
0.00241713
-77
-0.0265884
-26
-0.0089779
-99
-0.0341851
30
0.0103591
87
0.0300414
7
0.00241713
-40
-0.0138122
-9
-0.00310773
-18
-0.00621547
-11
-0.00379834
59
0.0203729
17
0.00587017
-42
-0.0145028
60
0.0207182
11
0.00379834
16
0.00552486
55
0.0189917
-27
-0.0093232
-25
-0.0086326
-58
-0.0200276
-44
-0.0151934
6
0.00207182
-30
-0.0103591
-110
-0.0379834
70
0.0241713
-8
-0.00276243
-35
-0.0120856
6
0.00207182
-59
-0.0203729
-91
-0.0314227
-5
-0.00172652
15
0.00517956
-91
-0.0314227
-24
-0.00828729
11
0.00379834
15
0.00517956
51
0.0176105
50
0.0172652
-11
-0.00379834
53
0.0183011
42
0.0145028
30
0.0103591
-59
-0.0203729
-17
-0.00587017
-50
-0.0172652
52
0.0179558
-8
-0.00276243
44
0.0151934
-9
-0.00310773
9
0.00310773
28
0.00966851
107
0.0369475
47
0.0162293
-17
-0.00587017
38
0.0131215
25
0.0086326
-55
-0.0189917
-3
-0.00103591
-40
-0.0138122
-5
-0.00172652
75
0.0258978
73
0.0252072
-23
-0.00794199
-54
-0.0186464
-109
-0.0376381
27
0.0093232
-93
-0.0321133
-17
-0.00587017
33
0.011395
30
0.0103591
-58
-0.0200276
8
0.00276243
29
0.0100138
35
0.0120856
-84
-0.0290055
11
0.00379834
180
0.0621547
63
0.0217541
-50
-0.0172652
-67
-0.0231354
-2
-0.000690608
-62
-0.0214088
35
0.0120856
-2
-0.000690608
43
0.0148481
-20
-0.00690608
66
0.0227901
-15
-0.00517956
43
0.0148481
-7
-0.00241713
36
0.0124309
57
0.0196823
-67
-0.0231354
50
0.0172652
-18
-0.00621547
-14
-0.00483425
28
0.00966851
-4
-0.00138122
52
0.0179558
-34
-0.0117403
-34
-0.0117403
-11
-0.00379834
-30
-0.0103591
-72
-0.0248619
60
0.0207182
27
0.0093232
1
0.000345304
-25
-0.0086326
-37
-0.0127762
36
0.0124309
-88
-0.0303867
35
0.0120856
110
0.0379834
38
0.0131215
6
0.00207182
-11
-0.00379834
31
0.0107044
33
0.011395
27
0.0093232
-62
-0.0214088
68
0.0234807
-46
-0.015884
19
0.00656077
59
0.0203729
-18
-0.00621547
38
0.0131215
-26
-0.0089779
73
0.0252072
39
0.0134669
25
0.0086326
-47
-0.0162293
-13
-0.00448895
-26
-0.0089779
9
0.00310773
-5
-0.00172652
-4
-0.00138122
-187
-0.0645718
54
0.0186464
-7
-0.00241713
-43
-0.0148481
14
0.00483425
2
0.000690608
-72
-0.0248619
41
0.0141575
-58
-0.0200276
-91
-0.0314227
135
0.046616
-33
-0.011395
85
0.0293508
51
0.0176105
56
0.019337
-1
-0.000345304
-78
-0.0269337
-26
-0.0089779
3
0.00103591
23
0.00794199
-23
-0.00794199
38
0.0131215
13
0.00448895
47
0.0162293
-7
-0.00241713
-150
-0.0517956
65
0.0224448
30
0.0103591
55
0.0189917
-6
-0.00207182
-103
-0.0355663
-75
-0.0258978
55
0.0189917
6
0.00207182
-50
-0.0172652
10
0.00345304
-33
-0.011395
-78
-0.0269337
43
0.0148481
-77
-0.0265884
34
0.0117403
-48
-0.0165746
42
0.0145028
38
0.0131215
84
0.0290055
45
0.0155387
59
0.0203729
24
0.00828729
-33
-0.011395
3
0.00103591
17
0.00587017
-63
-0.0217541
-55
-0.0189917
53
0.0183011
-26
-0.0089779
24
0.00828729
30
0.0103591
43
0.0148481
56
0.019337
69
0.023826
-96
-0.0331492
15
0.00517956
12
0.00414365
-29
-0.0100138
-55
-0.0189917
48
0.0165746
5
0.00172652
-56
-0.019337
11
0.00379834
50
0.0172652
77
0.0265884
-22
-0.00759669
42
0.0145028
26
0.0089779
70
0.0241713
17
0.00587017
35
0.0120856
-41
-0.0141575
-4
-0.00138122
-56
-0.019337
-44
-0.0151934
75
0.0258978
-9
-0.00310773
-10
-0.00345304
59
0.0203729
-19
-0.00656077
-71
-0.0245166
-21
-0.00725138
100
0.0345304
4
0.00138122
33
0.011395
8
0.00276243
15
0.00517956
-20
-0.00690608
73
0.0252072
76
0.0262431
-123
-0.0424724
-5
-0.00172652
-66
-0.0227901
-63
-0.0217541
-69
-0.023826
-1
-0.000345304
43
0.0148481
-56
-0.019337
123
0.0424724
43
0.0148481
27
0.0093232
-44
-0.0151934
-83
-0.0286602
53
0.0183011
-86
-0.0296961
4
0.00138122
-53
-0.0183011
-46
-0.015884
83
0.0286602
-17
-0.00587017
66
0.0227901
-46
-0.015884
-49
-0.0169199
14
0.00483425
32
0.0110497
-29
-0.0100138
99
0.0341851
40
0.0138122
-57
-0.0196823
12
0.00414365
1
0.000345304
28
0.00966851
34
0.0117403
-13
-0.00448895
-37
-0.0127762
29
0.0100138
-50
-0.0172652
-5
-0.00172652
32
0.0110497
84
0.0290055
3
0.00103591
-45
-0.0155387
-20
-0.00690608
55
0.0189917
100
0.0345304
-113
-0.0390193
76
0.0262431
-3
-0.00103591
119
0.0410912
-115
-0.0397099
-44
-0.0151934
-76
-0.0262431
-54
-0.0186464
58
0.0200276
-63
-0.0217541
-149
-0.0514503
-19
-0.00656077
-5
-0.00172652
-31
-0.0107044
60
0.0207182
34
0.0117403
6
0.00207182
29
0.0100138
-19
-0.00656077
-14
-0.00483425
52
0.0179558
101
0.0348757
4
0.00138122
46
0.015884
21
0.00725138
61
0.0210635
60
0.0207182
13
0.00448895
-24
-0.00828729
-39
-0.0134669
-54
-0.0186464
-15
-0.00517956
32
0.0110497
-116
-0.0400552
26
0.0089779
-30
-0.0103591
-15
-0.00517956
99
0.0341851
5
0.00172652
-55
-0.0189917
-24
-0.00828729
30
0.0103591
-1
-0.000345304
1
0.000345304
-64
-0.0220994
56
0.019337
-7
-0.00241713
-29
-0.0100138
27
0.0093232
18
0.00621547
52
0.0179558
-11
-0.00379834
2
0.000690608
-30
-0.0103591
-14
-0.00483425
-39
-0.0134669
-46
-0.015884
-5
-0.00172652
-42
-0.0145028
-3
-0.00103591
11
0.00379834
-38
-0.0131215
1
0.000345304
73
0.0252072
-7
-0.00241713
13
0.00448895
42
0.0145028
23
0.00794199
94
0.0324586
47
0.0162293
-1
-0.000345304
-62
-0.0214088
-39
-0.0134669
26
0.0089779
-4
-0.00138122
-44
-0.0151934
9
0.00310773
128
0.0441989
-10
-0.00345304
14
0.00483425
70
0.0241713
43
0.0148481
-10
-0.00345304
-7
-0.00241713
68
0.0234807
-3
-0.00103591
2
0.000690608
18
0.00621547
19
0.00656077
54
0.0186464
19
0.00656077
30
0.0103591
-53
-0.0183011
-46
-0.015884
-99
-0.0341851
-19
-0.00656077
43
0.0148481
-80
-0.0276243
55
0.0189917
-56
-0.019337
-6
-0.00207182
102
0.035221
-14
-0.00483425
-102
-0.035221
83
0.0286602
30
0.0103591
-70
-0.0241713
-16
-0.00552486
55
0.0189917
23
0.00794199
-43
-0.0148481
-108
-0.0372928
10
0.00345304
-11
-0.00379834
-105
-0.0362569
3
0.00103591
-30
-0.0103591
-10
-0.00345304
18
0.00621547
-60
-0.0207182
37
0.0127762
-15
-0.00517956
-90
-0.0310773
-64
-0.0220994
-14
-0.00483425
-43
-0.0148481
13
0.00448895
32
0.0110497
9
0.00310773
49
0.0169199
56
0.019337
-87
-0.0300414
29
0.0100138
71
0.0245166
74
0.0255525
75
0.0258978
28
0.00966851
-46
-0.015884
-46
-0.015884
27
0.0093232
-56
-0.019337
-24
-0.00828729
70
0.0241713
-58
-0.0200276
-5
-0.00172652
5
0.00172652
-100
-0.0345304
51
0.0176105
-16
-0.00552486
4
0.00138122
-77
-0.0265884
17
0.00587017
30
0.0103591
27
0.0093232
-53
-0.0183011
-31
-0.0107044
-56
-0.019337
46
0.015884
-2
-0.000690608
11
0.00379834
52
0.0179558
33
0.011395
-12
-0.00414365
-66
-0.0227901
98
0.0338398
79
0.027279
-115
-0.0397099
31
0.0107044
28
0.00966851
4
0.00138122
-54
-0.0186464
-86
-0.0296961
-35
-0.0120856
8
0.00276243
55
0.0189917
-86
-0.0296961
33
0.011395
-15
-0.00517956
66
0.0227901
-55
-0.0189917
-21
-0.00725138
-107
-0.0369475
3
0.00103591
22
0.00759669
3
0.00103591
-52
-0.0179558
0
0
-19
-0.00656077
-21
-0.00725138
29
0.0100138
-3
-0.00103591
-115
-0.0397099
-30
-0.0103591
-77
-0.0265884
-46
-0.015884
28
0.00966851
-77
-0.0265884
46
0.015884
-39
-0.0134669
-90
-0.0310773
13
0.00448895
62
0.0214088
47
0.0162293
4
0.00138122
-20
-0.00690608
129
0.0445442
-55
-0.0189917
-106
-0.0366022
53
0.0183011
-1
-0.000345304
48
0.0165746
-31
-0.0107044
6
0.00207182
57
0.0196823
42
0.0145028
61
0.0210635
40
0.0138122
-53
-0.0183011
3
0.00103591
89
0.030732
69
0.023826
74
0.0255525
23
0.00794199
-76
-0.0262431
37
0.0127762
-6
-0.00207182
3
0.00103591
-71
-0.0245166
-5
-0.00172652
-42
-0.0145028
17
0.00587017
-36
-0.0124309
74
0.0255525
-8
-0.00276243
18
0.00621547
-70
-0.0241713
-79
-0.027279
-75
-0.0258978
10
0.00345304
79
0.027279
11
0.00379834
133
0.0459254
81
0.0279696
35
0.0120856
24
0.00828729
10
0.00345304
-44
-0.0151934
69
0.023826
-36
-0.0124309
36
0.0124309
-30
-0.0103591
69
0.023826
33
0.011395
-1
-0.000345304
-12
-0.00414365
54
0.0186464
28
0.00966851
13
0.00448895
54
0.0186464
12
0.00414365
41
0.0141575
42
0.0145028
15
0.00517956
58
0.0200276
53
0.0183011
-170
-0.0587017
-18
-0.00621547
-30
-0.0103591
0
0
-51
-0.0176105
17
0.00587017
77
0.0265884
5
0.00172652
0
0
-34
-0.0117403
83
0.0286602
14
0.00483425
112
0.038674
-43
-0.0148481
-79
-0.027279
-85
-0.0293508
-60
-0.0207182
-33
-0.011395
-85
-0.0293508
5
0.00172652
-76
-0.0262431
26
0.0089779
-108
-0.0372928
2
0.000690608
7
0.00241713
-79
-0.027279
20
0.00690608
-22
-0.00759669
12
0.00414365
18
0.00621547
11
0.00379834
-51
-0.0176105
-7
-0.00241713
-75
-0.0258978
-5
-0.00172652
-20
-0.00690608
14
0.00483425
-31
-0.0107044
9
0.00310773
80
0.0276243
-72
-0.0248619
16
0.00552486
79
0.027279
7
0.00241713
6
0.00207182
-12
-0.00414365
-106
-0.0366022
-11
-0.00379834
15
0.00517956
88
0.0303867
94
0.0324586
42
0.0145028
-113
-0.0390193
64
0.0220994
-39
-0.0134669
0
0
55
0.0189917
63
0.0217541
112
0.038674
-7
-0.00241713
-104
-0.0359116
-61
-0.0210635
77
0.0265884
73
0.0252072
21
0.00725138
-47
-0.0162293
26
0.0089779
-29
-0.0100138
19
0.00656077
-23
-0.00794199
59
0.0203729
30
0.0103591
-56
-0.019337
-12
-0.00414365
5
0.00172652
17
0.00587017
-20
-0.00690608
-29
-0.0100138
-75
-0.0258978
12
0.00414365
-4
-0.00138122
-21
-0.00725138
93
0.0321133
-20
-0.00690608
91
0.0314227
-9
-0.00310773
-28
-0.00966851
77
0.0265884
97
0.0334945
22
0.00759669
43
0.0148481
-24
-0.00828729
17
0.00587017
17
0.00587017
-47
-0.0162293
77
0.0265884
-49
-0.0169199
-9
-0.00310773
-38
-0.0131215
56
0.019337
6
0.00207182
114
0.0393646
-59
-0.0203729
-40
-0.0138122
72
0.0248619
56
0.019337
-61
-0.0210635
1
0.000345304
-54
-0.0186464
3
0.00103591
-101
-0.0348757
40
0.0138122
67
0.0231354
40
0.0138122
-88
-0.0303867
27
0.0093232
-36
-0.0124309
4
0.00138122
-21
-0.00725138
64
0.0220994
117
0.0404006
-46
-0.015884
81
0.0279696
-5
-0.00172652
60
0.0207182
-27
-0.0093232
-21
-0.00725138
2
0.000690608
-119
-0.0410912
-149
-0.0514503
-32
-0.0110497
19
0.00656077
-13
-0.00448895
28
0.00966851
27
0.0093232
41
0.0141575
33
0.011395
60
0.0207182
44
0.0151934
78
0.0269337
18
0.00621547
1
0.000345304
29
0.0100138
-19
-0.00656077
28
0.00966851
80
0.0276243
46
0.015884
49
0.0169199
101
0.0348757
-18
-0.00621547
3
0.00103591
-18
-0.00621547
-106
-0.0366022
6
0.00207182
-18
-0.00621547
25
0.0086326
-16
-0.00552486
-8
-0.00276243
-174
-0.0600829
-16
-0.00552486
72
0.0248619
28
0.00966851
98
0.0338398
-12
-0.00414365
-26
-0.0089779
69
0.023826
4
0.00138122
-46
-0.015884
61
0.0210635
3
0.00103591
0
0
-45
-0.0155387
-96
-0.0331492
76
0.0262431
105
0.0362569
62
0.0214088
79
0.027279
-25
-0.0086326
69
0.023826
-8
-0.00276243
-6
-0.00207182
13
0.00448895
17
0.00587017
-23
-0.00794199
-14
-0.00483425
12
0.00414365
42
0.0145028
20
0.00690608
-5
-0.00172652
38
0.0131215
-86
-0.0296961
-35
-0.0120856
95
0.0328039
29
0.0100138
-14
-0.00483425
-32
-0.0110497
-26
-0.0089779
-9
-0.00310773
53
0.0183011
-21
-0.00725138
-26
-0.0089779
-9
-0.00310773
-43
-0.0148481
-41
-0.0141575
8
0.00276243
19
0.00656077
-33
-0.011395
-2
-0.000690608
-30
-0.0103591
28
0.00966851
21
0.00725138
-4
-0.00138122
42
0.0145028
-23
-0.00794199
141
0.0486878
13
0.00448895
2
0.000690608
-9
-0.00310773
-107
-0.0369475
-72
-0.0248619
12
0.00414365
-57
-0.0196823
-48
-0.0165746
39
0.0134669
-1
-0.000345304
94
0.0324586
79
0.027279
-40
-0.0138122
-36
-0.0124309
-30
-0.0103591
40
0.0138122
18
0.00621547
-93
-0.0321133
56
0.019337
120
0.0414365
-58
-0.0200276
72
0.0248619
-21
-0.00725138
-17
-0.00587017
-34
-0.0117403
7
0.00241713
-43
-0.0148481
-7
-0.00241713
68
0.0234807
7
0.00241713
-90
-0.0310773
10
0.00345304
54
0.0186464
70
0.0241713
91
0.0314227
32
0.0110497
-13
-0.00448895
29
0.0100138
-26
-0.0089779
13
0.00448895
-43
-0.0148481
-39
-0.0134669
75
0.0258978
-107
-0.0369475
63
0.0217541
46
0.015884
-47
-0.0162293
-4
-0.00138122
-27
-0.0093232
43
0.0148481
30
0.0103591
-9
-0.00310773
-73
-0.0252072
40
0.0138122
61
0.0210635
-66
-0.0227901
-13
-0.00448895
-96
-0.0331492
-21
-0.00725138
120
0.0414365
22
0.00759669
57
0.0196823
-8
-0.00276243
16
0.00552486
9
0.00310773
-47
-0.0162293
11
0.00379834
-17
-0.00587017
68
0.0234807
54
0.0186464
118
0.0407459
-8
-0.00276243
27
0.0093232
10
0.00345304
0
0
7
0.00241713
67
0.0231354
16
0.00552486
78
0.0269337
-59
-0.0203729
-55
-0.0189917
-134
-0.0462707
67
0.0231354
78
0.0269337
115
0.0397099
-76
-0.0262431
82
0.0283149
-9
-0.00310773
-18
-0.00621547
-32
-0.0110497
-19
-0.00656077
-24
-0.00828729
-34
-0.0117403
-1
-0.000345304
33
0.011395
34
0.0117403
19
0.00656077
-70
-0.0241713
-10
-0.00345304
28
0.00966851
-30
-0.0103591
-7
-0.00241713
53
0.0183011
-50
-0.0172652
-73
-0.0252072
-36
-0.0124309
42
0.0145028
15
0.00517956
9
0.00310773
-60
-0.0207182
-41
-0.0141575
-73
-0.0252072
3
0.00103591
-26
-0.0089779
-42
-0.0145028
19
0.00656077
-23
-0.00794199
56
0.019337
5
0.00172652
-96
-0.0331492
19
0.00656077
108
0.0372928
-43
-0.0148481
-4
-0.00138122
-80
-0.0276243
5
0.00172652
11
0.00379834
40
0.0138122
62
0.0214088
-3
-0.00103591
-9
-0.00310773
-87
-0.0300414
58
0.0200276
-22
-0.00759669
26
0.0089779
-4
-0.00138122
14
0.00483425
27
0.0093232
-24
-0.00828729
-4
-0.00138122
-28
-0.00966851
-11
-0.00379834
-94
-0.0324586
-5
-0.00172652
-19
-0.00656077
-58
-0.0200276
-24
-0.00828729
-10
-0.00345304
-42
-0.0145028
-107
-0.0369475
5
0.00172652
-96
-0.0331492
-59
-0.0203729
-26
-0.0089779
-17
-0.00587017
-9
-0.00310773
-11
-0.00379834
-15
-0.00517956
76
0.0262431
60
0.0207182
69
0.023826
-2
-0.000690608
-41
-0.0141575
16
0.00552486
48
0.0165746
-38
-0.0131215
66
0.0227901
-7
-0.00241713
102
0.035221
-60
-0.0207182
56
0.019337
11
0.00379834
46
0.015884
64
0.0220994
-10
-0.00345304
-73
-0.0252072
54
0.0186464
-11
-0.00379834
-48
-0.0165746
4
0.00138122
-67
-0.0231354
-61
-0.0210635
19
0.00656077
72
0.0248619
63
0.0217541
-15
-0.00517956
-64
-0.0220994
