-211
-0.0182132
34
0.00293483
41
0.00353906
64
0.00552438
-160
-0.013811
-143
-0.0123435
144
0.0124299
-100
-0.00863185
-119
-0.0102719
-97
-0.0083729
-119
-0.0102719
48
0.00414329
-156
-0.0134657
-87
-0.00750971
24
0.00207164
150
0.0129478
196
0.0169184
114
0.00984031
30
0.00258956
-28
-0.00241692
-226
-0.019508
73
0.00630125
-173
-0.0149331
63
0.00543807
284
0.0245145
-118
-0.0101856
88
0.00759603
-76
-0.00656021
132
0.011394
40
0.00345274
193
0.0166595
-44
-0.00379801
-326
-0.0281398
-70
-0.0060423
69
0.00595598
-131
-0.0113077
-78
-0.00673284
-13
-0.00112214
89
0.00768235
50
0.00431593
234
0.0201985
-82
-0.00707812
5
0.000431593
12
0.00103582
-46
-0.00397065
-79
-0.00681916
-73
-0.00630125
34
0.00293483
-129
-0.0111351
-79
-0.00681916
-12
-0.00103582
93
0.00802762
-111
-0.00958136
-97
-0.0083729
190
0.0164005
-159
-0.0137246
-84
-0.00725076
73
0.00630125
95
0.00820026
-22
-0.00189901
-5
-0.000431593
41
0.00353906
22
0.00189901
-15
-0.00129478
-98
-0.00845921
214
0.0184722
162
0.0139836
76
0.00656021
146
0.0126025
-125
-0.0107898
347
0.0299525
9
0.000776867
-95
-0.00820026
-77
-0.00664653
53
0.00457488
-47
-0.00405697
-47
-0.00405697
-20
-0.00172637
51
0.00440224
102
0.00880449
-54
-0.0046612
78
0.00673284
21
0.00181269
42
0.00362538
99
0.00854553
-73
-0.00630125
-127
-0.0109625
-50
-0.00431593
47
0.00405697
-48
-0.00414329
-261
-0.0225291
117
0.0100993
2
0.000172637
-76
-0.00656021
190
0.0164005
-49
-0.00422961
-188
-0.0162279
-4
-0.000345274
-204
-0.017609
60
0.00517911
2
0.000172637
27
0.0023306
125
0.0107898
-76
-0.00656021
-29
-0.00250324
-67
-0.00578334
-331
-0.0285714
-6
-0.000517911
486
0.0419508
56
0.00483384
-24
-0.00207164
-43
-0.0037117
102
0.00880449
-196
-0.0169184
261
0.0225291
31
0.00267587
55
0.00474752
-69
-0.00595598
98
0.00845921
17
0.00146741
-100
-0.00863185
152
0.0131204
-182
-0.01571
22
0.00189901
219
0.0189038
72
0.00621493
-83
-0.00716444
-197
-0.0170047
-97
-0.0083729
-74
-0.00638757
72
0.00621493
118
0.0101856
-154
-0.0132931
9
0.000776867
100
0.00863185
-9
-0.000776867
-207
-0.0178679
54
0.0046612
24
0.00207164
-46
-0.00397065
-176
-0.0151921
-31
-0.00267587
-225
-0.0194217
35
0.00302115
167
0.0144152
86
0.00742339
-350
-0.0302115
-53
-0.00457488
323
0.0278809
24
0.00207164
138
0.011912
-11
-0.000949504
19
0.00164005
124
0.0107035
390
0.0336642
-133
-0.0114804
-46
-0.00397065
239
0.0206301
227
0.0195943
5
0.000431593
165
0.0142426
45
0.00388433
-59
-0.00509279
-6
-0.000517911
59
0.00509279
91
0.00785498
-424
-0.0365991
-10
-0.000863185
152
0.0131204
-190
-0.0164005
13
0.00112214
-28
-0.00241692
171
0.0147605
36
0.00310747
305
0.0263271
-59
-0.00509279
-238
-0.0205438
144
0.0124299
-59
-0.00509279
3
0.000258956
-76
-0.00656021
-9
-0.000776867
302
0.0260682
-118
-0.0101856
10
0.000863185
53
0.00457488
278
0.0239965
28
0.00241692
129
0.0111351
41
0.00353906
-89
-0.00768235
-81
-0.0069918
-60
-0.00517911
55
0.00474752
-289
-0.0249461
10
0.000863185
134
0.0115667
-85
-0.00733707
-142
-0.0122572
50
0.00431593
96
0.00828658
52
0.00448856
151
0.0130341
-97
-0.0083729
17
0.00146741
70
0.0060423
-47
-0.00405697
-24
-0.00207164
-103
-0.00889081
7
0.00060423
62
0.00535175
-89
-0.00768235
427
0.036858
-115
-0.00992663
-61
-0.00526543
202
0.0174363
210
0.0181269
-166
-0.0143289
-221
-0.0190764
-26
-0.00224428
88
0.00759603
-193
-0.0166595
-62
-0.00535175
-28
-0.00241692
-340
-0.0293483
-141
-0.0121709
-156
-0.0134657
65
0.0056107
93
0.00802762
50
0.00431593
135
0.011653
2
0.000172637
24
0.00207164
-203
-0.0175227
-40
-0.00345274
55
0.00474752
97
0.0083729
-83
-0.00716444
-10
-0.000863185
4
0.000345274
112
0.00966767
-84
-0.00725076
-275
-0.0237376
115
0.00992663
424
0.0365991
-40
-0.00345274
-67
-0.00578334
-71
-0.00612861
250
0.0215796
8
0.000690548
-122
-0.0105309
-49
-0.00422961
-31
-0.00267587
118
0.0101856
84
0.00725076
-131
-0.0113077
160
0.013811
25
0.00215796
302
0.0260682
-125
-0.0107898
-40
-0.00345274
67
0.00578334
79
0.00681916
78
0.00673284
-207
-0.0178679
81
0.0069918
49
0.00422961
97
0.0083729
-29
-0.00250324
-229
-0.0197669
267
0.023047
-184
-0.0158826
156
0.0134657
-12
-0.00103582
-193
-0.0166595
-73
-0.00630125
390
0.0336642
65
0.0056107
-169
-0.0145878
-46
-0.00397065
-117
-0.0100993
60
0.00517911
92
0.0079413
37
0.00319379
113
0.00975399
143
0.0123435
147
0.0126888
-16
-0.0013811
155
0.0133794
85
0.00733707
-285
-0.0246008
-94
-0.00811394
70
0.0060423
-47
-0.00405697
-415
-0.0358222
3
0.000258956
-137
-0.0118256
-6
-0.000517911
-138
-0.011912
70
0.0060423
189
0.0163142
22
0.00189901
19
0.00164005
37
0.00319379
97
0.0083729
53
0.00457488
-31
-0.00267587
117
0.0100993
-31
-0.00267587
26
0.00224428
86
0.00742339
-22
-0.00189901
21
0.00181269
-57
-0.00492016
-122
-0.0105309
203
0.0175227
82
0.00707812
32
0.00276219
24
0.00207164
-193
-0.0166595
-148
-0.0127751
8
0.000690548
164
0.0141562
8
0.000690548
-160
-0.013811
-121
-0.0104445
-34
-0.00293483
93
0.00802762
-363
-0.0313336
4
0.000345274
-123
-0.0106172
-90
-0.00776867
-42
-0.00362538
-80
-0.00690548
-216
-0.0186448
139
0.0119983
-305
-0.0263271
-115
-0.00992663
-226
-0.019508
-216
-0.0186448
149
0.0128615
109
0.00940872
1
8.63185e-05
-72
-0.00621493
53
0.00457488
117
0.0100993
-166
-0.0143289
19
0.00164005
-295
-0.025464
126
0.0108761
-4
-0.000345274
-20
-0.00172637
172
0.0148468
126
0.0108761
-251
-0.0216659
-28
-0.00241692
49
0.00422961
-16
-0.0013811
139
0.0119983
-116
-0.0100129
194
0.0167458
-112
-0.00966767
122
0.0105309
17
0.00146741
-150
-0.0129478
-163
-0.0140699
119
0.0102719
-35
-0.00302115
265
0.0228744
42
0.00362538
166
0.0143289
-10
-0.000863185
187
0.0161416
115
0.00992663
289
0.0249461
42
0.00362538
-85
-0.00733707
0
0
-68
-0.00586966
46
0.00397065
-126
-0.0108761
41
0.00353906
-90
-0.00776867
90
0.00776867
-46
-0.00397065
7
0.00060423
-213
-0.0183858
5
0.000431593
-1
-8.63185e-05
47
0.00405697
79
0.00681916
137
0.0118256
-286
-0.0246871
-17
-0.00146741
-240
-0.0207164
205
0.0176953
-250
-0.0215796
-100
-0.00863185
-152
-0.0131204
26
0.00224428
198
0.0170911
16
0.0013811
342
0.0295209
-75
-0.00647389
-80
-0.00690548
18
0.00155373
-339
-0.029262
63
0.00543807
-250
-0.0215796
-118
-0.0101856
-58
-0.00500647
-101
-0.00871817
169
0.0145878
-30
-0.00258956
40
0.00345274
58
0.00500647
48
0.00414329
64
0.00552438
-350
-0.0302115
-117
-0.0100993
-234
-0.0201985
131
0.0113077
-90
-0.00776867
-85
-0.00733707
104
0.00897713
-142
-0.0122572
134
0.0115667
-14
-0.00120846
53
0.00457488
73
0.00630125
126
0.0108761
-33
-0.00284851
171
0.0147605
93
0.00802762
230
0.0198533
-117
-0.0100993
436
0.0376349
106
0.00914976
286
0.0246871
-85
-0.00733707
-263
-0.0227018
-81
-0.0069918
307
0.0264998
-34
-0.00293483
-15
-0.00129478
-24
-0.00207164
154
0.0132931
-13
-0.00112214
355
0.0306431
-42
-0.00362538
-229
-0.0197669
47
0.00405697
-75
-0.00647389
24
0.00207164
59
0.00509279
99
0.00854553
54
0.0046612
-177
-0.0152784
-33
-0.00284851
26
0.00224428
-60
-0.00517911
-193
-0.0166595
-14
-0.00120846
25
0.00215796
74
0.00638757
-39
-0.00336642
252
0.0217523
68
0.00586966
-199
-0.0171774
-113
-0.00975399
106
0.00914976
17
0.00146741
-60
-0.00517911
-11
-0.000949504
122
0.0105309
12
0.00103582
33
0.00284851
58
0.00500647
233
0.0201122
-95
-0.00820026
18
0.00155373
64
0.00552438
-327
-0.0282262
35
0.00302115
-342
-0.0295209
-158
-0.0136383
-251
-0.0216659
-35
-0.00302115
-90
-0.00776867
81
0.0069918
-3
-0.000258956
-34
-0.00293483
308
0.0265861
-204
-0.017609
15
0.00129478
34
0.00293483
-127
-0.0109625
-138
-0.011912
9
0.000776867
-93
-0.00802762
-96
-0.00828658
-170
-0.0146741
-98
-0.00845921
66
0.00569702
30
0.00258956
28
0.00241692
157
0.013552
-147
-0.0126888
-79
-0.00681916
2
0.000172637
249
0.0214933
-66
-0.00569702
188
0.0162279
87
0.00750971
-40
-0.00345274
13
0.00112214
273
0.023565
-225
-0.0194217
-186
-0.0160552
5
0.000431593
-86
-0.00742339
-62
-0.00535175
112
0.00966767
53
0.00457488
-265
-0.0228744
186
0.0160552
-1
-8.63185e-05
116
0.0100129
9
0.000776867
37
0.00319379
-23
-0.00198533
-98
-0.00845921
35
0.00302115
-48
-0.00414329
160
0.013811
119
0.0102719
140
0.0120846
-6
-0.000517911
-89
-0.00768235
96
0.00828658
313
0.0270177
-42
-0.00362538
42
0.00362538
149
0.0128615
30
0.00258956
31
0.00267587
-19
-0.00164005
-70
-0.0060423
-73
-0.00630125
-7
-0.00060423
-26
-0.00224428
-25
-0.00215796
61
0.00526543
-73
-0.00630125
100
0.00863185
13
0.00112214
29
0.00250324
70
0.0060423
-145
-0.0125162
1
8.63185e-05
228
0.0196806
159
0.0137246
-41
-0.00353906
-3
-0.000258956
-212
-0.0182995
-172
-0.0148468
-187
-0.0161416
50
0.00431593
162
0.0139836
-73
-0.00630125
25
0.00215796
11
0.000949504
164
0.0141562
-76
-0.00656021
45
0.00388433
42
0.00362538
-76
-0.00656021
71
0.00612861
267
0.023047
5
0.000431593
-228
-0.0196806
-80
-0.00690548
-235
-0.0202849
-139
-0.0119983
178
0.0153647
-6
-0.000517911
38
0.0032801
-39
-0.00336642
-45
-0.00388433
-105
-0.00906344
259
0.0223565
95
0.00820026
177
0.0152784
23
0.00198533
1
8.63185e-05
75
0.00647389
244
0.0210617
-26
-0.00224428
29
0.00250324
-40
-0.00345274
12
0.00103582
-44
-0.00379801
149
0.0128615
75
0.00647389
-226
-0.019508
-285
-0.0246008
-337
-0.0290893
156
0.0134657
131
0.0113077
-153
-0.0132067
-40
-0.00345274
-85
-0.00733707
-120
-0.0103582
-34
-0.00293483
116
0.0100129
-65
-0.0056107
-38
-0.0032801
70
0.0060423
93
0.00802762
100
0.00863185
127
0.0109625
-66
-0.00569702
50
0.00431593
-74
-0.00638757
69
0.00595598
40
0.00345274
122
0.0105309
2
0.000172637
-199
-0.0171774
-64
-0.00552438
313
0.0270177
37
0.00319379
-94
-0.00811394
-105
-0.00906344
161
0.0138973
38
0.0032801
82
0.00707812
8
0.000690548
-98
-0.00845921
-17
-0.00146741
99
0.00854553
-43
-0.0037117
-89
-0.00768235
31
0.00267587
254
0.0219249
11
0.000949504
-164
-0.0141562
123
0.0106172
-53
-0.00457488
145
0.0125162
110
0.00949504
7
0.00060423
249
0.0214933
-144
-0.0124299
263
0.0227018
-157
-0.013552
-185
-0.0159689
21
0.00181269
-191
-0.0164868
115
0.00992663
-63
-0.00543807
-74
-0.00638757
-78
-0.00673284
4
0.000345274
-225
-0.0194217
13
0.00112214
90
0.00776867
23
0.00198533
174
0.0150194
-69
-0.00595598
266
0.0229607
-135
-0.011653
-365
-0.0315063
145
0.0125162
-327
-0.0282262
-141
-0.0121709
82
0.00707812
-101
-0.00871817
-92
-0.0079413
75
0.00647389
80
0.00690548
-88
-0.00759603
154
0.0132931
44
0.00379801
-212
-0.0182995
203
0.0175227
9
0.000776867
192
0.0165732
133
0.0114804
-42
-0.00362538
-160
-0.013811
29
0.00250324
-160
-0.013811
-136
-0.0117393
332
0.0286577
-128
-0.0110488
239
0.0206301
-66
-0.00569702
61
0.00526543
118
0.0101856
-175
-0.0151057
84
0.00725076
248
0.021407
-24
-0.00207164
-106
-0.00914976
-14
-0.00120846
-185
-0.0159689
-79
-0.00681916
123
0.0106172
161
0.0138973
-101
-0.00871817
107
0.00923608
223
0.019249
36
0.00310747
-113
-0.00975399
20
0.00172637
-323
-0.0278809
-45
-0.00388433
-43
-0.0037117
6
0.000517911
186
0.0160552
-74
-0.00638757
-4
-0.000345274
18
0.00155373
-7
-0.00060423
20
0.00172637
-109
-0.00940872
64
0.00552438
-107
-0.00923608
26
0.00224428
-146
-0.0126025
75
0.00647389
142
0.0122572
-92
-0.0079413
4
0.000345274
26
0.00224428
-111
-0.00958136
24
0.00207164
-155
-0.0133794
5
0.000431593
-331
-0.0285714
-102
-0.00880449
229
0.0197669
-14
-0.00120846
-32
-0.00276219
-145
-0.0125162
-62
-0.00535175
-122
-0.0105309
202
0.0174363
103
0.00889081
-219
-0.0189038
173
0.0149331
-90
-0.00776867
37
0.00319379
-162
-0.0139836
-83
-0.00716444
-7
-0.00060423
209
0.0180406
175
0.0151057
-93
-0.00802762
103
0.00889081
110
0.00949504
126
0.0108761
-18
-0.00155373
172
0.0148468
43
0.0037117
-163
-0.0140699
-47
-0.00405697
181
0.0156237
-58
-0.00500647
124
0.0107035
-84
-0.00725076
-294
-0.0253776
-125
-0.0107898
-293
-0.0252913
5
0.000431593
-159
-0.0137246
-98
-0.00845921
287
0.0247734
-11
-0.000949504
-292
-0.025205
-2
-0.000172637
165
0.0142426
59
0.00509279
277
0.0239102
126
0.0108761
-17
-0.00146741
75
0.00647389
99
0.00854553
-68
-0.00586966
244
0.0210617
74
0.00638757
-134
-0.0115667
235
0.0202849
-92
-0.0079413
134
0.0115667
272
0.0234786
211
0.0182132
7
0.00060423
142
0.0122572
291
0.0251187
-55
-0.00474752
202
0.0174363
-41
-0.00353906
-42
-0.00362538
10
0.000863185
-170
-0.0146741
-51
-0.00440224
225
0.0194217
1
8.63185e-05
-64
-0.00552438
223
0.019249
185
0.0159689
198
0.0170911
113
0.00975399
-67
-0.00578334
-143
-0.0123435
55
0.00474752
-304
-0.0262408
195
0.0168321
84
0.00725076
71
0.00612861
-44
-0.00379801
-43
-0.0037117
84
0.00725076
127
0.0109625
-102
-0.00880449
113
0.00975399
57
0.00492016
129
0.0111351
39
0.00336642
98
0.00845921
-155
-0.0133794
4
0.000345274
-296
-0.0255503
123
0.0106172
123
0.0106172
163
0.0140699
-54
-0.0046612
133
0.0114804
-72
-0.00621493
-98
-0.00845921
-192
-0.0165732
-21
-0.00181269
158
0.0136383
69
0.00595598
64
0.00552438
78
0.00673284
327
0.0282262
39
0.00336642
-36
-0.00310747
83
0.00716444
95
0.00820026
15
0.00129478
141
0.0121709
21
0.00181269
-188
-0.0162279
-17
-0.00146741
100
0.00863185
-77
-0.00664653
224
0.0193353
5
0.000431593
-90
-0.00776867
-9
-0.000776867
-217
-0.0187311
-68
-0.00586966
57
0.00492016
10
0.000863185
126
0.0108761
-17
-0.00146741
44
0.00379801
-37
-0.00319379
138
0.011912
22
0.00189901
-93
-0.00802762
96
0.00828658
316
0.0272767
18
0.00155373
-179
-0.015451
-49
-0.00422961
36
0.00310747
-168
-0.0145015
18
0.00155373
-33
-0.00284851
-264
-0.0227881
-16
-0.0013811
-137
-0.0118256
-162
-0.0139836
-120
-0.0103582
-1
-8.63185e-05
-318
-0.0274493
104
0.00897713
-30
-0.00258956
-18
-0.00155373
148
0.0127751
174
0.0150194
36
0.00310747
-74
-0.00638757
-135
-0.011653
-195
-0.0168321
50
0.00431593
-30
-0.00258956
88
0.00759603
-48
-0.00414329
-349
-0.0301252
72
0.00621493
-105
-0.00906344
59
0.00509279
-269
-0.0232197
100
0.00863185
176
0.0151921
75
0.00647389
-4
-0.000345274
-99
-0.00854553
76
0.00656021
-54
-0.0046612
-108
-0.0093224
-34
-0.00293483
90
0.00776867
73
0.00630125
-10
-0.000863185
-87
-0.00750971
-20
-0.00172637
57
0.00492016
-283
-0.0244281
-23
-0.00198533
-91
-0.00785498
-149
-0.0128615
-123
-0.0106172
47
0.00405697
-306
-0.0264135
-61
-0.00526543
-37
-0.00319379
76
0.00656021
120
0.0103582
68
0.00586966
62
0.00535175
15
0.00129478
236
0.0203712
-29
-0.00250324
24
0.00207164
12
0.00103582
-133
-0.0114804
-33
-0.00284851
85
0.00733707
-19
-0.00164005
-62
-0.00535175
163
0.0140699
-140
-0.0120846
-46
-0.00397065
231
0.0199396
-51
-0.00440224
88
0.00759603
-106
-0.00914976
148
0.0127751
-79
-0.00681916
-61
-0.00526543
-186
-0.0160552
-88
-0.00759603
186
0.0160552
48
0.00414329
-12
-0.00103582
-146
-0.0126025
-181
-0.0156237
-9
-0.000776867
39
0.00336642
-116
-0.0100129
32
0.00276219
-124
-0.0107035
45
0.00388433
-18
-0.00155373
-44
-0.00379801
-346
-0.0298662
-71
-0.00612861
-88
-0.00759603
128
0.0110488
-94
-0.00811394
294
0.0253776
-168
-0.0145015
91
0.00785498
79
0.00681916
23
0.00198533
-227
-0.0195943
1
8.63185e-05
-144
-0.0124299
-33
-0.00284851
-430
-0.037117
106
0.00914976
289
0.0249461
127
0.0109625
-36
-0.00310747
70
0.0060423
126
0.0108761
-146
-0.0126025
-32
-0.00276219
-96
-0.00828658
-45
-0.00388433
-64
-0.00552438
107
0.00923608
79
0.00681916
-6
-0.000517911
-12
-0.00103582
92
0.0079413
-99
-0.00854553
80
0.00690548
-135
-0.011653
-209
-0.0180406
1
8.63185e-05
-71
-0.00612861
-38
-0.0032801
30
0.00258956
102
0.00880449
236
0.0203712
78
0.00673284
-311
-0.0268451
-94
-0.00811394
-304
-0.0262408
-124
-0.0107035
552
0.0476478
-146
-0.0126025
-210
-0.0181269
-79
-0.00681916
-23
-0.00198533
148
0.0127751
-15
-0.00129478
77
0.00664653
345
0.0297799
-33
-0.00284851
-77
-0.00664653
103
0.00889081
232
0.0200259
21
0.00181269
-186
-0.0160552
-161
-0.0138973
-218
-0.0188174
72
0.00621493
-264
-0.0227881
261
0.0225291
7
0.00060423
-59
-0.00509279
-304
-0.0262408
-48
-0.00414329
-82
-0.00707812
-14
-0.00120846
29
0.00250324
90
0.00776867
-81
-0.0069918
49
0.00422961
1
8.63185e-05
93
0.00802762
138
0.011912
49
0.00422961
-37
-0.00319379
-116
-0.0100129
-135
-0.011653
-8
-0.000690548
81
0.0069918
164
0.0141562
-51
-0.00440224
-148
-0.0127751
212
0.0182995
8
0.000690548
0
0
42
0.00362538
-10
-0.000863185
-128
-0.0110488
-243
-0.0209754
111
0.00958136
-8
-0.000690548
-51
-0.00440224
-80
-0.00690548
-62
-0.00535175
320
0.0276219
-98
-0.00845921
-112
-0.00966767
50
0.00431593
195
0.0168321
16
0.0013811
-115
-0.00992663
-85
-0.00733707
74
0.00638757
161
0.0138973
115
0.00992663
-78
-0.00673284
297
0.0256366
-168
-0.0145015
-319
-0.0275356
167
0.0144152
-168
-0.0145015
-28
-0.00241692
426
0.0367717
8
0.000690548
173
0.0149331
144
0.0124299
-206
-0.0177816
26
0.00224428
-130
-0.0112214
-108
-0.0093224
-159
-0.0137246
-1
-8.63185e-05
-172
-0.0148468
-79
-0.00681916
86
0.00742339
110
0.00949504
60
0.00517911
-99
-0.00854553
274
0.0236513
-89
-0.00768235
-179
-0.015451
-174
-0.0150194
103
0.00889081
18
0.00155373
107
0.00923608
63
0.00543807
-270
-0.023306
-140
-0.0120846
322
0.0277946
120
0.0103582
112
0.00966767
38
0.0032801
-37
-0.00319379
103
0.00889081
333
0.0287441
-90
-0.00776867
113
0.00975399
-24
-0.00207164
100
0.00863185
113
0.00975399
-245
-0.021148
23
0.00198533
87
0.00750971
64
0.00552438
-422
-0.0364264
-21
-0.00181269
-173
-0.0149331
-129
-0.0111351
-69
-0.00595598
64
0.00552438
10
0.000863185
-90
-0.00776867
113
0.00975399
3
0.000258956
21
0.00181269
-39
-0.00336642
-250
-0.0215796
126
0.0108761
-402
-0.0347
10
0.000863185
-116
-0.0100129
40
0.00345274
-71
-0.00612861
-28
-0.00241692
-180
-0.0155373
-66
-0.00569702
-84
-0.00725076
147
0.0126888
-136
-0.0117393
-23
-0.00198533
-115
-0.00992663
-94
-0.00811394
-292
-0.025205
-71
-0.00612861
295
0.025464
-19
-0.00164005
79
0.00681916
-67
-0.00578334
-312
-0.0269314
-166
-0.0143289
47
0.00405697
30
0.00258956
8
0.000690548
-84
-0.00725076
-131
-0.0113077
92
0.0079413
396
0.0341821
68
0.00586966
-334
-0.0288304
-23
-0.00198533
-177
-0.0152784
33
0.00284851
-5
-0.000431593
-4
-0.000345274
-65
-0.0056107
-111
-0.00958136
35
0.00302115
45
0.00388433
168
0.0145015
107
0.00923608
16
0.0013811
43
0.0037117
-143
-0.0123435
-90
-0.00776867
-13
-0.00112214
-45
-0.00388433
231
0.0199396
26
0.00224428
92
0.0079413
42
0.00362538
-33
-0.00284851
-19
-0.00164005
-115
-0.00992663
-12
-0.00103582
-88
-0.00759603
26
0.00224428
9
0.000776867
7
0.00060423
-49
-0.00422961
53
0.00457488
-152
-0.0131204
2
0.000172637
60
0.00517911
136
0.0117393
-271
-0.0233923
11
0.000949504
-7
-0.00060423
35
0.00302115
-25
-0.00215796
88
0.00759603
-239
-0.0206301
-7
-0.00060423
-92
-0.0079413
50
0.00431593
-117
-0.0100993
-18
-0.00155373
-54
-0.0046612
-6
-0.000517911
-15
-0.00129478
15
0.00129478
215
0.0185585
-67
-0.00578334
-30
-0.00258956
-45
-0.00388433
-253
-0.0218386
56
0.00483384
57
0.00492016
8
0.000690548
120
0.0103582
-182
-0.01571
-36
-0.00310747
92
0.0079413
42
0.00362538
19
0.00164005
-279
-0.0240829
-123
-0.0106172
16
0.0013811
-138
-0.011912
-98
-0.00845921
13
0.00112214
54
0.0046612
-20
-0.00172637
37
0.00319379
48
0.00414329
-153
-0.0132067
-14
-0.00120846
-195
-0.0168321
-13
-0.00112214
-264
-0.0227881
153
0.0132067
52
0.00448856
33
0.00284851
233
0.0201122
57
0.00492016
78
0.00673284
2
0.000172637
-30
-0.00258956
72
0.00621493
27
0.0023306
84
0.00725076
-6
-0.000517911
-27
-0.0023306
32
0.00276219
129
0.0111351
32
0.00276219
-41
-0.00353906
74
0.00638757
-18
-0.00155373
74
0.00638757
182
0.01571
174
0.0150194
-125
-0.0107898
182
0.01571
-12
-0.00103582
-42
-0.00362538
-30
-0.00258956
41
0.00353906
-33
-0.00284851
-115
-0.00992663
219
0.0189038
-268
-0.0231334
-118
-0.0101856
279
0.0240829
309
0.0266724
-96
-0.00828658
-80
-0.00690548
97
0.0083729
-46
-0.00397065
-169
-0.0145878
-162
-0.0139836
68
0.00586966
-158
-0.0136383
242
0.0208891
36
0.00310747
-207
-0.0178679
-126
-0.0108761
124
0.0107035
14
0.00120846
-128
-0.0110488
1
8.63185e-05
162
0.0139836
-75
-0.00647389
96
0.00828658
73
0.00630125
1
8.63185e-05
19
0.00164005
12
0.00103582
4
0.000345274
-189
-0.0163142
98
0.00845921
27
0.0023306
-72
-0.00621493
109
0.00940872
-154
-0.0132931
-3
-0.000258956
134
0.0115667
174
0.0150194
-92
-0.0079413
-19
-0.00164005
-63
-0.00543807
-76
-0.00656021
-61
-0.00526543
-87
-0.00750971
-28
-0.00241692
116
0.0100129
-34
-0.00293483
-111
-0.00958136
82
0.00707812
-348
-0.0300388
229
0.0197669
298
0.0257229
-58
-0.00500647
220
0.0189901
-38
-0.0032801
6
0.000517911
87
0.00750971
132
0.011394
-19
-0.00164005
-140
-0.0120846
1
8.63185e-05
-47
-0.00405697
2
0.000172637
285
0.0246008
-15
-0.00129478
195
0.0168321
-11
-0.000949504
-289
-0.0249461
116
0.0100129
-112
-0.00966767
-117
-0.0100993
-247
-0.0213207
-32
-0.00276219
-127
-0.0109625
-15
-0.00129478
-299
-0.0258092
114
0.00984031
-151
-0.0130341
4
0.000345274
59
0.00509279
-115
-0.00992663
214
0.0184722
-17
-0.00146741
-236
-0.0203712
1
8.63185e-05
347
0.0299525
179
0.015451
-5
-0.000431593
52
0.00448856
214
0.0184722
133
0.0114804
39
0.00336642
-203
-0.0175227
-124
-0.0107035
-8
-0.000690548
136
0.0117393
-209
-0.0180406
-208
-0.0179543
-14
-0.00120846
17
0.00146741
115
0.00992663
57
0.00492016
57
0.00492016
291
0.0251187
-230
-0.0198533
-60
-0.00517911
-17
-0.00146741
137
0.0118256
205
0.0176953
-16
-0.0013811
-76
-0.00656021
-46
-0.00397065
72
0.00621493
204
0.017609
128
0.0110488
106
0.00914976
26
0.00224428
-58
-0.00500647
-19
-0.00164005
78
0.00673284
139
0.0119983
-279
-0.0240829
-83
-0.00716444
331
0.0285714
-97
-0.0083729
-343
-0.0296073
160
0.013811
41
0.00353906
0
0
95
0.00820026
-325
-0.0280535
-75
-0.00647389
-67
-0.00578334
-97
-0.0083729
-18
-0.00155373
56
0.00483384
-75
-0.00647389
-13
-0.00112214
150
0.0129478
120
0.0103582
3
0.000258956
152
0.0131204
104
0.00897713
80
0.00690548
73
0.00630125
54
0.0046612
184
0.0158826
95
0.00820026
-52
-0.00448856
-221
-0.0190764
-29
-0.00250324
-135
-0.011653
59
0.00509279
318
0.0274493
-61
-0.00526543
-122
-0.0105309
94
0.00811394
66
0.00569702
83
0.00716444
-59
-0.00509279
9
0.000776867
17
0.00146741
-213
-0.0183858
169
0.0145878
5
0.000431593
-110
-0.00949504
5
0.000431593
-220
-0.0189901
-105
-0.00906344
96
0.00828658
-65
-0.0056107
-69
-0.00595598
-10
-0.000863185
-159
-0.0137246
146
0.0126025
106
0.00914976
-146
-0.0126025
275
0.0237376
-164
-0.0141562
24
0.00207164
15
0.00129478
-205
-0.0176953
83
0.00716444
158
0.0136383
-4
-0.000345274
-333
-0.0287441
106
0.00914976
261
0.0225291
14
0.00120846
-124
-0.0107035
-98
-0.00845921
-43
-0.0037117
73
0.00630125
-41
-0.00353906
-366
-0.0315926
-44
-0.00379801
67
0.00578334
30
0.00258956
95
0.00820026
201
0.01735
-128
-0.0110488
93
0.00802762
-85
-0.00733707
46
0.00397065
2
0.000172637
45
0.00388433
128
0.0110488
-219
-0.0189038
-117
-0.0100993
56
0.00483384
-75
-0.00647389
79
0.00681916
12
0.00103582
-95
-0.00820026
62
0.00535175
-240
-0.0207164
-71
-0.00612861
144
0.0124299
3
0.000258956
-281
-0.0242555
19
0.00164005
58
0.00500647
26
0.00224428
-134
-0.0115667
-38
-0.0032801
122
0.0105309
6
0.000517911
140
0.0120846
-51
-0.00440224
-47
-0.00405697
135
0.011653
58
0.00500647
67
0.00578334
-158
-0.0136383
-27
-0.0023306
-46
-0.00397065
-17
-0.00146741
314
0.027104
-69
-0.00595598
11
0.000949504
132
0.011394
-90
-0.00776867
54
0.0046612
71
0.00612861
69
0.00595598
-352
-0.0303841
-44
-0.00379801
-218
-0.0188174
268
0.0231334
-50
-0.00431593
-189
-0.0163142
-22
-0.00189901
-166
-0.0143289
259
0.0223565
55
0.00474752
-92
-0.0079413
-62
-0.00535175
-253
-0.0218386
119
0.0102719
33
0.00284851
44
0.00379801
-17
-0.00146741
-13
-0.00112214
-209
-0.0180406
-125
-0.0107898
196
0.0169184
35
0.00302115
341
0.0294346
91
0.00785498
90
0.00776867
-85
-0.00733707
-160
-0.013811
22
0.00189901
-75
-0.00647389
-90
-0.00776867
50
0.00431593
-100
-0.00863185
-267
-0.023047
91
0.00785498
99
0.00854553
-64
-0.00552438
303
0.0261545
-41
-0.00353906
201
0.01735
258
0.0222702
375
0.0323694
84
0.00725076
97
0.0083729
120
0.0103582
37
0.00319379
111
0.00958136
446
0.0384981
100
0.00863185
90
0.00776867
202
0.0174363
170
0.0146741
103
0.00889081
-205
-0.0176953
75
0.00647389
35
0.00302115
131
0.0113077
-218
-0.0188174
8
0.000690548
173
0.0149331
-123
-0.0106172
52
0.00448856
78
0.00673284
-240
-0.0207164
60
0.00517911
-14
-0.00120846
-157
-0.013552
154
0.0132931
70
0.0060423
52
0.00448856
6
0.000517911
137
0.0118256
125
0.0107898
-25
-0.00215796
-37
-0.00319379
-275
-0.0237376
5
0.000431593
62
0.00535175
12
0.00103582
210
0.0181269
-76
-0.00656021
42
0.00362538
147
0.0126888
57
0.00492016
116
0.0100129
-125
-0.0107898
22
0.00189901
-175
-0.0151057
-86
-0.00742339
-96
-0.00828658
3
0.000258956
-34
-0.00293483
-221
-0.0190764
256
0.0220975
-169
-0.0145878
-156
-0.0134657
-70
-0.0060423
-241
-0.0208028
1
8.63185e-05
11
0.000949504
-12
-0.00103582
152
0.0131204
-73
-0.00630125
-144
-0.0124299
52
0.00448856
140
0.0120846
-6
-0.000517911
102
0.00880449
-51
-0.00440224
156
0.0134657
20
0.00172637
-147
-0.0126888
-146
-0.0126025
111
0.00958136
-34
-0.00293483
8
0.000690548
70
0.0060423
-5
-0.000431593
-87
-0.00750971
-23
-0.00198533
121
0.0104445
-165
-0.0142426
165
0.0142426
-157
-0.013552
-35
-0.00302115
-165
-0.0142426
-68
-0.00586966
3
0.000258956
27
0.0023306
19
0.00164005
47
0.00405697
-357
-0.0308157
56
0.00483384
-35
-0.00302115
-125
-0.0107898
173
0.0149331
109
0.00940872
-186
-0.0160552
-71
-0.00612861
121
0.0104445
-136
-0.0117393
37
0.00319379
-88
-0.00759603
141
0.0121709
-129
-0.0111351
-360
-0.0310747
114
0.00984031
-16
-0.0013811
-42
-0.00362538
177
0.0152784
-74
-0.00638757
-55
-0.00474752
15
0.00129478
251
0.0216659
10
0.000863185
-19
-0.00164005
-28
-0.00241692
-177
-0.0152784
-55
-0.00474752
71
0.00612861
3
0.000258956
-190
-0.0164005
-42
-0.00362538
-47
-0.00405697
9
0.000776867
-388
-0.0334916
-81
-0.0069918
-67
-0.00578334
-28
-0.00241692
-168
-0.0145015
30
0.00258956
20
0.00172637
128
0.0110488
28
0.00241692
107
0.00923608
-67
-0.00578334
-128
-0.0110488
-118
-0.0101856
-102
-0.00880449
103
0.00889081
16
0.0013811
-149
-0.0128615
43
0.0037117
-85
-0.00733707
153
0.0132067
-135
-0.011653
-53
-0.00457488
164
0.0141562
45
0.00388433
25
0.00215796
143
0.0123435
353
0.0304704
-146
-0.0126025
191
0.0164868
-174
-0.0150194
130
0.0112214
-156
-0.0134657
-116
-0.0100129
-145
-0.0125162
-256
-0.0220975
28
0.00241692
-82
-0.00707812
32
0.00276219
157
0.013552
-38
-0.0032801
208
0.0179543
51
0.00440224
-63
-0.00543807
39
0.00336642
-131
-0.0113077
-190
-0.0164005
-238
-0.0205438
46
0.00397065
92
0.0079413
-88
-0.00759603
59
0.00509279
-74
-0.00638757
366
0.0315926
-139
-0.0119983
141
0.0121709
-63
-0.00543807
316
0.0272767
-86
-0.00742339
-235
-0.0202849
-218
-0.0188174
-179
-0.015451
96
0.00828658
76
0.00656021
108
0.0093224
-48
-0.00414329
-94
-0.00811394
-197
-0.0170047
138
0.011912
-83
-0.00716444
-54
-0.0046612
-313
-0.0270177
-81
-0.0069918
170
0.0146741
59
0.00509279
264
0.0227881
159
0.0137246
9
0.000776867
111
0.00958136
151
0.0130341
19
0.00164005
321
0.0277082
-80
-0.00690548
10
0.000863185
-145
-0.0125162
57
0.00492016
50
0.00431593
-30
-0.00258956
43
0.0037117
-23
-0.00198533
86
0.00742339
-43
-0.0037117
85
0.00733707
33
0.00284851
24
0.00207164
-447
-0.0385844
117
0.0100993
72
0.00621493
-11
-0.000949504
99
0.00854553
24
0.00207164
-262
-0.0226155
51
0.00440224
-153
-0.0132067
86
0.00742339
-23
-0.00198533
-10
-0.000863185
-48
-0.00414329
-3
-0.000258956
281
0.0242555
4
0.000345274
-71
-0.00612861
-17
-0.00146741
-102
-0.00880449
-140
-0.0120846
-171
-0.0147605
-153
-0.0132067
152
0.0131204
-5
-0.000431593
8
0.000690548
-123
-0.0106172
-239
-0.0206301
69
0.00595598
-68
-0.00586966
-29
-0.00250324
126
0.0108761
-105
-0.00906344
-224
-0.0193353
66
0.00569702
-247
-0.0213207
-65
-0.0056107
133
0.0114804
107
0.00923608
-59
-0.00509279
-48
-0.00414329
113
0.00975399
114
0.00984031
69
0.00595598
15
0.00129478
48
0.00414329
84
0.00725076
158
0.0136383
-62
-0.00535175
110
0.00949504
-39
-0.00336642
92
0.0079413
-108
-0.0093224
170
0.0146741
90
0.00776867
331
0.0285714
46
0.00397065
-7
-0.00060423
-97
-0.0083729
-69
-0.00595598
150
0.0129478
129
0.0111351
4
0.000345274
347
0.0299525
17
0.00146741
103
0.00889081
105
0.00906344
-75
-0.00647389
50
0.00431593
-173
-0.0149331
-165
-0.0142426
-371
-0.0320242
-45
-0.00388433
48
0.00414329
-19
-0.00164005
-140
-0.0120846
74
0.00638757
-275
-0.0237376
82
0.00707812
-166
-0.0143289
147
0.0126888
40
0.00345274
-56
-0.00483384
-133
-0.0114804
41
0.00353906
181
0.0156237
19
0.00164005
-90
-0.00776867
-145
-0.0125162
343
0.0296073
-125
-0.0107898
-160
-0.013811
-34
-0.00293483
94
0.00811394
167
0.0144152
181
0.0156237
111
0.00958136
-102
-0.00880449
66
0.00569702
107
0.00923608
-145
-0.0125162
27
0.0023306
-32
-0.00276219
-298
-0.0257229
-5
-0.000431593
-4
-0.000345274
-61
-0.00526543
183
0.0157963
29
0.00250324
-45
-0.00388433
-25
-0.00215796
-110
-0.00949504
156
0.0134657
-302
-0.0260682
75
0.00647389
-202
-0.0174363
103
0.00889081
180
0.0155373
107
0.00923608
-49
-0.00422961
12
0.00103582
22
0.00189901
125
0.0107898
-21
-0.00181269
113
0.00975399
135
0.011653
-17
-0.00146741
157
0.013552
48
0.00414329
-37
-0.00319379
43
0.0037117
51
0.00440224
94
0.00811394
260
0.0224428
79
0.00681916
106
0.00914976
31
0.00267587
-55
-0.00474752
-14
-0.00120846
-20
-0.00172637
-45
-0.00388433
30
0.00258956
-26
-0.00224428
174
0.0150194
39
0.00336642
-78
-0.00673284
158
0.0136383
9
0.000776867
-130
-0.0112214
16
0.0013811
-92
-0.0079413
80
0.00690548
-104
-0.00897713
-160
-0.013811
32
0.00276219
-42
-0.00362538
-89
-0.00768235
13
0.00112214
-17
-0.00146741
-105
-0.00906344
105
0.00906344
25
0.00215796
168
0.0145015
179
0.015451
-45
-0.00388433
1
8.63185e-05
62
0.00535175
31
0.00267587
-38
-0.0032801
-169
-0.0145878
-16
-0.0013811
-177
-0.0152784
-40
-0.00345274
-199
-0.0171774
-122
-0.0105309
194
0.0167458
81
0.0069918
111
0.00958136
-50
-0.00431593
210
0.0181269
262
0.0226155
46
0.00397065
48
0.00414329
153
0.0132067
-127
-0.0109625
-165
-0.0142426
-11
-0.000949504
338
0.0291757
111
0.00958136
100
0.00863185
1
8.63185e-05
123
0.0106172
155
0.0133794
72
0.00621493
-89
-0.00768235
232
0.0200259
58
0.00500647
-57
-0.00492016
27
0.0023306
-327
-0.0282262
-19
-0.00164005
-134
-0.0115667
43
0.0037117
-242
-0.0208891
-20
-0.00172637
202
0.0174363
-64
-0.00552438
-125
-0.0107898
-178
-0.0153647
-195
-0.0168321
-22
-0.00189901
232
0.0200259
-42
-0.00362538
37
0.00319379
-150
-0.0129478
106
0.00914976
-55
-0.00474752
1
8.63185e-05
-78
-0.00673284
117
0.0100993
135
0.011653
-225
-0.0194217
14
0.00120846
-108
-0.0093224
-50
-0.00431593
150
0.0129478
-67
-0.00578334
174
0.0150194
86
0.00742339
260
0.0224428
-31
-0.00267587
-162
-0.0139836
-65
-0.0056107
-139
-0.0119983
-110
-0.00949504
-202
-0.0174363
85
0.00733707
22
0.00189901
-51
-0.00440224
76
0.00656021
63
0.00543807
350
0.0302115
111
0.00958136
187
0.0161416
-77
-0.00664653
-136
-0.0117393
-37
-0.00319379
-208
-0.0179543
109
0.00940872
245
0.021148
82
0.00707812
-27
-0.0023306
-69
-0.00595598
-173
-0.0149331
-69
-0.00595598
-287
-0.0247734
-43
-0.0037117
-138
-0.011912
163
0.0140699
-59
-0.00509279
170
0.0146741
98
0.00845921
42
0.00362538
-164
-0.0141562
15
0.00129478
110
0.00949504
-69
-0.00595598
148
0.0127751
-31
-0.00267587
-323
-0.0278809
-134
-0.0115667
-86
-0.00742339
-61
-0.00526543
-94
-0.00811394
74
0.00638757
-86
-0.00742339
103
0.00889081
155
0.0133794
-198
-0.0170911
-130
-0.0112214
35
0.00302115
272
0.0234786
-82
-0.00707812
-83
-0.00716444
-68
-0.00586966
276
0.0238239
21
0.00181269
-137
-0.0118256
108
0.0093224
-54
-0.0046612
109
0.00940872
-91
-0.00785498
-171
-0.0147605
229
0.0197669
-29
-0.00250324
-63
-0.00543807
16
0.0013811
-189
-0.0163142
82
0.00707812
116
0.0100129
13
0.00112214
54
0.0046612
-68
-0.00586966
-36
-0.00310747
105
0.00906344
-43
-0.0037117
-90
-0.00776867
259
0.0223565
0
0
39
0.00336642
-56
-0.00483384
-254
-0.0219249
-149
-0.0128615
164
0.0141562
-69
-0.00595598
16
0.0013811
147
0.0126888
-102
-0.00880449
-3
-0.000258956
119
0.0102719
99
0.00854553
-262
-0.0226155
-9
-0.000776867
-354
-0.0305568
46
0.00397065
-193
-0.0166595
106
0.00914976
236
0.0203712
19
0.00164005
-62
-0.00535175
87
0.00750971
364
0.0314199
-72
-0.00621493
96
0.00828658
95
0.00820026
155
0.0133794
113
0.00975399
145
0.0125162
-111
-0.00958136
303
0.0261545
68
0.00586966
200
0.0172637
78
0.00673284
-85
-0.00733707
-80
-0.00690548
105
0.00906344
40
0.00345274
-215
-0.0185585
-149
-0.0128615
259
0.0223565
-167
-0.0144152
201
0.01735
-125
-0.0107898
101
0.00871817
-21
-0.00181269
55
0.00474752
7
0.00060423
167
0.0144152
-29
-0.00250324
158
0.0136383
-64
-0.00552438
350
0.0302115
98
0.00845921
-275
-0.0237376
-92
-0.0079413
300
0.0258956
90
0.00776867
-92
-0.0079413
2
0.000172637
68
0.00586966
96
0.00828658
67
0.00578334
126
0.0108761
67
0.00578334
141
0.0121709
93
0.00802762
-27
-0.0023306
301
0.0259819
-7
-0.00060423
266
0.0229607
35
0.00302115
-7
-0.00060423
56
0.00483384
51
0.00440224
58
0.00500647
243
0.0209754
-136
-0.0117393
-51
-0.00440224
121
0.0104445
-250
-0.0215796
7
0.00060423
240
0.0207164
-134
-0.0115667
124
0.0107035
-126
-0.0108761
-48
-0.00414329
87
0.00750971
202
0.0174363
23
0.00198533
-153
-0.0132067
-18
-0.00155373
55
0.00474752
182
0.01571
272
0.0234786
180
0.0155373
-25
-0.00215796
-121
-0.0104445
180
0.0155373
-116
-0.0100129
48
0.00414329
55
0.00474752
-256
-0.0220975
-42
-0.00362538
29
0.00250324
17
0.00146741
-164
-0.0141562
-30
-0.00258956
-17
-0.00146741
46
0.00397065
-241
-0.0208028
-15
-0.00129478
242
0.0208891
-47
-0.00405697
54
0.0046612
52
0.00448856
227
0.0195943
145
0.0125162
-76
-0.00656021
3
0.000258956
-311
-0.0268451
-279
-0.0240829
172
0.0148468
143
0.0123435
-106
-0.00914976
-137
-0.0118256
67
0.00578334
-28
-0.00241692
33
0.00284851
-28
-0.00241692
0
0
262
0.0226155
13
0.00112214
-3
-0.000258956
82
0.00707812
20
0.00172637
-78
-0.00673284
14
0.00120846
4
0.000345274
-29
-0.00250324
-322
-0.0277946
-68
-0.00586966
299
0.0258092
133
0.0114804
-8
-0.000690548
13
0.00112214
63
0.00543807
-108
-0.0093224
-51
-0.00440224
-72
-0.00621493
43
0.0037117
-45
-0.00388433
29
0.00250324
10
0.000863185
-98
-0.00845921
-62
-0.00535175
-111
-0.00958136
-198
-0.0170911
-26
-0.00224428
226
0.019508
147
0.0126888
-3
-0.000258956
317
0.027363
39
0.00336642
-68
-0.00586966
64
0.00552438
-105
-0.00906344
3
0.000258956
40
0.00345274
12
0.00103582
68
0.00586966
170
0.0146741
98
0.00845921
-89
-0.00768235
-130
-0.0112214
-22
-0.00189901
-33
-0.00284851
-61
-0.00526543
117
0.0100993
55
0.00474752
-102
-0.00880449
-98
-0.00845921
-140
-0.0120846
120
0.0103582
201
0.01735
-39
-0.00336642
61
0.00526543
-39
-0.00336642
-108
-0.0093224
-72
-0.00621493
262
0.0226155
-130
-0.0112214
135
0.011653
52
0.00448856
-211
-0.0182132
-47
-0.00405697
63
0.00543807
46
0.00397065
-35
-0.00302115
-128
-0.0110488
-11
-0.000949504
-98
-0.00845921
-148
-0.0127751
-2
-0.000172637
-187
-0.0161416
31
0.00267587
71
0.00612861
-135
-0.011653
-208
-0.0179543
-172
-0.0148468
-192
-0.0165732
-27
-0.0023306
183
0.0157963
50
0.00431593
-127
-0.0109625
-75
-0.00647389
267
0.023047
-106
-0.00914976
-18
-0.00155373
-193
-0.0166595
9
0.000776867
18
0.00155373
325
0.0280535
-88
-0.00759603
27
0.0023306
-23
-0.00198533
151
0.0130341
143
0.0123435
-243
-0.0209754
85
0.00733707
10
0.000863185
-5
-0.000431593
-168
-0.0145015
-107
-0.00923608
-196
-0.0169184
-91
-0.00785498
-124
-0.0107035
51
0.00440224
58
0.00500647
-182
-0.01571
-56
-0.00483384
-72
-0.00621493
25
0.00215796
23
0.00198533
-286
-0.0246871
72
0.00621493
-120
-0.0103582
-87
-0.00750971
126
0.0108761
-10
-0.000863185
-94
-0.00811394
-14
-0.00120846
118
0.0101856
-42
-0.00362538
-162
-0.0139836
204
0.017609
-209
-0.0180406
130
0.0112214
-19
-0.00164005
-40
-0.00345274
24
0.00207164
84
0.00725076
-8
-0.000690548
-95
-0.00820026
94
0.00811394
-39
-0.00336642
1
8.63185e-05
-26
-0.00224428
48
0.00414329
-2
-0.000172637
321
0.0277082
-125
-0.0107898
-61
-0.00526543
102
0.00880449
114
0.00984031
17
0.00146741
201
0.01735
-192
-0.0165732
-197
-0.0170047
-103
-0.00889081
14
0.00120846
41
0.00353906
-123
-0.0106172
-179
-0.015451
-311
-0.0268451
29
0.00250324
333
0.0287441
118
0.0101856
48
0.00414329
-70
-0.0060423
72
0.00621493
-85
-0.00733707
-221
-0.0190764
103
0.00889081
275
0.0237376
-31
-0.00267587
49
0.00422961
12
0.00103582
-29
-0.00250324
-33
-0.00284851
187
0.0161416
79
0.00681916
-182
-0.01571
-34
-0.00293483
-145
-0.0125162
100
0.00863185
-62
-0.00535175
9
0.000776867
-170
-0.0146741
32
0.00276219
9
0.000776867
67
0.00578334
51
0.00440224
31
0.00267587
64
0.00552438
15
0.00129478
-4
-0.000345274
-20
-0.00172637
212
0.0182995
11
0.000949504
-92
-0.0079413
-114
-0.00984031
140
0.0120846
23
0.00198533
95
0.00820026
-33
-0.00284851
250
0.0215796
-33
-0.00284851
111
0.00958136
55
0.00474752
226
0.019508
16
0.0013811
-101
-0.00871817
4
0.000345274
327
0.0282262
95
0.00820026
57
0.00492016
-63
-0.00543807
338
0.0291757
-58
-0.00500647
-94
-0.00811394
-115
-0.00992663
-111
-0.00958136
62
0.00535175
85
0.00733707
-15
-0.00129478
176
0.0151921
-74
-0.00638757
-40
-0.00345274
-124
-0.0107035
-96
-0.00828658
97
0.0083729
-16
-0.0013811
-121
-0.0104445
80
0.00690548
87
0.00750971
328
0.0283125
-139
-0.0119983
375
0.0323694
16
0.0013811
71
0.00612861
-86
-0.00742339
-83
-0.00716444
-70
-0.0060423
244
0.0210617
-58
-0.00500647
-133
-0.0114804
98
0.00845921
-321
-0.0277082
131
0.0113077
-9
-0.000776867
80
0.00690548
-428
-0.0369443
-99
-0.00854553
-125
-0.0107898
-80
-0.00690548
-47
-0.00405697
106
0.00914976
-158
-0.0136383
-140
-0.0120846
36
0.00310747
-37
-0.00319379
-1
-8.63185e-05
-77
-0.00664653
34
0.00293483
95
0.00820026
-170
-0.0146741
-88
-0.00759603
-151
-0.0130341
200
0.0172637
264
0.0227881
140
0.0120846
52
0.00448856
27
0.0023306
274
0.0236513
-105
-0.00906344
73
0.00630125
-33
-0.00284851
68
0.00586966
-2
-0.000172637
-26
-0.00224428
-36
-0.00310747
161
0.0138973
95
0.00820026
-166
-0.0143289
-5
-0.000431593
83
0.00716444
61
0.00526543
-71
-0.00612861
75
0.00647389
125
0.0107898
23
0.00198533
-29
-0.00250324
-55
-0.00474752
93
0.00802762
-58
-0.00500647
-149
-0.0128615
-10
-0.000863185
28
0.00241692
-30
-0.00258956
-379
-0.0327147
-104
-0.00897713
-9
-0.000776867
-142
-0.0122572
162
0.0139836
17
0.00146741
125
0.0107898
47
0.00405697
-190
-0.0164005
-48
-0.00414329
-131
-0.0113077
-77
-0.00664653
217
0.0187311
-38
-0.0032801
149
0.0128615
13
0.00112214
-120
-0.0103582
56
0.00483384
-348
-0.0300388
-179
-0.015451
-84
-0.00725076
69
0.00595598
106
0.00914976
-38
-0.0032801
-95
-0.00820026
58
0.00500647
-321
-0.0277082
-77
-0.00664653
269
0.0232197
4
0.000345274
-85
-0.00733707
38
0.0032801
35
0.00302115
16
0.0013811
57
0.00492016
41
0.00353906
232
0.0200259
-39
-0.00336642
209
0.0180406
128
0.0110488
-89
-0.00768235
114
0.00984031
-172
-0.0148468
58
0.00500647
109
0.00940872
-66
-0.00569702
-56
-0.00483384
-12
-0.00103582
-127
-0.0109625
109
0.00940872
-8
-0.000690548
-18
-0.00155373
78
0.00673284
-95
-0.00820026
-125
-0.0107898
-89
-0.00768235
39
0.00336642
43
0.0037117
23
0.00198533
-57
-0.00492016
37
0.00319379
164
0.0141562
-150
-0.0129478
-84
-0.00725076
-105
-0.00906344
45
0.00388433
-134
-0.0115667
-57
-0.00492016
128
0.0110488
0
0
-193
-0.0166595
-175
-0.0151057
-183
-0.0157963
40
0.00345274
-119
-0.0102719
20
0.00172637
187
0.0161416
-44
-0.00379801
46
0.00397065
245
0.021148
96
0.00828658
77
0.00664653
-119
-0.0102719
-138
-0.011912
315
0.0271903
-17
-0.00146741
-68
-0.00586966
-39
-0.00336642
10
0.000863185
-169
-0.0145878
100
0.00863185
-56
-0.00483384
-195
-0.0168321
122
0.0105309
53
0.00457488
25
0.00215796
265
0.0228744
64
0.00552438
177
0.0152784
33
0.00284851
-274
-0.0236513
124
0.0107035
360
0.0310747
-135
-0.011653
310
0.0267587
-96
-0.00828658
239
0.0206301
-99
-0.00854553
-21
-0.00181269
-85
-0.00733707
213
0.0183858
-80
-0.00690548
309
0.0266724
-11
-0.000949504
-58
-0.00500647
16
0.0013811
-315
-0.0271903
-132
-0.011394
-44
-0.00379801
13
0.00112214
-188
-0.0162279
26
0.00224428
220
0.0189901
-9
-0.000776867
-63
-0.00543807
-5
-0.000431593
-47
-0.00405697
183
0.0157963
-19
-0.00164005
-38
-0.0032801
-286
-0.0246871
-32
-0.00276219
-136
-0.0117393
160
0.013811
241
0.0208028
52
0.00448856
-119
-0.0102719
157
0.013552
-47
-0.00405697
-68
-0.00586966
-65
-0.0056107
60
0.00517911
-114
-0.00984031
0
0
66
0.00569702
-123
-0.0106172
-140
-0.0120846
-13
-0.00112214
196
0.0169184
75
0.00647389
138
0.011912
-106
-0.00914976
149
0.0128615
6
0.000517911
-50
-0.00431593
-95
-0.00820026
-67
-0.00578334
48
0.00414329
-146
-0.0126025
-211
-0.0182132
-214
-0.0184722
100
0.00863185
427
0.036858
75
0.00647389
-126
-0.0108761
162
0.0139836
-401
-0.0346137
-24
-0.00207164
-13
-0.00112214
137
0.0118256
51
0.00440224
55
0.00474752
161
0.0138973
-10
-0.000863185
19
0.00164005
212
0.0182995
-16
-0.0013811
83
0.00716444
-168
-0.0145015
-71
-0.00612861
-145
-0.0125162
81
0.0069918
339
0.029262
58
0.00500647
-42
-0.00362538
95
0.00820026
-72
-0.00621493
8
0.000690548
76
0.00656021
-24
-0.00207164
32
0.00276219
98
0.00845921
-278
-0.0239965
67
0.00578334
6
0.000517911
-72
-0.00621493
89
0.00768235
140
0.0120846
332
0.0286577
140
0.0120846
69
0.00595598
-170
-0.0146741
-72
-0.00621493
57
0.00492016
47
0.00405697
23
0.00198533
-141
-0.0121709
-36
-0.00310747
47
0.00405697
-90
-0.00776867
-259
-0.0223565
98
0.00845921
-133
-0.0114804
47
0.00405697
324
0.0279672
38
0.0032801
-222
-0.0191627
-140
-0.0120846
-32
-0.00276219
75
0.00647389
-37
-0.00319379
-63
-0.00543807
3
0.000258956
75
0.00647389
-25
-0.00215796
-13
-0.00112214
76
0.00656021
-24
-0.00207164
58
0.00500647
50
0.00431593
194
0.0167458
-27
-0.0023306
53
0.00457488
-2
-0.000172637
-157
-0.013552
32
0.00276219
-99
-0.00854553
-82
-0.00707812
-277
-0.0239102
164
0.0141562
-262
-0.0226155
-148
-0.0127751
-209
-0.0180406
-3
-0.000258956
67
0.00578334
125
0.0107898
-294
-0.0253776
84
0.00725076
210
0.0181269
-82
-0.00707812
-236
-0.0203712
119
0.0102719
-366
-0.0315926
-14
-0.00120846
-57
-0.00492016
266
0.0229607
-22
-0.00189901
2
0.000172637
87
0.00750971
59
0.00509279
-306
-0.0264135
-50
-0.00431593
89
0.00768235
-31
-0.00267587
-422
-0.0364264
86
0.00742339
89
0.00768235
-21
-0.00181269
237
0.0204575
-140
-0.0120846
-108
-0.0093224
-71
-0.00612861
18
0.00155373
110
0.00949504
-33
-0.00284851
-85
-0.00733707
288
0.0248597
-153
-0.0132067
-152
-0.0131204
50
0.00431593
-87
-0.00750971
-17
-0.00146741
-72
-0.00621493
150
0.0129478
-287
-0.0247734
-123
-0.0106172
30
0.00258956
-103
-0.00889081
-177
-0.0152784
82
0.00707812
-162
-0.0139836
8
0.000690548
225
0.0194217
-55
-0.00474752
-257
-0.0221839
100
0.00863185
-207
-0.0178679
-54
-0.0046612
-213
-0.0183858
-87
-0.00750971
-96
-0.00828658
-35
-0.00302115
-186
-0.0160552
13
0.00112214
3
0.000258956
-95
-0.00820026
263
0.0227018
-62
-0.00535175
108
0.0093224
31
0.00267587
-156
-0.0134657
73
0.00630125
259
0.0223565
50
0.00431593
-94
-0.00811394
-29
-0.00250324
81
0.0069918
142
0.0122572
127
0.0109625
-145
-0.0125162
104
0.00897713
-5
-0.000431593
26
0.00224428
-207
-0.0178679
-169
-0.0145878
-41
-0.00353906
124
0.0107035
19
0.00164005
161
0.0138973
-265
-0.0228744
-318
-0.0274493
162
0.0139836
323
0.0278809
78
0.00673284
169
0.0145878
-35
-0.00302115
-70
-0.0060423
-103
-0.00889081
-80
-0.00690548
61
0.00526543
219
0.0189038
-28
-0.00241692
166
0.0143289
-33
-0.00284851
-52
-0.00448856
-27
-0.0023306
-134
-0.0115667
169
0.0145878
-143
-0.0123435
-133
-0.0114804
17
0.00146741
-77
-0.00664653
98
0.00845921
-68
-0.00586966
-228
-0.0196806
-41
-0.00353906
-207
-0.0178679
-42
-0.00362538
-137
-0.0118256
72
0.00621493
-39
-0.00336642
-10
-0.000863185
230
0.0198533
36
0.00310747
-67
-0.00578334
139
0.0119983
78
0.00673284
-73
-0.00630125
146
0.0126025
119
0.0102719
11
0.000949504
-40
-0.00345274
139
0.0119983
-4
-0.000345274
-67
-0.00578334
-13
-0.00112214
-118
-0.0101856
-34
-0.00293483
0
0
36
0.00310747
-132
-0.011394
145
0.0125162
58
0.00500647
-46
-0.00397065
-57
-0.00492016
-49
-0.00422961
126
0.0108761
-12
-0.00103582
-101
-0.00871817
-44
-0.00379801
-274
-0.0236513
-49
-0.00422961
-52
-0.00448856
50
0.00431593
-34
-0.00293483
-131
-0.0113077
5
0.000431593
-47
-0.00405697
151
0.0130341
-87
-0.00750971
164
0.0141562
20
0.00172637
120
0.0103582
-70
-0.0060423
-127
-0.0109625
56
0.00483384
54
0.0046612
242
0.0208891
143
0.0123435
25
0.00215796
-136
-0.0117393
27
0.0023306
141
0.0121709
9
0.000776867
223
0.019249
-121
-0.0104445
-50
-0.00431593
-98
-0.00845921
41
0.00353906
-111
-0.00958136
-70
-0.0060423
-28
-0.00241692
7
0.00060423
-79
-0.00681916
84
0.00725076
-33
-0.00284851
36
0.00310747
-41
-0.00353906
222
0.0191627
-106
-0.00914976
18
0.00155373
-47
-0.00405697
-233
-0.0201122
-51
-0.00440224
-51
-0.00440224
-32
-0.00276219
227
0.0195943
25
0.00215796
-8
-0.000690548
-56
-0.00483384
-77
-0.00664653
4
0.000345274
140
0.0120846
52
0.00448856
-168
-0.0145015
-141
-0.0121709
-214
-0.0184722
145
0.0125162
-281
-0.0242555
43
0.0037117
7
0.00060423
-69
-0.00595598
140
0.0120846
-78
-0.00673284
-142
-0.0122572
-97
-0.0083729
89
0.00768235
-119
-0.0102719
-35
-0.00302115
-3
-0.000258956
-96
-0.00828658
22
0.00189901
-68
-0.00586966
-29
-0.00250324
493
0.042555
113
0.00975399
243
0.0209754
138
0.011912
248
0.021407
-19
-0.00164005
69
0.00595598
41
0.00353906
-433
-0.0373759
-51
-0.00440224
-139
-0.0119983
191
0.0164868
29
0.00250324
126
0.0108761
113
0.00975399
-3
-0.000258956
-357
-0.0308157
-88
-0.00759603
-166
-0.0143289
-73
-0.00630125
37
0.00319379
25
0.00215796
42
0.00362538
1
8.63185e-05
161
0.0138973
44
0.00379801
-169
-0.0145878
-9
-0.000776867
237
0.0204575
95
0.00820026
62
0.00535175
-63
-0.00543807
-261
-0.0225291
137
0.0118256
-55
-0.00474752
66
0.00569702
-125
-0.0107898
-87
-0.00750971
241
0.0208028
18
0.00155373
-92
-0.0079413
152
0.0131204
-132
-0.011394
-210
-0.0181269
-115
-0.00992663
102
0.00880449
120
0.0103582
69
0.00595598
-316
-0.0272767
-19
-0.00164005
-160
-0.013811
-81
-0.0069918
-94
-0.00811394
-6
-0.000517911
41
0.00353906
-89
-0.00768235
77
0.00664653
43
0.0037117
-224
-0.0193353
60
0.00517911
-214
-0.0184722
68
0.00586966
294
0.0253776
89
0.00768235
-11
-0.000949504
-91
-0.00785498
-13
-0.00112214
-47
-0.00405697
32
0.00276219
76
0.00656021
372
0.0321105
174
0.0150194
-83
-0.00716444
49
0.00422961
-151
-0.0130341
-143
-0.0123435
-99
-0.00854553
97
0.0083729
-128
-0.0110488
10
0.000863185
86
0.00742339
-46
-0.00397065
-22
-0.00189901
29
0.00250324
84
0.00725076
154
0.0132931
-287
-0.0247734
139
0.0119983
-94
-0.00811394
-109
-0.00940872
25
0.00215796
-10
-0.000863185
-22
-0.00189901
13
0.00112214
125
0.0107898
22
0.00189901
-232
-0.0200259
42
0.00362538
131
0.0113077
9
0.000776867
127
0.0109625
-73
-0.00630125
37
0.00319379
-28
-0.00241692
161
0.0138973
-83
-0.00716444
127
0.0109625
31
0.00267587
-68
-0.00586966
30
0.00258956
30
0.00258956
65
0.0056107
-87
-0.00750971
-35
-0.00302115
-167
-0.0144152
145
0.0125162
326
0.0281398
-105
-0.00906344
53
0.00457488
-13
-0.00112214
-296
-0.0255503
-21
-0.00181269
-61
-0.00526543
69
0.00595598
-2
-0.000172637
57
0.00492016
-101
-0.00871817
46
0.00397065
-183
-0.0157963
-25
-0.00215796
304
0.0262408
30
0.00258956
-199
-0.0171774
126
0.0108761
163
0.0140699
8
0.000690548
-107
-0.00923608
-82
-0.00707812
358
0.030902
83
0.00716444
206
0.0177816
-81
-0.0069918
185
0.0159689
153
0.0132067
68
0.00586966
-31
-0.00267587
-126
-0.0108761
74
0.00638757
249
0.0214933
55
0.00474752
-64
-0.00552438
-93
-0.00802762
227
0.0195943
32
0.00276219
220
0.0189901
56
0.00483384
104
0.00897713
44
0.00379801
263
0.0227018
23
0.00198533
72
0.00621493
-65
-0.0056107
215
0.0185585
-118
-0.0101856
106
0.00914976
-126
-0.0108761
404
0.0348727
-87
-0.00750971
-113
-0.00975399
-34
-0.00293483
-308
-0.0265861
-158
-0.0136383
23
0.00198533
-23
-0.00198533
-25
-0.00215796
110
0.00949504
-76
-0.00656021
-70
-0.0060423
59
0.00509279
-63
-0.00543807
-57
-0.00492016
-122
-0.0105309
-43
-0.0037117
10
0.000863185
188
0.0162279
20
0.00172637
-164
-0.0141562
58
0.00500647
2
0.000172637
-39
-0.00336642
22
0.00189901
-141
-0.0121709
-2
-0.000172637
16
0.0013811
268
0.0231334
-41
-0.00353906
-29
-0.00250324
-183
-0.0157963
122
0.0105309
-83
-0.00716444
-344
-0.0296936
-161
-0.0138973
-172
-0.0148468
-72
-0.00621493
-137
-0.0118256
11
0.000949504
200
0.0172637
2
0.000172637
151
0.0130341
-37
-0.00319379
115
0.00992663
-3
-0.000258956
-3
-0.000258956
14
0.00120846
103
0.00889081
-15
-0.00129478
4
0.000345274
-170
-0.0146741
-228
-0.0196806
75
0.00647389
-291
-0.0251187
103
0.00889081
216
0.0186448
-88
-0.00759603
90
0.00776867
-64
-0.00552438
64
0.00552438
204
0.017609
-120
-0.0103582
144
0.0124299
430
0.037117
120
0.0103582
-135
-0.011653
-43
-0.0037117
62
0.00535175
-45
-0.00388433
96
0.00828658
-124
-0.0107035
-259
-0.0223565
4
0.000345274
206
0.0177816
67
0.00578334
-301
-0.0259819
81
0.0069918
211
0.0182132
63
0.00543807
-296
-0.0255503
39
0.00336642
331
0.0285714
-40
-0.00345274
-97
-0.0083729
172
0.0148468
-79
-0.00681916
230
0.0198533
111
0.00958136
-149
-0.0128615
9
0.000776867
8
0.000690548
74
0.00638757
-32
-0.00276219
70
0.0060423
4
0.000345274
-184
-0.0158826
-45
-0.00388433
-31
-0.00267587
-69
-0.00595598
141
0.0121709
-59
-0.00509279
33
0.00284851
125
0.0107898
268
0.0231334
0
0
33
0.00284851
-19
-0.00164005
74
0.00638757
-199
-0.0171774
46
0.00397065
2
0.000172637
-159
-0.0137246
-5
-0.000431593
151
0.0130341
-205
-0.0176953
-57
-0.00492016
-215
-0.0185585
-102
-0.00880449
-26
-0.00224428
166
0.0143289
-118
-0.0101856
-13
-0.00112214
-142
-0.0122572
-63
-0.00543807
82
0.00707812
-122
-0.0105309
-40
-0.00345274
-10
-0.000863185
-147
-0.0126888
-177
-0.0152784
-173
-0.0149331
-91
-0.00785498
-51
-0.00440224
1
8.63185e-05
9
0.000776867
158
0.0136383
-61
-0.00526543
-119
-0.0102719
-133
-0.0114804
152
0.0131204
100
0.00863185
-255
-0.0220112
-156
-0.0134657
7
0.00060423
87
0.00750971
-79
-0.00681916
-65
-0.0056107
-18
-0.00155373
180
0.0155373
-33
-0.00284851
23
0.00198533
-182
-0.01571
-29
-0.00250324
-31
-0.00267587
-46
-0.00397065
287
0.0247734
96
0.00828658
-57
-0.00492016
-62
-0.00535175
-253
-0.0218386
-29
-0.00250324
-142
-0.0122572
45
0.00388433
-58
-0.00500647
29
0.00250324
66
0.00569702
-37
-0.00319379
386
0.0333189
39
0.00336642
-108
-0.0093224
108
0.0093224
-220
-0.0189901
55
0.00474752
-133
-0.0114804
-130
-0.0112214
-112
-0.00966767
-162
-0.0139836
94
0.00811394
74
0.00638757
9
0.000776867
72
0.00621493
-88
-0.00759603
69
0.00595598
50
0.00431593
74
0.00638757
26
0.00224428
-158
-0.0136383
228
0.0196806
-98
-0.00845921
-17
-0.00146741
0
0
-230
-0.0198533
-187
-0.0161416
91
0.00785498
-17
-0.00146741
120
0.0103582
-139
-0.0119983
165
0.0142426
51
0.00440224
-74
-0.00638757
-10
-0.000863185
-55
-0.00474752
-137
-0.0118256
252
0.0217523
-141
-0.0121709
-256
-0.0220975
-76
-0.00656021
69
0.00595598
209
0.0180406
-38
-0.0032801
-72
-0.00621493
273
0.023565
21
0.00181269
202
0.0174363
-235
-0.0202849
-157
-0.013552
-25
-0.00215796
72
0.00621493
26
0.00224428
216
0.0186448
-129
-0.0111351
74
0.00638757
-100
-0.00863185
88
0.00759603
216
0.0186448
102
0.00880449
79
0.00681916
72
0.00621493
-67
-0.00578334
560
0.0483384
-84
-0.00725076
-356
-0.0307294
132
0.011394
139
0.0119983
-169
-0.0145878
234
0.0201985
-79
-0.00681916
207
0.0178679
-152
-0.0131204
88
0.00759603
113
0.00975399
-69
-0.00595598
-76
-0.00656021
-62
-0.00535175
-162
-0.0139836
91
0.00785498
-313
-0.0270177
-59
-0.00509279
107
0.00923608
18
0.00155373
-11
-0.000949504
190
0.0164005
54
0.0046612
-139
-0.0119983
52
0.00448856
-227
-0.0195943
30
0.00258956
-203
-0.0175227
49
0.00422961
2
0.000172637
-226
-0.019508
-44
-0.00379801
-125
-0.0107898
89
0.00768235
-141
-0.0121709
-25
-0.00215796
37
0.00319379
324
0.0279672
-75
-0.00647389
-7
-0.00060423
-55
-0.00474752
122
0.0105309
124
0.0107035
218
0.0188174
260
0.0224428
-47
-0.00405697
-47
-0.00405697
124
0.0107035
35
0.00302115
-292
-0.025205
-37
-0.00319379
-56
-0.00483384
44
0.00379801
-373
-0.0321968
32
0.00276219
177
0.0152784
-14
-0.00120846
-334
-0.0288304
144
0.0124299
-47
-0.00405697
46
0.00397065
-206
-0.0177816
-58
-0.00500647
-197
-0.0170047
-3
-0.000258956
-25
-0.00215796
34
0.00293483
199
0.0171774
-2
-0.000172637
246
0.0212344
-44
-0.00379801
331
0.0285714
7
0.00060423
128
0.0110488
-63
-0.00543807
-86
-0.00742339
-13
-0.00112214
-129
-0.0111351
74
0.00638757
139
0.0119983
113
0.00975399
6
0.000517911
-47
-0.00405697
-170
-0.0146741
-67
-0.00578334
49
0.00422961
114
0.00984031
-15
-0.00129478
2
0.000172637
123
0.0106172
-82
-0.00707812
-361
-0.031161
-69
-0.00595598
264
0.0227881
32
0.00276219
72
0.00621493
-56
-0.00483384
337
0.0290893
79
0.00681916
-158
-0.0136383
-34
-0.00293483
444
0.0383254
60
0.00517911
84
0.00725076
58
0.00500647
-11
-0.000949504
-163
-0.0140699
-114
-0.00984031
43
0.0037117
68
0.00586966
59
0.00509279
-24
-0.00207164
36
0.00310747
-83
-0.00716444
-49
-0.00422961
-17
-0.00146741
404
0.0348727
-113
-0.00975399
53
0.00457488
-193
-0.0166595
-121
-0.0104445
119
0.0102719
88
0.00759603
-124
-0.0107035
-89
-0.00768235
178
0.0153647
29
0.00250324
-154
-0.0132931
-55
-0.00474752
169
0.0145878
45
0.00388433
170
0.0146741
-3
-0.000258956
177
0.0152784
-65
-0.0056107
200
0.0172637
-95
-0.00820026
-197
-0.0170047
48
0.00414329
-133
-0.0114804
164
0.0141562
-248
-0.021407
114
0.00984031
-19
-0.00164005
-16
-0.0013811
-179
-0.015451
216
0.0186448
-38
-0.0032801
122
0.0105309
-15
-0.00129478
17
0.00146741
-178
-0.0153647
-64
-0.00552438
233
0.0201122
-129
-0.0111351
67
0.00578334
-100
-0.00863185
163
0.0140699
62
0.00535175
-39
-0.00336642
2
0.000172637
-81
-0.0069918
35
0.00302115
147
0.0126888
-51
-0.00440224
-356
-0.0307294
-1
-8.63185e-05
-237
-0.0204575
111
0.00958136
-183
-0.0157963
-58
-0.00500647
-401
-0.0346137
60
0.00517911
-159
-0.0137246
-100
-0.00863185
87
0.00750971
11
0.000949504
-66
-0.00569702
-180
-0.0155373
18
0.00155373
16
0.0013811
-150
-0.0129478
45
0.00388433
98
0.00845921
201
0.01735
17
0.00146741
-4
-0.000345274
-8
-0.000690548
-5
-0.000431593
-35
-0.00302115
165
0.0142426
73
0.00630125
141
0.0121709
22
0.00189901
13
0.00112214
-87
-0.00750971
26
0.00224428
-54
-0.0046612
183
0.0157963
55
0.00474752
-15
-0.00129478
50
0.00431593
-2
-0.000172637
235
0.0202849
0
0
-90
-0.00776867
47
0.00405697
300
0.0258956
69
0.00595598
145
0.0125162
36
0.00310747
177
0.0152784
-28
-0.00241692
-35
-0.00302115
67
0.00578334
212
0.0182995
71
0.00612861
-143
-0.0123435
-152
-0.0131204
-276
-0.0238239
3
0.000258956
147
0.0126888
0
0
75
0.00647389
-107
-0.00923608
123
0.0106172
-58
-0.00500647
566
0.0488563
-3
-0.000258956
-39
-0.00336642
25
0.00215796
-170
-0.0146741
52
0.00448856
-220
-0.0189901
-1
-8.63185e-05
56
0.00483384
37
0.00319379
166
0.0143289
10
0.000863185
-52
-0.00448856
59
0.00509279
-166
-0.0143289
-24
-0.00207164
-189
-0.0163142
118
0.0101856
44
0.00379801
-79
-0.00681916
161
0.0138973
-100
-0.00863185
55
0.00474752
125
0.0107898
180
0.0155373
-108
-0.0093224
79
0.00681916
158
0.0136383
1
8.63185e-05
-90
-0.00776867
347
0.0299525
-2
-0.000172637
205
0.0176953
166
0.0143289
33
0.00284851
-9
-0.000776867
-92
-0.0079413
-49
-0.00422961
-52
-0.00448856
-56
-0.00483384
-84
-0.00725076
34
0.00293483
282
0.0243418
45
0.00388433
232
0.0200259
-32
-0.00276219
13
0.00112214
-246
-0.0212344
-94
-0.00811394
61
0.00526543
-112
-0.00966767
-174
-0.0150194
155
0.0133794
25
0.00215796
85
0.00733707
-40
-0.00345274
-50
-0.00431593
60
0.00517911
210
0.0181269
64
0.00552438
169
0.0145878
44
0.00379801
168
0.0145015
-36
-0.00310747
215
0.0185585
-65
-0.0056107
214
0.0184722
-52
-0.00448856
-266
-0.0229607
230
0.0198533
204
0.017609
-35
-0.00302115
-168
-0.0145015
53
0.00457488
12
0.00103582
-92
-0.0079413
78
0.00673284
37
0.00319379
-186
-0.0160552
100
0.00863185
110
0.00949504
-142
-0.0122572
-14
-0.00120846
112
0.00966767
278
0.0239965
48
0.00414329
46
0.00397065
-61
-0.00526543
-161
-0.0138973
6
0.000517911
154
0.0132931
-113
-0.00975399
-102
-0.00880449
-103
-0.00889081
121
0.0104445
126
0.0108761
-181
-0.0156237
33
0.00284851
-56
-0.00483384
-15
-0.00129478
-8
-0.000690548
-42
-0.00362538
7
0.00060423
19
0.00164005
-276
-0.0238239
-70
-0.0060423
13
0.00112214
62
0.00535175
-5
-0.000431593
-19
-0.00164005
202
0.0174363
83
0.00716444
126
0.0108761
-109
-0.00940872
-60
-0.00517911
-162
-0.0139836
-248
-0.021407
97
0.0083729
-19
-0.00164005
31
0.00267587
187
0.0161416
87
0.00750971
50
0.00431593
-138
-0.011912
-386
-0.0333189
63
0.00543807
-280
-0.0241692
1
8.63185e-05
-132
-0.011394
-31
-0.00267587
165
0.0142426
-186
-0.0160552
116
0.0100129
81
0.0069918
-49
-0.00422961
-109
-0.00940872
19
0.00164005
24
0.00207164
-116
-0.0100129
-140
-0.0120846
134
0.0115667
-7
-0.00060423
-163
-0.0140699
80
0.00690548
-15
-0.00129478
-144
-0.0124299
-271
-0.0233923
133
0.0114804
97
0.0083729
-90
-0.00776867
350
0.0302115
-26
-0.00224428
134
0.0115667
-17
-0.00146741
-105
-0.00906344
58
0.00500647
-13
-0.00112214
-192
-0.0165732
157
0.013552
160
0.013811
-94
-0.00811394
54
0.0046612
205
0.0176953
157
0.013552
-346
-0.0298662
-115
-0.00992663
-130
-0.0112214
49
0.00422961
213
0.0183858
95
0.00820026
58
0.00500647
31
0.00267587
175
0.0151057
-50
-0.00431593
-30
-0.00258956
-112
-0.00966767
-66
-0.00569702
-35
-0.00302115
177
0.0152784
99
0.00854553
-44
-0.00379801
279
0.0240829
97
0.0083729
-231
-0.0199396
105
0.00906344
-37
-0.00319379
80
0.00690548
31
0.00267587
-85
-0.00733707
89
0.00768235
-33
-0.00284851
12
0.00103582
-157
-0.013552
-238
-0.0205438
-155
-0.0133794
-82
-0.00707812
187
0.0161416
122
0.0105309
7
0.00060423
124
0.0107035
548
0.0473025
-114
-0.00984031
-200
-0.0172637
18
0.00155373
-156
-0.0134657
-172
-0.0148468
59
0.00509279
176
0.0151921
-65
-0.0056107
-108
-0.0093224
-92
-0.0079413
69
0.00595598
-188
-0.0162279
8
0.000690548
329
0.0283988
-38
-0.0032801
-131
-0.0113077
70
0.0060423
374
0.0322831
-92
-0.0079413
-61
-0.00526543
33
0.00284851
87
0.00750971
-15
-0.00129478
-123
-0.0106172
114
0.00984031
-247
-0.0213207
67
0.00578334
-32
-0.00276219
-265
-0.0228744
146
0.0126025
-20
-0.00172637
-127
-0.0109625
-246
-0.0212344
69
0.00595598
109
0.00940872
231
0.0199396
103
0.00889081
-234
-0.0201985
74
0.00638757
23
0.00198533
-3
-0.000258956
212
0.0182995
116
0.0100129
141
0.0121709
-157
-0.013552
2
0.000172637
94
0.00811394
-415
-0.0358222
63
0.00543807
282
0.0243418
-93
-0.00802762
-154
-0.0132931
18
0.00155373
182
0.01571
-16
-0.0013811
-218
-0.0188174
-112
-0.00966767
-126
-0.0108761
85
0.00733707
108
0.0093224
-7
-0.00060423
-13
-0.00112214
-34
-0.00293483
19
0.00164005
-57
-0.00492016
177
0.0152784
147
0.0126888
138
0.011912
-85
-0.00733707
323
0.0278809
71
0.00612861
-69
-0.00595598
-105
-0.00906344
180
0.0155373
-52
-0.00448856
-214
-0.0184722
113
0.00975399
-177
-0.0152784
-34
-0.00293483
-65
-0.0056107
79
0.00681916
19
0.00164005
110
0.00949504
-272
-0.0234786
-25
-0.00215796
56
0.00483384
101
0.00871817
-114
-0.00984031
24
0.00207164
-46
-0.00397065
-48
-0.00414329
-276
-0.0238239
-68
-0.00586966
16
0.0013811
15
0.00129478
-235
-0.0202849
107
0.00923608
-326
-0.0281398
-18
-0.00155373
299
0.0258092
304
0.0262408
-52
-0.00448856
-12
-0.00103582
-45
-0.00388433
-41
-0.00353906
132
0.011394
-140
-0.0120846
8
0.000690548
-78
-0.00673284
-278
-0.0239965
1
8.63185e-05
-171
-0.0147605
11
0.000949504
360
0.0310747
-11
-0.000949504
74
0.00638757
-23
-0.00198533
-19
-0.00164005
11
0.000949504
-148
-0.0127751
27
0.0023306
427
0.036858
-36
-0.00310747
-105
-0.00906344
-95
-0.00820026
229
0.0197669
127
0.0109625
286
0.0246871
-108
-0.0093224
133
0.0114804
-60
-0.00517911
-275
-0.0237376
-58
-0.00500647
-38
-0.0032801
61
0.00526543
-277
-0.0239102
-80
-0.00690548
102
0.00880449
120
0.0103582
-29
-0.00250324
-150
-0.0129478
-60
-0.00517911
-386
-0.0333189
-29
-0.00250324
176
0.0151921
169
0.0145878
113
0.00975399
-228
-0.0196806
-23
-0.00198533
186
0.0160552
-41
-0.00353906
-45
-0.00388433
-161
-0.0138973
358
0.030902
71
0.00612861
-29
-0.00250324
156
0.0134657
-408
-0.035218
-18
-0.00155373
-45
-0.00388433
-21
-0.00181269
47
0.00405697
0
0
62
0.00535175
-105
-0.00906344
-172
-0.0148468
138
0.011912
-23
-0.00198533
59
0.00509279
-303
-0.0261545
-9
-0.000776867
180
0.0155373
-39
-0.00336642
283
0.0244281
-87
-0.00750971
-72
-0.00621493
-266
-0.0229607
63
0.00543807
30
0.00258956
54
0.0046612
88
0.00759603
58
0.00500647
-58
-0.00500647
417
0.0359948
77
0.00664653
207
0.0178679
156
0.0134657
140
0.0120846
-76
-0.00656021
162
0.0139836
39
0.00336642
239
0.0206301
27
0.0023306
