114
0.0196823
90
0.0155387
3
0.000517956
-172
-0.0296961
133
0.0229627
66
0.011395
-103
-0.0177831
-38
-0.00656077
-86
-0.0148481
-53
-0.00915055
26
0.00448895
-24
-0.00414365
-86
-0.0148481
-29
-0.00500691
66
0.011395
-52
-0.0089779
90
0.0155387
130
0.0224448
-202
-0.0348757
-98
-0.0169199
-16
-0.00276243
61
0.0105318
125
0.0215815
-24
-0.00414365
-123
-0.0212362
-62
-0.0107044
-35
-0.00604282
17
0.00293508
109
0.0188191
-42
-0.00725138
-81
-0.0139848
-53
-0.00915055
44
0.00759669
60
0.0103591
-132
-0.0227901
-19
-0.00328039
35
0.00604282
71
0.0122583
-12
-0.00207182
-114
-0.0196823
-41
-0.00707873
-15
-0.00258978
105
0.0181285
41
0.00707873
-110
-0.0189917
-78
-0.0134669
167
0.0288329
-61
-0.0105318
-33
-0.00569751
-82
-0.0141575
90
0.0155387
-129
-0.0222721
-40
-0.00690608
47
0.00811464
-59
-0.0101865
-54
-0.0093232
-83
-0.0143301
-25
-0.0043163
49
0.00845994
-40
-0.00690608
-55
-0.00949586
71
0.0122583
140
0.0241713
-51
-0.00880525
-11
-0.00189917
-3
-0.000517956
93
0.0160566
73
0.0126036
16
0.00276243
-90
-0.0155387
152
0.0262431
45
0.00776934
-263
-0.0454075
-22
-0.00379834
116
0.0200276
-30
-0.00517956
146
0.0252072
-52
-0.0089779
3
0.000517956
23
0.00397099
-28
-0.00483425
-51
-0.00880525
136
0.0234807
35
0.00604282
59
0.0101865
47
0.00811464
13
0.00224448
-35
-0.00604282
4
0.000690608
40
0.00690608
95
0.0164019
66
0.011395
81
0.0139848
-99
-0.0170925
196
0.0338398
-60
-0.0103591
-112
-0.019337
-13
-0.00224448
90
0.0155387
-155
-0.026761
-41
-0.00707873
-60
-0.0103591
-128
-0.0220994
23
0.00397099
30
0.00517956
46
0.00794199
-44
-0.00759669
-2
-0.000345304
71
0.0122583
-28
-0.00483425
26
0.00448895
-165
-0.0284876
12
0.00207182
-21
-0.00362569
-16
-0.00276243
-118
-0.0203729
63
0.0108771
7
0.00120856
25
0.0043163
5
0.00086326
-9
-0.00155387
-60
-0.0103591
-24
-0.00414365
99
0.0170925
-166
-0.0286602
-27
-0.0046616
-142
-0.0245166
96
0.0165746
-166
-0.0286602
16
0.00276243
-43
-0.00742403
-36
-0.00621547
-82
-0.0141575
-91
-0.0157113
-102
-0.0176105
-42
-0.00725138
-101
-0.0174378
-59
-0.0101865
135
0.023308
86
0.0148481
-9
-0.00155387
120
0.0207182
60
0.0103591
-53
-0.00915055
-24
-0.00414365
31
0.00535221
-211
-0.0364296
79
0.0136395
83
0.0143301
-71
-0.0122583
80
0.0138122
17
0.00293508
107
0.0184738
-96
-0.0165746
49
0.00845994
7
0.00120856
13
0.00224448
12
0.00207182
-79
-0.0136395
48
0.00828729
-49
-0.00845994
6
0.00103591
102
0.0176105
15
0.00258978
158
0.027279
25
0.0043163
-124
-0.0214088
84
0.0145028
85
0.0146754
-43
-0.00742403
162
0.0279696
-135
-0.023308
-3
-0.000517956
-164
-0.0283149
91
0.0157113
-46
-0.00794199
-132
-0.0227901
32
0.00552486
186
0.0321133
-67
-0.0115677
-130
-0.0224448
74
0.0127762
-8
-0.00138122
59
0.0101865
16
0.00276243
-8
-0.00138122
-92
-0.015884
70
0.0120856
28
0.00483425
-16
-0.00276243
-49
-0.00845994
61
0.0105318
19
0.00328039
91
0.0157113
191
0.0329765
-77
-0.0132942
-38
-0.00656077
62
0.0107044
5
0.00086326
55
0.00949586
67
0.0115677
-67
-0.0115677
-17
-0.00293508
26
0.00448895
182
0.0314227
-30
-0.00517956
-135
-0.023308
-69
-0.011913
21
0.00362569
80
0.0138122
121
0.0208909
40
0.00690608
-136
-0.0234807
-47
-0.00811464
194
0.0334945
121
0.0208909
227
0.039192
-48
-0.00828729
-11
-0.00189917
-79
-0.0136395
-45
-0.00776934
-80
-0.0138122
83
0.0143301
49
0.00845994
139
0.0239986
105
0.0181285
-69
-0.011913
-55
-0.00949586
-3
-0.000517956
-40
-0.00690608
-50
-0.0086326
-46
-0.00794199
24
0.00414365
98
0.0169199
43
0.00742403
7
0.00120856
-124
-0.0214088
-21
-0.00362569
32
0.00552486
-40
-0.00690608
9
0.00155387
-17
-0.00293508
-57
-0.00984116
-71
-0.0122583
-31
-0.00535221
15
0.00258978
-143
-0.0246892
9
0.00155387
-188
-0.0324586
-40
-0.00690608
-4
-0.000690608
123
0.0212362
-91
-0.0157113
15
0.00258978
16
0.00276243
86
0.0148481
-113
-0.0195097
28
0.00483425
-92
-0.015884
11
0.00189917
-116
-0.0200276
36
0.00621547
81
0.0139848
-93
-0.0160566
40
0.00690608
-99
-0.0170925
110
0.0189917
131
0.0226174
91
0.0157113
50
0.0086326
-82
-0.0141575
56
0.00966851
175
0.0302141
-24
-0.00414365
67
0.0115677
-40
-0.00690608
-105
-0.0181285
35
0.00604282
-108
-0.0186464
-76
-0.0131215
-80
-0.0138122
-151
-0.0260704
-79
-0.0136395
-46
-0.00794199
15
0.00258978
-104
-0.0179558
-103
-0.0177831
36
0.00621547
110
0.0189917
125
0.0215815
-151
-0.0260704
3
0.000517956
-14
-0.00241713
-154
-0.0265884
-25
-0.0043163
15
0.00258978
-35
-0.00604282
-68
-0.0117403
-10
-0.00172652
16
0.00276243
-145
-0.0250345
13
0.00224448
137
0.0236533
-26
-0.00448895
11
0.00189917
26
0.00448895
132
0.0227901
165
0.0284876
-95
-0.0164019
-98
-0.0169199
32
0.00552486
-33
-0.00569751
150
0.0258978
8
0.00138122
-72
-0.0124309
-16
-0.00276243
20
0.00345304
42
0.00725138
-91
-0.0157113
18
0.00310773
72
0.0124309
-49
-0.00845994
10
0.00172652
33
0.00569751
61
0.0105318
-34
-0.00587017
-13
-0.00224448
-58
-0.0100138
152
0.0262431
-4
-0.000690608
38
0.00656077
-82
-0.0141575
153
0.0264157
8
0.00138122
4
0.000690608
62
0.0107044
-55
-0.00949586
23
0.00397099
87
0.0150207
-63
-0.0108771
17
0.00293508
87
0.0150207
-69
-0.011913
-75
-0.0129489
-138
-0.023826
-6
-0.00103591
30
0.00517956
32
0.00552486
44
0.00759669
-135
-0.023308
-138
-0.023826
-14
-0.00241713
-118
-0.0203729
-46
-0.00794199
3
0.000517956
43
0.00742403
70
0.0120856
-69
-0.011913
152
0.0262431
-59
-0.0101865
23
0.00397099
-50
-0.0086326
73
0.0126036
-3
-0.000517956
-77
-0.0132942
-7
-0.00120856
-9
-0.00155387
17
0.00293508
36
0.00621547
31
0.00535221
84
0.0145028
34
0.00587017
-4
-0.000690608
48
0.00828729
56
0.00966851
18
0.00310773
31
0.00535221
-13
-0.00224448
-5
-0.00086326
56
0.00966851
-125
-0.0215815
27
0.0046616
-107
-0.0184738
79
0.0136395
39
0.00673343
0
0
80
0.0138122
8
0.00138122
-33
-0.00569751
-31
-0.00535221
80
0.0138122
-55
-0.00949586
-46
-0.00794199
-48
-0.00828729
6
0.00103591
108
0.0186464
-33
-0.00569751
30
0.00517956
-38
-0.00656077
-95
-0.0164019
26
0.00448895
-187
-0.0322859
-39
-0.00673343
35
0.00604282
162
0.0279696
35
0.00604282
-53
-0.00915055
43
0.00742403
38
0.00656077
51
0.00880525
83
0.0143301
-38
-0.00656077
-68
-0.0117403
-27
-0.0046616
-94
-0.0162293
-1
-0.000172652
-36
-0.00621547
-31
-0.00535221
-8
-0.00138122
109
0.0188191
-133
-0.0229627
-35
-0.00604282
-240
-0.0414365
56
0.00966851
21
0.00362569
99
0.0170925
-22
-0.00379834
-87
-0.0150207
-9
-0.00155387
9
0.00155387
-69
-0.011913
39
0.00673343
-194
-0.0334945
-83
-0.0143301
-149
-0.0257251
-109
-0.0188191
-94
-0.0162293
124
0.0214088
17
0.00293508
27
0.0046616
-66
-0.011395
47
0.00811464
-13
-0.00224448
-30
-0.00517956
-2
-0.000345304
12
0.00207182
-182
-0.0314227
68
0.0117403
-134
-0.0231354
-15
-0.00258978
32
0.00552486
-7
-0.00120856
44
0.00759669
-65
-0.0112224
-56
-0.00966851
-76
-0.0131215
-58
-0.0100138
60
0.0103591
0
0
-44
-0.00759669
124
0.0214088
-6
-0.00103591
-70
-0.0120856
-102
-0.0176105
-107
-0.0184738
51
0.00880525
59
0.0101865
171
0.0295235
23
0.00397099
-41
-0.00707873
21
0.00362569
38
0.00656077
-20
-0.00345304
-137
-0.0236533
-7
-0.00120856
-17
-0.00293508
-11
-0.00189917
60
0.0103591
6
0.00103591
110
0.0189917
115
0.019855
51
0.00880525
-31
-0.00535221
107
0.0184738
54
0.0093232
65
0.0112224
-35
-0.00604282
39
0.00673343
-88
-0.0151934
-13
-0.00224448
42
0.00725138
-91
-0.0157113
-103
-0.0177831
227
0.039192
59
0.0101865
-73
-0.0126036
-11
-0.00189917
110
0.0189917
-28
-0.00483425
129
0.0222721
78
0.0134669
96
0.0165746
104
0.0179558
-38
-0.00656077
33
0.00569751
-106
-0.0183011
9
0.00155387
78
0.0134669
-52
-0.0089779
-62
-0.0107044
-148
-0.0255525
-15
-0.00258978
70
0.0120856
-11
-0.00189917
70
0.0120856
-13
-0.00224448
1
0.000172652
30
0.00517956
35
0.00604282
-40
-0.00690608
-98
-0.0169199
-46
-0.00794199
-11
-0.00189917
11
0.00189917
-121
-0.0208909
8
0.00138122
-104
-0.0179558
-20
-0.00345304
-56
-0.00966851
53
0.00915055
-5
-0.00086326
9
0.00155387
-130
-0.0224448
-20
-0.00345304
-88
-0.0151934
105
0.0181285
19
0.00328039
-23
-0.00397099
-99
-0.0170925
16
0.00276243
-135
-0.023308
-2
-0.000345304
-26
-0.00448895
-47
-0.00811464
4
0.000690608
33
0.00569751
-25
-0.0043163
-20
-0.00345304
-152
-0.0262431
-24
-0.00414365
125
0.0215815
111
0.0191644
79
0.0136395
99
0.0170925
-169
-0.0291782
-3
-0.000517956
92
0.015884
31
0.00535221
71
0.0122583
-91
-0.0157113
75
0.0129489
112
0.019337
-1
-0.000172652
-49
-0.00845994
79
0.0136395
-60
-0.0103591
-33
-0.00569751
202
0.0348757
117
0.0202003
-89
-0.015366
88
0.0151934
-24
-0.00414365
52
0.0089779
-23
-0.00397099
101
0.0174378
96
0.0165746
52
0.0089779
2
0.000345304
-28
-0.00483425
-15
-0.00258978
34
0.00587017
-129
-0.0222721
19
0.00328039
-51
-0.00880525
-68
-0.0117403
-40
-0.00690608
-153
-0.0264157
-138
-0.023826
-148
-0.0255525
23
0.00397099
-277
-0.0478246
68
0.0117403
3
0.000517956
105
0.0181285
64
0.0110497
-163
-0.0281423
59
0.0101865
49
0.00845994
51
0.00880525
-23
-0.00397099
-118
-0.0203729
-36
-0.00621547
30
0.00517956
-55
-0.00949586
-23
-0.00397099
42
0.00725138
-72
-0.0124309
-2
-0.000345304
162
0.0279696
-34
-0.00587017
43
0.00742403
-6
-0.00103591
104
0.0179558
79
0.0136395
7
0.00120856
-14
-0.00241713
128
0.0220994
117
0.0202003
143
0.0246892
-64
-0.0110497
-90
-0.0155387
126
0.0217541
24
0.00414365
65
0.0112224
-114
-0.0196823
20
0.00345304
8
0.00138122
95
0.0164019
12
0.00207182
-10
-0.00172652
-8
-0.00138122
-79
-0.0136395
189
0.0326312
33
0.00569751
-51
-0.00880525
45
0.00776934
7
0.00120856
-18
-0.00310773
-69
-0.011913
34
0.00587017
-118
-0.0203729
-86
-0.0148481
165
0.0284876
-51
-0.00880525
42
0.00725138
-51
-0.00880525
60
0.0103591
-56
-0.00966851
-126
-0.0217541
11
0.00189917
-178
-0.030732
17
0.00293508
49
0.00845994
14
0.00241713
98
0.0169199
64
0.0110497
50
0.0086326
-27
-0.0046616
-5
-0.00086326
-55
-0.00949586
90
0.0155387
25
0.0043163
-60
-0.0103591
116
0.0200276
-22
-0.00379834
67
0.0115677
-159
-0.0274517
9
0.00155387
122
0.0210635
-73
-0.0126036
-128
-0.0220994
-156
-0.0269337
-55
-0.00949586
-79
-0.0136395
-109
-0.0188191
-81
-0.0139848
-29
-0.00500691
-69
-0.011913
100
0.0172652
-9
-0.00155387
-168
-0.0290055
34
0.00587017
8
0.00138122
10
0.00172652
-33
-0.00569751
64
0.0110497
21
0.00362569
-8
-0.00138122
23
0.00397099
-3
-0.000517956
-69
-0.011913
-84
-0.0145028
118
0.0203729
32
0.00552486
88
0.0151934
-40
-0.00690608
-25
-0.0043163
57
0.00984116
-30
-0.00517956
-11
-0.00189917
154
0.0265884
26
0.00448895
-120
-0.0207182
18
0.00310773
-30
-0.00517956
-88
-0.0151934
112
0.019337
70
0.0120856
-154
-0.0265884
-118
-0.0203729
-63
-0.0108771
-39
-0.00673343
-25
-0.0043163
-22
-0.00379834
133
0.0229627
19
0.00328039
35
0.00604282
-5
-0.00086326
27
0.0046616
-65
-0.0112224
-208
-0.0359116
5
0.00086326
5
0.00086326
38
0.00656077
-54
-0.0093232
32
0.00552486
72
0.0124309
-120
-0.0207182
106
0.0183011
12
0.00207182
-89
-0.015366
-118
-0.0203729
73
0.0126036
-39
-0.00673343
-94
-0.0162293
-130
-0.0224448
160
0.0276243
-49
-0.00845994
-16
-0.00276243
4
0.000690608
53
0.00915055
-12
-0.00207182
133
0.0229627
-94
-0.0162293
84
0.0145028
12
0.00207182
-94
-0.0162293
98
0.0169199
29
0.00500691
-4
-0.000690608
112
0.019337
68
0.0117403
-37
-0.00638812
-46
-0.00794199
139
0.0239986
23
0.00397099
184
0.031768
-223
-0.0385014
-50
-0.0086326
-43
-0.00742403
57
0.00984116
86
0.0148481
64
0.0110497
-66
-0.011395
183
0.0315953
-14
-0.00241713
-41
-0.00707873
-101
-0.0174378
-7
-0.00120856
-23
-0.00397099
124
0.0214088
20
0.00345304
-114
-0.0196823
30
0.00517956
139
0.0239986
-41
-0.00707873
-62
-0.0107044
-69
-0.011913
156
0.0269337
-80
-0.0138122
-73
-0.0126036
86
0.0148481
34
0.00587017
0
0
0
0
-34
-0.00587017
12
0.00207182
-60
-0.0103591
10
0.00172652
-70
-0.0120856
-124
-0.0214088
14
0.00241713
-115
-0.019855
-26
-0.00448895
9
0.00155387
-84
-0.0145028
-110
-0.0189917
73
0.0126036
78
0.0134669
34
0.00587017
47
0.00811464
-65
-0.0112224
-161
-0.027797
52
0.0089779
142
0.0245166
7
0.00120856
-66
-0.011395
39
0.00673343
174
0.0300414
-20
-0.00345304
-66
-0.011395
-75
-0.0129489
-57
-0.00984116
115
0.019855
-119
-0.0205456
-101
-0.0174378
15
0.00258978
24
0.00414365
-186
-0.0321133
34
0.00587017
-32
-0.00552486
42
0.00725138
22
0.00379834
-21
-0.00362569
2
0.000345304
43
0.00742403
-161
-0.027797
35
0.00604282
-147
-0.0253798
72
0.0124309
-23
-0.00397099
74
0.0127762
106
0.0183011
-19
-0.00328039
45
0.00776934
-5
-0.00086326
36
0.00621547
20
0.00345304
-27
-0.0046616
-21
-0.00362569
101
0.0174378
-10
-0.00172652
19
0.00328039
-78
-0.0134669
-74
-0.0127762
136
0.0234807
-149
-0.0257251
-3
-0.000517956
65
0.0112224
-12
-0.00207182
81
0.0139848
51
0.00880525
-32
-0.00552486
-113
-0.0195097
116
0.0200276
59
0.0101865
-106
-0.0183011
45
0.00776934
-32
-0.00552486
18
0.00310773
167
0.0288329
84
0.0145028
-357
-0.0616367
-92
-0.015884
-27
-0.0046616
64
0.0110497
20
0.00345304
-73
-0.0126036
34
0.00587017
82
0.0141575
-42
-0.00725138
-6
-0.00103591
-24
-0.00414365
-20
-0.00345304
14
0.00241713
30
0.00517956
-18
-0.00310773
-34
-0.00587017
26
0.00448895
87
0.0150207
7
0.00120856
-27
-0.0046616
32
0.00552486
11
0.00189917
63
0.0108771
-27
-0.0046616
32
0.00552486
102
0.0176105
-49
-0.00845994
18
0.00310773
43
0.00742403
34
0.00587017
-101
-0.0174378
77
0.0132942
-74
-0.0127762
-68
-0.0117403
-52
-0.0089779
-75
-0.0129489
-43
-0.00742403
-41
-0.00707873
86
0.0148481
-100
-0.0172652
-189
-0.0326312
-59
-0.0101865
-187
-0.0322859
52
0.0089779
2
0.000345304
27
0.0046616
-80
-0.0138122
-70
-0.0120856
-92
-0.015884
-35
-0.00604282
3
0.000517956
-66
-0.011395
-101
-0.0174378
-15
-0.00258978
82
0.0141575
-39
-0.00673343
-65
-0.0112224
7
0.00120856
9
0.00155387
74
0.0127762
21
0.00362569
-11
-0.00189917
-90
-0.0155387
-45
-0.00776934
19
0.00328039
-54
-0.0093232
-40
-0.00690608
25
0.0043163
26
0.00448895
47
0.00811464
-27
-0.0046616
-30
-0.00517956
56
0.00966851
31
0.00535221
-6
-0.00103591
-24
-0.00414365
68
0.0117403
-77
-0.0132942
-70
-0.0120856
87
0.0150207
108
0.0186464
34
0.00587017
-83
-0.0143301
50
0.0086326
112
0.019337
16
0.00276243
1
0.000172652
-41
-0.00707873
-55
-0.00949586
75
0.0129489
-46
-0.00794199
70
0.0120856
149
0.0257251
48
0.00828729
73
0.0126036
-51
-0.00880525
-68
-0.0117403
-41
-0.00707873
94
0.0162293
30
0.00517956
155
0.026761
17
0.00293508
-3
-0.000517956
4
0.000690608
-69
-0.011913
70
0.0120856
35
0.00604282
73
0.0126036
-97
-0.0167472
9
0.00155387
-77
-0.0132942
140
0.0241713
-246
-0.0424724
8
0.00138122
19
0.00328039
-36
-0.00621547
175
0.0302141
-159
-0.0274517
46
0.00794199
62
0.0107044
107
0.0184738
16
0.00276243
-20
-0.00345304
-20
-0.00345304
167
0.0288329
133
0.0229627
35
0.00604282
80
0.0138122
76
0.0131215
26
0.00448895
-4
-0.000690608
10
0.00172652
286
0.0493785
-24
-0.00414365
-103
-0.0177831
-23
-0.00397099
-91
-0.0157113
-2
-0.000345304
30
0.00517956
-4
-0.000690608
105
0.0181285
-36
-0.00621547
-49
-0.00845994
72
0.0124309
86
0.0148481
-48
-0.00828729
-38
-0.00656077
72
0.0124309
-213
-0.0367749
-29
-0.00500691
-151
-0.0260704
-43
-0.00742403
-29
-0.00500691
-80
-0.0138122
31
0.00535221
4
0.000690608
-128
-0.0220994
86
0.0148481
101
0.0174378
162
0.0279696
66
0.011395
-59
-0.0101865
5
0.00086326
19
0.00328039
-107
-0.0184738
16
0.00276243
-35
-0.00604282
-81
-0.0139848
128
0.0220994
3
0.000517956
-39
-0.00673343
-1
-0.000172652
11
0.00189917
-22
-0.00379834
-10
-0.00172652
109
0.0188191
165
0.0284876
34
0.00587017
70
0.0120856
-72
-0.0124309
269
0.0464434
-39
-0.00673343
-24
-0.00414365
-65
-0.0112224
152
0.0262431
-11
-0.00189917
-132
-0.0227901
3
0.000517956
-30
-0.00517956
0
0
45
0.00776934
-54
-0.0093232
26
0.00448895
75
0.0129489
82
0.0141575
98
0.0169199
-108
-0.0186464
-6
-0.00103591
4
0.000690608
-99
-0.0170925
22
0.00379834
-71
-0.0122583
-76
-0.0131215
61
0.0105318
-58
-0.0100138
38
0.00656077
86
0.0148481
46
0.00794199
-85
-0.0146754
39
0.00673343
166
0.0286602
-23
-0.00397099
235
0.0405732
16
0.00276243
57
0.00984116
-71
-0.0122583
15
0.00258978
19
0.00328039
24
0.00414365
-155
-0.026761
102
0.0176105
30
0.00517956
170
0.0293508
-90
-0.0155387
56
0.00966851
136
0.0234807
72
0.0124309
-62
-0.0107044
-15
-0.00258978
-43
-0.00742403
-13
-0.00224448
98
0.0169199
11
0.00189917
-40
-0.00690608
-39
-0.00673343
77
0.0132942
-40
-0.00690608
97
0.0167472
-14
-0.00241713
43
0.00742403
-60
-0.0103591
21
0.00362569
46
0.00794199
-48
-0.00828729
68
0.0117403
-48
-0.00828729
60
0.0103591
-62
-0.0107044
-13
-0.00224448
44
0.00759669
-14
-0.00241713
28
0.00483425
113
0.0195097
-56
-0.00966851
-85
-0.0146754
-103
-0.0177831
-4
-0.000690608
55
0.00949586
-51
-0.00880525
-110
-0.0189917
125
0.0215815
90
0.0155387
-21
-0.00362569
-5
-0.00086326
104
0.0179558
-15
-0.00258978
-19
-0.00328039
-123
-0.0212362
-151
-0.0260704
171
0.0295235
64
0.0110497
122
0.0210635
-128
-0.0220994
-1
-0.000172652
-91
-0.0157113
34
0.00587017
-99
-0.0170925
-12
-0.00207182
3
0.000517956
87
0.0150207
-111
-0.0191644
-70
-0.0120856
219
0.0378108
7
0.00120856
-189
-0.0326312
-19
-0.00328039
2
0.000345304
64
0.0110497
-117
-0.0202003
-47
-0.00811464
128
0.0220994
84
0.0145028
28
0.00483425
40
0.00690608
-11
-0.00189917
107
0.0184738
-4
-0.000690608
-94
-0.0162293
-28
-0.00483425
-81
-0.0139848
-99
-0.0170925
-130
-0.0224448
-78
-0.0134669
-34
-0.00587017
-125
-0.0215815
17
0.00293508
87
0.0150207
32
0.00552486
-190
-0.0328039
37
0.00638812
61
0.0105318
-59
-0.0101865
-87
-0.0150207
25
0.0043163
86
0.0148481
-85
-0.0146754
136
0.0234807
32
0.00552486
68
0.0117403
70
0.0120856
97
0.0167472
-22
-0.00379834
7
0.00120856
-6
-0.00103591
63
0.0108771
146
0.0252072
40
0.00690608
-41
-0.00707873
-86
-0.0148481
-68
-0.0117403
137
0.0236533
48
0.00828729
199
0.0343577
-73
-0.0126036
-133
-0.0229627
53
0.00915055
11
0.00189917
75
0.0129489
73
0.0126036
43
0.00742403
34
0.00587017
4
0.000690608
-104
-0.0179558
-41
-0.00707873
-127
-0.0219268
119
0.0205456
-28
-0.00483425
-69
-0.011913
45
0.00776934
1
0.000172652
49
0.00845994
7
0.00120856
58
0.0100138
-64
-0.0110497
187
0.0322859
23
0.00397099
-102
-0.0176105
57
0.00984116
69
0.011913
-13
-0.00224448
14
0.00241713
-81
-0.0139848
44
0.00759669
-47
-0.00811464
-86
-0.0148481
-5
-0.00086326
-50
-0.0086326
27
0.0046616
-134
-0.0231354
82
0.0141575
149
0.0257251
74
0.0127762
-117
-0.0202003
-8
-0.00138122
-99
-0.0170925
-194
-0.0334945
43
0.00742403
33
0.00569751
20
0.00345304
157
0.0271064
63
0.0108771
59
0.0101865
-94
-0.0162293
9
0.00155387
48
0.00828729
38
0.00656077
88
0.0151934
-27
-0.0046616
-33
-0.00569751
147
0.0253798
-23
-0.00397099
-76
-0.0131215
-46
-0.00794199
-27
-0.0046616
48
0.00828729
62
0.0107044
93
0.0160566
56
0.00966851
100
0.0172652
-70
-0.0120856
-18
-0.00310773
62
0.0107044
28
0.00483425
-24
-0.00414365
-20
-0.00345304
-3
-0.000517956
170
0.0293508
62
0.0107044
-51
-0.00880525
89
0.015366
-38
-0.00656077
-159
-0.0274517
7
0.00120856
-57
-0.00984116
13
0.00224448
89
0.015366
-27
-0.0046616
43
0.00742403
70
0.0120856
63
0.0108771
-63
-0.0108771
-7
-0.00120856
70
0.0120856
-165
-0.0284876
-311
-0.0536948
12
0.00207182
-2
-0.000345304
-42
-0.00725138
43
0.00742403
16
0.00276243
-130
-0.0224448
27
0.0046616
-118
-0.0203729
115
0.019855
-156
-0.0269337
44
0.00759669
29
0.00500691
44
0.00759669
-102
-0.0176105
36
0.00621547
4
0.000690608
0
0
24
0.00414365
-38
-0.00656077
-102
-0.0176105
42
0.00725138
-139
-0.0239986
-7
-0.00120856
12
0.00207182
-16
-0.00276243
-50
-0.0086326
-5
-0.00086326
-33
-0.00569751
-70
-0.0120856
78
0.0134669
-2
-0.000345304
-131
-0.0226174
-33
-0.00569751
-35
-0.00604282
-84
-0.0145028
56
0.00966851
50
0.0086326
-131
-0.0226174
-59
-0.0101865
-178
-0.030732
17
0.00293508
127
0.0219268
-32
-0.00552486
-62
-0.0107044
-48
-0.00828729
182
0.0314227
-18
-0.00310773
-11
-0.00189917
-33
-0.00569751
-112
-0.019337
48
0.00828729
-35
-0.00604282
10
0.00172652
170
0.0293508
38
0.00656077
25
0.0043163
-111
-0.0191644
127
0.0219268
-82
-0.0141575
33
0.00569751
118
0.0203729
-40
-0.00690608
15
0.00258978
48
0.00828729
22
0.00379834
99
0.0170925
88
0.0151934
74
0.0127762
33
0.00569751
-38
-0.00656077
74
0.0127762
-159
-0.0274517
-55
-0.00949586
-35
-0.00604282
-55
-0.00949586
-54
-0.0093232
26
0.00448895
271
0.0467887
-181
-0.03125
-98
-0.0169199
63
0.0108771
-12
-0.00207182
-43
-0.00742403
60
0.0103591
-97
-0.0167472
46
0.00794199
-79
-0.0136395
13
0.00224448
37
0.00638812
35
0.00604282
-35
-0.00604282
77
0.0132942
-5
-0.00086326
-35
-0.00604282
19
0.00328039
-22
-0.00379834
-98
-0.0169199
41
0.00707873
117
0.0202003
3
0.000517956
41
0.00707873
-33
-0.00569751
-95
-0.0164019
38
0.00656077
53
0.00915055
-125
-0.0215815
85
0.0146754
-41
-0.00707873
-42
-0.00725138
14
0.00241713
92
0.015884
42
0.00725138
2
0.000345304
-69
-0.011913
-82
-0.0141575
80
0.0138122
91
0.0157113
-105
-0.0181285
-6
-0.00103591
75
0.0129489
13
0.00224448
-61
-0.0105318
-79
-0.0136395
-131
-0.0226174
-45
-0.00776934
51
0.00880525
32
0.00552486
174
0.0300414
32
0.00552486
102
0.0176105
-4
-0.000690608
35
0.00604282
2
0.000345304
110
0.0189917
61
0.0105318
16
0.00276243
56
0.00966851
21
0.00362569
24
0.00414365
-5
-0.00086326
11
0.00189917
155
0.026761
-34
-0.00587017
57
0.00984116
54
0.0093232
-167
-0.0288329
-9
-0.00155387
-12
-0.00207182
-90
-0.0155387
-27
-0.0046616
3
0.000517956
-156
-0.0269337
15
0.00258978
-12
-0.00207182
108
0.0186464
-9
-0.00155387
80
0.0138122
-127
-0.0219268
-149
-0.0257251
125
0.0215815
-121
-0.0208909
38
0.00656077
32
0.00552486
23
0.00397099
-32
-0.00552486
59
0.0101865
10
0.00172652
135
0.023308
-68
-0.0117403
-52
-0.0089779
-90
-0.0155387
-144
-0.0248619
-89
-0.015366
55
0.00949586
93
0.0160566
22
0.00379834
-12
-0.00207182
-220
-0.0379834
-81
-0.0139848
-79
-0.0136395
-28
-0.00483425
207
0.035739
3
0.000517956
54
0.0093232
47
0.00811464
100
0.0172652
-165
-0.0284876
228
0.0393646
-62
-0.0107044
-81
-0.0139848
11
0.00189917
-220
-0.0379834
19
0.00328039
153
0.0264157
40
0.00690608
8
0.00138122
-178
-0.030732
-186
-0.0321133
60
0.0103591
-225
-0.0388467
-50
-0.0086326
61
0.0105318
33
0.00569751
-57
-0.00984116
27
0.0046616
27
0.0046616
9
0.00155387
-69
-0.011913
-46
-0.00794199
-57
-0.00984116
25
0.0043163
-199
-0.0343577
-60
-0.0103591
-29
-0.00500691
-38
-0.00656077
-182
-0.0314227
106
0.0183011
34
0.00587017
-131
-0.0226174
3
0.000517956
-12
-0.00207182
-98
-0.0169199
45
0.00776934
40
0.00690608
-6
-0.00103591
132
0.0227901
138
0.023826
-116
-0.0200276
-49
-0.00845994
-99
-0.0170925
-39
-0.00673343
20
0.00345304
-32
-0.00552486
131
0.0226174
-19
-0.00328039
66
0.011395
-13
-0.00224448
-20
-0.00345304
129
0.0222721
26
0.00448895
-37
-0.00638812
39
0.00673343
-134
-0.0231354
-99
-0.0170925
134
0.0231354
-50
-0.0086326
-98
-0.0169199
-60
-0.0103591
-96
-0.0165746
-11
-0.00189917
-49
-0.00845994
31
0.00535221
-55
-0.00949586
148
0.0255525
169
0.0291782
-174
-0.0300414
-57
-0.00984116
102
0.0176105
-49
-0.00845994
-84
-0.0145028
-29
-0.00500691
-38
-0.00656077
-8
-0.00138122
-146
-0.0252072
8
0.00138122
107
0.0184738
-11
-0.00189917
188
0.0324586
-75
-0.0129489
95
0.0164019
-80
-0.0138122
-111
-0.0191644
110
0.0189917
-35
-0.00604282
17
0.00293508
190
0.0328039
-40
-0.00690608
43
0.00742403
31
0.00535221
-189
-0.0326312
-7
-0.00120856
-214
-0.0369475
-157
-0.0271064
47
0.00811464
57
0.00984116
112
0.019337
-5
-0.00086326
50
0.0086326
77
0.0132942
23
0.00397099
-4
-0.000690608
18
0.00310773
56
0.00966851
90
0.0155387
62
0.0107044
-68
-0.0117403
-106
-0.0183011
-107
-0.0184738
49
0.00845994
85
0.0146754
-122
-0.0210635
-108
-0.0186464
-32
-0.00552486
159
0.0274517
74
0.0127762
49
0.00845994
-19
-0.00328039
86
0.0148481
25
0.0043163
34
0.00587017
-42
-0.00725138
0
0
123
0.0212362
-1
-0.000172652
-4
-0.000690608
-73
-0.0126036
-27
-0.0046616
74
0.0127762
98
0.0169199
-84
-0.0145028
-63
-0.0108771
222
0.0383287
166
0.0286602
-150
-0.0258978
8
0.00138122
142
0.0245166
23
0.00397099
-118
-0.0203729
-17
-0.00293508
-27
-0.0046616
-48
-0.00828729
-130
-0.0224448
-58
-0.0100138
-172
-0.0296961
0
0
-83
-0.0143301
-28
-0.00483425
-57
-0.00984116
7
0.00120856
-146
-0.0252072
-26
-0.00448895
66
0.011395
45
0.00776934
106
0.0183011
41
0.00707873
-56
-0.00966851
-42
-0.00725138
38
0.00656077
-14
-0.00241713
-106
-0.0183011
-90
-0.0155387
-23
-0.00397099
-45
-0.00776934
-33
-0.00569751
1
0.000172652
-86
-0.0148481
-65
-0.0112224
15
0.00258978
29
0.00500691
-23
-0.00397099
67
0.0115677
3
0.000517956
-52
-0.0089779
26
0.00448895
32
0.00552486
-9
-0.00155387
-34
-0.00587017
-109
-0.0188191
143
0.0246892
-87
-0.0150207
-31
-0.00535221
87
0.0150207
-95
-0.0164019
113
0.0195097
-2
-0.000345304
94
0.0162293
-20
-0.00345304
-70
-0.0120856
-42
-0.00725138
-17
-0.00293508
74
0.0127762
55
0.00949586
-70
-0.0120856
-16
-0.00276243
-79
-0.0136395
13
0.00224448
-109
-0.0188191
68
0.0117403
-73
-0.0126036
201
0.034703
-95
-0.0164019
87
0.0150207
34
0.00587017
-17
-0.00293508
-24
-0.00414365
75
0.0129489
34
0.00587017
179
0.0309047
19
0.00328039
-68
-0.0117403
17
0.00293508
84
0.0145028
15
0.00258978
61
0.0105318
75
0.0129489
39
0.00673343
-22
-0.00379834
-162
-0.0279696
35
0.00604282
61
0.0105318
47
0.00811464
17
0.00293508
-27
-0.0046616
52
0.0089779
-26
-0.00448895
-63
-0.0108771
65
0.0112224
-133
-0.0229627
-22
-0.00379834
-205
-0.0353936
-28
-0.00483425
20
0.00345304
-73
-0.0126036
17
0.00293508
24
0.00414365
138
0.023826
63
0.0108771
-84
-0.0145028
46
0.00794199
8
0.00138122
-119
-0.0205456
-75
-0.0129489
77
0.0132942
-35
-0.00604282
46
0.00794199
4
0.000690608
-169
-0.0291782
-51
-0.00880525
67
0.0115677
7
0.00120856
6
0.00103591
-116
-0.0200276
65
0.0112224
-1
-0.000172652
48
0.00828729
-87
-0.0150207
63
0.0108771
136
0.0234807
-99
-0.0170925
-34
-0.00587017
118
0.0203729
191
0.0329765
-37
-0.00638812
-29
-0.00500691
-49
-0.00845994
86
0.0148481
90
0.0155387
-124
-0.0214088
27
0.0046616
-39
-0.00673343
-61
-0.0105318
150
0.0258978
-51
-0.00880525
-152
-0.0262431
137
0.0236533
-123
-0.0212362
88
0.0151934
34
0.00587017
17
0.00293508
-94
-0.0162293
-98
-0.0169199
82
0.0141575
11
0.00189917
-3
-0.000517956
95
0.0164019
101
0.0174378
-11
-0.00189917
33
0.00569751
3
0.000517956
-144
-0.0248619
50
0.0086326
-112
-0.019337
-2
-0.000345304
-20
-0.00345304
-103
-0.0177831
26
0.00448895
-23
-0.00397099
43
0.00742403
-11
-0.00189917
-34
-0.00587017
93
0.0160566
-26
-0.00448895
-27
-0.0046616
23
0.00397099
17
0.00293508
57
0.00984116
64
0.0110497
21
0.00362569
-78
-0.0134669
-24
-0.00414365
29
0.00500691
-39
-0.00673343
16
0.00276243
47
0.00811464
-46
-0.00794199
-59
-0.0101865
28
0.00483425
-49
-0.00845994
70
0.0120856
94
0.0162293
-38
-0.00656077
12
0.00207182
-75
-0.0129489
-29
-0.00500691
-55
-0.00949586
-74
-0.0127762
12
0.00207182
-59
-0.0101865
25
0.0043163
75
0.0129489
58
0.0100138
-54
-0.0093232
9
0.00155387
26
0.00448895
-31
-0.00535221
-29
-0.00500691
88
0.0151934
-47
-0.00811464
24
0.00414365
-113
-0.0195097
103
0.0177831
-239
-0.0412638
-48
-0.00828729
78
0.0134669
-34
-0.00587017
24
0.00414365
-81
-0.0139848
-74
-0.0127762
-50
-0.0086326
-112
-0.019337
6
0.00103591
62
0.0107044
-17
-0.00293508
-7
-0.00120856
0
0
-137
-0.0236533
-141
-0.0243439
-25
-0.0043163
-14
-0.00241713
41
0.00707873
-4
-0.000690608
-89
-0.015366
109
0.0188191
-14
-0.00241713
-8
-0.00138122
-83
-0.0143301
-2
-0.000345304
4
0.000690608
-97
-0.0167472
17
0.00293508
63
0.0108771
37
0.00638812
-37
-0.00638812
165
0.0284876
-48
-0.00828729
-125
-0.0215815
13
0.00224448
-56
-0.00966851
23
0.00397099
73
0.0126036
18
0.00310773
158
0.027279
-16
-0.00276243
35
0.00604282
-35
-0.00604282
54
0.0093232
-51
-0.00880525
-137
-0.0236533
-4
-0.000690608
-54
-0.0093232
-40
-0.00690608
195
0.0336671
96
0.0165746
147
0.0253798
25
0.0043163
13
0.00224448
-13
-0.00224448
14
0.00241713
-5
-0.00086326
-100
-0.0172652
25
0.0043163
31
0.00535221
-30
-0.00517956
30
0.00517956
1
0.000172652
53
0.00915055
-149
-0.0257251
-217
-0.0374655
194
0.0334945
33
0.00569751
52
0.0089779
74
0.0127762
-167
-0.0288329
-19
-0.00328039
-23
-0.00397099
9
0.00155387
108
0.0186464
-90
-0.0155387
-153
-0.0264157
114
0.0196823
-71
-0.0122583
-37
-0.00638812
144
0.0248619
84
0.0145028
-161
-0.027797
34
0.00587017
23
0.00397099
47
0.00811464
-51
-0.00880525
-85
-0.0146754
90
0.0155387
10
0.00172652
142
0.0245166
37
0.00638812
-26
-0.00448895
-88
-0.0151934
66
0.011395
-56
-0.00966851
4
0.000690608
-3
-0.000517956
-42
-0.00725138
-74
-0.0127762
-27
-0.0046616
72
0.0124309
21
0.00362569
248
0.0428177
42
0.00725138
39
0.00673343
3
0.000517956
103
0.0177831
-64
-0.0110497
97
0.0167472
-41
-0.00707873
-14
-0.00241713
20
0.00345304
59
0.0101865
-175
-0.0302141
-1
-0.000172652
-32
-0.00552486
76
0.0131215
-2
-0.000345304
33
0.00569751
21
0.00362569
-7
-0.00120856
-3
-0.000517956
109
0.0188191
41
0.00707873
-140
-0.0241713
11
0.00189917
61
0.0105318
48
0.00828729
-121
-0.0208909
-23
-0.00397099
-99
-0.0170925
24
0.00414365
-88
-0.0151934
-11
-0.00189917
-54
-0.0093232
-28
-0.00483425
-147
-0.0253798
-91
-0.0157113
40
0.00690608
-11
-0.00189917
-32
-0.00552486
51
0.00880525
-6
-0.00103591
-28
-0.00483425
59
0.0101865
71
0.0122583
54
0.0093232
-88
-0.0151934
13
0.00224448
-9
-0.00155387
137
0.0236533
51
0.00880525
-57
-0.00984116
-70
-0.0120856
103
0.0177831
126
0.0217541
-42
-0.00725138
-74
-0.0127762
43
0.00742403
10
0.00172652
-9
-0.00155387
38
0.00656077
-8
-0.00138122
1
0.000172652
-182
-0.0314227
-64
-0.0110497
188
0.0324586
77
0.0132942
-180
-0.0310773
194
0.0334945
63
0.0108771
-24
-0.00414365
111
0.0191644
-92
-0.015884
77
0.0132942
-26
-0.00448895
-117
-0.0202003
-117
-0.0202003
26
0.00448895
56
0.00966851
125
0.0215815
-28
-0.00483425
79
0.0136395
99
0.0170925
145
0.0250345
-85
-0.0146754
193
0.0333218
-148
-0.0255525
39
0.00673343
20
0.00345304
-81
-0.0139848
-47
-0.00811464
9
0.00155387
-73
-0.0126036
93
0.0160566
-31
-0.00535221
60
0.0103591
-75
-0.0129489
-2
-0.000345304
-74
-0.0127762
52
0.0089779
-124
-0.0214088
214
0.0369475
-155
-0.026761
144
0.0248619
11
0.00189917
-93
-0.0160566
-41
-0.00707873
27
0.0046616
16
0.00276243
13
0.00224448
42
0.00725138
26
0.00448895
22
0.00379834
-59
-0.0101865
5
0.00086326
-202
-0.0348757
-76
-0.0131215
121
0.0208909
11
0.00189917
-102
-0.0176105
-76
-0.0131215
-24
-0.00414365
-94
-0.0162293
-15
-0.00258978
126
0.0217541
-81
-0.0139848
82
0.0141575
-111
-0.0191644
47
0.00811464
-150
-0.0258978
-31
-0.00535221
-19
-0.00328039
-101
-0.0174378
182
0.0314227
39
0.00673343
92
0.015884
140
0.0241713
-138
-0.023826
-59
-0.0101865
62
0.0107044
97
0.0167472
63
0.0108771
66
0.011395
-81
-0.0139848
11
0.00189917
38
0.00656077
25
0.0043163
-119
-0.0205456
91
0.0157113
126
0.0217541
69
0.011913
48
0.00828729
-68
-0.0117403
-21
-0.00362569
-17
-0.00293508
-109
-0.0188191
44
0.00759669
70
0.0120856
-132
-0.0227901
-86
-0.0148481
52
0.0089779
60
0.0103591
-5
-0.00086326
-68
-0.0117403
9
0.00155387
-48
-0.00828729
3
0.000517956
66
0.011395
78
0.0134669
159
0.0274517
-20
-0.00345304
23
0.00397099
137
0.0236533
-57
-0.00984116
-34
-0.00587017
-61
-0.0105318
-139
-0.0239986
92
0.015884
14
0.00241713
44
0.00759669
-54
-0.0093232
107
0.0184738
77
0.0132942
28
0.00483425
-69
-0.011913
-21
-0.00362569
-9
-0.00155387
-53
-0.00915055
-4
-0.000690608
70
0.0120856
44
0.00759669
1
0.000172652
-38
-0.00656077
52
0.0089779
-105
-0.0181285
-131
-0.0226174
123
0.0212362
81
0.0139848
23
0.00397099
51
0.00880525
-90
-0.0155387
-8
-0.00138122
-59
-0.0101865
-271
-0.0467887
51
0.00880525
11
0.00189917
91
0.0157113
-2
-0.000345304
87
0.0150207
-1
-0.000172652
-21
-0.00362569
21
0.00362569
17
0.00293508
-138
-0.023826
-86
-0.0148481
-174
-0.0300414
44
0.00759669
145
0.0250345
-106
-0.0183011
47
0.00811464
-5
-0.00086326
5
0.00086326
86
0.0148481
18
0.00310773
-87
-0.0150207
-80
-0.0138122
-23
-0.00397099
-19
-0.00328039
-26
-0.00448895
-56
-0.00966851
71
0.0122583
28
0.00483425
45
0.00776934
31
0.00535221
-88
-0.0151934
-201
-0.034703
14
0.00241713
151
0.0260704
115
0.019855
-103
-0.0177831
9
0.00155387
87
0.0150207
-157
-0.0271064
104
0.0179558
15
0.00258978
17
0.00293508
-121
-0.0208909
145
0.0250345
130
0.0224448
-158
-0.027279
-64
-0.0110497
-57
-0.00984116
-44
-0.00759669
38
0.00656077
78
0.0134669
-58
-0.0100138
19
0.00328039
11
0.00189917
12
0.00207182
1
0.000172652
-10
-0.00172652
137
0.0236533
120
0.0207182
-38
-0.00656077
5
0.00086326
-121
-0.0208909
-23
-0.00397099
-17
-0.00293508
-11
-0.00189917
-159
-0.0274517
199
0.0343577
26
0.00448895
17
0.00293508
-50
-0.0086326
-78
-0.0134669
-147
-0.0253798
65
0.0112224
94
0.0162293
3
0.000517956
48
0.00828729
-2
-0.000345304
51
0.00880525
1
0.000172652
-156
-0.0269337
5
0.00086326
30
0.00517956
-40
-0.00690608
-3
-0.000517956
-3
-0.000517956
-2
-0.000345304
-6
-0.00103591
83
0.0143301
-3
-0.000517956
63
0.0108771
3
0.000517956
-2
-0.000345304
106
0.0183011
22
0.00379834
87
0.0150207
-138
-0.023826
24
0.00414365
160
0.0276243
167
0.0288329
30
0.00517956
59
0.0101865
-215
-0.0371202
-64
-0.0110497
-89
-0.015366
-16
-0.00276243
-24
-0.00414365
49
0.00845994
-77
-0.0132942
-179
-0.0309047
-92
-0.015884
61
0.0105318
-144
-0.0248619
9
0.00155387
132
0.0227901
42
0.00725138
-44
-0.00759669
-36
-0.00621547
-64
-0.0110497
56
0.00966851
144
0.0248619
7
0.00120856
8
0.00138122
27
0.0046616
-28
-0.00483425
-21
-0.00362569
-11
-0.00189917
-63
-0.0108771
-92
-0.015884
-112
-0.019337
101
0.0174378
13
0.00224448
48
0.00828729
-12
-0.00207182
17
0.00293508
86
0.0148481
-40
-0.00690608
55
0.00949586
15
0.00258978
-8
-0.00138122
164
0.0283149
57
0.00984116
-13
-0.00224448
-44
-0.00759669
-132
-0.0227901
62
0.0107044
46
0.00794199
19
0.00328039
-92
-0.015884
-142
-0.0245166
-115
-0.019855
45
0.00776934
-33
-0.00569751
29
0.00500691
-48
-0.00828729
-53
-0.00915055
-73
-0.0126036
124
0.0214088
-130
-0.0224448
59
0.0101865
-104
-0.0179558
-23
-0.00397099
166
0.0286602
-21
-0.00362569
-79
-0.0136395
-4
-0.000690608
-144
-0.0248619
-27
-0.0046616
34
0.00587017
47
0.00811464
-85
-0.0146754
3
0.000517956
-85
-0.0146754
93
0.0160566
88
0.0151934
49
0.00845994
-191
-0.0329765
-11
-0.00189917
6
0.00103591
-40
-0.00690608
-47
-0.00811464
28
0.00483425
-70
-0.0120856
-54
-0.0093232
-15
-0.00258978
18
0.00310773
-56
-0.00966851
-43
-0.00742403
78
0.0134669
-18
-0.00310773
0
0
110
0.0189917
-110
-0.0189917
-77
-0.0132942
17
0.00293508
-43
-0.00742403
39
0.00673343
101
0.0174378
-219
-0.0378108
111
0.0191644
73
0.0126036
27
0.0046616
24
0.00414365
40
0.00690608
174
0.0300414
-40
-0.00690608
112
0.019337
17
0.00293508
-20
-0.00345304
-64
-0.0110497
-9
-0.00155387
40
0.00690608
208
0.0359116
-186
-0.0321133
48
0.00828729
-9
-0.00155387
-76
-0.0131215
54
0.0093232
-44
-0.00759669
32
0.00552486
-52
-0.0089779
23
0.00397099
44
0.00759669
77
0.0132942
224
0.038674
28
0.00483425
153
0.0264157
94
0.0162293
28
0.00483425
11
0.00189917
84
0.0145028
14
0.00241713
75
0.0129489
61
0.0105318
-134
-0.0231354
-54
-0.0093232
185
0.0319406
20
0.00345304
27
0.0046616
-61
-0.0105318
107
0.0184738
17
0.00293508
156
0.0269337
-83
-0.0143301
-6
-0.00103591
97
0.0167472
30
0.00517956
-51
-0.00880525
52
0.0089779
8
0.00138122
0
0
-99
-0.0170925
-11
-0.00189917
97
0.0167472
152
0.0262431
16
0.00276243
91
0.0157113
-56
-0.00966851
102
0.0176105
-48
-0.00828729
6
0.00103591
26
0.00448895
3
0.000517956
-24
-0.00414365
-44
-0.00759669
96
0.0165746
106
0.0183011
15
0.00258978
-22
-0.00379834
20
0.00345304
-36
-0.00621547
-6
-0.00103591
152
0.0262431
-55
-0.00949586
-45
-0.00776934
4
0.000690608
21
0.00362569
41
0.00707873
71
0.0122583
142
0.0245166
19
0.00328039
-6
-0.00103591
141
0.0243439
0
0
-43
-0.00742403
-45
-0.00776934
48
0.00828729
81
0.0139848
71
0.0122583
-40
-0.00690608
195
0.0336671
-7
-0.00120856
-146
-0.0252072
-27
-0.0046616
182
0.0314227
19
0.00328039
-147
-0.0253798
-75
-0.0129489
2
0.000345304
53
0.00915055
32
0.00552486
58
0.0100138
-49
-0.00845994
101
0.0174378
-4
-0.000690608
36
0.00621547
125
0.0215815
-102
-0.0176105
-18
-0.00310773
118
0.0203729
-106
-0.0183011
-83
-0.0143301
-112
-0.019337
32
0.00552486
-123
-0.0212362
53
0.00915055
-13
-0.00224448
-95
-0.0164019
-60
-0.0103591
-21
-0.00362569
102
0.0176105
-65
-0.0112224
-150
-0.0258978
76
0.0131215
-2
-0.000345304
-56
-0.00966851
-31
-0.00535221
33
0.00569751
-204
-0.035221
29
0.00500691
43
0.00742403
-16
-0.00276243
-28
-0.00483425
68
0.0117403
-155
-0.026761
11
0.00189917
-123
-0.0212362
-61
-0.0105318
143
0.0246892
-56
-0.00966851
28
0.00483425
117
0.0202003
-208
-0.0359116
33
0.00569751
68
0.0117403
15
0.00258978
151
0.0260704
-11
-0.00189917
42
0.00725138
-18
-0.00310773
-56
-0.00966851
-79
-0.0136395
95
0.0164019
-4
-0.000690608
24
0.00414365
64
0.0110497
84
0.0145028
66
0.011395
-44
-0.00759669
8
0.00138122
112
0.019337
137
0.0236533
143
0.0246892
-9
-0.00155387
-20
-0.00345304
-3
-0.000517956
55
0.00949586
-49
-0.00845994
-6
-0.00103591
21
0.00362569
-360
-0.0621547
-82
-0.0141575
-36
-0.00621547
5
0.00086326
-149
-0.0257251
33
0.00569751
168
0.0290055
-4
-0.000690608
-85
-0.0146754
-52
-0.0089779
-80
-0.0138122
-18
-0.00310773
-19
-0.00328039
-180
-0.0310773
31
0.00535221
1
0.000172652
138
0.023826
61
0.0105318
-24
-0.00414365
103
0.0177831
-166
-0.0286602
119
0.0205456
-103
-0.0177831
-80
-0.0138122
-7
-0.00120856
-6
-0.00103591
55
0.00949586
184
0.031768
-142
-0.0245166
-32
-0.00552486
-24
-0.00414365
-50
-0.0086326
63
0.0108771
68
0.0117403
-49
-0.00845994
-62
-0.0107044
57
0.00984116
4
0.000690608
32
0.00552486
38
0.00656077
50
0.0086326
69
0.011913
126
0.0217541
87
0.0150207
-24
-0.00414365
8
0.00138122
-88
-0.0151934
-44
-0.00759669
51
0.00880525
-31
-0.00535221
50
0.0086326
-31
-0.00535221
32
0.00552486
-10
-0.00172652
111
0.0191644
-61
-0.0105318
-86
-0.0148481
-128
-0.0220994
142
0.0245166
163
0.0281423
7
0.00120856
165
0.0284876
-8
-0.00138122
29
0.00500691
71
0.0122583
-5
-0.00086326
206
0.0355663
-104
-0.0179558
74
0.0127762
26
0.00448895
49
0.00845994
165
0.0284876
53
0.00915055
15
0.00258978
-30
-0.00517956
49
0.00845994
2
0.000345304
106
0.0183011
-3
-0.000517956
191
0.0329765
11
0.00189917
24
0.00414365
-39
-0.00673343
-65
-0.0112224
19
0.00328039
87
0.0150207
-104
-0.0179558
27
0.0046616
-2
-0.000345304
89
0.015366
69
0.011913
-62
-0.0107044
-60
-0.0103591
24
0.00414365
91
0.0157113
81
0.0139848
36
0.00621547
35
0.00604282
205
0.0353936
14
0.00241713
29
0.00500691
-6
-0.00103591
181
0.03125
6
0.00103591
-122
-0.0210635
51
0.00880525
-129
-0.0222721
-95
-0.0164019
-195
-0.0336671
27
0.0046616
-87
-0.0150207
124
0.0214088
0
0
-82
-0.0141575
21
0.00362569
19
0.00328039
-55
-0.00949586
132
0.0227901
111
0.0191644
-149
-0.0257251
-67
-0.0115677
25
0.0043163
99
0.0170925
31
0.00535221
-54
-0.0093232
31
0.00535221
6
0.00103591
16
0.00276243
44
0.00759669
7
0.00120856
-70
-0.0120856
-88
-0.0151934
-26
-0.00448895
36
0.00621547
-64
-0.0110497
-71
-0.0122583
-40
-0.00690608
-83
-0.0143301
14
0.00241713
58
0.0100138
-96
-0.0165746
-114
-0.0196823
199
0.0343577
-81
-0.0139848
-38
-0.00656077
19
0.00328039
-69
-0.011913
-147
-0.0253798
-93
-0.0160566
-14
-0.00241713
-261
-0.0450622
-16
-0.00276243
-106
-0.0183011
-92
-0.015884
-190
-0.0328039
-5
-0.00086326
-8
-0.00138122
118
0.0203729
193
0.0333218
-3
-0.000517956
-93
-0.0160566
86
0.0148481
104
0.0179558
-74
-0.0127762
136
0.0234807
8
0.00138122
-117
-0.0202003
-69
-0.011913
186
0.0321133
-108
-0.0186464
-53
-0.00915055
-31
-0.00535221
89
0.015366
45
0.00776934
119
0.0205456
6
0.00103591
218
0.0376381
33
0.00569751
29
0.00500691
-93
-0.0160566
81
0.0139848
-12
-0.00207182
164
0.0283149
75
0.0129489
120
0.0207182
81
0.0139848
-3
-0.000517956
-4
-0.000690608
-35
-0.00604282
19
0.00328039
102
0.0176105
-64
-0.0110497
51
0.00880525
7
0.00120856
-41
-0.00707873
25
0.0043163
90
0.0155387
-58
-0.0100138
-137
-0.0236533
11
0.00189917
108
0.0186464
17
0.00293508
67
0.0115677
44
0.00759669
218
0.0376381
23
0.00397099
-36
-0.00621547
-44
-0.00759669
-29
-0.00500691
-59
-0.0101865
-68
-0.0117403
-3
-0.000517956
-158
-0.027279
7
0.00120856
83
0.0143301
-153
-0.0264157
22
0.00379834
78
0.0134669
-88
-0.0151934
-94
-0.0162293
122
0.0210635
-80
-0.0138122
-85
-0.0146754
63
0.0108771
-32
-0.00552486
51
0.00880525
-70
-0.0120856
-63
-0.0108771
32
0.00552486
-80
-0.0138122
-145
-0.0250345
8
0.00138122
-144
-0.0248619
14
0.00241713
45
0.00776934
0
0
-103
-0.0177831
46
0.00794199
12
0.00207182
-13
-0.00224448
-23
-0.00397099
-26
-0.00448895
-102
-0.0176105
87
0.0150207
69
0.011913
-61
-0.0105318
-52
-0.0089779
105
0.0181285
-53
-0.00915055
-9
-0.00155387
-76
-0.0131215
-111
-0.0191644
-52
-0.0089779
-82
-0.0141575
59
0.0101865
-82
-0.0141575
-83
-0.0143301
37
0.00638812
-42
-0.00725138
-83
-0.0143301
-197
-0.0340124
67
0.0115677
-14
-0.00241713
-7
-0.00120856
-23
-0.00397099
-20
-0.00345304
-114
-0.0196823
-37
-0.00638812
-30
-0.00517956
25
0.0043163
21
0.00362569
-46
-0.00794199
-2
-0.000345304
-48
-0.00828729
80
0.0138122
55
0.00949586
9
0.00155387
-114
-0.0196823
-10
-0.00172652
-47
-0.00811464
-37
-0.00638812
62
0.0107044
36
0.00621547
-21
-0.00362569
137
0.0236533
-24
-0.00414365
-19
-0.00328039
35
0.00604282
-3
-0.000517956
6
0.00103591
-127
-0.0219268
-32
-0.00552486
121
0.0208909
2
0.000345304
1
0.000172652
-17
-0.00293508
-242
-0.0417818
-4
-0.000690608
-50
-0.0086326
94
0.0162293
67
0.0115677
-17
-0.00293508
118
0.0203729
-3
-0.000517956
-10
-0.00172652
48
0.00828729
116
0.0200276
8
0.00138122
-7
-0.00120856
71
0.0122583
92
0.015884
-17
-0.00293508
-34
-0.00587017
57
0.00984116
-62
-0.0107044
15
0.00258978
-113
-0.0195097
-13
-0.00224448
-26
-0.00448895
20
0.00345304
-41
-0.00707873
39
0.00673343
-98
-0.0169199
-30
-0.00517956
25
0.0043163
134
0.0231354
-106
-0.0183011
-56
-0.00966851
61
0.0105318
-94
-0.0162293
-20
-0.00345304
81
0.0139848
-10
-0.00172652
119
0.0205456
114
0.0196823
-32
-0.00552486
26
0.00448895
5
0.00086326
73
0.0126036
77
0.0132942
11
0.00189917
-65
-0.0112224
23
0.00397099
87
0.0150207
29
0.00500691
-39
-0.00673343
35
0.00604282
114
0.0196823
-82
-0.0141575
64
0.0110497
106
0.0183011
80
0.0138122
-8
-0.00138122
-65
-0.0112224
82
0.0141575
34
0.00587017
-203
-0.0350483
-69
-0.011913
-119
-0.0205456
-154
-0.0265884
-212
-0.0366022
-54
-0.0093232
-133
-0.0229627
98
0.0169199
-25
-0.0043163
-37
-0.00638812
8
0.00138122
4
0.000690608
-25
-0.0043163
-7
-0.00120856
164
0.0283149
52
0.0089779
172
0.0296961
35
0.00604282
-21
-0.00362569
-83
-0.0143301
93
0.0160566
-14
-0.00241713
23
0.00397099
56
0.00966851
-21
-0.00362569
-74
-0.0127762
-42
-0.00725138
-37
-0.00638812
-196
-0.0338398
-34
-0.00587017
-28
-0.00483425
19
0.00328039
164
0.0283149
55
0.00949586
-31
-0.00535221
3
0.000517956
-71
-0.0122583
38
0.00656077
102
0.0176105
-52
-0.0089779
20
0.00345304
10
0.00172652
-7
-0.00120856
-4
-0.000690608
60
0.0103591
17
0.00293508
10
0.00172652
-32
-0.00552486
16
0.00276243
101
0.0174378
-11
-0.00189917
-118
-0.0203729
51
0.00880525
8
0.00138122
38
0.00656077
2
0.000345304
13
0.00224448
-33
-0.00569751
17
0.00293508
0
0
37
0.00638812
8
0.00138122
85
0.0146754
42
0.00725138
-43
-0.00742403
-42
-0.00725138
0
0
-50
-0.0086326
-131
-0.0226174
21
0.00362569
-28
-0.00483425
216
0.0372928
136
0.0234807
-44
-0.00759669
47
0.00811464
-17
-0.00293508
-29
-0.00500691
49
0.00845994
141
0.0243439
90
0.0155387
49
0.00845994
41
0.00707873
59
0.0101865
-54
-0.0093232
-125
-0.0215815
-18
-0.00310773
-74
-0.0127762
26
0.00448895
76
0.0131215
85
0.0146754
33
0.00569751
52
0.0089779
19
0.00328039
161
0.027797
13
0.00224448
19
0.00328039
-1
-0.000172652
-30
-0.00517956
17
0.00293508
25
0.0043163
141
0.0243439
-68
-0.0117403
193
0.0333218
-177
-0.0305594
-87
-0.0150207
21
0.00362569
152
0.0262431
21
0.00362569
82
0.0141575
30
0.00517956
149
0.0257251
24
0.00414365
38
0.00656077
33
0.00569751
-47
-0.00811464
78
0.0134669
50
0.0086326
-75
-0.0129489
110
0.0189917
75
0.0129489
-119
-0.0205456
79
0.0136395
9
0.00155387
75
0.0129489
-141
-0.0243439
-65
-0.0112224
28
0.00483425
-99
-0.0170925
-86
-0.0148481
7
0.00120856
-23
-0.00397099
-8
-0.00138122
-108
-0.0186464
101
0.0174378
-50
-0.0086326
-34
-0.00587017
109
0.0188191
-8
-0.00138122
-16
-0.00276243
-72
-0.0124309
-36
-0.00621547
57
0.00984116
-203
-0.0350483
131
0.0226174
14
0.00241713
-150
-0.0258978
110
0.0189917
-18
-0.00310773
-155
-0.026761
99
0.0170925
-125
-0.0215815
44
0.00759669
-24
-0.00414365
-94
-0.0162293
-18
-0.00310773
13
0.00224448
150
0.0258978
-81
-0.0139848
-141
-0.0243439
157
0.0271064
-251
-0.0433356
-62
-0.0107044
17
0.00293508
-31
-0.00535221
-2
-0.000345304
52
0.0089779
-51
-0.00880525
-4
-0.000690608
113
0.0195097
169
0.0291782
12
0.00207182
97
0.0167472
50
0.0086326
100
0.0172652
-108
-0.0186464
-50
-0.0086326
-81
-0.0139848
7
0.00120856
12
0.00207182
-30
-0.00517956
-151
-0.0260704
1
0.000172652
109
0.0188191
-62
-0.0107044
13
0.00224448
53
0.00915055
101
0.0174378
36
0.00621547
-193
-0.0333218
67
0.0115677
-78
-0.0134669
4
0.000690608
60
0.0103591
139
0.0239986
-126
-0.0217541
34
0.00587017
16
0.00276243
-67
-0.0115677
-21
-0.00362569
-62
-0.0107044
-78
-0.0134669
-125
-0.0215815
-5
-0.00086326
-49
-0.00845994
-109
-0.0188191
-15
-0.00258978
99
0.0170925
7
0.00120856
-71
-0.0122583
100
0.0172652
-8
-0.00138122
-69
-0.011913
200
0.0345304
21
0.00362569
81
0.0139848
78
0.0134669
-17
-0.00293508
191
0.0329765
-136
-0.0234807
-97
-0.0167472
-105
-0.0181285
-120
-0.0207182
93
0.0160566
-60
-0.0103591
100
0.0172652
48
0.00828729
-129
-0.0222721
-58
-0.0100138
-128
-0.0220994
39
0.00673343
-72
-0.0124309
-17
-0.00293508
80
0.0138122
-115
-0.019855
30
0.00517956
-66
-0.011395
-64
-0.0110497
31
0.00535221
49
0.00845994
78
0.0134669
58
0.0100138
-39
-0.00673343
163
0.0281423
3
0.000517956
97
0.0167472
50
0.0086326
-161
-0.027797
-24
-0.00414365
35
0.00604282
-9
-0.00155387
-115
-0.019855
104
0.0179558
-32
-0.00552486
-19
-0.00328039
138
0.023826
129
0.0222721
8
0.00138122
-55
-0.00949586
107
0.0184738
12
0.00207182
109
0.0188191
97
0.0167472
-65
-0.0112224
91
0.0157113
-180
-0.0310773
-5
-0.00086326
44
0.00759669
-67
-0.0115677
13
0.00224448
-5
-0.00086326
-57
-0.00984116
-83
-0.0143301
13
0.00224448
33
0.00569751
47
0.00811464
-5
-0.00086326
124
0.0214088
6
0.00103591
60
0.0103591
130
0.0224448
98
0.0169199
35
0.00604282
114
0.0196823
-20
-0.00345304
110
0.0189917
42
0.00725138
95
0.0164019
60
0.0103591
-89
-0.015366
45
0.00776934
-82
-0.0141575
-7
-0.00120856
89
0.015366
12
0.00207182
-108
-0.0186464
-5
-0.00086326
-143
-0.0246892
46
0.00794199
-95
-0.0164019
19
0.00328039
-192
-0.0331492
3
0.000517956
-56
-0.00966851
-27
-0.0046616
37
0.00638812
87
0.0150207
173
0.0298688
-9
-0.00155387
39
0.00673343
60
0.0103591
-98
-0.0169199
40
0.00690608
51
0.00880525
101
0.0174378
-73
-0.0126036
-42
-0.00725138
-119
-0.0205456
58
0.0100138
31
0.00535221
29
0.00500691
-100
-0.0172652
8
0.00138122
44
0.00759669
-108
-0.0186464
40
0.00690608
22
0.00379834
70
0.0120856
67
0.0115677
-39
-0.00673343
-30
-0.00517956
-58
-0.0100138
55
0.00949586
-83
-0.0143301
15
0.00258978
-120
-0.0207182
-98
-0.0169199
40
0.00690608
-40
-0.00690608
28
0.00483425
-14
-0.00241713
51
0.00880525
63
0.0108771
112
0.019337
16
0.00276243
-70
-0.0120856
114
0.0196823
-155
-0.026761
-12
-0.00207182
40
0.00690608
24
0.00414365
-18
-0.00310773
119
0.0205456
153
0.0264157
122
0.0210635
-33
-0.00569751
20
0.00345304
-6
-0.00103591
73
0.0126036
-252
-0.0435083
67
0.0115677
-36
-0.00621547
93
0.0160566
-65
-0.0112224
-45
-0.00776934
8
0.00138122
-90
-0.0155387
-18
-0.00310773
-16
-0.00276243
-211
-0.0364296
31
0.00535221
148
0.0255525
-98
-0.0169199
48
0.00828729
29
0.00500691
0
0
32
0.00552486
-96
-0.0165746
2
0.000345304
69
0.011913
-34
-0.00587017
143
0.0246892
59
0.0101865
-106
-0.0183011
-81
-0.0139848
-85
-0.0146754
-104
-0.0179558
-60
-0.0103591
-118
-0.0203729
58
0.0100138
-6
-0.00103591
-101
-0.0174378
-48
-0.00828729
70
0.0120856
-43
-0.00742403
12
0.00207182
-78
-0.0134669
-120
-0.0207182
-75
-0.0129489
57
0.00984116
-81
-0.0139848
-68
-0.0117403
49
0.00845994
-190
-0.0328039
-23
-0.00397099
45
0.00776934
114
0.0196823
-34
-0.00587017
-6
-0.00103591
-210
-0.0362569
-5
-0.00086326
-83
-0.0143301
-59
-0.0101865
82
0.0141575
-41
-0.00707873
-23
-0.00397099
5
0.00086326
81
0.0139848
29
0.00500691
64
0.0110497
-24
-0.00414365
14
0.00241713
19
0.00328039
89
0.015366
9
0.00155387
-45
-0.00776934
57
0.00984116
2
0.000345304
112
0.019337
34
0.00587017
-15
-0.00258978
-159
-0.0274517
31
0.00535221
67
0.0115677
-127
-0.0219268
45
0.00776934
-15
-0.00258978
-19
-0.00328039
-15
-0.00258978
65
0.0112224
-50
-0.0086326
11
0.00189917
-136
-0.0234807
44
0.00759669
20
0.00345304
77
0.0132942
137
0.0236533
-151
-0.0260704
1
0.000172652
67
0.0115677
-88
-0.0151934
62
0.0107044
-77
-0.0132942
-56
-0.00966851
-58
-0.0100138
-63
-0.0108771
198
0.0341851
9
0.00155387
51
0.00880525
105
0.0181285
49
0.00845994
11
0.00189917
-11
-0.00189917
-92
-0.015884
-86
-0.0148481
46
0.00794199
39
0.00673343
80
0.0138122
80
0.0138122
60
0.0103591
-21
-0.00362569
-62
-0.0107044
94
0.0162293
14
0.00241713
-68
-0.0117403
-7
-0.00120856
19
0.00328039
-105
-0.0181285
7
0.00120856
-137
-0.0236533
23
0.00397099
96
0.0165746
-70
-0.0120856
-185
-0.0319406
12
0.00207182
-139
-0.0239986
-19
-0.00328039
27
0.0046616
-8
-0.00138122
17
0.00293508
-114
-0.0196823
-17
-0.00293508
-39
-0.00673343
-18
-0.00310773
-14
-0.00241713
142
0.0245166
-5
-0.00086326
90
0.0155387
65
0.0112224
89
0.015366
64
0.0110497
-43
-0.00742403
83
0.0143301
-21
-0.00362569
-20
-0.00345304
-96
-0.0165746
-24
-0.00414365
-87
-0.0150207
-24
-0.00414365
-96
-0.0165746
34
0.00587017
154
0.0265884
-60
-0.0103591
-44
-0.00759669
-16
-0.00276243
-100
-0.0172652
48
0.00828729
199
0.0343577
-73
-0.0126036
12
0.00207182
50
0.0086326
125
0.0215815
-25
-0.0043163
-62
-0.0107044
24
0.00414365
195
0.0336671
-63
-0.0108771
-198
-0.0341851
16
0.00276243
6
0.00103591
105
0.0181285
136
0.0234807
26
0.00448895
16
0.00276243
60
0.0103591
-43
-0.00742403
-12
-0.00207182
-116
-0.0200276
-58
-0.0100138
-80
-0.0138122
-15
-0.00258978
-43
-0.00742403
-57
-0.00984116
11
0.00189917
32
0.00552486
75
0.0129489
4
0.000690608
4
0.000690608
48
0.00828729
-155
-0.026761
115
0.019855
2
0.000345304
-47
-0.00811464
78
0.0134669
-169
-0.0291782
-139
-0.0239986
101
0.0174378
-194
-0.0334945
23
0.00397099
17
0.00293508
31
0.00535221
46
0.00794199
-13
-0.00224448
-64
-0.0110497
105
0.0181285
164
0.0283149
-82
-0.0141575
-124
-0.0214088
-85
-0.0146754
-48
-0.00828729
36
0.00621547
-97
-0.0167472
56
0.00966851
-2
-0.000345304
-37
-0.00638812
86
0.0148481
14
0.00241713
-147
-0.0253798
-12
-0.00207182
74
0.0127762
34
0.00587017
-16
-0.00276243
-104
-0.0179558
-120
-0.0207182
35
0.00604282
-2
-0.000345304
10
0.00172652
105
0.0181285
47
0.00811464
52
0.0089779
-102
-0.0176105
166
0.0286602
-12
-0.00207182
134
0.0231354
-169
-0.0291782
70
0.0120856
-61
-0.0105318
35
0.00604282
-56
-0.00966851
-13
-0.00224448
-6
-0.00103591
109
0.0188191
28
0.00483425
-30
-0.00517956
3
0.000517956
36
0.00621547
-29
-0.00500691
91
0.0157113
-1
-0.000172652
-66
-0.011395
21
0.00362569
-36
-0.00621547
-93
-0.0160566
85
0.0146754
100
0.0172652
-60
-0.0103591
-171
-0.0295235
92
0.015884
83
0.0143301
-234
-0.0404006
-19
-0.00328039
34
0.00587017
-22
-0.00379834
98
0.0169199
-49
-0.00845994
97
0.0167472
-7
-0.00120856
-83
-0.0143301
-13
-0.00224448
-152
-0.0262431
-47
-0.00811464
11
0.00189917
-27
-0.0046616
5
0.00086326
-57
-0.00984116
86
0.0148481
-132
-0.0227901
-19
-0.00328039
31
0.00535221
4
0.000690608
-95
-0.0164019
166
0.0286602
101
0.0174378
66
0.011395
-16
-0.00276243
-195
-0.0336671
26
0.00448895
92
0.015884
25
0.0043163
128
0.0220994
-10
-0.00172652
141
0.0243439
-8
-0.00138122
105
0.0181285
22
0.00379834
-36
-0.00621547
82
0.0141575
-20
-0.00345304
11
0.00189917
102
0.0176105
7
0.00120856
233
0.0402279
-57
-0.00984116
7
0.00120856
62
0.0107044
14
0.00241713
167
0.0288329
-19
-0.00328039
19
0.00328039
-69
-0.011913
58
0.0100138
-50
-0.0086326
6
0.00103591
65
0.0112224
170
0.0293508
-142
-0.0245166
-109
-0.0188191
-22
-0.00379834
-73
-0.0126036
-193
-0.0333218
27
0.0046616
-92
-0.015884
-4
-0.000690608
117
0.0202003
37
0.00638812
-18
-0.00310773
-52
-0.0089779
-84
-0.0145028
-61
-0.0105318
-114
-0.0196823
92
0.015884
6
0.00103591
166
0.0286602
-10
-0.00172652
-94
-0.0162293
186
0.0321133
-3
-0.000517956
132
0.0227901
25
0.0043163
-211
-0.0364296
-53
-0.00915055
-196
-0.0338398
-121
-0.0208909
-171
-0.0295235
-65
-0.0112224
-29
-0.00500691
-21
-0.00362569
-84
-0.0145028
99
0.0170925
-142
-0.0245166
148
0.0255525
-2
-0.000345304
102
0.0176105
-15
-0.00258978
36
0.00621547
-49
-0.00845994
-66
-0.011395
-16
-0.00276243
10
0.00172652
126
0.0217541
-45
-0.00776934
-34
-0.00587017
98
0.0169199
9
0.00155387
4
0.000690608
-14
-0.00241713
68
0.0117403
-183
-0.0315953
54
0.0093232
118
0.0203729
96
0.0165746
166
0.0286602
92
0.015884
-7
-0.00120856
117
0.0202003
204
0.035221
-52
-0.0089779
-138
-0.023826
-68
-0.0117403
85
0.0146754
61
0.0105318
160
0.0276243
5
0.00086326
-5
-0.00086326
-74
-0.0127762
18
0.00310773
-115
-0.019855
39
0.00673343
-97
-0.0167472
-70
-0.0120856
5
0.00086326
-102
-0.0176105
5
0.00086326
53
0.00915055
-29
-0.00500691
-20
-0.00345304
-26
-0.00448895
45
0.00776934
38
0.00656077
-5
-0.00086326
-99
-0.0170925
38
0.00656077
-106
-0.0183011
-49
-0.00845994
-77
-0.0132942
52
0.0089779
0
0
42
0.00725138
-8
-0.00138122
96
0.0165746
38
0.00656077
-51
-0.00880525
139
0.0239986
26
0.00448895
-8
-0.00138122
-69
-0.011913
-1
-0.000172652
-129
-0.0222721
23
0.00397099
-15
-0.00258978
-53
-0.00915055
130
0.0224448
34
0.00587017
207
0.035739
-65
-0.0112224
101
0.0174378
-64
-0.0110497
-107
-0.0184738
-7
-0.00120856
-156
-0.0269337
22
0.00379834
-28
-0.00483425
135
0.023308
-117
-0.0202003
34
0.00587017
-61
-0.0105318
31
0.00535221
-74
-0.0127762
54
0.0093232
-115
-0.019855
-18
-0.00310773
-128
-0.0220994
102
0.0176105
-69
-0.011913
-85
-0.0146754
-45
-0.00776934
-83
-0.0143301
-81
-0.0139848
102
0.0176105
183
0.0315953
-23
-0.00397099
-219
-0.0378108
58
0.0100138
-72
-0.0124309
115
0.019855
14
0.00241713
25
0.0043163
-53
-0.00915055
10
0.00172652
42
0.00725138
-74
-0.0127762
-142
-0.0245166
-75
-0.0129489
-159
-0.0274517
27
0.0046616
163
0.0281423
-32
-0.00552486
2
0.000345304
47
0.00811464
-15
-0.00258978
35
0.00604282
-57
-0.00984116
-103
-0.0177831
-62
-0.0107044
-1
-0.000172652
12
0.00207182
-35
-0.00604282
-236
-0.0407459
-66
-0.011395
-98
-0.0169199
117
0.0202003
127
0.0219268
-49
-0.00845994
158
0.027279
-31
-0.00535221
124
0.0214088
76
0.0131215
-105
-0.0181285
121
0.0208909
213
0.0367749
29
0.00500691
-105
-0.0181285
-12
-0.00207182
114
0.0196823
11
0.00189917
46
0.00794199
-64
-0.0110497
82
0.0141575
-28
-0.00483425
-28
-0.00483425
92
0.015884
101
0.0174378
3
0.000517956
112
0.019337
28
0.00483425
-212
-0.0366022
-69
-0.011913
48
0.00828729
74
0.0127762
97
0.0167472
60
0.0103591
142
0.0245166
-16
-0.00276243
-24
-0.00414365
-43
-0.00742403
12
0.00207182
54
0.0093232
16
0.00276243
-87
-0.0150207
78
0.0134669
-37
-0.00638812
-73
-0.0126036
-16
-0.00276243
-80
-0.0138122
97
0.0167472
138
0.023826
49
0.00845994
-112
-0.019337
62
0.0107044
117
0.0202003
-8
-0.00138122
-33
-0.00569751
55
0.00949586
10
0.00172652
120
0.0207182
82
0.0141575
-87
-0.0150207
109
0.0188191
-25
-0.0043163
-102
-0.0176105
9
0.00155387
15
0.00258978
-26
-0.00448895
-52
-0.0089779
145
0.0250345
-151
-0.0260704
106
0.0183011
-11
-0.00189917
-57
-0.00984116
-79
-0.0136395
7
0.00120856
56
0.00966851
51
0.00880525
-42
-0.00725138
-7
-0.00120856
-44
-0.00759669
-51
-0.00880525
18
0.00310773
55
0.00949586
-48
-0.00828729
106
0.0183011
40
0.00690608
15
0.00258978
-7
-0.00120856
-122
-0.0210635
117
0.0202003
45
0.00776934
57
0.00984116
-16
-0.00276243
102
0.0176105
-33
-0.00569751
-94
-0.0162293
-15
-0.00258978
-79
-0.0136395
-128
-0.0220994
9
0.00155387
-25
-0.0043163
-67
-0.0115677
4
0.000690608
-81
-0.0139848
-12
-0.00207182
-47
-0.00811464
-152
-0.0262431
3
0.000517956
-59
-0.0101865
64
0.0110497
57
0.00984116
172
0.0296961
3
0.000517956
-83
-0.0143301
-32
-0.00552486
1
0.000172652
-45
-0.00776934
-22
-0.00379834
-9
-0.00155387
-51
-0.00880525
-14
-0.00241713
-43
-0.00742403
-28
-0.00483425
86
0.0148481
-110
-0.0189917
136
0.0234807
-83
-0.0143301
-62
-0.0107044
64
0.0110497
58
0.0100138
-61
-0.0105318
-116
-0.0200276
-14
-0.00241713
-123
-0.0212362
-34
-0.00587017
56
0.00966851
7
0.00120856
129
0.0222721
-41
-0.00707873
63
0.0108771
97
0.0167472
66
0.011395
63
0.0108771
99
0.0170925
72
0.0124309
174
0.0300414
85
0.0146754
-92
-0.015884
72
0.0124309
-194
-0.0334945
142
0.0245166
-4
-0.000690608
51
0.00880525
181
0.03125
-64
-0.0110497
-53
-0.00915055
-93
-0.0160566
200
0.0345304
25
0.0043163
116
0.0200276
61
0.0105318
-75
-0.0129489
-64
-0.0110497
135
0.023308
41
0.00707873
53
0.00915055
-27
-0.0046616
42
0.00725138
-91
-0.0157113
-118
-0.0203729
-120
-0.0207182
-25
-0.0043163
53
0.00915055
118
0.0203729
-28
-0.00483425
28
0.00483425
-130
-0.0224448
119
0.0205456
26
0.00448895
-11
-0.00189917
98
0.0169199
59
0.0101865
11
0.00189917
-36
-0.00621547
80
0.0138122
174
0.0300414
37
0.00638812
8
0.00138122
-54
-0.0093232
-50
-0.0086326
11
0.00189917
-100
-0.0172652
103
0.0177831
-15
-0.00258978
-47
-0.00811464
44
0.00759669
48
0.00828729
30
0.00517956
4
0.000690608
189
0.0326312
77
0.0132942
-145
-0.0250345
-21
-0.00362569
18
0.00310773
123
0.0212362
131
0.0226174
43
0.00742403
-127
-0.0219268
-101
-0.0174378
89
0.015366
-28
-0.00483425
13
0.00224448
-80
-0.0138122
51
0.00880525
24
0.00414365
-66
-0.011395
2
0.000345304
-69
-0.011913
-30
-0.00517956
-9
-0.00155387
32
0.00552486
45
0.00776934
-60
-0.0103591
31
0.00535221
25
0.0043163
3
0.000517956
-80
-0.0138122
-4
-0.000690608
53
0.00915055
-16
-0.00276243
-138
-0.023826
143
0.0246892
-109
-0.0188191
10
0.00172652
28
0.00483425
-31
-0.00535221
25
0.0043163
2
0.000345304
58
0.0100138
49
0.00845994
52
0.0089779
15
0.00258978
26
0.00448895
28
0.00483425
149
0.0257251
-251
-0.0433356
66
0.011395
154
0.0265884
-17
-0.00293508
-21
-0.00362569
-75
-0.0129489
-101
-0.0174378
-86
-0.0148481
-35
-0.00604282
-46
-0.00794199
-279
-0.0481699
72
0.0124309
-95
-0.0164019
84
0.0145028
-82
-0.0141575
33
0.00569751
175
0.0302141
139
0.0239986
-33
-0.00569751
122
0.0210635
-43
-0.00742403
7
0.00120856
18
0.00310773
118
0.0203729
-32
-0.00552486
123
0.0212362
-6
-0.00103591
-116
-0.0200276
-144
-0.0248619
-16
-0.00276243
48
0.00828729
-27
-0.0046616
-4
-0.000690608
-123
-0.0212362
-38
-0.00656077
-29
-0.00500691
-31
-0.00535221
-109
-0.0188191
-12
-0.00207182
58
0.0100138
84
0.0145028
13
0.00224448
109
0.0188191
73
0.0126036
-62
-0.0107044
-51
-0.00880525
25
0.0043163
0
0
136
0.0234807
11
0.00189917
11
0.00189917
-22
-0.00379834
82
0.0141575
78
0.0134669
-25
-0.0043163
103
0.0177831
-18
-0.00310773
-58
-0.0100138
169
0.0291782
106
0.0183011
119
0.0205456
-12
-0.00207182
-20
-0.00345304
-51
-0.00880525
47
0.00811464
144
0.0248619
50
0.0086326
-69
-0.011913
-70
-0.0120856
-31
-0.00535221
