11
0.0107422
25
0.0244141
26
0.0253906
4
0.00390625
23
0.0224609
23
0.0224609
25
0.0244141
-10
-0.00976562
-40
-0.0390625
-25
-0.0244141
0
0
59
0.0576172
13
0.0126953
-2
-0.00195312
3
0.00292969
8
0.0078125
-28
-0.0273438
10
0.00976562
-31
-0.0302734
7
0.00683594
69
0.0673828
-17
-0.0166016
7
0.00683594
-74
-0.0722656
9
0.00878906
-49
-0.0478516
-16
-0.015625
2
0.00195312
25
0.0244141
10
0.00976562
8
0.0078125
44
0.0429688
29
0.0283203
-5
-0.00488281
-6
-0.00585938
11
0.0107422
37
0.0361328
-8
-0.0078125
-10
-0.00976562
69
0.0673828
1
0.000976562
23
0.0224609
55
0.0537109
-9
-0.00878906
-10
-0.00976562
-34
-0.0332031
56
0.0546875
-17
-0.0166016
-37
-0.0361328
18
0.0175781
10
0.00976562
53
0.0517578
-3
-0.00292969
29
0.0283203
18
0.0175781
39
0.0380859
-32
-0.03125
-65
-0.0634766
-23
-0.0224609
30
0.0292969
-15
-0.0146484
11
0.0107422
-70
-0.0683594
39
0.0380859
38
0.0371094
-3
-0.00292969
-22
-0.0214844
-16
-0.015625
4
0.00390625
0
0
10
0.00976562
0
0
46
0.0449219
12
0.0117188
-2
-0.00195312
4
0.00390625
-33
-0.0322266
5
0.00488281
-21
-0.0205078
-16
-0.015625
-12
-0.0117188
17
0.0166016
-4
-0.00390625
27
0.0263672
22
0.0214844
19
0.0185547
39
0.0380859
-11
-0.0107422
28
0.0273438
32
0.03125
14
0.0136719
5
0.00488281
-25
-0.0244141
10
0.00976562
14
0.0136719
5
0.00488281
40
0.0390625
16
0.015625
-26
-0.0253906
-9
-0.00878906
-18
-0.0175781
50
0.0488281
-42
-0.0410156
16
0.015625
11
0.0107422
21
0.0205078
-25
-0.0244141
-22
-0.0214844
-11
-0.0107422
-55
-0.0537109
5
0.00488281
-46
-0.0449219
-30
-0.0292969
-28
-0.0273438
-23
-0.0224609
42
0.0410156
-15
-0.0146484
3
0.00292969
-37
-0.0361328
-8
-0.0078125
-15
-0.0146484
9
0.00878906
26
0.0253906
45
0.0439453
19
0.0185547
-1
-0.000976562
59
0.0576172
-13
-0.0126953
54
0.0527344
-9
-0.00878906
-33
-0.0322266
7
0.00683594
-16
-0.015625
-73
-0.0712891
35
0.0341797
6
0.00585938
-14
-0.0136719
-38
-0.0371094
-22
-0.0214844
11
0.0107422
-6
-0.00585938
15
0.0146484
37
0.0361328
0
0
25
0.0244141
13
0.0126953
32
0.03125
-19
-0.0185547
37
0.0361328
-31
-0.0302734
40
0.0390625
-37
-0.0361328
-7
-0.00683594
6
0.00585938
-15
-0.0146484
27
0.0263672
26
0.0253906
1
0.000976562
-27
-0.0263672
7
0.00683594
-4
-0.00390625
-41
-0.0400391
2
0.00195312
-40
-0.0390625
14
0.0136719
60
0.0585938
6
0.00585938
-15
-0.0146484
-39
-0.0380859
-19
-0.0185547
-23
-0.0224609
8
0.0078125
11
0.0107422
-21
-0.0205078
43
0.0419922
5
0.00488281
32
0.03125
7
0.00683594
-47
-0.0458984
8
0.0078125
3
0.00292969
27
0.0263672
6
0.00585938
-77
-0.0751953
24
0.0234375
26
0.0253906
58
0.0566406
-25
-0.0244141
-5
-0.00488281
18
0.0175781
12
0.0117188
28
0.0273438
-3
-0.00292969
-29
-0.0283203
53
0.0517578
0
0
42
0.0410156
-11
-0.0107422
-18
-0.0175781
-26
-0.0253906
31
0.0302734
0
0
-10
-0.00976562
16
0.015625
32
0.03125
-40
-0.0390625
-4
-0.00390625
-10
-0.00976562
9
0.00878906
-8
-0.0078125
-15
-0.0146484
14
0.0136719
-25
-0.0244141
6
0.00585938
-24
-0.0234375
-2
-0.00195312
-7
-0.00683594
1
0.000976562
34
0.0332031
-37
-0.0361328
34
0.0332031
1
0.000976562
-47
-0.0458984
-9
-0.00878906
13
0.0126953
-2
-0.00195312
-7
-0.00683594
-2
-0.00195312
-39
-0.0380859
-16
-0.015625
-3
-0.00292969
-22
-0.0214844
-1
-0.000976562
-40
-0.0390625
-42
-0.0410156
26
0.0253906
-69
-0.0673828
-32
-0.03125
-20
-0.0195312
32
0.03125
10
0.00976562
12
0.0117188
38
0.0371094
25
0.0244141
6
0.00585938
1
0.000976562
-45
-0.0439453
2
0.00195312
38
0.0371094
18
0.0175781
-41
-0.0400391
31
0.0302734
-14
-0.0136719
1
0.000976562
9
0.00878906
1
0.000976562
-20
-0.0195312
-11
-0.0107422
-31
-0.0302734
5
0.00488281
-47
-0.0458984
-31
-0.0302734
-36
-0.0351562
8
0.0078125
-14
-0.0136719
-12
-0.0117188
38
0.0371094
-29
-0.0283203
-21
-0.0205078
47
0.0458984
-9
-0.00878906
-28
-0.0273438
29
0.0283203
-24
-0.0234375
-43
-0.0419922
40
0.0390625
-37
-0.0361328
3
0.00292969
-22
-0.0214844
-17
-0.0166016
-17
-0.0166016
21
0.0205078
-19
-0.0185547
-69
-0.0673828
2
0.00195312
-12
-0.0117188
-8
-0.0078125
12
0.0117188
56
0.0546875
-51
-0.0498047
-28
-0.0273438
-5
-0.00488281
53
0.0517578
-22
-0.0214844
-8
-0.0078125
4
0.00390625
-21
-0.0205078
26
0.0253906
-7
-0.00683594
34
0.0332031
13
0.0126953
-38
-0.0371094
-54
-0.0527344
-46
-0.0449219
-36
-0.0351562
-21
-0.0205078
34
0.0332031
12
0.0117188
6
0.00585938
0
0
-13
-0.0126953
37
0.0361328
-27
-0.0263672
5
0.00488281
-23
-0.0224609
-8
-0.0078125
-27
-0.0263672
-16
-0.015625
0
0
6
0.00585938
-25
-0.0244141
14
0.0136719
-51
-0.0498047
1
0.000976562
-10
-0.00976562
-46
-0.0449219
-7
-0.00683594
-9
-0.00878906
28
0.0273438
-14
-0.0136719
8
0.0078125
-19
-0.0185547
-11
-0.0107422
-20
-0.0195312
-29
-0.0283203
26
0.0253906
-1
-0.000976562
-12
-0.0117188
37
0.0361328
18
0.0175781
28
0.0273438
0
0
-13
-0.0126953
0
0
22
0.0214844
-40
-0.0390625
11
0.0107422
-21
-0.0205078
8
0.0078125
19
0.0185547
-7
-0.00683594
33
0.0322266
55
0.0537109
33
0.0322266
45
0.0439453
-1
-0.000976562
-14
-0.0136719
-5
-0.00488281
10
0.00976562
-21
-0.0205078
36
0.0351562
-23
-0.0224609
11
0.0107422
-14
-0.0136719
20
0.0195312
25
0.0244141
-82
-0.0800781
22
0.0214844
15
0.0146484
33
0.0322266
37
0.0361328
58
0.0566406
-36
-0.0351562
25
0.0244141
-59
-0.0576172
-3
-0.00292969
11
0.0107422
16
0.015625
-40
-0.0390625
30
0.0292969
29
0.0283203
-27
-0.0263672
36
0.0351562
13
0.0126953
40
0.0390625
-14
-0.0136719
-3
-0.00292969
37
0.0361328
-17
-0.0166016
36
0.0351562
30
0.0292969
26
0.0253906
77
0.0751953
29
0.0283203
0
0
18
0.0175781
33
0.0322266
1
0.000976562
32
0.03125
-9
-0.00878906
-31
-0.0302734
32
0.03125
19
0.0185547
12
0.0117188
-12
-0.0117188
1
0.000976562
-8
-0.0078125
33
0.0322266
21
0.0205078
-52
-0.0507812
34
0.0332031
14
0.0136719
-8
-0.0078125
29
0.0283203
-9
-0.00878906
-41
-0.0400391
32
0.03125
2
0.00195312
-4
-0.00390625
-21
-0.0205078
-19
-0.0185547
24
0.0234375
21
0.0205078
-4
-0.00390625
-7
-0.00683594
-7
-0.00683594
-2
-0.00195312
-37
-0.0361328
6
0.00585938
58
0.0566406
-9
-0.00878906
-25
-0.0244141
-10
-0.00976562
38
0.0371094
24
0.0234375
1
0.000976562
37
0.0361328
-14
-0.0136719
-15
-0.0146484
43
0.0419922
-1
-0.000976562
-56
-0.0546875
-54
-0.0527344
-1
-0.000976562
-100
-0.0976562
-3
-0.00292969
17
0.0166016
-34
-0.0332031
-38
-0.0371094
-5
-0.00488281
-12
-0.0117188
12
0.0117188
1
0.000976562
13
0.0126953
-1
-0.000976562
-6
-0.00585938
0
0
23
0.0224609
-54
-0.0527344
-20
-0.0195312
68
0.0664062
-36
-0.0351562
14
0.0136719
30
0.0292969
-41
-0.0400391
-1
-0.000976562
62
0.0605469
40
0.0390625
21
0.0205078
14
0.0136719
-5
-0.00488281
10
0.00976562
37
0.0361328
41
0.0400391
-49
-0.0478516
24
0.0234375
-47
-0.0458984
32
0.03125
16
0.015625
-45
-0.0439453
17
0.0166016
-1
-0.000976562
-16
-0.015625
-28
-0.0273438
0
0
-43
-0.0419922
-45
-0.0439453
3
0.00292969
21
0.0205078
-24
-0.0234375
-10
-0.00976562
-21
-0.0205078
-20
-0.0195312
-1
-0.000976562
-24
-0.0234375
26
0.0253906
52
0.0507812
-31
-0.0302734
-25
-0.0244141
2
0.00195312
-46
-0.0449219
22
0.0214844
-28
-0.0273438
-18
-0.0175781
3
0.00292969
7
0.00683594
-24
-0.0234375
14
0.0136719
4
0.00390625
-12
-0.0117188
-57
-0.0556641
-14
-0.0136719
-13
-0.0126953
-30
-0.0292969
26
0.0253906
-3
-0.00292969
-1
-0.000976562
-13
-0.0126953
32
0.03125
-36
-0.0351562
40
0.0390625
15
0.0146484
-17
-0.0166016
-8
-0.0078125
-59
-0.0576172
-25
-0.0244141
-5
-0.00488281
-4
-0.00390625
-26
-0.0253906
-29
-0.0283203
30
0.0292969
-3
-0.00292969
29
0.0283203
13
0.0126953
8
0.0078125
3
0.00292969
-39
-0.0380859
31
0.0302734
-9
-0.00878906
5
0.00488281
38
0.0371094
-5
-0.00488281
-30
-0.0292969
69
0.0673828
18
0.0175781
-10
-0.00976562
19
0.0185547
52
0.0507812
-15
-0.0146484
11
0.0107422
24
0.0234375
36
0.0351562
-37
-0.0361328
5
0.00488281
4
0.00390625
-30
-0.0292969
-11
-0.0107422
-41
-0.0400391
57
0.0556641
-6
-0.00585938
39
0.0380859
-37
-0.0361328
29
0.0283203
-8
-0.0078125
-44
-0.0429688
50
0.0488281
37
0.0361328
-11
-0.0107422
27
0.0263672
21
0.0205078
-6
-0.00585938
10
0.00976562
-9
-0.00878906
37
0.0361328
19
0.0185547
-6
-0.00585938
11
0.0107422
-23
-0.0224609
3
0.00292969
-1
-0.000976562
6
0.00585938
-16
-0.015625
-48
-0.046875
-18
-0.0175781
-63
-0.0615234
5
0.00488281
11
0.0107422
2
0.00195312
31
0.0302734
38
0.0371094
29
0.0283203
-21
-0.0205078
14
0.0136719
5
0.00488281
64
0.0625
-8
-0.0078125
-22
-0.0214844
-59
-0.0576172
39
0.0380859
-6
-0.00585938
52
0.0507812
28
0.0273438
-67
-0.0654297
-9
-0.00878906
30
0.0292969
-23
-0.0224609
-5
-0.00488281
1
0.000976562
-8
-0.0078125
-37
-0.0361328
38
0.0371094
18
0.0175781
-12
-0.0117188
2
0.00195312
29
0.0283203
-12
-0.0117188
-38
-0.0371094
48
0.046875
59
0.0576172
3
0.00292969
12
0.0117188
33
0.0322266
43
0.0419922
-13
-0.0126953
39
0.0380859
18
0.0175781
-10
-0.00976562
-19
-0.0185547
-23
-0.0224609
-5
-0.00488281
34
0.0332031
-32
-0.03125
-10
-0.00976562
10
0.00976562
50
0.0488281
1
0.000976562
-1
-0.000976562
14
0.0136719
-6
-0.00585938
-61
-0.0595703
32
0.03125
48
0.046875
-4
-0.00390625
-32
-0.03125
-28
-0.0273438
-45
-0.0439453
42
0.0410156
-24
-0.0234375
-5
-0.00488281
-54
-0.0527344
21
0.0205078
-10
-0.00976562
-15
-0.0146484
-28
-0.0273438
-4
-0.00390625
69
0.0673828
-8
-0.0078125
-13
-0.0126953
40
0.0390625
26
0.0253906
-26
-0.0253906
-1
-0.000976562
25
0.0244141
-2
-0.00195312
-29
-0.0283203
30
0.0292969
22
0.0214844
24
0.0234375
-19
-0.0185547
-39
-0.0380859
-10
-0.00976562
2
0.00195312
-2
-0.00195312
-17
-0.0166016
34
0.0332031
-34
-0.0332031
21
0.0205078
-1
-0.000976562
-49
-0.0478516
7
0.00683594
-6
-0.00585938
35
0.0341797
-46
-0.0449219
31
0.0302734
-35
-0.0341797
37
0.0361328
-36
-0.0351562
-34
-0.0332031
-37
-0.0361328
18
0.0175781
10
0.00976562
24
0.0234375
2
0.00195312
2
0.00195312
13
0.0126953
5
0.00488281
12
0.0117188
-4
-0.00390625
-64
-0.0625
4
0.00390625
-17
-0.0166016
17
0.0166016
-17
-0.0166016
20
0.0195312
-13
-0.0126953
36
0.0351562
-7
-0.00683594
-35
-0.0341797
30
0.0292969
-5
-0.00488281
-13
-0.0126953
29
0.0283203
39
0.0380859
5
0.00488281
9
0.00878906
7
0.00683594
47
0.0458984
-33
-0.0322266
-13
-0.0126953
5
0.00488281
-18
-0.0175781
32
0.03125
-26
-0.0253906
24
0.0234375
35
0.0341797
1
0.000976562
8
0.0078125
36
0.0351562
-19
-0.0185547
-21
-0.0205078
14
0.0136719
7
0.00683594
-67
-0.0654297
14
0.0136719
1
0.000976562
21
0.0205078
-20
-0.0195312
-24
-0.0234375
33
0.0322266
43
0.0419922
36
0.0351562
-25
-0.0244141
-8
-0.0078125
-14
-0.0136719
-33
-0.0322266
-65
-0.0634766
-24
-0.0234375
-1
-0.000976562
12
0.0117188
11
0.0107422
-71
-0.0693359
24
0.0234375
-21
-0.0205078
2
0.00195312
-27
-0.0263672
27
0.0263672
7
0.00683594
-15
-0.0146484
55
0.0537109
-23
-0.0224609
0
0
45
0.0439453
12
0.0117188
-25
-0.0244141
-18
-0.0175781
4
0.00390625
-9
-0.00878906
14
0.0136719
40
0.0390625
20
0.0195312
66
0.0644531
14
0.0136719
-19
-0.0185547
-9
-0.00878906
-26
-0.0253906
1
0.000976562
-31
-0.0302734
12
0.0117188
-8
-0.0078125
-8
-0.0078125
-58
-0.0566406
-40
-0.0390625
-1
-0.000976562
23
0.0224609
-21
-0.0205078
42
0.0410156
12
0.0117188
-52
-0.0507812
-14
-0.0136719
-25
-0.0244141
-20
-0.0195312
48
0.046875
39
0.0380859
-5
-0.00488281
18
0.0175781
43
0.0419922
1
0.000976562
17
0.0166016
17
0.0166016
-5
-0.00488281
14
0.0136719
-5
-0.00488281
47
0.0458984
-28
-0.0273438
-7
-0.00683594
3
0.00292969
-2
-0.00195312
22
0.0214844
12
0.0117188
-15
-0.0146484
3
0.00292969
-8
-0.0078125
51
0.0498047
-19
-0.0185547
-46
-0.0449219
29
0.0283203
7
0.00683594
-16
-0.015625
-18
-0.0175781
-11
-0.0107422
19
0.0185547
4
0.00390625
-23
-0.0224609
-12
-0.0117188
-27
-0.0263672
-22
-0.0214844
-10
-0.00976562
-34
-0.0332031
-13
-0.0126953
-16
-0.015625
48
0.046875
-4
-0.00390625
-25
-0.0244141
-44
-0.0429688
-18
-0.0175781
-37
-0.0361328
-24
-0.0234375
0
0
-22
-0.0214844
16
0.015625
77
0.0751953
-94
-0.0917969
-29
-0.0283203
-8
-0.0078125
-1
-0.000976562
-7
-0.00683594
-15
-0.0146484
14
0.0136719
-19
-0.0185547
-26
-0.0253906
8
0.0078125
-66
-0.0644531
21
0.0205078
72
0.0703125
-38
-0.0371094
19
0.0185547
6
0.00585938
-26
-0.0253906
-13
-0.0126953
11
0.0107422
5
0.00488281
0
0
-43
-0.0419922
-12
-0.0117188
35
0.0341797
-21
-0.0205078
3
0.00292969
23
0.0224609
25
0.0244141
-9
-0.00878906
-16
-0.015625
20
0.0195312
25
0.0244141
-31
-0.0302734
17
0.0166016
-30
-0.0292969
-24
-0.0234375
24
0.0234375
-10
-0.00976562
0
0
-7
-0.00683594
21
0.0205078
-16
-0.015625
-5
-0.00488281
-13
-0.0126953
33
0.0322266
-1
-0.000976562
42
0.0410156
51
0.0498047
10
0.00976562
15
0.0146484
-13
-0.0126953
-7
-0.00683594
-24
-0.0234375
3
0.00292969
-3
-0.00292969
70
0.0683594
10
0.00976562
-10
-0.00976562
23
0.0224609
52
0.0507812
-19
-0.0185547
27
0.0263672
56
0.0546875
36
0.0351562
-32
-0.03125
-40
-0.0390625
8
0.0078125
20
0.0195312
10
0.00976562
-18
-0.0175781
-54
-0.0527344
-29
-0.0283203
30
0.0292969
0
0
17
0.0166016
73
0.0712891
-20
-0.0195312
6
0.00585938
52
0.0507812
5
0.00488281
-2
-0.00195312
-42
-0.0410156
40
0.0390625
24
0.0234375
-30
-0.0292969
-39
-0.0380859
-10
-0.00976562
35
0.0341797
36
0.0351562
-39
-0.0380859
-11
-0.0107422
-4
-0.00390625
-19
-0.0185547
28
0.0273438
14
0.0136719
-58
-0.0566406
-19
-0.0185547
27
0.0263672
39
0.0380859
-25
-0.0244141
-31
-0.0302734
14
0.0136719
-48
-0.046875
13
0.0126953
25
0.0244141
10
0.00976562
-3
-0.00292969
13
0.0126953
-9
-0.00878906
-17
-0.0166016
55
0.0537109
-4
-0.00390625
46
0.0449219
24
0.0234375
-32
-0.03125
49
0.0478516
37
0.0361328
23
0.0224609
7
0.00683594
-1
-0.000976562
-1
-0.000976562
-42
-0.0410156
24
0.0234375
-66
-0.0644531
-29
-0.0283203
-22
-0.0214844
-18
-0.0175781
-60
-0.0585938
4
0.00390625
37
0.0361328
18
0.0175781
-26
-0.0253906
14
0.0136719
-43
-0.0419922
-7
-0.00683594
-4
-0.00390625
26
0.0253906
-39
-0.0380859
-19
-0.0185547
-15
-0.0146484
-23
-0.0224609
31
0.0302734
38
0.0371094
8
0.0078125
52
0.0507812
4
0.00390625
0
0
-17
-0.0166016
-32
-0.03125
-18
-0.0175781
-49
-0.0478516
-15
-0.0146484
8
0.0078125
13
0.0126953
-4
-0.00390625
46
0.0449219
-8
-0.0078125
14
0.0136719
25
0.0244141
27
0.0263672
13
0.0126953
-74
-0.0722656
-30
-0.0292969
61
0.0595703
-25
-0.0244141
-11
-0.0107422
30
0.0292969
-5
-0.00488281
9
0.00878906
-17
-0.0166016
-40
-0.0390625
27
0.0263672
7
0.00683594
-15
-0.0146484
24
0.0234375
-30
-0.0292969
3
0.00292969
10
0.00976562
-19
-0.0185547
-21
-0.0205078
-6
-0.00585938
-30
-0.0292969
16
0.015625
-1
-0.000976562
20
0.0195312
-45
-0.0439453
66
0.0644531
1
0.000976562
7
0.00683594
-10
-0.00976562
4
0.00390625
-13
-0.0126953
11
0.0107422
2
0.00195312
-25
-0.0244141
11
0.0107422
3
0.00292969
32
0.03125
-34
-0.0332031
36
0.0351562
-30
-0.0292969
93
0.0908203
24
0.0234375
-56
-0.0546875
37
0.0361328
23
0.0224609
20
0.0195312
57
0.0556641
18
0.0175781
1
0.000976562
-12
-0.0117188
33
0.0322266
-1
-0.000976562
9
0.00878906
9
0.00878906
46
0.0449219
-2
-0.00195312
-6
-0.00585938
-5
-0.00488281
-37
-0.0361328
1
0.000976562
25
0.0244141
47
0.0458984
34
0.0332031
26
0.0253906
24
0.0234375
-19
-0.0185547
21
0.0205078
4
0.00390625
2
0.00195312
0
0
14
0.0136719
0
0
36
0.0351562
1
0.000976562
-19
-0.0185547
11
0.0107422
-30
-0.0292969
70
0.0683594
-24
-0.0234375
17
0.0166016
-3
-0.00292969
-29
-0.0283203
17
0.0166016
-24
-0.0234375
-7
-0.00683594
-37
-0.0361328
31
0.0302734
-27
-0.0263672
18
0.0175781
-16
-0.015625
24
0.0234375
29
0.0283203
4
0.00390625
16
0.015625
1
0.000976562
-30
-0.0292969
2
0.00195312
-27
-0.0263672
-30
-0.0292969
-52
-0.0507812
-12
-0.0117188
-20
-0.0195312
-21
-0.0205078
4
0.00390625
-11
-0.0107422
-23
-0.0224609
-3
-0.00292969
33
0.0322266
-12
-0.0117188
3
0.00292969
-20
-0.0195312
-34
-0.0332031
28
0.0273438
77
0.0751953
-14
-0.0136719
-12
-0.0117188
-16
-0.015625
44
0.0429688
3
0.00292969
-29
-0.0283203
26
0.0253906
-9
-0.00878906
-66
-0.0644531
-28
-0.0273438
-5
-0.00488281
-14
-0.0136719
-37
-0.0361328
-27
-0.0263672
-1
-0.000976562
15
0.0146484
1
0.000976562
-1
-0.000976562
9
0.00878906
-46
-0.0449219
32
0.03125
12
0.0117188
-25
-0.0244141
17
0.0166016
-7
-0.00683594
-24
-0.0234375
5
0.00488281
34
0.0332031
-30
-0.0292969
-21
-0.0205078
58
0.0566406
2
0.00195312
39
0.0380859
-33
-0.0322266
5
0.00488281
-8
-0.0078125
-32
-0.03125
0
0
24
0.0234375
3
0.00292969
-2
-0.00195312
23
0.0224609
54
0.0527344
9
0.00878906
8
0.0078125
16
0.015625
-4
-0.00390625
-36
-0.0351562
20
0.0195312
-14
-0.0136719
28
0.0273438
62
0.0605469
9
0.00878906
5
0.00488281
-60
-0.0585938
1
0.000976562
32
0.03125
-18
-0.0175781
-40
-0.0390625
14
0.0136719
46
0.0449219
39
0.0380859
20
0.0195312
-8
-0.0078125
7
0.00683594
-54
-0.0527344
-3
-0.00292969
-1
-0.000976562
-22
-0.0214844
74
0.0722656
22
0.0214844
33
0.0322266
0
0
-5
-0.00488281
34
0.0332031
-3
-0.00292969
-33
-0.0322266
5
0.00488281
-12
-0.0117188
61
0.0595703
6
0.00585938
14
0.0136719
-64
-0.0625
-16
-0.015625
-24
-0.0234375
15
0.0146484
-4
-0.00390625
-3
-0.00292969
-17
-0.0166016
1
0.000976562
11
0.0107422
-9
-0.00878906
-10
-0.00976562
4
0.00390625
57
0.0556641
9
0.00878906
-51
-0.0498047
9
0.00878906
-13
-0.0126953
-94
-0.0917969
-31
-0.0302734
3
0.00292969
-15
-0.0146484
-24
-0.0234375
14
0.0136719
8
0.0078125
51
0.0498047
-26
-0.0253906
-5
-0.00488281
-3
-0.00292969
8
0.0078125
29
0.0283203
1
0.000976562
-21
-0.0205078
-43
-0.0419922
-53
-0.0517578
29
0.0283203
-3
-0.00292969
82
0.0800781
-7
-0.00683594
-22
-0.0214844
-10
-0.00976562
-9
-0.00878906
-22
-0.0214844
39
0.0380859
-29
-0.0283203
10
0.00976562
-5
-0.00488281
6
0.00585938
-7
-0.00683594
29
0.0283203
55
0.0537109
47
0.0458984
34
0.0332031
-20
-0.0195312
-9
-0.00878906
2
0.00195312
0
0
12
0.0117188
-5
-0.00488281
52
0.0507812
12
0.0117188
-2
-0.00195312
16
0.015625
79
0.0771484
33
0.0322266
16
0.015625
33
0.0322266
34
0.0332031
-31
-0.0302734
57
0.0556641
-22
-0.0214844
-42
-0.0410156
-8
-0.0078125
58
0.0566406
-19
-0.0185547
9
0.00878906
26
0.0253906
59
0.0576172
36
0.0351562
0
0
54
0.0527344
9
0.00878906
-27
-0.0263672
32
0.03125
56
0.0546875
70
0.0683594
-22
-0.0214844
13
0.0126953
-40
-0.0390625
12
0.0117188
-19
-0.0185547
-1
-0.000976562
16
0.015625
10
0.00976562
10
0.00976562
22
0.0214844
2
0.00195312
1
0.000976562
27
0.0263672
21
0.0205078
-34
-0.0332031
-33
-0.0322266
-13
-0.0126953
-15
-0.0146484
-34
-0.0332031
-42
-0.0410156
-18
-0.0175781
-38
-0.0371094
-21
-0.0205078
-21
-0.0205078
-31
-0.0302734
-7
-0.00683594
-10
-0.00976562
-19
-0.0185547
-8
-0.0078125
10
0.00976562
-12
-0.0117188
-38
-0.0371094
-42
-0.0410156
65
0.0634766
-2
-0.00195312
26
0.0253906
-21
-0.0205078
82
0.0800781
-11
-0.0107422
-13
-0.0126953
-11
-0.0107422
24
0.0234375
-37
-0.0361328
16
0.015625
-5
-0.00488281
-16
-0.015625
-27
-0.0263672
-35
-0.0341797
20
0.0195312
-4
-0.00390625
2
0.00195312
-19
-0.0185547
-24
-0.0234375
1
0.000976562
34
0.0332031
-34
-0.0332031
-28
-0.0273438
5
0.00488281
59
0.0576172
-17
-0.0166016
9
0.00878906
13
0.0126953
-25
-0.0244141
-4
-0.00390625
-41
-0.0400391
-32
-0.03125
36
0.0351562
36
0.0351562
24
0.0234375
-14
-0.0136719
26
0.0253906
0
0
34
0.0332031
38
0.0371094
36
0.0351562
0
0
11
0.0107422
-21
-0.0205078
-33
-0.0322266
4
0.00390625
-19
-0.0185547
-8
-0.0078125
-19
-0.0185547
9
0.00878906
3
0.00292969
-30
-0.0292969
-30
-0.0292969
0
0
-20
-0.0195312
-28
-0.0273438
-49
-0.0478516
0
0
24
0.0234375
11
0.0107422
-34
-0.0332031
37
0.0361328
-30
-0.0292969
-19
-0.0185547
1
0.000976562
-17
-0.0166016
-7
-0.00683594
64
0.0625
6
0.00585938
9
0.00878906
-12
-0.0117188
62
0.0605469
-18
-0.0175781
0
0
21
0.0205078
3
0.00292969
-3
-0.00292969
26
0.0253906
-30
-0.0292969
-5
-0.00488281
10
0.00976562
-44
-0.0429688
-6
-0.00585938
-12
-0.0117188
22
0.0214844
-11
-0.0107422
18
0.0175781
-20
-0.0195312
16
0.015625
10
0.00976562
-26
-0.0253906
-40
-0.0390625
12
0.0117188
-12
-0.0117188
-55
-0.0537109
-5
-0.00488281
7
0.00683594
10
0.00976562
-30
-0.0292969
-25
-0.0244141
-8
-0.0078125
50
0.0488281
21
0.0205078
60
0.0585938
-16
-0.015625
35
0.0341797
9
0.00878906
-1
-0.000976562
9
0.00878906
-32
-0.03125
-14
-0.0136719
9
0.00878906
-44
-0.0429688
-6
-0.00585938
2
0.00195312
24
0.0234375
-29
-0.0283203
-23
-0.0224609
38
0.0371094
-21
-0.0205078
34
0.0332031
-52
-0.0507812
-28
-0.0273438
20
0.0195312
-5
-0.00488281
-6
-0.00585938
-28
-0.0273438
-17
-0.0166016
34
0.0332031
18
0.0175781
-7
-0.00683594
-35
-0.0341797
-1
-0.000976562
-1
-0.000976562
-28
-0.0273438
-12
-0.0117188
44
0.0429688
-11
-0.0107422
37
0.0361328
-3
-0.00292969
-8
-0.0078125
6
0.00585938
8
0.0078125
-3
-0.00292969
-33
-0.0322266
39
0.0380859
4
0.00390625
-9
-0.00878906
19
0.0185547
-7
-0.00683594
22
0.0214844
-39
-0.0380859
0
0
-29
-0.0283203
37
0.0361328
-32
-0.03125
11
0.0107422
-20
-0.0195312
-17
-0.0166016
-5
-0.00488281
6
0.00585938
18
0.0175781
15
0.0146484
-3
-0.00292969
-5
-0.00488281
-26
-0.0253906
-26
-0.0253906
76
0.0742188
-10
-0.00976562
-28
-0.0273438
13
0.0126953
-20
-0.0195312
-8
-0.0078125
18
0.0175781
21
0.0205078
-17
-0.0166016
0
0
-2
-0.00195312
15
0.0146484
-26
-0.0253906
10
0.00976562
30
0.0292969
29
0.0283203
38
0.0371094
-37
-0.0361328
6
0.00585938
-5
-0.00488281
-34
-0.0332031
15
0.0146484
-19
-0.0185547
35
0.0341797
-4
-0.00390625
8
0.0078125
-36
-0.0351562
11
0.0107422
76
0.0742188
-33
-0.0322266
-31
-0.0302734
-10
-0.00976562
-10
-0.00976562
-4
-0.00390625
-19
-0.0185547
-4
-0.00390625
-39
-0.0380859
1
0.000976562
-25
-0.0244141
32
0.03125
-56
-0.0546875
64
0.0625
-11
-0.0107422
42
0.0410156
-16
-0.015625
-5
-0.00488281
-6
-0.00585938
-13
-0.0126953
25
0.0244141
-45
-0.0439453
-6
-0.00585938
-7
-0.00683594
-38
-0.0371094
43
0.0419922
-30
-0.0292969
-64
-0.0625
-43
-0.0419922
22
0.0214844
51
0.0498047
-1
-0.000976562
13
0.0126953
-42
-0.0410156
-12
-0.0117188
-43
-0.0419922
-45
-0.0439453
-73
-0.0712891
-70
-0.0683594
34
0.0332031
-15
-0.0146484
56
0.0546875
63
0.0615234
-13
-0.0126953
27
0.0263672
-8
-0.0078125
34
0.0332031
4
0.00390625
27
0.0263672
30
0.0292969
-7
-0.00683594
-39
-0.0380859
2
0.00195312
-37
-0.0361328
-28
-0.0273438
-11
-0.0107422
31
0.0302734
7
0.00683594
-31
-0.0302734
4
0.00390625
0
0
-31
-0.0302734
21
0.0205078
-25
-0.0244141
-50
-0.0488281
-6
-0.00585938
-57
-0.0556641
-4
-0.00390625
-64
-0.0625
-6
-0.00585938
108
0.105469
0
0
-100
-0.0976562
-10
-0.00976562
0
0
30
0.0292969
-20
-0.0195312
44
0.0429688
-57
-0.0556641
71
0.0693359
26
0.0253906
35
0.0341797
-41
-0.0400391
8
0.0078125
-3
-0.00292969
14
0.0136719
-26
-0.0253906
9
0.00878906
0
0
-21
-0.0205078
5
0.00488281
50
0.0488281
-49
-0.0478516
-81
-0.0791016
32
0.03125
-51
-0.0498047
14
0.0136719
81
0.0791016
-38
-0.0371094
-30
-0.0292969
24
0.0234375
-38
-0.0371094
-12
-0.0117188
-13
-0.0126953
8
0.0078125
42
0.0410156
21
0.0205078
-10
-0.00976562
-5
-0.00488281
-10
-0.00976562
-10
-0.00976562
15
0.0146484
16
0.015625
-10
-0.00976562
20
0.0195312
-26
-0.0253906
1
0.000976562
87
0.0849609
-20
-0.0195312
-16
-0.015625
-19
-0.0185547
42
0.0410156
36
0.0351562
10
0.00976562
43
0.0419922
-31
-0.0302734
20
0.0195312
-3
-0.00292969
-10
-0.00976562
-8
-0.0078125
43
0.0419922
-44
-0.0429688
41
0.0400391
32
0.03125
4
0.00390625
-3
-0.00292969
-7
-0.00683594
-30
-0.0292969
-53
-0.0517578
3
0.00292969
-17
-0.0166016
2
0.00195312
0
0
12
0.0117188
25
0.0244141
-31
-0.0302734
-37
-0.0361328
39
0.0380859
31
0.0302734
5
0.00488281
-19
-0.0185547
-5
-0.00488281
14
0.0136719
-48
-0.046875
-7
-0.00683594
-13
-0.0126953
-23
-0.0224609
-11
-0.0107422
15
0.0146484
-44
-0.0429688
42
0.0410156
-49
-0.0478516
30
0.0292969
1
0.000976562
49
0.0478516
27
0.0263672
-29
-0.0283203
-15
-0.0146484
8
0.0078125
-12
-0.0117188
-26
-0.0253906
-18
-0.0175781
-21
-0.0205078
-18
-0.0175781
-26
-0.0253906
-3
-0.00292969
-25
-0.0244141
9
0.00878906
-4
-0.00390625
5
0.00488281
-31
-0.0302734
-7
-0.00683594
6
0.00585938
-19
-0.0185547
-14
-0.0136719
-12
-0.0117188
10
0.00976562
-28
-0.0273438
-19
-0.0185547
1
0.000976562
-13
-0.0126953
-6
-0.00585938
-1
-0.000976562
-10
-0.00976562
53
0.0517578
7
0.00683594
-15
-0.0146484
32
0.03125
16
0.015625
26
0.0253906
33
0.0322266
17
0.0166016
-4
-0.00390625
-5
-0.00488281
34
0.0332031
-21
-0.0205078
27
0.0263672
37
0.0361328
0
0
22
0.0214844
-5
-0.00488281
-1
-0.000976562
39
0.0380859
-37
-0.0361328
19
0.0185547
-8
-0.0078125
69
0.0673828
40
0.0390625
10
0.00976562
15
0.0146484
37
0.0361328
-2
-0.00195312
7
0.00683594
8
0.0078125
-20
-0.0195312
-30
-0.0292969
-5
-0.00488281
-3
-0.00292969
-3
-0.00292969
-2
-0.00195312
1
0.000976562
-7
-0.00683594
-30
-0.0292969
-16
-0.015625
-65
-0.0634766
7
0.00683594
13
0.0126953
-38
-0.0371094
-34
-0.0332031
8
0.0078125
34
0.0332031
21
0.0205078
-36
-0.0351562
19
0.0185547
-9
-0.00878906
-3
-0.00292969
-35
-0.0341797
-38
-0.0371094
51
0.0498047
41
0.0400391
0
0
8
0.0078125
9
0.00878906
0
0
-5
-0.00488281
-11
-0.0107422
3
0.00292969
-12
-0.0117188
12
0.0117188
-9
-0.00878906
-21
-0.0205078
21
0.0205078
10
0.00976562
-5
-0.00488281
26
0.0253906
-38
-0.0371094
-3
-0.00292969
19
0.0185547
46
0.0449219
-10
-0.00976562
-38
-0.0371094
43
0.0419922
-9
-0.00878906
-47
-0.0458984
0
0
-12
-0.0117188
-72
-0.0703125
-2
-0.00195312
8
0.0078125
13
0.0126953
-64
-0.0625
34
0.0332031
37
0.0361328
7
0.00683594
-15
-0.0146484
3
0.00292969
-18
-0.0175781
6
0.00585938
-25
-0.0244141
28
0.0273438
19
0.0185547
16
0.015625
5
0.00488281
24
0.0234375
-49
-0.0478516
13
0.0126953
2
0.00195312
-50
-0.0488281
22
0.0214844
-27
-0.0263672
8
0.0078125
-19
-0.0185547
3
0.00292969
-11
-0.0107422
23
0.0224609
13
0.0126953
5
0.00488281
-8
-0.0078125
30
0.0292969
6
0.00585938
-11
-0.0107422
17
0.0166016
6
0.00585938
-3
-0.00292969
24
0.0234375
-38
-0.0371094
52
0.0507812
-8
-0.0078125
-15
-0.0146484
15
0.0146484
-28
-0.0273438
15
0.0146484
6
0.00585938
-16
-0.015625
-2
-0.00195312
19
0.0185547
13
0.0126953
-6
-0.00585938
-7
-0.00683594
-28
-0.0273438
-11
-0.0107422
-72
-0.0703125
4
0.00390625
55
0.0537109
28
0.0273438
-16
-0.015625
-4
-0.00390625
-22
-0.0214844
-37
-0.0361328
34
0.0332031
-15
-0.0146484
-18
-0.0175781
11
0.0107422
11
0.0107422
-16
-0.015625
19
0.0185547
-30
-0.0292969
-72
-0.0703125
-23
-0.0224609
23
0.0224609
-5
-0.00488281
-55
-0.0537109
-35
-0.0341797
31
0.0302734
-8
-0.0078125
44
0.0429688
-23
-0.0224609
36
0.0351562
25
0.0244141
-45
-0.0439453
36
0.0351562
-42
-0.0410156
-37
-0.0361328
2
0.00195312
-67
-0.0654297
-33
-0.0322266
-37
-0.0361328
31
0.0302734
22
0.0214844
-14
-0.0136719
33
0.0322266
-28
-0.0273438
16
0.015625
19
0.0185547
-31
-0.0302734
8
0.0078125
-56
-0.0546875
-25
-0.0244141
0
0
33
0.0322266
-15
-0.0146484
49
0.0478516
2
0.00195312
2
0.00195312
21
0.0205078
36
0.0351562
33
0.0322266
-4
-0.00390625
39
0.0380859
-25
-0.0244141
68
0.0664062
31
0.0302734
-14
-0.0136719
-2
-0.00195312
18
0.0175781
-34
-0.0332031
-21
-0.0205078
27
0.0263672
-1
-0.000976562
-17
-0.0166016
-17
-0.0166016
5
0.00488281
-37
-0.0361328
-14
-0.0136719
40
0.0390625
33
0.0322266
-40
-0.0390625
-22
-0.0214844
26
0.0253906
0
0
-22
-0.0214844
-1
-0.000976562
-4
-0.00390625
4
0.00390625
-57
-0.0556641
6
0.00585938
35
0.0341797
-15
-0.0146484
2
0.00195312
-11
-0.0107422
-30
-0.0292969
-6
-0.00585938
15
0.0146484
1
0.000976562
-1
-0.000976562
-22
-0.0214844
-12
-0.0117188
7
0.00683594
29
0.0283203
-45
-0.0439453
31
0.0302734
8
0.0078125
43
0.0419922
-15
-0.0146484
42
0.0410156
-35
-0.0341797
-34
-0.0332031
-10
-0.00976562
-16
-0.015625
-12
-0.0117188
-12
-0.0117188
-45
-0.0439453
30
0.0292969
37
0.0361328
16
0.015625
38
0.0371094
-30
-0.0292969
20
0.0195312
11
0.0107422
5
0.00488281
-10
-0.00976562
14
0.0136719
-16
-0.015625
-2
-0.00195312
11
0.0107422
-14
-0.0136719
3
0.00292969
-11
-0.0107422
22
0.0214844
11
0.0107422
-34
-0.0332031
-20
-0.0195312
-9
-0.00878906
27
0.0263672
-15
-0.0146484
-8
-0.0078125
-34
-0.0332031
-7
-0.00683594
8
0.0078125
-26
-0.0253906
19
0.0185547
48
0.046875
7
0.00683594
-19
-0.0185547
-24
-0.0234375
-34
-0.0332031
-46
-0.0449219
-26
-0.0253906
2
0.00195312
45
0.0439453
-20
-0.0195312
30
0.0292969
5
0.00488281
1
0.000976562
1
0.000976562
-3
-0.00292969
-13
-0.0126953
-31
-0.0302734
-1
-0.000976562
-7
-0.00683594
37
0.0361328
13
0.0126953
-39
-0.0380859
-28
-0.0273438
7
0.00683594
-20
-0.0195312
-19
-0.0185547
5
0.00488281
28
0.0273438
17
0.0166016
-12
-0.0117188
34
0.0332031
30
0.0292969
-35
-0.0341797
21
0.0205078
-23
-0.0224609
-42
-0.0410156
-24
-0.0234375
6
0.00585938
38
0.0371094
-28
-0.0273438
1
0.000976562
62
0.0605469
15
0.0146484
15
0.0146484
12
0.0117188
31
0.0302734
36
0.0351562
3
0.00292969
6
0.00585938
-29
-0.0283203
-9
-0.00878906
8
0.0078125
-52
-0.0507812
9
0.00878906
-6
-0.00585938
-10
-0.00976562
43
0.0419922
27
0.0263672
11
0.0107422
32
0.03125
16
0.015625
-22
-0.0214844
24
0.0234375
-56
-0.0546875
-34
-0.0332031
15
0.0146484
-15
-0.0146484
4
0.00390625
-11
-0.0107422
-55
-0.0537109
-10
-0.00976562
21
0.0205078
-23
-0.0224609
-22
-0.0214844
4
0.00390625
51
0.0498047
-19
-0.0185547
22
0.0214844
27
0.0263672
3
0.00292969
6
0.00585938
0
0
41
0.0400391
45
0.0439453
-21
-0.0205078
31
0.0302734
19
0.0185547
6
0.00585938
57
0.0556641
20
0.0195312
-18
-0.0175781
-4
-0.00390625
3
0.00292969
7
0.00683594
-7
-0.00683594
-57
-0.0556641
-18
-0.0175781
40
0.0390625
42
0.0410156
-3
-0.00292969
29
0.0283203
-28
-0.0273438
-4
-0.00390625
23
0.0224609
-20
-0.0195312
-11
-0.0107422
-20
-0.0195312
34
0.0332031
-15
-0.0146484
-20
-0.0195312
8
0.0078125
19
0.0185547
28
0.0273438
-57
-0.0556641
-1
-0.000976562
-38
-0.0371094
-18
-0.0175781
53
0.0517578
-33
-0.0322266
-33
-0.0322266
32
0.03125
16
0.015625
23
0.0224609
20
0.0195312
-8
-0.0078125
9
0.00878906
-18
-0.0175781
19
0.0185547
-19
-0.0185547
51
0.0498047
45
0.0439453
-12
-0.0117188
-13
-0.0126953
3
0.00292969
-9
-0.00878906
5
0.00488281
25
0.0244141
14
0.0136719
30
0.0292969
5
0.00488281
-32
-0.03125
38
0.0371094
-29
-0.0283203
41
0.0400391
28
0.0273438
-26
-0.0253906
-27
-0.0263672
9
0.00878906
21
0.0205078
65
0.0634766
-1
-0.000976562
21
0.0205078
-23
-0.0224609
26
0.0253906
-1
-0.000976562
22
0.0214844
-3
-0.00292969
26
0.0253906
-61
-0.0595703
11
0.0107422
4
0.00390625
12
0.0117188
-14
-0.0136719
5
0.00488281
30
0.0292969
0
0
-17
-0.0166016
-25
-0.0244141
8
0.0078125
14
0.0136719
-3
-0.00292969
-34
-0.0332031
-1
-0.000976562
-48
-0.046875
9
0.00878906
40
0.0390625
36
0.0351562
15
0.0146484
-30
-0.0292969
6
0.00585938
26
0.0253906
-8
-0.0078125
19
0.0185547
-13
-0.0126953
-6
-0.00585938
15
0.0146484
4
0.00390625
-62
-0.0605469
1
0.000976562
6
0.00585938
7
0.00683594
22
0.0214844
-13
-0.0126953
-25
-0.0244141
22
0.0214844
33
0.0322266
17
0.0166016
27
0.0263672
22
0.0214844
2
0.00195312
31
0.0302734
-29
-0.0283203
58
0.0566406
39
0.0380859
5
0.00488281
-9
-0.00878906
-13
-0.0126953
-3
-0.00292969
-23
-0.0224609
1
0.000976562
31
0.0302734
31
0.0302734
14
0.0136719
-11
-0.0107422
3
0.00292969
27
0.0263672
-1
-0.000976562
25
0.0244141
14
0.0136719
-3
-0.00292969
29
0.0283203
14
0.0136719
0
0
-27
-0.0263672
12
0.0117188
-6
-0.00585938
8
0.0078125
26
0.0253906
2
0.00195312
8
0.0078125
-8
-0.0078125
27
0.0263672
-12
-0.0117188
-14
-0.0136719
28
0.0273438
-41
-0.0400391
2
0.00195312
-4
-0.00390625
14
0.0136719
-2
-0.00195312
70
0.0683594
37
0.0361328
21
0.0205078
-65
-0.0634766
47
0.0458984
17
0.0166016
15
0.0146484
17
0.0166016
2
0.00195312
5
0.00488281
51
0.0498047
7
0.00683594
38
0.0371094
36
0.0351562
19
0.0185547
14
0.0136719
4
0.00390625
5
0.00488281
-14
-0.0136719
-28
-0.0273438
11
0.0107422
-15
-0.0146484
1
0.000976562
17
0.0166016
-21
-0.0205078
17
0.0166016
-46
-0.0449219
-16
-0.015625
9
0.00878906
-28
-0.0273438
-29
-0.0283203
20
0.0195312
-33
-0.0322266
-18
-0.0175781
37
0.0361328
-39
-0.0380859
50
0.0488281
-6
-0.00585938
2
0.00195312
-7
-0.00683594
0
0
21
0.0205078
27
0.0263672
-35
-0.0341797
25
0.0244141
22
0.0214844
-29
-0.0283203
55
0.0537109
33
0.0322266
23
0.0224609
-20
-0.0195312
0
0
14
0.0136719
33
0.0322266
12
0.0117188
21
0.0205078
37
0.0361328
21
0.0205078
-10
-0.00976562
46
0.0449219
8
0.0078125
33
0.0322266
24
0.0234375
-26
-0.0253906
-21
-0.0205078
-9
-0.00878906
22
0.0214844
-7
-0.00683594
17
0.0166016
-21
-0.0205078
16
0.015625
-6
-0.00585938
-4
-0.00390625
-10
-0.00976562
-19
-0.0185547
30
0.0292969
19
0.0185547
-15
-0.0146484
17
0.0166016
-1
-0.000976562
28
0.0273438
4
0.00390625
29
0.0283203
-1
-0.000976562
-10
-0.00976562
9
0.00878906
19
0.0185547
-13
-0.0126953
-6
-0.00585938
8
0.0078125
63
0.0615234
-61
-0.0595703
11
0.0107422
42
0.0410156
-25
-0.0244141
7
0.00683594
55
0.0537109
60
0.0585938
-42
-0.0410156
-1
-0.000976562
-31
-0.0302734
-86
-0.0839844
-9
-0.00878906
35
0.0341797
3
0.00292969
-77
-0.0751953
19
0.0185547
-34
-0.0332031
9
0.00878906
22
0.0214844
28
0.0273438
38
0.0371094
17
0.0166016
-67
-0.0654297
22
0.0214844
12
0.0117188
43
0.0419922
75
0.0732422
43
0.0419922
-3
-0.00292969
-10
-0.00976562
-32
-0.03125
55
0.0537109
4
0.00390625
-14
-0.0136719
8
0.0078125
-7
-0.00683594
-55
-0.0537109
-2
-0.00195312
25
0.0244141
44
0.0429688
-3
-0.00292969
-8
-0.0078125
-2
-0.00195312
-38
-0.0371094
2
0.00195312
34
0.0332031
-69
-0.0673828
7
0.00683594
10
0.00976562
-6
-0.00585938
6
0.00585938
-58
-0.0566406
8
0.0078125
15
0.0146484
18
0.0175781
0
0
28
0.0273438
10
0.00976562
40
0.0390625
-9
-0.00878906
1
0.000976562
21
0.0205078
21
0.0205078
39
0.0380859
74
0.0722656
9
0.00878906
-19
-0.0185547
-21
-0.0205078
29
0.0283203
16
0.015625
-27
-0.0263672
-2
-0.00195312
-24
-0.0234375
8
0.0078125
-17
-0.0166016
3
0.00292969
-9
-0.00878906
21
0.0205078
-15
-0.0146484
33
0.0322266
10
0.00976562
1
0.000976562
-6
-0.00585938
1
0.000976562
25
0.0244141
-26
-0.0253906
-8
-0.0078125
56
0.0546875
0
0
-72
-0.0703125
-3
-0.00292969
-4
-0.00390625
30
0.0292969
33
0.0322266
-65
-0.0634766
-1
-0.000976562
8
0.0078125
9
0.00878906
0
0
12
0.0117188
72
0.0703125
9
0.00878906
-59
-0.0576172
17
0.0166016
-37
-0.0361328
20
0.0195312
-25
-0.0244141
-32
-0.03125
-22
-0.0214844
-1
-0.000976562
-9
-0.00878906
31
0.0302734
69
0.0673828
-28
-0.0273438
10
0.00976562
27
0.0263672
-13
-0.0126953
24
0.0234375
14
0.0136719
6
0.00585938
-82
-0.0800781
-10
-0.00976562
-14
-0.0136719
-25
-0.0244141
-49
-0.0478516
-6
-0.00585938
47
0.0458984
-13
-0.0126953
-34
-0.0332031
-58
-0.0566406
-25
-0.0244141
-15
-0.0146484
61
0.0595703
19
0.0185547
63
0.0615234
0
0
-28
-0.0273438
-8
-0.0078125
-36
-0.0351562
17
0.0166016
8
0.0078125
13
0.0126953
-43
-0.0419922
37
0.0361328
-31
-0.0302734
-7
-0.00683594
-9
-0.00878906
-11
-0.0107422
-56
-0.0546875
-58
-0.0566406
-42
-0.0410156
-3
-0.00292969
32
0.03125
9
0.00878906
65
0.0634766
-2
-0.00195312
67
0.0654297
21
0.0205078
-33
-0.0322266
-36
-0.0351562
9
0.00878906
-23
-0.0224609
-40
-0.0390625
-31
-0.0302734
54
0.0527344
22
0.0214844
-8
-0.0078125
-16
-0.015625
-17
-0.0166016
-5
-0.00488281
-71
-0.0693359
-28
-0.0273438
61
0.0595703
-27
-0.0263672
3
0.00292969
-14
-0.0136719
3
0.00292969
-16
-0.015625
5
0.00488281
-4
-0.00390625
-12
-0.0117188
-20
-0.0195312
-25
-0.0244141
10
0.00976562
-16
-0.015625
-22
-0.0214844
41
0.0400391
32
0.03125
2
0.00195312
-26
-0.0253906
-47
-0.0458984
-61
-0.0595703
-25
-0.0244141
10
0.00976562
47
0.0458984
9
0.00878906
-4
-0.00390625
4
0.00390625
38
0.0371094
7
0.00683594
45
0.0439453
-1
-0.000976562
-2
-0.00195312
-10
-0.00976562
-67
-0.0654297
10
0.00976562
-28
-0.0273438
-3
-0.00292969
-49
-0.0478516
23
0.0224609
46
0.0449219
5
0.00488281
27
0.0263672
-52
-0.0507812
-10
-0.00976562
9
0.00878906
12
0.0117188
-17
-0.0166016
-21
-0.0205078
-17
-0.0166016
-12
-0.0117188
44
0.0429688
49
0.0478516
-6
-0.00585938
55
0.0537109
-7
-0.00683594
-25
-0.0244141
7
0.00683594
-67
-0.0654297
-52
-0.0507812
27
0.0263672
17
0.0166016
-5
-0.00488281
33
0.0322266
25
0.0244141
11
0.0107422
17
0.0166016
-9
-0.00878906
15
0.0146484
6
0.00585938
15
0.0146484
7
0.00683594
-25
-0.0244141
-6
-0.00585938
6
0.00585938
34
0.0332031
-15
-0.0146484
39
0.0380859
-23
-0.0224609
-36
-0.0351562
-17
-0.0166016
-52
-0.0507812
0
0
-23
-0.0224609
-6
-0.00585938
29
0.0283203
-24
-0.0234375
9
0.00878906
-7
-0.00683594
3
0.00292969
-21
-0.0205078
-51
-0.0498047
-25
-0.0244141
24
0.0234375
-39
-0.0380859
-6
-0.00585938
-1
-0.000976562
0
0
-51
-0.0498047
-17
-0.0166016
-2
-0.00195312
-21
-0.0205078
-42
-0.0410156
-21
-0.0205078
14
0.0136719
-11
-0.0107422
-18
-0.0175781
3
0.00292969
4
0.00390625
-17
-0.0166016
7
0.00683594
-28
-0.0273438
-4
-0.00390625
52
0.0507812
-14
-0.0136719
-1
-0.000976562
-12
-0.0117188
35
0.0341797
-26
-0.0253906
15
0.0146484
-6
-0.00585938
13
0.0126953
-8
-0.0078125
-19
-0.0185547
-19
-0.0185547
2
0.00195312
-11
-0.0107422
-36
-0.0351562
36
0.0351562
-12
-0.0117188
-50
-0.0488281
6
0.00585938
15
0.0146484
1
0.000976562
36
0.0351562
15
0.0146484
12
0.0117188
-20
-0.0195312
3
0.00292969
32
0.03125
29
0.0283203
-31
-0.0302734
-38
-0.0371094
-3
-0.00292969
-30
-0.0292969
54
0.0527344
32
0.03125
-36
-0.0351562
-7
-0.00683594
56
0.0546875
4
0.00390625
60
0.0585938
23
0.0224609
-12
-0.0117188
-27
-0.0263672
-21
-0.0205078
1
0.000976562
-9
-0.00878906
-53
-0.0517578
1
0.000976562
20
0.0195312
0
0
-45
-0.0439453
10
0.00976562
-66
-0.0644531
-32
-0.03125
-33
-0.0322266
-15
-0.0146484
17
0.0166016
-17
-0.0166016
-6
-0.00585938
4
0.00390625
-14
-0.0136719
-29
-0.0283203
-5
-0.00488281
-15
-0.0146484
8
0.0078125
15
0.0146484
-43
-0.0419922
26
0.0253906
9
0.00878906
-19
-0.0185547
-2
-0.00195312
9
0.00878906
-8
-0.0078125
11
0.0107422
-2
-0.00195312
15
0.0146484
20
0.0195312
7
0.00683594
41
0.0400391
33
0.0322266
8
0.0078125
-31
-0.0302734
-10
-0.00976562
-24
-0.0234375
33
0.0322266
10
0.00976562
-16
-0.015625
-12
-0.0117188
-22
-0.0214844
15
0.0146484
27
0.0263672
-6
-0.00585938
-63
-0.0615234
33
0.0322266
-6
-0.00585938
-16
-0.015625
14
0.0136719
49
0.0478516
7
0.00683594
5
0.00488281
5
0.00488281
-16
-0.015625
-53
-0.0517578
-13
-0.0126953
-67
-0.0654297
18
0.0175781
57
0.0556641
5
0.00488281
17
0.0166016
12
0.0117188
37
0.0361328
-27
-0.0263672
23
0.0224609
11
0.0107422
43
0.0419922
-42
-0.0410156
19
0.0185547
-35
-0.0341797
39
0.0380859
9
0.00878906
7
0.00683594
9
0.00878906
-4
-0.00390625
-35
-0.0341797
-6
-0.00585938
-36
-0.0351562
-26
-0.0253906
-24
-0.0234375
-26
-0.0253906
1
0.000976562
20
0.0195312
12
0.0117188
25
0.0244141
-38
-0.0371094
28
0.0273438
-13
-0.0126953
18
0.0175781
-12
-0.0117188
18
0.0175781
0
0
-3
-0.00292969
24
0.0234375
5
0.00488281
60
0.0585938
36
0.0351562
31
0.0302734
30
0.0292969
-21
-0.0205078
51
0.0498047
-31
-0.0302734
-37
-0.0361328
-4
-0.00390625
12
0.0117188
-19
-0.0185547
-12
-0.0117188
20
0.0195312
12
0.0117188
38
0.0371094
26
0.0253906
-35
-0.0341797
11
0.0107422
-32
-0.03125
-22
-0.0214844
-11
-0.0107422
-44
-0.0429688
29
0.0283203
-11
-0.0107422
40
0.0390625
31
0.0302734
-8
-0.0078125
0
0
17
0.0166016
-31
-0.0302734
48
0.046875
16
0.015625
-29
-0.0283203
-41
-0.0400391
21
0.0205078
60
0.0585938
38
0.0371094
24
0.0234375
-17
-0.0166016
9
0.00878906
16
0.015625
-21
-0.0205078
7
0.00683594
-11
-0.0107422
-24
-0.0234375
-34
-0.0332031
-11
-0.0107422
-25
-0.0244141
30
0.0292969
-7
-0.00683594
10
0.00976562
-26
-0.0253906
-17
-0.0166016
-82
-0.0800781
15
0.0146484
10
0.00976562
-3
-0.00292969
20
0.0195312
-35
-0.0341797
-11
-0.0107422
17
0.0166016
-29
-0.0283203
36
0.0351562
0
0
-9
-0.00878906
-37
-0.0361328
4
0.00390625
-35
-0.0341797
-8
-0.0078125
-50
-0.0488281
-40
-0.0390625
1
0.000976562
15
0.0146484
-3
-0.00292969
-49
-0.0478516
-40
-0.0390625
16
0.015625
12
0.0117188
11
0.0107422
12
0.0117188
-8
-0.0078125
-42
-0.0410156
-73
-0.0712891
45
0.0439453
58
0.0566406
-23
-0.0224609
-25
-0.0244141
-57
-0.0556641
50
0.0488281
35
0.0341797
-42
-0.0410156
42
0.0410156
8
0.0078125
20
0.0195312
-9
-0.00878906
-58
-0.0566406
68
0.0664062
-39
-0.0380859
1
0.000976562
44
0.0429688
36
0.0351562
5
0.00488281
-7
-0.00683594
42
0.0410156
-8
-0.0078125
-11
-0.0107422
-95
-0.0927734
-44
-0.0429688
-37
-0.0361328
-32
-0.03125
-11
-0.0107422
1
0.000976562
25
0.0244141
-5
-0.00488281
-12
-0.0117188
-31
-0.0302734
-10
-0.00976562
-4
-0.00390625
-4
-0.00390625
11
0.0107422
27
0.0263672
53
0.0517578
13
0.0126953
-17
-0.0166016
35
0.0341797
19
0.0185547
-14
-0.0136719
-16
-0.015625
-6
-0.00585938
35
0.0341797
-32
-0.03125
-24
-0.0234375
31
0.0302734
32
0.03125
2
0.00195312
19
0.0185547
-13
-0.0126953
-30
-0.0292969
38
0.0371094
-19
-0.0185547
116
0.113281
-27
-0.0263672
-22
-0.0214844
-38
-0.0371094
40
0.0390625
-39
-0.0380859
48
0.046875
25
0.0244141
-9
-0.00878906
24
0.0234375
1
0.000976562
-15
-0.0146484
-11
-0.0107422
-11
-0.0107422
2
0.00195312
6
0.00585938
-29
-0.0283203
34
0.0332031
40
0.0390625
-27
-0.0263672
-8
-0.0078125
-33
-0.0322266
33
0.0322266
20
0.0195312
32
0.03125
19
0.0185547
39
0.0380859
6
0.00585938
-13
-0.0126953
-72
-0.0703125
18
0.0175781
57
0.0556641
27
0.0263672
40
0.0390625
-43
-0.0419922
24
0.0234375
16
0.015625
-1
-0.000976562
10
0.00976562
11
0.0107422
-18
-0.0175781
9
0.00878906
-47
-0.0458984
25
0.0244141
-19
-0.0185547
-16
-0.015625
-19
-0.0185547
-35
-0.0341797
-86
-0.0839844
-34
-0.0332031
11
0.0107422
24
0.0234375
26
0.0253906
24
0.0234375
-32
-0.03125
23
0.0224609
40
0.0390625
-78
-0.0761719
49
0.0478516
-18
-0.0175781
-6
-0.00585938
-12
-0.0117188
8
0.0078125
20
0.0195312
20
0.0195312
36
0.0351562
1
0.000976562
1
0.000976562
-30
-0.0292969
28
0.0273438
-10
-0.00976562
15
0.0146484
9
0.00878906
37
0.0361328
-48
-0.046875
12
0.0117188
14
0.0136719
-35
-0.0341797
3
0.00292969
17
0.0166016
-18
-0.0175781
-38
-0.0371094
9
0.00878906
-20
-0.0195312
30
0.0292969
46
0.0449219
8
0.0078125
-17
-0.0166016
-21
-0.0205078
-49
-0.0478516
-17
-0.0166016
-4
-0.00390625
-62
-0.0605469
-11
-0.0107422
16
0.015625
-7
-0.00683594
-23
-0.0224609
55
0.0537109
-5
-0.00488281
30
0.0292969
62
0.0605469
16
0.015625
-1
-0.000976562
5
0.00488281
-12
-0.0117188
3
0.00292969
22
0.0214844
42
0.0410156
-11
-0.0107422
-10
-0.00976562
5
0.00488281
15
0.0146484
-22
-0.0214844
-57
-0.0556641
29
0.0283203
24
0.0234375
63
0.0615234
15
0.0146484
-3
-0.00292969
42
0.0410156
28
0.0273438
1
0.000976562
-12
-0.0117188
-27
-0.0263672
-5
-0.00488281
16
0.015625
2
0.00195312
3
0.00292969
-6
-0.00585938
-14
-0.0136719
-66
-0.0644531
52
0.0507812
-5
-0.00488281
28
0.0273438
3
0.00292969
-42
-0.0410156
-14
-0.0136719
18
0.0175781
36
0.0351562
0
0
49
0.0478516
-49
-0.0478516
12
0.0117188
-29
-0.0283203
39
0.0380859
56
0.0546875
37
0.0361328
-3
-0.00292969
-16
-0.015625
74
0.0722656
9
0.00878906
22
0.0214844
-16
-0.015625
-41
-0.0400391
-63
-0.0615234
78
0.0761719
-25
-0.0244141
-27
-0.0263672
32
0.03125
30
0.0292969
-49
-0.0478516
15
0.0146484
33
0.0322266
-49
-0.0478516
13
0.0126953
39
0.0380859
28
0.0273438
1
0.000976562
-28
-0.0273438
5
0.00488281
-25
-0.0244141
-21
-0.0205078
-24
-0.0234375
10
0.00976562
-41
-0.0400391
10
0.00976562
14
0.0136719
62
0.0605469
23
0.0224609
43
0.0419922
23
0.0224609
-17
-0.0166016
22
0.0214844
10
0.00976562
-36
-0.0351562
-29
-0.0283203
14
0.0136719
22
0.0214844
24
0.0234375
-78
-0.0761719
-20
-0.0195312
-17
-0.0166016
-24
-0.0234375
-37
-0.0361328
-47
-0.0458984
77
0.0751953
49
0.0478516
10
0.00976562
6
0.00585938
-5
-0.00488281
-29
-0.0283203
-35
-0.0341797
11
0.0107422
-37
-0.0361328
10
0.00976562
10
0.00976562
-41
-0.0400391
-28
-0.0273438
-1
-0.000976562
-8
-0.0078125
61
0.0595703
20
0.0195312
15
0.0146484
-38
-0.0371094
19
0.0185547
-2
-0.00195312
24
0.0234375
-43
-0.0419922
-69
-0.0673828
7
0.00683594
2
0.00195312
-11
-0.0107422
-1
-0.000976562
-7
-0.00683594
30
0.0292969
-47
-0.0458984
-5
-0.00488281
-42
-0.0410156
-10
-0.00976562
-44
-0.0429688
20
0.0195312
19
0.0185547
12
0.0117188
70
0.0683594
-7
-0.00683594
35
0.0341797
-8
-0.0078125
60
0.0585938
2
0.00195312
-9
-0.00878906
15
0.0146484
-2
-0.00195312
23
0.0224609
-18
-0.0175781
9
0.00878906
-5
-0.00488281
50
0.0488281
-9
-0.00878906
-19
-0.0185547
-42
-0.0410156
15
0.0146484
32
0.03125
17
0.0166016
-35
-0.0341797
13
0.0126953
23
0.0224609
-35
-0.0341797
19
0.0185547
33
0.0322266
4
0.00390625
1
0.000976562
5
0.00488281
1
0.000976562
-27
-0.0263672
-20
-0.0195312
-6
-0.00585938
-49
-0.0478516
30
0.0292969
12
0.0117188
-22
-0.0214844
-37
-0.0361328
-40
-0.0390625
64
0.0625
-25
-0.0244141
0
0
40
0.0390625
36
0.0351562
-14
-0.0136719
33
0.0322266
79
0.0771484
4
0.00390625
-3
-0.00292969
-29
-0.0283203
23
0.0224609
3
0.00292969
-11
-0.0107422
0
0
-23
-0.0224609
19
0.0185547
11
0.0107422
7
0.00683594
-38
-0.0371094
22
0.0214844
46
0.0449219
-4
-0.00390625
12
0.0117188
28
0.0273438
9
0.00878906
-5
-0.00488281
-46
-0.0449219
5
0.00488281
-4
-0.00390625
6
0.00585938
-9
-0.00878906
41
0.0400391
16
0.015625
-10
-0.00976562
30
0.0292969
5
0.00488281
-2
-0.00195312
-31
-0.0302734
-27
-0.0263672
-46
-0.0449219
4
0.00390625
31
0.0302734
-14
-0.0136719
-19
-0.0185547
-22
-0.0214844
17
0.0166016
-62
-0.0605469
29
0.0283203
-49
-0.0478516
-2
-0.00195312
60
0.0585938
-7
-0.00683594
-21
-0.0205078
24
0.0234375
0
0
-9
-0.00878906
-12
-0.0117188
-26
-0.0253906
12
0.0117188
3
0.00292969
-28
-0.0273438
-17
-0.0166016
13
0.0126953
-12
-0.0117188
38
0.0371094
-20
-0.0195312
-24
-0.0234375
40
0.0390625
6
0.00585938
11
0.0107422
26
0.0253906
-61
-0.0595703
59
0.0576172
7
0.00683594
53
0.0517578
-37
-0.0361328
-38
-0.0371094
-13
-0.0126953
39
0.0380859
11
0.0107422
36
0.0351562
24
0.0234375
19
0.0185547
-23
-0.0224609
26
0.0253906
-21
-0.0205078
-14
-0.0136719
0
0
-38
-0.0371094
-12
-0.0117188
9
0.00878906
38
0.0371094
-4
-0.00390625
8
0.0078125
-5
-0.00488281
-13
-0.0126953
52
0.0507812
7
0.00683594
-13
-0.0126953
12
0.0117188
-26
-0.0253906
12
0.0117188
-3
-0.00292969
-8
-0.0078125
-22
-0.0214844
20
0.0195312
-11
-0.0107422
-20
-0.0195312
14
0.0136719
27
0.0263672
20
0.0195312
-37
-0.0361328
-6
-0.00585938
-27
-0.0263672
8
0.0078125
-3
-0.00292969
9
0.00878906
-63
-0.0615234
0
0
-90
-0.0878906
-6
-0.00585938
-57
-0.0556641
-44
-0.0429688
-24
-0.0234375
-3
-0.00292969
-24
-0.0234375
28
0.0273438
16
0.015625
-26
-0.0253906
46
0.0449219
-10
-0.00976562
-2
-0.00195312
-39
-0.0380859
2
0.00195312
-73
-0.0712891
33
0.0322266
-10
-0.00976562
-40
-0.0390625
14
0.0136719
-24
-0.0234375
-14
-0.0136719
-80
-0.078125
42
0.0410156
36
0.0351562
32
0.03125
22
0.0214844
27
0.0263672
12
0.0117188
-25
-0.0244141
-3
-0.00292969
-53
-0.0517578
-28
-0.0273438
-27
-0.0263672
-9
-0.00878906
-41
-0.0400391
-36
-0.0351562
10
0.00976562
-40
-0.0390625
9
0.00878906
13
0.0126953
32
0.03125
15
0.0146484
16
0.015625
-12
-0.0117188
-25
-0.0244141
-26
-0.0253906
-2
-0.00195312
3
0.00292969
48
0.046875
19
0.0185547
46
0.0449219
49
0.0478516
31
0.0302734
3
0.00292969
-19
-0.0185547
10
0.00976562
4
0.00390625
21
0.0205078
61
0.0595703
16
0.015625
-12
-0.0117188
16
0.015625
-61
-0.0595703
5
0.00488281
78
0.0761719
26
0.0253906
13
0.0126953
24
0.0234375
6
0.00585938
9
0.00878906
-41
-0.0400391
17
0.0166016
41
0.0400391
5
0.00488281
-19
-0.0185547
16
0.015625
8
0.0078125
0
0
44
0.0429688
8
0.0078125
9
0.00878906
-42
-0.0410156
2
0.00195312
27
0.0263672
-12
-0.0117188
-22
-0.0214844
64
0.0625
39
0.0380859
-19
-0.0185547
6
0.00585938
43
0.0419922
13
0.0126953
-8
-0.0078125
-7
-0.00683594
-12
-0.0117188
-4
-0.00390625
-24
-0.0234375
14
0.0136719
66
0.0644531
6
0.00585938
-3
-0.00292969
54
0.0527344
-5
-0.00488281
-47
-0.0458984
-6
-0.00585938
-1
-0.000976562
69
0.0673828
-4
-0.00390625
5
0.00488281
24
0.0234375
3
0.00292969
20
0.0195312
22
0.0214844
20
0.0195312
55
0.0537109
40
0.0390625
-2
-0.00195312
1
0.000976562
22
0.0214844
-14
-0.0136719
30
0.0292969
-14
-0.0136719
3
0.00292969
-8
-0.0078125
7
0.00683594
-11
-0.0107422
-26
-0.0253906
17
0.0166016
2
0.00195312
39
0.0380859
-21
-0.0205078
67
0.0654297
-33
-0.0322266
-11
-0.0107422
43
0.0419922
44
0.0429688
-13
-0.0126953
21
0.0205078
-34
-0.0332031
-2
-0.00195312
10
0.00976562
-33
-0.0322266
16
0.015625
-17
-0.0166016
27
0.0263672
14
0.0136719
50
0.0488281
36
0.0351562
34
0.0332031
31
0.0302734
8
0.0078125
13
0.0126953
-6
-0.00585938
-65
-0.0634766
0
0
46
0.0449219
-20
-0.0195312
27
0.0263672
-37
-0.0361328
-7
-0.00683594
24
0.0234375
18
0.0175781
-9
-0.00878906
-8
-0.0078125
9
0.00878906
11
0.0107422
-16
-0.015625
-28
-0.0273438
11
0.0107422
-46
-0.0449219
-23
-0.0224609
20
0.0195312
11
0.0107422
-27
-0.0263672
33
0.0322266
5
0.00488281
33
0.0322266
-4
-0.00390625
-11
-0.0107422
6
0.00585938
13
0.0126953
8
0.0078125
11
0.0107422
29
0.0283203
0
0
11
0.0107422
40
0.0390625
8
0.0078125
-18
-0.0175781
-19
-0.0185547
15
0.0146484
-18
-0.0175781
-22
-0.0214844
-7
-0.00683594
32
0.03125
43
0.0419922
-14
-0.0136719
-39
-0.0380859
5
0.00488281
1
0.000976562
-20
-0.0195312
3
0.00292969
25
0.0244141
-23
-0.0224609
-21
-0.0205078
-33
-0.0322266
-35
-0.0341797
-5
-0.00488281
8
0.0078125
-35
-0.0341797
-15
-0.0146484
-9
-0.00878906
-21
-0.0205078
-11
-0.0107422
8
0.0078125
43
0.0419922
-51
-0.0498047
-2
-0.00195312
-24
-0.0234375
-59
-0.0576172
56
0.0546875
39
0.0380859
48
0.046875
-13
-0.0126953
-45
-0.0439453
-11
-0.0107422
-17
-0.0166016
11
0.0107422
29
0.0283203
13
0.0126953
10
0.00976562
-35
-0.0341797
6
0.00585938
33
0.0322266
4
0.00390625
-5
-0.00488281
16
0.015625
-13
-0.0126953
11
0.0107422
10
0.00976562
15
0.0146484
16
0.015625
-11
-0.0107422
-10
-0.00976562
-31
-0.0302734
27
0.0263672
31
0.0302734
-25
-0.0244141
-6
-0.00585938
21
0.0205078
68
0.0664062
1
0.000976562
-10
-0.00976562
37
0.0361328
-20
-0.0195312
-44
-0.0429688
32
0.03125
22
0.0214844
32
0.03125
42
0.0410156
-38
-0.0371094
30
0.0292969
-19
-0.0185547
-21
-0.0205078
3
0.00292969
-20
-0.0195312
38
0.0371094
0
0
14
0.0136719
-67
-0.0654297
60
0.0585938
-15
-0.0146484
5
0.00488281
23
0.0224609
-31
-0.0302734
0
0
-19
-0.0185547
-14
-0.0136719
-48
-0.046875
-39
-0.0380859
-2
-0.00195312
17
0.0166016
2
0.00195312
-13
-0.0126953
-28
-0.0273438
-7
-0.00683594
-50
-0.0488281
42
0.0410156
41
0.0400391
0
0
3
0.00292969
15
0.0146484
4
0.00390625
34
0.0332031
0
0
-20
-0.0195312
4
0.00390625
10
0.00976562
36
0.0351562
31
0.0302734
-5
-0.00488281
26
0.0253906
-12
-0.0117188
-17
-0.0166016
34
0.0332031
4
0.00390625
13
0.0126953
-5
-0.00488281
29
0.0283203
34
0.0332031
-11
-0.0107422
27
0.0263672
22
0.0214844
6
0.00585938
-12
-0.0117188
30
0.0292969
-32
-0.03125
9
0.00878906
-3
-0.00292969
1
0.000976562
51
0.0498047
23
0.0224609
35
0.0341797
-12
-0.0117188
-15
-0.0146484
47
0.0458984
6
0.00585938
14
0.0136719
58
0.0566406
18
0.0175781
-33
-0.0322266
6
0.00585938
-5
-0.00488281
48
0.046875
72
0.0703125
-1
-0.000976562
-2
-0.00195312
46
0.0449219
-68
-0.0664062
37
0.0361328
5
0.00488281
-13
-0.0126953
10
0.00976562
-23
-0.0224609
61
0.0595703
23
0.0224609
-20
-0.0195312
-67
-0.0654297
31
0.0302734
-43
-0.0419922
6
0.00585938
21
0.0205078
-10
-0.00976562
15
0.0146484
-37
-0.0361328
1
0.000976562
37
0.0361328
-15
-0.0146484
-25
-0.0244141
-14
-0.0136719
-7
-0.00683594
-42
-0.0410156
2
0.00195312
16
0.015625
-2
-0.00195312
6
0.00585938
-16
-0.015625
22
0.0214844
27
0.0263672
-69
-0.0673828
21
0.0205078
-12
-0.0117188
-22
-0.0214844
-18
-0.0175781
19
0.0185547
16
0.015625
40
0.0390625
0
0
-31
-0.0302734
-6
-0.00585938
0
0
6
0.00585938
30
0.0292969
-21
-0.0205078
17
0.0166016
17
0.0166016
3
0.00292969
-29
-0.0283203
18
0.0175781
-25
-0.0244141
13
0.0126953
10
0.00976562
6
0.00585938
-27
-0.0263672
28
0.0273438
38
0.0371094
-3
-0.00292969
-2
-0.00195312
-3
-0.00292969
5
0.00488281
3
0.00292969
-19
-0.0185547
-46
-0.0449219
-2
-0.00195312
44
0.0429688
-1
-0.000976562
69
0.0673828
-61
-0.0595703
18
0.0175781
41
0.0400391
8
0.0078125
20
0.0195312
44
0.0429688
2
0.00195312
-12
-0.0117188
11
0.0107422
-1
-0.000976562
-15
-0.0146484
-9
-0.00878906
-15
-0.0146484
21
0.0205078
26
0.0253906
-25
-0.0244141
-26
-0.0253906
21
0.0205078
-12
-0.0117188
15
0.0146484
-13
-0.0126953
-8
-0.0078125
-7
-0.00683594
10
0.00976562
6
0.00585938
-39
-0.0380859
8
0.0078125
8
0.0078125
15
0.0146484
-22
-0.0214844
-6
-0.00585938
-23
-0.0224609
-23
-0.0224609
-61
-0.0595703
-11
-0.0107422
-9
-0.00878906
62
0.0605469
12
0.0117188
-9
-0.00878906
8
0.0078125
-9
-0.00878906
-43
-0.0419922
-1
-0.000976562
3
0.00292969
26
0.0253906
2
0.00195312
41
0.0400391
-23
-0.0224609
-2
-0.00195312
-2
-0.00195312
-5
-0.00488281
-31
-0.0302734
47
0.0458984
5
0.00488281
0
0
-3
-0.00292969
17
0.0166016
19
0.0185547
-11
-0.0107422
32
0.03125
-2
-0.00195312
-9
-0.00878906
-10
-0.00976562
13
0.0126953
-30
-0.0292969
-42
-0.0410156
24
0.0234375
-19
-0.0185547
24
0.0234375
-63
-0.0615234
23
0.0224609
-39
-0.0380859
41
0.0400391
-56
-0.0546875
5
0.00488281
30
0.0292969
-23
-0.0224609
-23
-0.0224609
14
0.0136719
-38
-0.0371094
-28
-0.0273438
12
0.0117188
4
0.00390625
-24
-0.0234375
-7
-0.00683594
-37
-0.0361328
-24
-0.0234375
-47
-0.0458984
6
0.00585938
-2
-0.00195312
-17
-0.0166016
-15
-0.0146484
-28
-0.0273438
10
0.00976562
-2
-0.00195312
23
0.0224609
-43
-0.0419922
46
0.0449219
-2
-0.00195312
6
0.00585938
-22
-0.0214844
49
0.0478516
-43
-0.0419922
57
0.0556641
-16
-0.015625
7
0.00683594
-14
-0.0136719
7
0.00683594
-8
-0.0078125
-1
-0.000976562
-47
-0.0458984
-9
-0.00878906
18
0.0175781
-3
-0.00292969
33
0.0322266
-15
-0.0146484
-60
-0.0585938
-10
-0.00976562
27
0.0263672
-25
-0.0244141
13
0.0126953
44
0.0429688
-10
-0.00976562
-4
-0.00390625
-14
-0.0136719
17
0.0166016
53
0.0517578
25
0.0244141
-18
-0.0175781
1
0.000976562
38
0.0371094
10
0.00976562
19
0.0185547
30
0.0292969
13
0.0126953
-24
-0.0234375
-41
-0.0400391
19
0.0185547
23
0.0224609
24
0.0234375
-10
-0.00976562
47
0.0458984
0
0
4
0.00390625
-58
-0.0566406
-8
-0.0078125
17
0.0166016
-43
-0.0419922
-4
-0.00390625
-46
-0.0449219
53
0.0517578
38
0.0371094
13
0.0126953
-16
-0.015625
-40
-0.0390625
44
0.0429688
15
0.0146484
29
0.0283203
-12
-0.0117188
12
0.0117188
20
0.0195312
-34
-0.0332031
-27
-0.0263672
35
0.0341797
-20
-0.0195312
23
0.0224609
23
0.0224609
0
0
-8
-0.0078125
16
0.015625
-19
-0.0185547
-21
-0.0205078
-26
-0.0253906
-42
-0.0410156
-36
-0.0351562
10
0.00976562
20
0.0195312
-1
-0.000976562
-57
-0.0556641
-39
-0.0380859
12
0.0117188
19
0.0185547
21
0.0205078
39
0.0380859
45
0.0439453
29
0.0283203
8
0.0078125
-8
-0.0078125
33
0.0322266
-21
-0.0205078
46
0.0449219
29
0.0283203
-10
-0.00976562
-3
-0.00292969
27
0.0263672
24
0.0234375
-26
-0.0253906
-12
-0.0117188
-76
-0.0742188
14
0.0136719
47
0.0458984
-28
-0.0273438
29
0.0283203
-13
-0.0126953
5
0.00488281
-27
-0.0263672
-1
-0.000976562
86
0.0839844
-21
-0.0205078
-12
-0.0117188
1
0.000976562
-9
-0.00878906
54
0.0527344
25
0.0244141
42
0.0410156
-46
-0.0449219
-3
-0.00292969
46
0.0449219
32
0.03125
21
0.0205078
-34
-0.0332031
1
0.000976562
-5
-0.00488281
23
0.0224609
-16
-0.015625
-65
-0.0634766
1
0.000976562
28
0.0273438
-5
-0.00488281
-15
-0.0146484
4
0.00390625
-18
-0.0175781
20
0.0195312
-19
-0.0185547
11
0.0107422
20
0.0195312
59
0.0576172
17
0.0166016
77
0.0751953
45
0.0439453
19
0.0185547
8
0.0078125
-6
-0.00585938
47
0.0458984
-5
-0.00488281
-29
-0.0283203
6
0.00585938
-7
-0.00683594
-4
-0.00390625
48
0.046875
-1
-0.000976562
-25
-0.0244141
18
0.0175781
10
0.00976562
7
0.00683594
38
0.0371094
19
0.0185547
-4
-0.00390625
-54
-0.0527344
-38
-0.0371094
-15
-0.0146484
50
0.0488281
-2
-0.00195312
-24
-0.0234375
3
0.00292969
-46
-0.0449219
-28
-0.0273438
34
0.0332031
4
0.00390625
9
0.00878906
-2
-0.00195312
26
0.0253906
18
0.0175781
6
0.00585938
40
0.0390625
16
0.015625
40
0.0390625
-59
-0.0576172
-15
-0.0146484
21
0.0205078
24
0.0234375
-10
-0.00976562
-8
-0.0078125
20
0.0195312
-18
-0.0175781
-37
-0.0361328
32
0.03125
14
0.0136719
-45
-0.0439453
-16
-0.015625
6
0.00585938
23
0.0224609
-43
-0.0419922
83
0.0810547
-60
-0.0585938
-19
-0.0185547
-21
-0.0205078
19
0.0185547
-8
-0.0078125
12
0.0117188
-49
-0.0478516
-21
-0.0205078
-50
-0.0488281
-11
-0.0107422
-28
-0.0273438
-20
-0.0195312
5
0.00488281
16
0.015625
-24
-0.0234375
-11
-0.0107422
41
0.0400391
5
0.00488281
-6
-0.00585938
64
0.0625
-37
-0.0361328
-28
-0.0273438
40
0.0390625
19
0.0185547
12
0.0117188
3
0.00292969
-62
-0.0605469
