4
0.00138122
76
0.0262431
57
0.0196823
-43
-0.0148481
-5
-0.00172652
-39
-0.0134669
-20
-0.00690608
33
0.011395
-23
-0.00794199
27
0.0093232
52
0.0179558
-23
-0.00794199
-24
-0.00828729
-18
-0.00621547
-80
-0.0276243
55
0.0189917
-80
-0.0276243
-28
-0.00966851
-13
-0.00448895
-32
-0.0110497
-4
-0.00138122
25
0.0086326
69
0.023826
15
0.00517956
-60
-0.0207182
-18
-0.00621547
-5
-0.00172652
72
0.0248619
61
0.0210635
15
0.00517956
14
0.00483425
-66
-0.0227901
36
0.0124309
-25
-0.0086326
-30
-0.0103591
15
0.00517956
-20
-0.00690608
58
0.0200276
75
0.0258978
7
0.00241713
59
0.0203729
3
0.00103591
-46
-0.015884
5
0.00172652
52
0.0179558
5
0.00172652
-71
-0.0245166
0
0
51
0.0176105
-31
-0.0107044
-77
-0.0265884
26
0.0089779
41
0.0141575
-30
-0.0103591
5
0.00172652
38
0.0131215
79
0.027279
-46
-0.015884
15
0.00517956
52
0.0179558
79
0.027279
-52
-0.0179558
-34
-0.0117403
-24
-0.00828729
-43
-0.0148481
-114
-0.0393646
39
0.0134669
0
0
119
0.0410912
17
0.00587017
-51
-0.0176105
29
0.0100138
9
0.00310773
42
0.0145028
72
0.0248619
0
0
18
0.00621547
6
0.00207182
-34
-0.0117403
-65
-0.0224448
-26
-0.0089779
-18
-0.00621547
11
0.00379834
-15
-0.00517956
43
0.0148481
3
0.00103591
-2
-0.000690608
-32
-0.0110497
30
0.0103591
76
0.0262431
45
0.0155387
-102
-0.035221
102
0.035221
7
0.00241713
-77
-0.0265884
60
0.0207182
73
0.0252072
-20
-0.00690608
-80
-0.0276243
40
0.0138122
-44
-0.0151934
31
0.0107044
-27
-0.0093232
21
0.00725138
15
0.00517956
78
0.0269337
-50
-0.0172652
52
0.0179558
-95
-0.0328039
7
0.00241713
26
0.0089779
-57
-0.0196823
15
0.00517956
68
0.0234807
4
0.00138122
41
0.0141575
76
0.0262431
-75
-0.0258978
12
0.00414365
-24
-0.00828729
58
0.0200276
7
0.00241713
-38
-0.0131215
18
0.00621547
-73
-0.0252072
23
0.00794199
-58
-0.0200276
-58
-0.0200276
-32
-0.0110497
-90
-0.0310773
70
0.0241713
-31
-0.0107044
51
0.0176105
-50
-0.0172652
-82
-0.0283149
-22
-0.00759669
127
0.0438536
26
0.0089779
88
0.0303867
2
0.000690608
68
0.0234807
-70
-0.0241713
-104
-0.0359116
14
0.00483425
30
0.0103591
-34
-0.0117403
109
0.0376381
20
0.00690608
-72
-0.0248619
-13
-0.00448895
61
0.0210635
11
0.00379834
33
0.011395
24
0.00828729
135
0.046616
62
0.0214088
56
0.019337
-29
-0.0100138
111
0.0383287
-5
-0.00172652
20
0.00690608
56
0.019337
66
0.0227901
57
0.0196823
-61
-0.0210635
35
0.0120856
-48
-0.0165746
-3
-0.00103591
-37
-0.0127762
-53
-0.0183011
94
0.0324586
6
0.00207182
55
0.0189917
41
0.0141575
-50
-0.0172652
44
0.0151934
61
0.0210635
-86
-0.0296961
-88
-0.0303867
38
0.0131215
-68
-0.0234807
-17
-0.00587017
43
0.0148481
-11
-0.00379834
-22
-0.00759669
32
0.0110497
41
0.0141575
-5
-0.00172652
-41
-0.0141575
17
0.00587017
-81
-0.0279696
-22
-0.00759669
-90
-0.0310773
-8
-0.00276243
-109
-0.0376381
-75
-0.0258978
-38
-0.0131215
40
0.0138122
-27
-0.0093232
4
0.00138122
-20
-0.00690608
32
0.0110497
-154
-0.0531768
-49
-0.0169199
-42
-0.0145028
13
0.00448895
-39
-0.0134669
17
0.00587017
-69
-0.023826
-57
-0.0196823
44
0.0151934
-51
-0.0176105
28
0.00966851
50
0.0172652
-41
-0.0141575
19
0.00656077
-63
-0.0217541
-69
-0.023826
-22
-0.00759669
-36
-0.0124309
-103
-0.0355663
-6
-0.00207182
36
0.0124309
-18
-0.00621547
-8
-0.00276243
117
0.0404006
-63
-0.0217541
80
0.0276243
4
0.00138122
-22
-0.00759669
34
0.0117403
23
0.00794199
49
0.0169199
-27
-0.0093232
-40
-0.0138122
96
0.0331492
-60
-0.0207182
-35
-0.0120856
-19
-0.00656077
-21
-0.00725138
41
0.0141575
-43
-0.0148481
-75
-0.0258978
38
0.0131215
-53
-0.0183011
100
0.0345304
-15
-0.00517956
-17
-0.00587017
52
0.0179558
48
0.0165746
-96
-0.0331492
1
0.000345304
34
0.0117403
52
0.0179558
31
0.0107044
-5
-0.00172652
-133
-0.0459254
-13
-0.00448895
-11
-0.00379834
8
0.00276243
67
0.0231354
4
0.00138122
-18
-0.00621547
-102
-0.035221
-23
-0.00794199
30
0.0103591
-25
-0.0086326
59
0.0203729
83
0.0286602
28
0.00966851
38
0.0131215
4
0.00138122
-81
-0.0279696
-4
-0.00138122
-53
-0.0183011
-15
-0.00517956
22
0.00759669
3
0.00103591
-71
-0.0245166
-36
-0.0124309
43
0.0148481
103
0.0355663
-28
-0.00966851
62
0.0214088
-32
-0.0110497
-56
-0.019337
68
0.0234807
78
0.0269337
32
0.0110497
-23
-0.00794199
-26
-0.0089779
55
0.0189917
0
0
-40
-0.0138122
-30
-0.0103591
12
0.00414365
-29
-0.0100138
-25
-0.0086326
-106
-0.0366022
-42
-0.0145028
77
0.0265884
86
0.0296961
-16
-0.00552486
71
0.0245166
51
0.0176105
-51
-0.0176105
32
0.0110497
-1
-0.000345304
95
0.0328039
12
0.00414365
-44
-0.0151934
26
0.0089779
58
0.0200276
24
0.00828729
-3
-0.00103591
29
0.0100138
8
0.00276243
-103
-0.0355663
1
0.000345304
-47
-0.0162293
-69
-0.023826
74
0.0255525
-79
-0.027279
-16
-0.00552486
29
0.0100138
42
0.0145028
114
0.0393646
78
0.0269337
16
0.00552486
-87
-0.0300414
62
0.0214088
17
0.00587017
-9
-0.00310773
26
0.0089779
-16
-0.00552486
-91
-0.0314227
42
0.0145028
-14
-0.00483425
16
0.00552486
14
0.00483425
16
0.00552486
60
0.0207182
-107
-0.0369475
-3
-0.00103591
-50
-0.0172652
-65
-0.0224448
-23
-0.00794199
40
0.0138122
12
0.00414365
32
0.0110497
-67
-0.0231354
-33
-0.011395
-68
-0.0234807
16
0.00552486
36
0.0124309
17
0.00587017
-38
-0.0131215
4
0.00138122
5
0.00172652
39
0.0134669
27
0.0093232
16
0.00552486
-12
-0.00414365
-22
-0.00759669
88
0.0303867
-24
-0.00828729
-27
-0.0093232
26
0.0089779
56
0.019337
11
0.00379834
73
0.0252072
-40
-0.0138122
-10
-0.00345304
-28
-0.00966851
-36
-0.0124309
17
0.00587017
-1
-0.000345304
42
0.0145028
-15
-0.00517956
27
0.0093232
-117
-0.0404006
14
0.00483425
-47
-0.0162293
24
0.00828729
81
0.0279696
12
0.00414365
27
0.0093232
-18
-0.00621547
-111
-0.0383287
19
0.00656077
-23
-0.00794199
18
0.00621547
-134
-0.0462707
-28
-0.00966851
-62
-0.0214088
-12
-0.00414365
-127
-0.0438536
21
0.00725138
1
0.000345304
-16
-0.00552486
-2
-0.000690608
14
0.00483425
-16
-0.00552486
56
0.019337
-35
-0.0120856
-83
-0.0286602
-55
-0.0189917
-60
-0.0207182
58
0.0200276
3
0.00103591
46
0.015884
24
0.00828729
-5
-0.00172652
-5
-0.00172652
118
0.0407459
-21
-0.00725138
-57
-0.0196823
-13
-0.00448895
-70
-0.0241713
-19
-0.00656077
90
0.0310773
75
0.0258978
26
0.0089779
-14
-0.00483425
32
0.0110497
23
0.00794199
-32
-0.0110497
7
0.00241713
44
0.0151934
-78
-0.0269337
87
0.0300414
-33
-0.011395
-115
-0.0397099
4
0.00138122
19
0.00656077
-11
-0.00379834
38
0.0131215
89
0.030732
104
0.0359116
-22
-0.00759669
-30
-0.0103591
-9
-0.00310773
-1
-0.000345304
-82
-0.0283149
-23
-0.00794199
-60
-0.0207182
-9
-0.00310773
-60
-0.0207182
50
0.0172652
-18
-0.00621547
49
0.0169199
13
0.00448895
-62
-0.0214088
-24
-0.00828729
-16
-0.00552486
-43
-0.0148481
-42
-0.0145028
-15
-0.00517956
113
0.0390193
23
0.00794199
-41
-0.0141575
12
0.00414365
53
0.0183011
5
0.00172652
-29
-0.0100138
-10
-0.00345304
-90
-0.0310773
25
0.0086326
-1
-0.000345304
23
0.00794199
-56
-0.019337
53
0.0183011
121
0.0417818
29
0.0100138
94
0.0324586
28
0.00966851
-51
-0.0176105
-56
-0.019337
-15
-0.00517956
-72
-0.0248619
109
0.0376381
45
0.0155387
88
0.0303867
-50
-0.0172652
77
0.0265884
17
0.00587017
7
0.00241713
32
0.0110497
-111
-0.0383287
-74
-0.0255525
-30
-0.0103591
-59
-0.0203729
74
0.0255525
12
0.00414365
46
0.015884
23
0.00794199
100
0.0345304
13
0.00448895
44
0.0151934
66
0.0227901
-8
-0.00276243
36
0.0124309
-94
-0.0324586
-34
-0.0117403
15
0.00517956
63
0.0217541
-47
-0.0162293
22
0.00759669
26
0.0089779
-75
-0.0258978
-22
-0.00759669
19
0.00656077
-87
-0.0300414
4
0.00138122
-65
-0.0224448
-6
-0.00207182
-64
-0.0220994
-55
-0.0189917
-4
-0.00138122
76
0.0262431
27
0.0093232
-76
-0.0262431
-38
-0.0131215
-4
-0.00138122
-8
-0.00276243
-12
-0.00414365
103
0.0355663
3
0.00103591
-40
-0.0138122
-14
-0.00483425
43
0.0148481
32
0.0110497
-103
-0.0355663
-79
-0.027279
-34
-0.0117403
96
0.0331492
8
0.00276243
-56
-0.019337
-27
-0.0093232
-44
-0.0151934
-34
-0.0117403
35
0.0120856
-53
-0.0183011
-14
-0.00483425
34
0.0117403
-33
-0.011395
95
0.0328039
-17
-0.00587017
-53
-0.0183011
-54
-0.0186464
-13
-0.00448895
-12
-0.00414365
56
0.019337
36
0.0124309
12
0.00414365
-28
-0.00966851
-48
-0.0165746
-4
-0.00138122
85
0.0293508
60
0.0207182
145
0.0500691
37
0.0127762
6
0.00207182
-17
-0.00587017
-32
-0.0110497
15
0.00517956
26
0.0089779
-52
-0.0179558
-32
-0.0110497
20
0.00690608
127
0.0438536
-166
-0.0573204
44
0.0151934
19
0.00656077
91
0.0314227
0
0
33
0.011395
-11
-0.00379834
-53
-0.0183011
10
0.00345304
-1
-0.000345304
-69
-0.023826
-91
-0.0314227
-41
-0.0141575
72
0.0248619
-57
-0.0196823
-19
-0.00656077
-22
-0.00759669
-64
-0.0220994
20
0.00690608
64
0.0220994
-24
-0.00828729
19
0.00656077
-10
-0.00345304
3
0.00103591
107
0.0369475
93
0.0321133
-106
-0.0366022
17
0.00587017
-44
-0.0151934
-45
-0.0155387
-6
-0.00207182
-5
-0.00172652
-19
-0.00656077
-20
-0.00690608
64
0.0220994
-31
-0.0107044
-1
-0.000345304
-10
-0.00345304
-36
-0.0124309
-14
-0.00483425
12
0.00414365
2
0.000690608
-28
-0.00966851
-48
-0.0165746
-34
-0.0117403
7
0.00241713
73
0.0252072
39
0.0134669
-4
-0.00138122
-41
-0.0141575
-44
-0.0151934
14
0.00483425
0
0
-46
-0.015884
-56
-0.019337
57
0.0196823
-4
-0.00138122
3
0.00103591
16
0.00552486
80
0.0276243
35
0.0120856
32
0.0110497
-11
-0.00379834
-110
-0.0379834
-109
-0.0376381
45
0.0155387
52
0.0179558
8
0.00276243
-55
-0.0189917
-1
-0.000345304
65
0.0224448
14
0.00483425
24
0.00828729
42
0.0145028
-92
-0.031768
-18
-0.00621547
20
0.00690608
-111
-0.0383287
-44
-0.0151934
-17
-0.00587017
-61
-0.0210635
13
0.00448895
98
0.0338398
-15
-0.00517956
6
0.00207182
-72
-0.0248619
-3
-0.00103591
-26
-0.0089779
-20
-0.00690608
-15
-0.00517956
130
0.0448895
-24
-0.00828729
-68
-0.0234807
-42
-0.0145028
-21
-0.00725138
101
0.0348757
50
0.0172652
41
0.0141575
-39
-0.0134669
39
0.0134669
-54
-0.0186464
35
0.0120856
-19
-0.00656077
46
0.015884
111
0.0383287
-70
-0.0241713
12
0.00414365
-131
-0.0452348
-30
-0.0103591
-71
-0.0245166
-35
-0.0120856
-57
-0.0196823
22
0.00759669
33
0.011395
19
0.00656077
6
0.00207182
-55
-0.0189917
-55
-0.0189917
10
0.00345304
-24
-0.00828729
-24
-0.00828729
-11
-0.00379834
30
0.0103591
11
0.00379834
24
0.00828729
-20
-0.00690608
-70
-0.0241713
71
0.0245166
-91
-0.0314227
-74
-0.0255525
14
0.00483425
17
0.00587017
-9
-0.00310773
-102
-0.035221
-28
-0.00966851
126
0.0435083
28
0.00966851
-82
-0.0283149
46
0.015884
17
0.00587017
25
0.0086326
-70
-0.0241713
-18
-0.00621547
69
0.023826
-29
-0.0100138
-71
-0.0245166
-2
-0.000690608
-15
-0.00517956
2
0.000690608
37
0.0127762
-39
-0.0134669
70
0.0241713
48
0.0165746
28
0.00966851
13
0.00448895
57
0.0196823
15
0.00517956
-91
-0.0314227
4
0.00138122
-34
-0.0117403
51
0.0176105
-69
-0.023826
69
0.023826
52
0.0179558
-78
-0.0269337
-26
-0.0089779
23
0.00794199
42
0.0145028
28
0.00966851
116
0.0400552
-5
-0.00172652
-116
-0.0400552
64
0.0220994
32
0.0110497
-18
-0.00621547
5
0.00172652
-64
-0.0220994
-116
-0.0400552
45
0.0155387
-34
-0.0117403
-74
-0.0255525
-12
-0.00414365
38
0.0131215
-29
-0.0100138
4
0.00138122
30
0.0103591
49
0.0169199
55
0.0189917
-54
-0.0186464
-7
-0.00241713
24
0.00828729
76
0.0262431
18
0.00621547
-61
-0.0210635
31
0.0107044
-82
-0.0283149
-6
-0.00207182
-27
-0.0093232
20
0.00690608
-23
-0.00794199
46
0.015884
-49
-0.0169199
-34
-0.0117403
-25
-0.0086326
77
0.0265884
-75
-0.0258978
-47
-0.0162293
-46
-0.015884
-7
-0.00241713
-64
-0.0220994
-12
-0.00414365
1
0.000345304
-30
-0.0103591
-91
-0.0314227
-2
-0.000690608
24
0.00828729
-69
-0.023826
-29
-0.0100138
-47
-0.0162293
-49
-0.0169199
20
0.00690608
31
0.0107044
35
0.0120856
38
0.0131215
-14
-0.00483425
-144
-0.0497238
46
0.015884
-71
-0.0245166
-27
-0.0093232
-89
-0.030732
-57
-0.0196823
60
0.0207182
11
0.00379834
29
0.0100138
31
0.0107044
-49
-0.0169199
12
0.00414365
-21
-0.00725138
32
0.0110497
18
0.00621547
15
0.00517956
-18
-0.00621547
17
0.00587017
-41
-0.0141575
9
0.00310773
61
0.0210635
17
0.00587017
103
0.0355663
-45
-0.0155387
96
0.0331492
23
0.00794199
-60
-0.0207182
59
0.0203729
65
0.0224448
1
0.000345304
-24
-0.00828729
11
0.00379834
-84
-0.0290055
-68
-0.0234807
-39
-0.0134669
0
0
-32
-0.0110497
22
0.00759669
64
0.0220994
-39
-0.0134669
-32
-0.0110497
-4
-0.00138122
47
0.0162293
17
0.00587017
-7
-0.00241713
25
0.0086326
-170
-0.0587017
51
0.0176105
69
0.023826
14
0.00483425
11
0.00379834
77
0.0265884
39
0.0134669
48
0.0165746
58
0.0200276
-76
-0.0262431
-2
-0.000690608
91
0.0314227
44
0.0151934
-11
-0.00379834
40
0.0138122
-33
-0.011395
-110
-0.0379834
36
0.0124309
-3
-0.00103591
-30
-0.0103591
47
0.0162293
81
0.0279696
18
0.00621547
-84
-0.0290055
73
0.0252072
-102
-0.035221
-23
-0.00794199
42
0.0145028
-48
-0.0165746
-20
-0.00690608
112
0.038674
39
0.0134669
-12
-0.00414365
19
0.00656077
-9
-0.00310773
53
0.0183011
116
0.0400552
-3
-0.00103591
-89
-0.030732
34
0.0117403
-57
-0.0196823
-2
-0.000690608
33
0.011395
22
0.00759669
25
0.0086326
-5
-0.00172652
57
0.0196823
-8
-0.00276243
27
0.0093232
-4
-0.00138122
-22
-0.00759669
12
0.00414365
62
0.0214088
-27
-0.0093232
-75
-0.0258978
26
0.0089779
29
0.0100138
-10
-0.00345304
64
0.0220994
34
0.0117403
-99
-0.0341851
-30
-0.0103591
9
0.00310773
13
0.00448895
-78
-0.0269337
-21
-0.00725138
12
0.00414365
-22
-0.00759669
59
0.0203729
31
0.0107044
-48
-0.0165746
26
0.0089779
29
0.0100138
14
0.00483425
33
0.011395
-85
-0.0293508
-38
-0.0131215
37
0.0127762
28
0.00966851
-73
-0.0252072
148
0.051105
70
0.0241713
-7
-0.00241713
-42
-0.0145028
66
0.0227901
11
0.00379834
-15
-0.00517956
-52
-0.0179558
114
0.0393646
112
0.038674
159
0.0549033
27
0.0093232
103
0.0355663
-43
-0.0148481
11
0.00379834
53
0.0183011
7
0.00241713
-12
-0.00414365
31
0.0107044
5
0.00172652
14
0.00483425
87
0.0300414
-73
-0.0252072
-26
-0.0089779
22
0.00759669
24
0.00828729
7
0.00241713
5
0.00172652
69
0.023826
22
0.00759669
18
0.00621547
46
0.015884
6
0.00207182
-22
-0.00759669
13
0.00448895
11
0.00379834
-1
-0.000345304
41
0.0141575
26
0.0089779
16
0.00552486
-40
-0.0138122
-48
-0.0165746
91
0.0314227
-6
-0.00207182
21
0.00725138
-7
-0.00241713
-47
-0.0162293
12
0.00414365
-12
-0.00414365
57
0.0196823
62
0.0214088
-15
-0.00517956
21
0.00725138
70
0.0241713
144
0.0497238
-32
-0.0110497
15
0.00517956
3
0.00103591
-32
-0.0110497
-41
-0.0141575
240
0.0828729
117
0.0404006
92
0.031768
-16
-0.00552486
-1
-0.000345304
56
0.019337
68
0.0234807
155
0.0535221
78
0.0269337
-20
-0.00690608
-69
-0.023826
-18
-0.00621547
8
0.00276243
28
0.00966851
-107
-0.0369475
29
0.0100138
-8
-0.00276243
46
0.015884
-46
-0.015884
-25
-0.0086326
-31
-0.0107044
80
0.0276243
57
0.0196823
-62
-0.0214088
-60
-0.0207182
-41
-0.0141575
35
0.0120856
12
0.00414365
36
0.0124309
-14
-0.00483425
-67
-0.0231354
84
0.0290055
-46
-0.015884
1
0.000345304
-71
-0.0245166
41
0.0141575
-17
-0.00587017
39
0.0134669
54
0.0186464
-6
-0.00207182
-95
-0.0328039
-27
-0.0093232
27
0.0093232
-59
-0.0203729
-46
-0.015884
-26
-0.0089779
-35
-0.0120856
35
0.0120856
-25
-0.0086326
87
0.0300414
78
0.0269337
-77
-0.0265884
-13
-0.00448895
16
0.00552486
50
0.0172652
-61
-0.0210635
-82
-0.0283149
73
0.0252072
59
0.0203729
-61
-0.0210635
-138
-0.0476519
-51
-0.0176105
-105
-0.0362569
4
0.00138122
-25
-0.0086326
-64
-0.0220994
11
0.00379834
-68
-0.0234807
-18
-0.00621547
-3
-0.00103591
-62
-0.0214088
-46
-0.015884
19
0.00656077
-13
-0.00448895
-65
-0.0224448
-67
-0.0231354
14
0.00483425
20
0.00690608
22
0.00759669
66
0.0227901
94
0.0324586
16
0.00552486
70
0.0241713
69
0.023826
-23
-0.00794199
43
0.0148481
112
0.038674
28
0.00966851
-125
-0.043163
72
0.0248619
53
0.0183011
22
0.00759669
103
0.0355663
17
0.00587017
26
0.0089779
-10
-0.00345304
-56
-0.019337
90
0.0310773
4
0.00138122
-60
-0.0207182
-92
-0.031768
15
0.00517956
64
0.0220994
45
0.0155387
23
0.00794199
2
0.000690608
-13
-0.00448895
62
0.0214088
-66
-0.0227901
-1
-0.000345304
-43
-0.0148481
-17
-0.00587017
70
0.0241713
74
0.0255525
12
0.00414365
42
0.0145028
-80
-0.0276243
-58
-0.0200276
-24
-0.00828729
69
0.023826
-54
-0.0186464
-39
-0.0134669
38
0.0131215
-49
-0.0169199
-19
-0.00656077
43
0.0148481
-22
-0.00759669
-61
-0.0210635
-31
-0.0107044
-51
-0.0176105
40
0.0138122
7
0.00241713
-97
-0.0334945
-20
-0.00690608
68
0.0234807
-1
-0.000345304
12
0.00414365
-29
-0.0100138
-28
-0.00966851
-40
-0.0138122
-26
-0.0089779
-14
-0.00483425
-15
-0.00517956
5
0.00172652
37
0.0127762
-57
-0.0196823
-18
-0.00621547
-85
-0.0293508
-76
-0.0262431
-86
-0.0296961
-10
-0.00345304
94
0.0324586
60
0.0207182
52
0.0179558
-67
-0.0231354
9
0.00310773
-21
-0.00725138
4
0.00138122
-68
-0.0234807
-46
-0.015884
-36
-0.0124309
-21
-0.00725138
153
0.0528315
17
0.00587017
33
0.011395
-12
-0.00414365
-25
-0.0086326
42
0.0145028
18
0.00621547
-19
-0.00656077
-9
-0.00310773
23
0.00794199
135
0.046616
47
0.0162293
-25
-0.0086326
-38
-0.0131215
-135
-0.046616
-100
-0.0345304
-36
-0.0124309
40
0.0138122
-113
-0.0390193
34
0.0117403
-27
-0.0093232
-88
-0.0303867
50
0.0172652
-27
-0.0093232
42
0.0145028
-55
-0.0189917
82
0.0283149
-21
-0.00725138
29
0.0100138
-18
-0.00621547
-36
-0.0124309
-4
-0.00138122
82
0.0283149
-71
-0.0245166
31
0.0107044
17
0.00587017
20
0.00690608
23
0.00794199
57
0.0196823
-26
-0.0089779
-86
-0.0296961
-2
-0.000690608
-15
-0.00517956
60
0.0207182
51
0.0176105
33
0.011395
-79
-0.027279
0
0
-5
-0.00172652
26
0.0089779
19
0.00656077
-23
-0.00794199
-40
-0.0138122
36
0.0124309
-7
-0.00241713
7
0.00241713
-106
-0.0366022
0
0
-48
-0.0165746
61
0.0210635
3
0.00103591
20
0.00690608
109
0.0376381
4
0.00138122
-73
-0.0252072
8
0.00276243
13
0.00448895
-8
-0.00276243
62
0.0214088
17
0.00587017
-21
-0.00725138
-23
-0.00794199
43
0.0148481
27
0.0093232
-60
-0.0207182
63
0.0217541
-37
-0.0127762
-15
-0.00517956
-15
-0.00517956
18
0.00621547
-2
-0.000690608
13
0.00448895
-92
-0.031768
-31
-0.0107044
-3
-0.00103591
22
0.00759669
104
0.0359116
-24
-0.00828729
-135
-0.046616
13
0.00448895
-5
-0.00172652
-51
-0.0176105
39
0.0134669
21
0.00725138
-38
-0.0131215
0
0
-40
-0.0138122
-12
-0.00414365
-20
-0.00690608
-3
-0.00103591
52
0.0179558
-18
-0.00621547
-15
-0.00517956
-8
-0.00276243
-18
-0.00621547
-54
-0.0186464
10
0.00345304
38
0.0131215
-90
-0.0310773
114
0.0393646
31
0.0107044
-117
-0.0404006
-20
-0.00690608
22
0.00759669
7
0.00241713
51
0.0176105
-11
-0.00379834
-24
-0.00828729
10
0.00345304
-38
-0.0131215
-32
-0.0110497
51
0.0176105
47
0.0162293
-14
-0.00483425
-37
-0.0127762
-89
-0.030732
-9
-0.00310773
-62
-0.0214088
-1
-0.000345304
-61
-0.0210635
-4
-0.00138122
-17
-0.00587017
-113
-0.0390193
56
0.019337
23
0.00794199
42
0.0145028
53
0.0183011
-15
-0.00517956
54
0.0186464
-59
-0.0203729
-10
-0.00345304
-33
-0.011395
39
0.0134669
101
0.0348757
-15
-0.00517956
-76
-0.0262431
-135
-0.046616
-77
-0.0265884
42
0.0145028
-20
-0.00690608
-14
-0.00483425
38
0.0131215
66
0.0227901
-39
-0.0134669
-14
-0.00483425
10
0.00345304
-70
-0.0241713
24
0.00828729
-24
-0.00828729
-5
-0.00172652
55
0.0189917
49
0.0169199
13
0.00448895
99
0.0341851
-109
-0.0376381
59
0.0203729
63
0.0217541
40
0.0138122
0
0
-2
-0.000690608
42
0.0145028
90
0.0310773
-31
-0.0107044
16
0.00552486
25
0.0086326
-12
-0.00414365
-4
-0.00138122
-24
-0.00828729
-47
-0.0162293
-4
-0.00138122
38
0.0131215
-21
-0.00725138
-18
-0.00621547
-22
-0.00759669
-108
-0.0372928
70
0.0241713
-29
-0.0100138
79
0.027279
-44
-0.0151934
-99
-0.0341851
40
0.0138122
6
0.00207182
36
0.0124309
39
0.0134669
41
0.0141575
-34
-0.0117403
64
0.0220994
77
0.0265884
-112
-0.038674
30
0.0103591
20
0.00690608
40
0.0138122
-42
-0.0145028
8
0.00276243
31
0.0107044
-36
-0.0124309
16
0.00552486
65
0.0224448
-104
-0.0359116
71
0.0245166
-72
-0.0248619
-27
-0.0093232
-92
-0.031768
27
0.0093232
0
0
5
0.00172652
28
0.00966851
-105
-0.0362569
49
0.0169199
-44
-0.0151934
-34
-0.0117403
14
0.00483425
-75
-0.0258978
-44
-0.0151934
20
0.00690608
39
0.0134669
50
0.0172652
69
0.023826
99
0.0341851
-28
-0.00966851
-30
-0.0103591
-66
-0.0227901
-4
-0.00138122
25
0.0086326
27
0.0093232
64
0.0220994
26
0.0089779
44
0.0151934
-24
-0.00828729
-18
-0.00621547
-33
-0.011395
-28
-0.00966851
9
0.00310773
13
0.00448895
-15
-0.00517956
-73
-0.0252072
-19
-0.00656077
22
0.00759669
-27
-0.0093232
53
0.0183011
-53
-0.0183011
-2
-0.000690608
96
0.0331492
1
0.000345304
39
0.0134669
26
0.0089779
-22
-0.00759669
-12
-0.00414365
53
0.0183011
0
0
29
0.0100138
-63
-0.0217541
43
0.0148481
68
0.0234807
-26
-0.0089779
6
0.00207182
-72
-0.0248619
-38
-0.0131215
29
0.0100138
32
0.0110497
-14
-0.00483425
-52
-0.0179558
27
0.0093232
113
0.0390193
16
0.00552486
-3
-0.00103591
54
0.0186464
-119
-0.0410912
-11
-0.00379834
45
0.0155387
-60
-0.0207182
-18
-0.00621547
-57
-0.0196823
-41
-0.0141575
-55
-0.0189917
109
0.0376381
47
0.0162293
17
0.00587017
24
0.00828729
83
0.0286602
69
0.023826
0
0
7
0.00241713
-46
-0.015884
-65
-0.0224448
-24
-0.00828729
89
0.030732
-8
-0.00276243
149
0.0514503
36
0.0124309
42
0.0145028
-20
-0.00690608
113
0.0390193
67
0.0231354
71
0.0245166
39
0.0134669
59
0.0203729
-6
-0.00207182
13
0.00448895
-19
-0.00656077
-76
-0.0262431
15
0.00517956
43
0.0148481
72
0.0248619
125
0.043163
6
0.00207182
73
0.0252072
-50
-0.0172652
-40
-0.0138122
-89
-0.030732
2
0.000690608
-54
-0.0186464
-28
-0.00966851
-6
-0.00207182
36
0.0124309
54
0.0186464
64
0.0220994
-38
-0.0131215
16
0.00552486
30
0.0103591
-47
-0.0162293
-50
-0.0172652
-33
-0.011395
53
0.0183011
79
0.027279
-72
-0.0248619
54
0.0186464
29
0.0100138
49
0.0169199
51
0.0176105
81
0.0279696
-6
-0.00207182
79
0.027279
70
0.0241713
-55
-0.0189917
-10
-0.00345304
-6
-0.00207182
113
0.0390193
1
0.000345304
-50
-0.0172652
-22
-0.00759669
-31
-0.0107044
26
0.0089779
5
0.00172652
44
0.0151934
-47
-0.0162293
78
0.0269337
20
0.00690608
73
0.0252072
29
0.0100138
-83
-0.0286602
-24
-0.00828729
17
0.00587017
35
0.0120856
-27
-0.0093232
50
0.0172652
-83
-0.0286602
77
0.0265884
-2
-0.000690608
-102
-0.035221
-82
-0.0283149
12
0.00414365
60
0.0207182
5
0.00172652
-35
-0.0120856
35
0.0120856
-38
-0.0131215
-67
-0.0231354
-37
-0.0127762
13
0.00448895
-40
-0.0138122
-18
-0.00621547
-74
-0.0255525
25
0.0086326
-193
-0.0666436
-32
-0.0110497
42
0.0145028
-41
-0.0141575
-2
-0.000690608
20
0.00690608
32
0.0110497
50
0.0172652
-27
-0.0093232
-26
-0.0089779
-60
-0.0207182
60
0.0207182
-32
-0.0110497
50
0.0172652
49
0.0169199
-11
-0.00379834
-71
-0.0245166
-34
-0.0117403
-39
-0.0134669
-68
-0.0234807
-70
-0.0241713
21
0.00725138
-3
-0.00103591
-61
-0.0210635
12
0.00414365
0
0
70
0.0241713
-35
-0.0120856
3
0.00103591
-1
-0.000345304
21
0.00725138
-7
-0.00241713
-35
-0.0120856
-77
-0.0265884
-40
-0.0138122
46
0.015884
-116
-0.0400552
-1
-0.000345304
-30
-0.0103591
29
0.0100138
12
0.00414365
47
0.0162293
-1
-0.000345304
-113
-0.0390193
44
0.0151934
69
0.023826
55
0.0189917
-13
-0.00448895
3
0.00103591
-38
-0.0131215
-47
-0.0162293
-26
-0.0089779
-3
-0.00103591
-51
-0.0176105
-37
-0.0127762
-49
-0.0169199
71
0.0245166
-61
-0.0210635
40
0.0138122
-63
-0.0217541
106
0.0366022
-1
-0.000345304
-21
-0.00725138
18
0.00621547
4
0.00138122
-7
-0.00241713
-147
-0.0507597
44
0.0151934
33
0.011395
-36
-0.0124309
-21
-0.00725138
-50
-0.0172652
-47
-0.0162293
-18
-0.00621547
-48
-0.0165746
28
0.00966851
31
0.0107044
70
0.0241713
0
0
-8
-0.00276243
88
0.0303867
6
0.00207182
139
0.0479972
91
0.0314227
-98
-0.0338398
-13
-0.00448895
-42
-0.0145028
71
0.0245166
29
0.0100138
-10
-0.00345304
74
0.0255525
17
0.00587017
47
0.0162293
30
0.0103591
-63
-0.0217541
106
0.0366022
40
0.0138122
17
0.00587017
-49
-0.0169199
-34
-0.0117403
-79
-0.027279
-21
-0.00725138
-106
-0.0366022
-3
-0.00103591
-31
-0.0107044
73
0.0252072
46
0.015884
92
0.031768
-159
-0.0549033
45
0.0155387
29
0.0100138
47
0.0162293
-56
-0.019337
85
0.0293508
67
0.0231354
40
0.0138122
-73
-0.0252072
-9
-0.00310773
42
0.0145028
11
0.00379834
4
0.00138122
64
0.0220994
98
0.0338398
-18
-0.00621547
11
0.00379834
57
0.0196823
-6
-0.00207182
42
0.0145028
22
0.00759669
90
0.0310773
53
0.0183011
-7
-0.00241713
-71
-0.0245166
-18
-0.00621547
-55
-0.0189917
-83
-0.0286602
-26
-0.0089779
29
0.0100138
-13
-0.00448895
33
0.011395
9
0.00310773
-114
-0.0393646
-25
-0.0086326
-17
-0.00587017
9
0.00310773
62
0.0214088
-86
-0.0296961
26
0.0089779
18
0.00621547
-6
-0.00207182
44
0.0151934
-31
-0.0107044
-11
-0.00379834
-28
-0.00966851
10
0.00345304
-28
-0.00966851
-18
-0.00621547
18
0.00621547
-82
-0.0283149
-8
-0.00276243
-52
-0.0179558
-88
-0.0303867
-4
-0.00138122
-5
-0.00172652
-86
-0.0296961
-58
-0.0200276
-52
-0.0179558
52
0.0179558
-43
-0.0148481
3
0.00103591
67
0.0231354
-5
-0.00172652
46
0.015884
67
0.0231354
-39
-0.0134669
-26
-0.0089779
67
0.0231354
64
0.0220994
-45
-0.0155387
-32
-0.0110497
-30
-0.0103591
-43
-0.0148481
-6
-0.00207182
-53
-0.0183011
-34
-0.0117403
36
0.0124309
-24
-0.00828729
-38
-0.0131215
-80
-0.0276243
-35
-0.0120856
-52
-0.0179558
-75
-0.0258978
-39
-0.0134669
-76
-0.0262431
30
0.0103591
-7
-0.00241713
24
0.00828729
12
0.00414365
17
0.00587017
67
0.0231354
-26
-0.0089779
-39
-0.0134669
-89
-0.030732
58
0.0200276
32
0.0110497
28
0.00966851
48
0.0165746
14
0.00483425
49
0.0169199
39
0.0134669
24
0.00828729
18
0.00621547
-140
-0.0483425
-27
-0.0093232
11
0.00379834
-30
-0.0103591
51
0.0176105
59
0.0203729
-35
-0.0120856
60
0.0207182
-6
-0.00207182
10
0.00345304
194
0.066989
16
0.00552486
7
0.00241713
57
0.0196823
-43
-0.0148481
-23
-0.00794199
45
0.0155387
-15
-0.00517956
19
0.00656077
-45
-0.0155387
36
0.0124309
-18
-0.00621547
42
0.0145028
16
0.00552486
-5
-0.00172652
3
0.00103591
37
0.0127762
100
0.0345304
8
0.00276243
71
0.0245166
45
0.0155387
-66
-0.0227901
-2
-0.000690608
45
0.0155387
-32
-0.0110497
-2
-0.000690608
27
0.0093232
-51
-0.0176105
3
0.00103591
41
0.0141575
-38
-0.0131215
-10
-0.00345304
-88
-0.0303867
-47
-0.0162293
18
0.00621547
41
0.0141575
-48
-0.0165746
61
0.0210635
-36
-0.0124309
55
0.0189917
-13
-0.00448895
29
0.0100138
13
0.00448895
-8
-0.00276243
73
0.0252072
-20
-0.00690608
8
0.00276243
-93
-0.0321133
78
0.0269337
20
0.00690608
31
0.0107044
-2
-0.000690608
-17
-0.00587017
-41
-0.0141575
50
0.0172652
-9
-0.00310773
9
0.00310773
7
0.00241713
6
0.00207182
-19
-0.00656077
-32
-0.0110497
20
0.00690608
-39
-0.0134669
45
0.0155387
41
0.0141575
-50
-0.0172652
21
0.00725138
50
0.0172652
22
0.00759669
15
0.00517956
34
0.0117403
70
0.0241713
-88
-0.0303867
-25
-0.0086326
41
0.0141575
49
0.0169199
-18
-0.00621547
55
0.0189917
41
0.0141575
37
0.0127762
-1
-0.000345304
19
0.00656077
-151
-0.0521409
-53
-0.0183011
12
0.00414365
2
0.000690608
-42
-0.0145028
21
0.00725138
1
0.000345304
50
0.0172652
44
0.0151934
-26
-0.0089779
-39
-0.0134669
-70
-0.0241713
-24
-0.00828729
-62
-0.0214088
74
0.0255525
-61
-0.0210635
-19
-0.00656077
-1
-0.000345304
80
0.0276243
-19
-0.00656077
59
0.0203729
-41
-0.0141575
70
0.0241713
70
0.0241713
-99
-0.0341851
60
0.0207182
36
0.0124309
7
0.00241713
-87
-0.0300414
64
0.0220994
106
0.0366022
40
0.0138122
-79
-0.027279
27
0.0093232
89
0.030732
-4
-0.00138122
23
0.00794199
54
0.0186464
-31
-0.0107044
-16
-0.00552486
31
0.0107044
58
0.0200276
-17
-0.00587017
11
0.00379834
-38
-0.0131215
-38
-0.0131215
-98
-0.0338398
-17
-0.00587017
40
0.0138122
-24
-0.00828729
-23
-0.00794199
-64
-0.0220994
104
0.0359116
68
0.0234807
53
0.0183011
-28
-0.00966851
33
0.011395
32
0.0110497
22
0.00759669
28
0.00966851
-15
-0.00517956
23
0.00794199
6
0.00207182
-9
-0.00310773
-10
-0.00345304
25
0.0086326
79
0.027279
5
0.00172652
-25
-0.0086326
-45
-0.0155387
-66
-0.0227901
-32
-0.0110497
-81
-0.0279696
-36
-0.0124309
-11
-0.00379834
34
0.0117403
-137
-0.0473066
46
0.015884
-89
-0.030732
22
0.00759669
22
0.00759669
15
0.00517956
-18
-0.00621547
30
0.0103591
90
0.0310773
20
0.00690608
-57
-0.0196823
-23
-0.00794199
-45
-0.0155387
4
0.00138122
-46
-0.015884
30
0.0103591
18
0.00621547
-1
-0.000345304
27
0.0093232
54
0.0186464
107
0.0369475
-4
-0.00138122
-22
-0.00759669
53
0.0183011
27
0.0093232
18
0.00621547
-24
-0.00828729
-10
-0.00345304
14
0.00483425
21
0.00725138
-107
-0.0369475
32
0.0110497
-71
-0.0245166
14
0.00483425
1
0.000345304
82
0.0283149
-8
-0.00276243
-30
-0.0103591
137
0.0473066
26
0.0089779
54
0.0186464
15
0.00517956
51
0.0176105
73
0.0252072
-47
-0.0162293
-39
-0.0134669
89
0.030732
-104
-0.0359116
-9
-0.00310773
21
0.00725138
-17
-0.00587017
43
0.0148481
11
0.00379834
-4
-0.00138122
-21
-0.00725138
-26
-0.0089779
-2
-0.000690608
27
0.0093232
-46
-0.015884
34
0.0117403
50
0.0172652
-43
-0.0148481
-77
-0.0265884
39
0.0134669
50
0.0172652
17
0.00587017
-20
-0.00690608
12
0.00414365
72
0.0248619
46
0.015884
-73
-0.0252072
-41
-0.0141575
-13
-0.00448895
-47
-0.0162293
-40
-0.0138122
22
0.00759669
13
0.00448895
-21
-0.00725138
-89
-0.030732
-47
-0.0162293
73
0.0252072
11
0.00379834
70
0.0241713
-6
-0.00207182
-34
-0.0117403
5
0.00172652
-29
-0.0100138
-64
-0.0220994
2
0.000690608
-33
-0.011395
-93
-0.0321133
66
0.0227901
-61
-0.0210635
56
0.019337
-99
-0.0341851
27
0.0093232
-28
-0.00966851
12
0.00414365
-68
-0.0234807
-41
-0.0141575
-2
-0.000690608
-9
-0.00310773
-29
-0.0100138
-24
-0.00828729
4
0.00138122
-58
-0.0200276
39
0.0134669
-14
-0.00483425
-102
-0.035221
-28
-0.00966851
-72
-0.0248619
12
0.00414365
-83
-0.0286602
60
0.0207182
-153
-0.0528315
6
0.00207182
-65
-0.0224448
-77
-0.0265884
19
0.00656077
85
0.0293508
-29
-0.0100138
-25
-0.0086326
95
0.0328039
-31
-0.0107044
-49
-0.0169199
-3
-0.00103591
91
0.0314227
46
0.015884
76
0.0262431
13
0.00448895
-58
-0.0200276
9
0.00310773
-55
-0.0189917
-161
-0.0555939
26
0.0089779
37
0.0127762
14
0.00483425
-4
-0.00138122
17
0.00587017
-17
-0.00587017
-82
-0.0283149
-21
-0.00725138
-103
-0.0355663
-33
-0.011395
-42
-0.0145028
-10
-0.00345304
-29
-0.0100138
13
0.00448895
-46
-0.015884
-56
-0.019337
0
0
54
0.0186464
-100
-0.0345304
-15
-0.00517956
84
0.0290055
19
0.00656077
25
0.0086326
85
0.0293508
141
0.0486878
-13
-0.00448895
22
0.00759669
74
0.0255525
-4
-0.00138122
85
0.0293508
26
0.0089779
-33
-0.011395
15
0.00517956
-18
-0.00621547
-88
-0.0303867
-23
-0.00794199
42
0.0145028
-8
-0.00276243
-5
-0.00172652
-24
-0.00828729
-17
-0.00587017
-65
-0.0224448
-7
-0.00241713
-44
-0.0151934
10
0.00345304
55
0.0189917
51
0.0176105
-66
-0.0227901
-15
-0.00517956
13
0.00448895
13
0.00448895
-15
-0.00517956
-123
-0.0424724
-48
-0.0165746
-17
-0.00587017
-85
-0.0293508
92
0.031768
-7
-0.00241713
-46
-0.015884
-63
-0.0217541
-145
-0.0500691
-107
-0.0369475
-4
-0.00138122
-49
-0.0169199
-72
-0.0248619
-20
-0.00690608
-80
-0.0276243
-16
-0.00552486
-74
-0.0255525
3
0.00103591
-20
-0.00690608
19
0.00656077
49
0.0169199
28
0.00966851
-60
-0.0207182
50
0.0172652
-194
-0.066989
35
0.0120856
83
0.0286602
34
0.0117403
17
0.00587017
66
0.0227901
-25
-0.0086326
87
0.0300414
7
0.00241713
45
0.0155387
-5
-0.00172652
-27
-0.0093232
78
0.0269337
6
0.00207182
-21
-0.00725138
-19
-0.00656077
-18
-0.00621547
-19
-0.00656077
-16
-0.00552486
19
0.00656077
23
0.00794199
-92
-0.031768
27
0.0093232
-32
-0.0110497
46
0.015884
8
0.00276243
-48
-0.0165746
36
0.0124309
-88
-0.0303867
2
0.000690608
-143
-0.0493785
-22
-0.00759669
-126
-0.0435083
7
0.00241713
47
0.0162293
68
0.0234807
77
0.0265884
8
0.00276243
-10
-0.00345304
85
0.0293508
62
0.0214088
84
0.0290055
1
0.000345304
71
0.0245166
21
0.00725138
29
0.0100138
78
0.0269337
-27
-0.0093232
33
0.011395
-22
-0.00759669
31
0.0107044
10
0.00345304
27
0.0093232
-4
-0.00138122
34
0.0117403
-41
-0.0141575
44
0.0151934
98
0.0338398
-47
-0.0162293
27
0.0093232
-63
-0.0217541
26
0.0089779
4
0.00138122
46
0.015884
-34
-0.0117403
21
0.00725138
-114
-0.0393646
7
0.00241713
-53
-0.0183011
4
0.00138122
36
0.0124309
30
0.0103591
32
0.0110497
49
0.0169199
39
0.0134669
91
0.0314227
-91
-0.0314227
-38
-0.0131215
-9
-0.00310773
-37
-0.0127762
-30
-0.0103591
-88
-0.0303867
-17
-0.00587017
36
0.0124309
27
0.0093232
94
0.0324586
-71
-0.0245166
45
0.0155387
-35
-0.0120856
72
0.0248619
67
0.0231354
19
0.00656077
-46
-0.015884
33
0.011395
113
0.0390193
11
0.00379834
-6
-0.00207182
8
0.00276243
8
0.00276243
-61
-0.0210635
-58
-0.0200276
-26
-0.0089779
39
0.0134669
48
0.0165746
-71
-0.0245166
8
0.00276243
13
0.00448895
13
0.00448895
24
0.00828729
70
0.0241713
65
0.0224448
65
0.0224448
55
0.0189917
31
0.0107044
-84
-0.0290055
40
0.0138122
-60
-0.0207182
-19
-0.00656077
-24
-0.00828729
-29
-0.0100138
84
0.0290055
64
0.0220994
103
0.0355663
19
0.00656077
-44
-0.0151934
-14
-0.00483425
-86
-0.0296961
-10
-0.00345304
117
0.0404006
29
0.0100138
8
0.00276243
84
0.0290055
20
0.00690608
-69
-0.023826
-47
-0.0162293
-14
-0.00483425
-54
-0.0186464
-37
-0.0127762
48
0.0165746
61
0.0210635
24
0.00828729
49
0.0169199
-50
-0.0172652
-15
-0.00517956
55
0.0189917
60
0.0207182
-21
-0.00725138
23
0.00794199
27
0.0093232
5
0.00172652
-32
-0.0110497
-31
-0.0107044
4
0.00138122
52
0.0179558
22
0.00759669
99
0.0341851
61
0.0210635
59
0.0203729
26
0.0089779
-65
-0.0224448
100
0.0345304
68
0.0234807
-31
-0.0107044
22
0.00759669
41
0.0141575
-12
-0.00414365
71
0.0245166
-2
-0.000690608
4
0.00138122
2
0.000690608
22
0.00759669
-82
-0.0283149
0
0
75
0.0258978
36
0.0124309
11
0.00379834
-10
-0.00345304
43
0.0148481
210
0.0725138
84
0.0290055
-52
-0.0179558
-34
-0.0117403
57
0.0196823
-26
-0.0089779
-37
-0.0127762
-63
-0.0217541
-53
-0.0183011
-58
-0.0200276
39
0.0134669
33
0.011395
-96
-0.0331492
64
0.0220994
38
0.0131215
30
0.0103591
79
0.027279
-68
-0.0234807
82
0.0283149
-38
-0.0131215
34
0.0117403
69
0.023826
56
0.019337
14
0.00483425
65
0.0224448
5
0.00172652
-70
-0.0241713
73
0.0252072
64
0.0220994
-30
-0.0103591
25
0.0086326
-36
-0.0124309
48
0.0165746
-40
-0.0138122
143
0.0493785
-6
-0.00207182
12
0.00414365
-9
-0.00310773
-28
-0.00966851
32
0.0110497
-50
-0.0172652
-12
-0.00414365
-100
-0.0345304
47
0.0162293
83
0.0286602
69
0.023826
-59
-0.0203729
-26
-0.0089779
9
0.00310773
68
0.0234807
23
0.00794199
70
0.0241713
-33
-0.011395
-12
-0.00414365
83
0.0286602
0
0
4
0.00138122
20
0.00690608
-6
-0.00207182
-26
-0.0089779
-28
-0.00966851
-22
-0.00759669
-56
-0.019337
-55
-0.0189917
-2
-0.000690608
-6
-0.00207182
2
0.000690608
-70
-0.0241713
-16
-0.00552486
-70
-0.0241713
45
0.0155387
-16
-0.00552486
72
0.0248619
46
0.015884
2
0.000690608
7
0.00241713
2
0.000690608
62
0.0214088
62
0.0214088
25
0.0086326
43
0.0148481
-13
-0.00448895
-25
-0.0086326
58
0.0200276
53
0.0183011
-6
-0.00207182
56
0.019337
18
0.00621547
77
0.0265884
0
0
67
0.0231354
25
0.0086326
-71
-0.0245166
66
0.0227901
-41
-0.0141575
-33
-0.011395
5
0.00172652
-4
-0.00138122
7
0.00241713
-32
-0.0110497
-35
-0.0120856
3
0.00103591
5
0.00172652
14
0.00483425
14
0.00483425
-30
-0.0103591
36
0.0124309
-22
-0.00759669
101
0.0348757
73
0.0252072
10
0.00345304
15
0.00517956
5
0.00172652
-18
-0.00621547
21
0.00725138
-94
-0.0324586
-88
-0.0303867
-10
-0.00345304
27
0.0093232
-43
-0.0148481
-50
-0.0172652
-1
-0.000345304
28
0.00966851
-22
-0.00759669
3
0.00103591
-19
-0.00656077
23
0.00794199
46
0.015884
54
0.0186464
39
0.0134669
93
0.0321133
-12
-0.00414365
4
0.00138122
36
0.0124309
20
0.00690608
-94
-0.0324586
31
0.0107044
22
0.00759669
45
0.0155387
118
0.0407459
50
0.0172652
20
0.00690608
-15
-0.00517956
-43
-0.0148481
-39
-0.0134669
-57
-0.0196823
-124
-0.0428177
-83
-0.0286602
16
0.00552486
60
0.0207182
6
0.00207182
95
0.0328039
72
0.0248619
45
0.0155387
-39
-0.0134669
-3
-0.00103591
-4
-0.00138122
-40
-0.0138122
19
0.00656077
-39
-0.0134669
1
0.000345304
-5
-0.00172652
-118
-0.0407459
17
0.00587017
4
0.00138122
42
0.0145028
-24
-0.00828729
-66
-0.0227901
-145
-0.0500691
40
0.0138122
-16
-0.00552486
59
0.0203729
-32
-0.0110497
-46
-0.015884
-3
-0.00103591
-36
-0.0124309
1
0.000345304
8
0.00276243
38
0.0131215
-72
-0.0248619
-93
-0.0321133
21
0.00725138
28
0.00966851
-17
-0.00587017
107
0.0369475
-73
-0.0252072
2
0.000690608
0
0
-56
-0.019337
39
0.0134669
0
0
13
0.00448895
2
0.000690608
39
0.0134669
29
0.0100138
62
0.0214088
-96
-0.0331492
-10
-0.00345304
-72
-0.0248619
0
0
144
0.0497238
-18
-0.00621547
-27
-0.0093232
3
0.00103591
-48
-0.0165746
134
0.0462707
200
0.0690608
9
0.00310773
-64
-0.0220994
-91
-0.0314227
-104
-0.0359116
-44
-0.0151934
87
0.0300414
-1
-0.000345304
-16
-0.00552486
-19
-0.00656077
-32
-0.0110497
10
0.00345304
-47
-0.0162293
4
0.00138122
-112
-0.038674
30
0.0103591
21
0.00725138
0
0
17
0.00587017
-5
-0.00172652
-3
-0.00103591
54
0.0186464
-22
-0.00759669
-15
-0.00517956
0
0
12
0.00414365
29
0.0100138
-15
-0.00517956
43
0.0148481
-5
-0.00172652
-79
-0.027279
128
0.0441989
-46
-0.015884
43
0.0148481
36
0.0124309
-43
-0.0148481
-37
-0.0127762
-3
-0.00103591
-37
-0.0127762
-19
-0.00656077
-8
-0.00276243
100
0.0345304
72
0.0248619
-29
-0.0100138
-3
-0.00103591
35
0.0120856
-79
-0.027279
-91
-0.0314227
53
0.0183011
-46
-0.015884
30
0.0103591
-60
-0.0207182
184
0.0635359
-21
-0.00725138
86
0.0296961
3
0.00103591
-108
-0.0372928
7
0.00241713
32
0.0110497
-47
-0.0162293
112
0.038674
11
0.00379834
106
0.0366022
38
0.0131215
-120
-0.0414365
-22
-0.00759669
68
0.0234807
-22
-0.00759669
-9
-0.00310773
-2
-0.000690608
48
0.0165746
32
0.0110497
50
0.0172652
-34
-0.0117403
65
0.0224448
-44
-0.0151934
17
0.00587017
-66
-0.0227901
-62
-0.0214088
-49
-0.0169199
-5
-0.00172652
16
0.00552486
-84
-0.0290055
-9
-0.00310773
73
0.0252072
-45
-0.0155387
48
0.0165746
6
0.00207182
-82
-0.0283149
-49
-0.0169199
9
0.00310773
23
0.00794199
111
0.0383287
-16
-0.00552486
1
0.000345304
7
0.00241713
-35
-0.0120856
-41
-0.0141575
-24
-0.00828729
-29
-0.0100138
-49
-0.0169199
-30
-0.0103591
-25
-0.0086326
-14
-0.00483425
-60
-0.0207182
6
0.00207182
-55
-0.0189917
15
0.00517956
-27
-0.0093232
34
0.0117403
-19
-0.00656077
31
0.0107044
6
0.00207182
-2
-0.000690608
102
0.035221
-36
-0.0124309
38
0.0131215
-15
-0.00517956
-15
-0.00517956
23
0.00794199
-24
-0.00828729
-48
-0.0165746
-30
-0.0103591
-74
-0.0255525
32
0.0110497
70
0.0241713
44
0.0151934
0
0
-27
-0.0093232
-50
-0.0172652
6
0.00207182
0
0
-54
-0.0186464
64
0.0220994
-43
-0.0148481
1
0.000345304
-3
-0.00103591
16
0.00552486
-42
-0.0145028
-54
-0.0186464
102
0.035221
-29
-0.0100138
-27
-0.0093232
68
0.0234807
-115
-0.0397099
-8
-0.00276243
58
0.0200276
-11
-0.00379834
-26
-0.0089779
-21
-0.00725138
78
0.0269337
-25
-0.0086326
52
0.0179558
87
0.0300414
-44
-0.0151934
17
0.00587017
20
0.00690608
-25
-0.0086326
34
0.0117403
-3
-0.00103591
83
0.0286602
13
0.00448895
-44
-0.0151934
-25
-0.0086326
19
0.00656077
-32
-0.0110497
-12
-0.00414365
-24
-0.00828729
-2
-0.000690608
48
0.0165746
-119
-0.0410912
46
0.015884
-101
-0.0348757
-120
-0.0414365
112
0.038674
-32
-0.0110497
-5
-0.00172652
-95
-0.0328039
-156
-0.0538674
49
0.0169199
12
0.00414365
50
0.0172652
61
0.0210635
26
0.0089779
19
0.00656077
-1
-0.000345304
43
0.0148481
97
0.0334945
-75
-0.0258978
6
0.00207182
-62
-0.0214088
11
0.00379834
-31
-0.0107044
-35
-0.0120856
-84
-0.0290055
10
0.00345304
-49
-0.0169199
-3
-0.00103591
14
0.00483425
11
0.00379834
33
0.011395
77
0.0265884
-4
-0.00138122
-57
-0.0196823
41
0.0141575
28
0.00966851
63
0.0217541
20
0.00690608
52
0.0179558
-17
-0.00587017
-49
-0.0169199
48
0.0165746
35
0.0120856
-3
-0.00103591
73
0.0252072
-36
-0.0124309
83
0.0286602
62
0.0214088
-157
-0.0542127
32
0.0110497
113
0.0390193
-16
-0.00552486
-61
-0.0210635
43
0.0148481
-26
-0.0089779
40
0.0138122
-1
-0.000345304
59
0.0203729
-51
-0.0176105
19
0.00656077
54
0.0186464
-23
-0.00794199
99
0.0341851
15
0.00517956
53
0.0183011
-16
-0.00552486
29
0.0100138
-36
-0.0124309
107
0.0369475
10
0.00345304
58
0.0200276
-5
-0.00172652
-65
-0.0224448
51
0.0176105
-29
-0.0100138
-77
-0.0265884
-55
-0.0189917
95
0.0328039
-105
-0.0362569
11
0.00379834
-104
-0.0359116
11
0.00379834
-17
-0.00587017
39
0.0134669
98
0.0338398
31
0.0107044
-7
-0.00241713
-69
-0.023826
27
0.0093232
-27
-0.0093232
-7
-0.00241713
-69
-0.023826
-71
-0.0245166
-57
-0.0196823
-55
-0.0189917
-2
-0.000690608
-65
-0.0224448
20
0.00690608
-34
-0.0117403
-61
-0.0210635
-106
-0.0366022
18
0.00621547
-54
-0.0186464
17
0.00587017
-14
-0.00483425
-6
-0.00207182
-42
-0.0145028
52
0.0179558
19
0.00656077
32
0.0110497
36
0.0124309
21
0.00725138
-35
-0.0120856
27
0.0093232
32
0.0110497
-68
-0.0234807
22
0.00759669
37
0.0127762
-37
-0.0127762
29
0.0100138
-63
-0.0217541
-10
-0.00345304
48
0.0165746
112
0.038674
-32
-0.0110497
-4
-0.00138122
105
0.0362569
34
0.0117403
-9
-0.00310773
23
0.00794199
43
0.0148481
-20
-0.00690608
48
0.0165746
15
0.00517956
-42
-0.0145028
15
0.00517956
-57
-0.0196823
-4
-0.00138122
105
0.0362569
9
0.00310773
-12
-0.00414365
37
0.0127762
62
0.0214088
-49
-0.0169199
-39
-0.0134669
-13
-0.00448895
-34
-0.0117403
-50
-0.0172652
-88
-0.0303867
-19
-0.00656077
2
0.000690608
22
0.00759669
23
0.00794199
-72
-0.0248619
-6
-0.00207182
-6
-0.00207182
-9
-0.00310773
-11
-0.00379834
28
0.00966851
20
0.00690608
-14
-0.00483425
-64
-0.0220994
158
0.054558
47
0.0162293
-23
-0.00794199
-32
-0.0110497
-3
-0.00103591
19
0.00656077
51
0.0176105
-3
-0.00103591
0
0
18
0.00621547
-39
-0.0134669
68
0.0234807
-38
-0.0131215
-89
-0.030732
-13
-0.00448895
-29
-0.0100138
76
0.0262431
122
0.0421271
-70
-0.0241713
-38
-0.0131215
-27
-0.0093232
3
0.00103591
-18
-0.00621547
6
0.00207182
105
0.0362569
-17
-0.00587017
25
0.0086326
-13
-0.00448895
78
0.0269337
4
0.00138122
-60
-0.0207182
-49
-0.0169199
-6
-0.00207182
61
0.0210635
-106
-0.0366022
-19
-0.00656077
-53
-0.0183011
52
0.0179558
6
0.00207182
-64
-0.0220994
-30
-0.0103591
-31
-0.0107044
-13
-0.00448895
-37
-0.0127762
-76
-0.0262431
18
0.00621547
-45
-0.0155387
-18
-0.00621547
71
0.0245166
-9
-0.00310773
40
0.0138122
38
0.0131215
66
0.0227901
67
0.0231354
-23
-0.00794199
37
0.0127762
90
0.0310773
-49
-0.0169199
-7
-0.00241713
59
0.0203729
94
0.0324586
66
0.0227901
-14
-0.00483425
17
0.00587017
-33
-0.011395
40
0.0138122
-102
-0.035221
-40
-0.0138122
6
0.00207182
-101
-0.0348757
13
0.00448895
37
0.0127762
36
0.0124309
-32
-0.0110497
-4
-0.00138122
76
0.0262431
-91
-0.0314227
46
0.015884
-75
-0.0258978
-94
-0.0324586
-73
-0.0252072
42
0.0145028
10
0.00345304
47
0.0162293
-46
-0.015884
-24
-0.00828729
92
0.031768
22
0.00759669
-46
-0.015884
13
0.00448895
-58
-0.0200276
-30
-0.0103591
-38
-0.0131215
37
0.0127762
-21
-0.00725138
34
0.0117403
1
0.000345304
35
0.0120856
-96
-0.0331492
-90
-0.0310773
-2
-0.000690608
3
0.00103591
-10
-0.00345304
-14
-0.00483425
2
0.000690608
-47
-0.0162293
100
0.0345304
-23
-0.00794199
49
0.0169199
26
0.0089779
-34
-0.0117403
66
0.0227901
19
0.00656077
93
0.0321133
53
0.0183011
-2
-0.000690608
-64
-0.0220994
23
0.00794199
-88
-0.0303867
-59
-0.0203729
-78
-0.0269337
-29
-0.0100138
16
0.00552486
34
0.0117403
51
0.0176105
58
0.0200276
-31
-0.0107044
71
0.0245166
-10
-0.00345304
17
0.00587017
-37
-0.0127762
-39
-0.0134669
-37
-0.0127762
-52
-0.0179558
-12
-0.00414365
11
0.00379834
-91
-0.0314227
-25
-0.0086326
-4
-0.00138122
-83
-0.0286602
-115
-0.0397099
18
0.00621547
33
0.011395
-73
-0.0252072
-16
-0.00552486
61
0.0210635
-145
-0.0500691
-58
-0.0200276
-5
-0.00172652
18
0.00621547
31
0.0107044
-55
-0.0189917
-34
-0.0117403
-43
-0.0148481
-20
-0.00690608
37
0.0127762
-48
-0.0165746
-17
-0.00587017
62
0.0214088
-8
-0.00276243
-7
-0.00241713
-95
-0.0328039
-52
-0.0179558
20
0.00690608
-18
-0.00621547
-26
-0.0089779
-27
-0.0093232
33
0.011395
-58
-0.0200276
19
0.00656077
-42
-0.0145028
80
0.0276243
45
0.0155387
-24
-0.00828729
-81
-0.0279696
-6
-0.00207182
92
0.031768
1
0.000345304
-68
-0.0234807
-7
-0.00241713
-6
-0.00207182
-9
-0.00310773
19
0.00656077
-63
-0.0217541
-78
-0.0269337
-6
-0.00207182
102
0.035221
21
0.00725138
22
0.00759669
-39
-0.0134669
25
0.0086326
40
0.0138122
-14
-0.00483425
-42
-0.0145028
35
0.0120856
-32
-0.0110497
-55
-0.0189917
-38
-0.0131215
127
0.0438536
3
0.00103591
150
0.0517956
-32
-0.0110497
27
0.0093232
0
0
26
0.0089779
17
0.00587017
-4
-0.00138122
-6
-0.00207182
-4
-0.00138122
4
0.00138122
-45
-0.0155387
57
0.0196823
-49
-0.0169199
-50
-0.0172652
-4
-0.00138122
26
0.0089779
-75
-0.0258978
5
0.00172652
14
0.00483425
69
0.023826
77
0.0265884
-23
-0.00794199
-4
-0.00138122
25
0.0086326
133
0.0459254
58
0.0200276
-7
-0.00241713
22
0.00759669
-28
-0.00966851
-19
-0.00656077
37
0.0127762
-24
-0.00828729
63
0.0217541
-29
-0.0100138
-3
-0.00103591
-10
-0.00345304
32
0.0110497
56
0.019337
-42
-0.0145028
-53
-0.0183011
5
0.00172652
61
0.0210635
110
0.0379834
139
0.0479972
-35
-0.0120856
-40
-0.0138122
47
0.0162293
15
0.00517956
-5
-0.00172652
-28
-0.00966851
31
0.0107044
25
0.0086326
108
0.0372928
-116
-0.0400552
100
0.0345304
-27
-0.0093232
-55
-0.0189917
2
0.000690608
57
0.0196823
-68
-0.0234807
56
0.019337
40
0.0138122
60
0.0207182
13
0.00448895
-55
-0.0189917
30
0.0103591
-10
-0.00345304
63
0.0217541
138
0.0476519
36
0.0124309
-120
-0.0414365
-32
-0.0110497
23
0.00794199
-29
-0.0100138
40
0.0138122
12
0.00414365
7
0.00241713
47
0.0162293
75
0.0258978
-64
-0.0220994
89
0.030732
10
0.00345304
37
0.0127762
-21
-0.00725138
11
0.00379834
7
0.00241713
-32
-0.0110497
-38
-0.0131215
72
0.0248619
-55
-0.0189917
-98
-0.0338398
-18
-0.00621547
79
0.027279
47
0.0162293
43
0.0148481
-7
-0.00241713
8
0.00276243
-12
-0.00414365
-5
-0.00172652
-33
-0.011395
-14
-0.00483425
-29
-0.0100138
15
0.00517956
45
0.0155387
45
0.0155387
-57
-0.0196823
56
0.019337
-52
-0.0179558
10
0.00345304
-31
-0.0107044
12
0.00414365
84
0.0290055
-48
-0.0165746
-29
-0.0100138
-78
-0.0269337
9
0.00310773
-64
-0.0220994
43
0.0148481
-29
-0.0100138
-93
-0.0321133
-19
-0.00656077
-57
-0.0196823
-43
-0.0148481
-24
-0.00828729
7
0.00241713
37
0.0127762
62
0.0214088
38
0.0131215
45
0.0155387
37
0.0127762
-39
-0.0134669
21
0.00725138
2
0.000690608
25
0.0086326
-7
-0.00241713
-58
-0.0200276
-100
-0.0345304
-80
-0.0276243
18
0.00621547
-12
-0.00414365
-17
-0.00587017
-54
-0.0186464
69
0.023826
38
0.0131215
-23
-0.00794199
-19
-0.00656077
-1
-0.000345304
47
0.0162293
50
0.0172652
72
0.0248619
13
0.00448895
68
0.0234807
7
0.00241713
-68
-0.0234807
76
0.0262431
22
0.00759669
-23
-0.00794199
-5
-0.00172652
-3
-0.00103591
-6
-0.00207182
83
0.0286602
-5
-0.00172652
-27
-0.0093232
-21
-0.00725138
8
0.00276243
41
0.0141575
57
0.0196823
62
0.0214088
76
0.0262431
-48
-0.0165746
-25
-0.0086326
-15
-0.00517956
39
0.0134669
-18
-0.00621547
33
0.011395
-12
-0.00414365
-40
-0.0138122
76
0.0262431
13
0.00448895
-29
-0.0100138
-26
-0.0089779
-45
-0.0155387
-23
-0.00794199
37
0.0127762
28
0.00966851
72
0.0248619
102
0.035221
-28
-0.00966851
-18
-0.00621547
20
0.00690608
-80
-0.0276243
-33
-0.011395
-47
-0.0162293
-20
-0.00690608
28
0.00966851
-65
-0.0224448
27
0.0093232
54
0.0186464
-83
-0.0286602
59
0.0203729
-46
-0.015884
-20
-0.00690608
54
0.0186464
-19
-0.00656077
-59
-0.0203729
53
0.0183011
20
0.00690608
-8
-0.00276243
-56
-0.019337
75
0.0258978
13
0.00448895
19
0.00656077
84
0.0290055
47
0.0162293
-26
-0.0089779
42
0.0145028
-89
-0.030732
-48
-0.0165746
46
0.015884
-60
-0.0207182
-1
-0.000345304
0
0
91
0.0314227
-34
-0.0117403
36
0.0124309
28
0.00966851
-4
-0.00138122
47
0.0162293
85
0.0293508
27
0.0093232
-56
-0.019337
4
0.00138122
15
0.00517956
-7
-0.00241713
-73
-0.0252072
3
0.00103591
7
0.00241713
48
0.0165746
48
0.0165746
5
0.00172652
83
0.0286602
68
0.0234807
39
0.0134669
35
0.0120856
13
0.00448895
83
0.0286602
112
0.038674
42
0.0145028
-21
-0.00725138
-26
-0.0089779
109
0.0376381
29
0.0100138
-56
-0.019337
25
0.0086326
-65
-0.0224448
-39
-0.0134669
9
0.00310773
8
0.00276243
-84
-0.0290055
-32
-0.0110497
-47
-0.0162293
69
0.023826
-6
-0.00207182
-47
-0.0162293
29
0.0100138
-58
-0.0200276
9
0.00310773
57
0.0196823
2
0.000690608
-72
-0.0248619
-33
-0.011395
-12
-0.00414365
-77
-0.0265884
107
0.0369475
46
0.015884
30
0.0103591
15
0.00517956
104
0.0359116
22
0.00759669
-62
-0.0214088
-118
-0.0407459
-32
-0.0110497
-119
-0.0410912
36
0.0124309
99
0.0341851
-37
-0.0127762
-59
-0.0203729
16
0.00552486
-123
-0.0424724
48
0.0165746
90
0.0310773
12
0.00414365
-98
-0.0338398
-10
-0.00345304
-53
-0.0183011
-29
-0.0100138
-6
-0.00207182
2
0.000690608
-16
-0.00552486
-1
-0.000345304
-82
-0.0283149
57
0.0196823
-127
-0.0438536
20
0.00690608
0
0
20
0.00690608
-54
-0.0186464
-14
-0.00483425
-7
-0.00241713
-47
-0.0162293
47
0.0162293
-49
-0.0169199
-52
-0.0179558
32
0.0110497
40
0.0138122
-99
-0.0341851
48
0.0165746
-35
-0.0120856
-91
-0.0314227
41
0.0141575
46
0.015884
64
0.0220994
51
0.0176105
-49
-0.0169199
64
0.0220994
-5
-0.00172652
112
0.038674
-25
-0.0086326
12
0.00414365
121
0.0417818
-75
-0.0258978
60
0.0207182
-33
-0.011395
-22
-0.00759669
-42
-0.0145028
-77
-0.0265884
105
0.0362569
53
0.0183011
-40
-0.0138122
78
0.0269337
71
0.0245166
-39
-0.0134669
-15
-0.00517956
-34
-0.0117403
23
0.00794199
-7
-0.00241713
-39
-0.0134669
-44
-0.0151934
48
0.0165746
-31
-0.0107044
-57
-0.0196823
7
0.00241713
-65
-0.0224448
-134
-0.0462707
99
0.0341851
4
0.00138122
-29
-0.0100138
-22
-0.00759669
-85
-0.0293508
37
0.0127762
139
0.0479972
26
0.0089779
61
0.0210635
12
0.00414365
10
0.00345304
37
0.0127762
38
0.0131215
-69
-0.023826
-43
-0.0148481
24
0.00828729
-9
-0.00310773
2
0.000690608
-54
-0.0186464
-34
-0.0117403
-16
-0.00552486
25
0.0086326
38
0.0131215
44
0.0151934
-21
-0.00725138
87
0.0300414
-72
-0.0248619
-35
-0.0120856
-47
-0.0162293
-2
-0.000690608
-13
-0.00448895
51
0.0176105
74
0.0255525
20
0.00690608
115
0.0397099
17
0.00587017
107
0.0369475
-20
-0.00690608
6
0.00207182
-45
-0.0155387
79
0.027279
19
0.00656077
22
0.00759669
51
0.0176105
15
0.00517956
31
0.0107044
-12
-0.00414365
-57
-0.0196823
-70
-0.0241713
71
0.0245166
60
0.0207182
-45
-0.0155387
72
0.0248619
-28
-0.00966851
-89
-0.030732
-14
-0.00483425
122
0.0421271
18
0.00621547
-44
-0.0151934
45
0.0155387
124
0.0428177
-33
-0.011395
42
0.0145028
-24
-0.00828729
-61
-0.0210635
38
0.0131215
39
0.0134669
48
0.0165746
-13
-0.00448895
-19
-0.00656077
42
0.0145028
-36
-0.0124309
25
0.0086326
58
0.0200276
-38
-0.0131215
-66
-0.0227901
8
0.00276243
7
0.00241713
-61
-0.0210635
-32
-0.0110497
-23
-0.00794199
-33
-0.011395
21
0.00725138
-13
-0.00448895
-41
-0.0141575
4
0.00138122
-119
-0.0410912
30
0.0103591
23
0.00794199
15
0.00517956
-27
-0.0093232
-24
-0.00828729
94
0.0324586
-5
-0.00172652
33
0.011395
-29
-0.0100138
-34
-0.0117403
-37
-0.0127762
45
0.0155387
19
0.00656077
40
0.0138122
-148
-0.051105
8
0.00276243
-46
-0.015884
-43
-0.0148481
-42
-0.0145028
-128
-0.0441989
-11
-0.00379834
22
0.00759669
65
0.0224448
-52
-0.0179558
-21
-0.00725138
-3
-0.00103591
-36
-0.0124309
10
0.00345304
-32
-0.0110497
-44
-0.0151934
-25
-0.0086326
109
0.0376381
21
0.00725138
-49
-0.0169199
89
0.030732
-45
-0.0155387
-81
-0.0279696
-102
-0.035221
0
0
27
0.0093232
54
0.0186464
41
0.0141575
2
0.000690608
12
0.00414365
-10
-0.00345304
17
0.00587017
21
0.00725138
-113
-0.0390193
-37
-0.0127762
11
0.00379834
19
0.00656077
-19
-0.00656077
38
0.0131215
-76
-0.0262431
-44
-0.0151934
56
0.019337
122
0.0421271
-31
-0.0107044
12
0.00414365
18
0.00621547
32
0.0110497
115
0.0397099
12
0.00414365
-54
-0.0186464
-7
-0.00241713
-57
-0.0196823
-41
-0.0141575
18
0.00621547
83
0.0286602
-7
-0.00241713
18
0.00621547
71
0.0245166
-71
-0.0245166
-21
-0.00725138
104
0.0359116
-15
-0.00517956
-13
-0.00448895
-23
-0.00794199
-65
-0.0224448
-28
-0.00966851
-8
-0.00276243
-44
-0.0151934
52
0.0179558
-101
-0.0348757
-10
-0.00345304
75
0.0258978
39
0.0134669
-39
-0.0134669
13
0.00448895
-110
-0.0379834
-4
-0.00138122
-58
-0.0200276
-70
-0.0241713
-47
-0.0162293
60
0.0207182
7
0.00241713
-78
-0.0269337
-115
-0.0397099
-73
-0.0252072
70
0.0241713
15
0.00517956
-2
-0.000690608
6
0.00207182
30
0.0103591
96
0.0331492
75
0.0258978
-47
-0.0162293
67
0.0231354
18
0.00621547
48
0.0165746
36
0.0124309
-77
-0.0265884
-92
-0.031768
-10
-0.00345304
-51
-0.0176105
-23
-0.00794199
-2
-0.000690608
-59
-0.0203729
27
0.0093232
-12
-0.00414365
64
0.0220994
97
0.0334945
91
0.0314227
-9
-0.00310773
-27
-0.0093232
-109
-0.0376381
27
0.0093232
-41
-0.0141575
24
0.00828729
-50
-0.0172652
44
0.0151934
4
0.00138122
21
0.00725138
58
0.0200276
-3
-0.00103591
101
0.0348757
-65
-0.0224448
54
0.0186464
54
0.0186464
103
0.0355663
37
0.0127762
15
0.00517956
-38
-0.0131215
28
0.00966851
-17
-0.00587017
5
0.00172652
-20
-0.00690608
-24
-0.00828729
-89
-0.030732
-16
-0.00552486
-6
-0.00207182
-62
-0.0214088
-57
-0.0196823
40
0.0138122
-40
-0.0138122
16
0.00552486
-45
-0.0155387
-35
-0.0120856
-49
-0.0169199
6
0.00207182
10
0.00345304
66
0.0227901
7
0.00241713
-6
-0.00207182
6
0.00207182
18
0.00621547
11
0.00379834
-84
-0.0290055
-3
-0.00103591
80
0.0276243
-15
-0.00517956
11
0.00379834
-67
-0.0231354
65
0.0224448
-23
-0.00794199
-50
-0.0172652
29
0.0100138
4
0.00138122
-23
-0.00794199
83
0.0286602
28
0.00966851
12
0.00414365
-39
-0.0134669
-78
-0.0269337
50
0.0172652
-31
-0.0107044
-47
-0.0162293
78
0.0269337
7
0.00241713
-7
-0.00241713
16
0.00552486
-72
-0.0248619
-31
-0.0107044
-45
-0.0155387
112
0.038674
-12
-0.00414365
-54
-0.0186464
-14
-0.00483425
28
0.00966851
57
0.0196823
40
0.0138122
4
0.00138122
-101
-0.0348757
25
0.0086326
50
0.0172652
-66
-0.0227901
5
0.00172652
9
0.00310773
-41
-0.0141575
-31
-0.0107044
69
0.023826
-145
-0.0500691
17
0.00587017
32
0.0110497
76
0.0262431
2
0.000690608
30
0.0103591
-48
-0.0165746
7
0.00241713
53
0.0183011
64
0.0220994
42
0.0145028
-16
-0.00552486
-9
-0.00310773
-54
-0.0186464
49
0.0169199
50
0.0172652
57
0.0196823
4
0.00138122
109
0.0376381
23
0.00794199
-49
-0.0169199
-20
-0.00690608
93
0.0321133
-4
-0.00138122
-11
-0.00379834
-28
-0.00966851
-6
-0.00207182
3
0.00103591
-35
-0.0120856
-22
-0.00759669
32
0.0110497
4
0.00138122
-63
-0.0217541
80
0.0276243
80
0.0276243
-15
-0.00517956
37
0.0127762
-97
-0.0334945
-54
-0.0186464
-2
-0.000690608
-64
-0.0220994
-24
-0.00828729
-80
-0.0276243
-59
-0.0203729
88
0.0303867
-13
-0.00448895
87
0.0300414
28
0.00966851
-60
-0.0207182
99
0.0341851
62
0.0214088
28
0.00966851
103
0.0355663
-29
-0.0100138
-29
-0.0100138
48
0.0165746
-8
-0.00276243
85
0.0293508
-43
-0.0148481
-2
-0.000690608
-58
-0.0200276
3
0.00103591
20
0.00690608
-8
-0.00276243
-68
-0.0234807
0
0
-12
-0.00414365
30
0.0103591
-3
-0.00103591
39
0.0134669
64
0.0220994
43
0.0148481
-29
-0.0100138
16
0.00552486
-52
-0.0179558
61
0.0210635
-24
-0.00828729
23
0.00794199
76
0.0262431
-31
-0.0107044
16
0.00552486
13
0.00448895
-49
-0.0169199
-18
-0.00621547
-17
-0.00587017
18
0.00621547
0
0
0
0
-45
-0.0155387
46
0.015884
3
0.00103591
-59
-0.0203729
-67
-0.0231354
100
0.0345304
46
0.015884
-58
-0.0200276
8
0.00276243
73
0.0252072
-8
-0.00276243
55
0.0189917
-103
-0.0355663
-33
-0.011395
-5
-0.00172652
-59
-0.0203729
-63
-0.0217541
-60
-0.0207182
20
0.00690608
-44
-0.0151934
-20
-0.00690608
-2
-0.000690608
-134
-0.0462707
42
0.0145028
-25
-0.0086326
15
0.00517956
-6
-0.00207182
-88
-0.0303867
-4
-0.00138122
80
0.0276243
24
0.00828729
-30
-0.0103591
95
0.0328039
0
0
-109
-0.0376381
-39
-0.0134669
2
0.000690608
-36
-0.0124309
65
0.0224448
0
0
-28
-0.00966851
11
0.00379834
-15
-0.00517956
48
0.0165746
-8
-0.00276243
22
0.00759669
-10
-0.00345304
95
0.0328039
-141
-0.0486878
-37
-0.0127762
-3
-0.00103591
29
0.0100138
77
0.0265884
-18
-0.00621547
19
0.00656077
0
0
16
0.00552486
-50
-0.0172652
41
0.0141575
-18
-0.00621547
-10
-0.00345304
24
0.00828729
-46
-0.015884
17
0.00587017
-35
-0.0120856
-62
-0.0214088
-18
-0.00621547
-53
-0.0183011
44
0.0151934
-35
-0.0120856
3
0.00103591
-61
-0.0210635
39
0.0134669
-36
-0.0124309
71
0.0245166
-31
-0.0107044
-71
-0.0245166
-13
-0.00448895
-69
-0.023826
-5
-0.00172652
63
0.0217541
-10
-0.00345304
37
0.0127762
32
0.0110497
56
0.019337
9
0.00310773
136
0.0469613
18
0.00621547
-36
-0.0124309
81
0.0279696
-23
-0.00794199
-14
-0.00483425
66
0.0227901
-27
-0.0093232
-69
-0.023826
11
0.00379834
-28
-0.00966851
-17
-0.00587017
47
0.0162293
31
0.0107044
-58
-0.0200276
33
0.011395
-101
-0.0348757
69
0.023826
-131
-0.0452348
-23
-0.00794199
-20
-0.00690608
32
0.0110497
0
0
-4
-0.00138122
-107
-0.0369475
-121
-0.0417818
-13
-0.00448895
-6
-0.00207182
8
0.00276243
-22
-0.00759669
-64
-0.0220994
83
0.0286602
127
0.0438536
-31
-0.0107044
-19
-0.00656077
-45
-0.0155387
-39
-0.0134669
68
0.0234807
-58
-0.0200276
-72
-0.0248619
58
0.0200276
8
0.00276243
21
0.00725138
-34
-0.0117403
61
0.0210635
47
0.0162293
-9
-0.00310773
-1
-0.000345304
73
0.0252072
-83
-0.0286602
3
0.00103591
-12
-0.00414365
24
0.00828729
-85
-0.0293508
-51
-0.0176105
9
0.00310773
-55
-0.0189917
-28
-0.00966851
-54
-0.0186464
80
0.0276243
-52
-0.0179558
42
0.0145028
41
0.0141575
-84
-0.0290055
-4
-0.00138122
88
0.0303867
-7
-0.00241713
-14
-0.00483425
123
0.0424724
-7
-0.00241713
-20
-0.00690608
21
0.00725138
46
0.015884
24
0.00828729
29
0.0100138
23
0.00794199
19
0.00656077
-67
-0.0231354
14
0.00483425
37
0.0127762
-17
-0.00587017
-31
-0.0107044
-161
-0.0555939
-56
-0.019337
-70
-0.0241713
-67
-0.0231354
24
0.00828729
-73
-0.0252072
-27
-0.0093232
-28
-0.00966851
-1
-0.000345304
0
0
72
0.0248619
-11
-0.00379834
21
0.00725138
-16
-0.00552486
-106
-0.0366022
14
0.00483425
-1
-0.000345304
-23
-0.00794199
12
0.00414365
-31
-0.0107044
-50
-0.0172652
-8
-0.00276243
-2
-0.000690608
-3
-0.00103591
-21
-0.00725138
-13
-0.00448895
-22
-0.00759669
24
0.00828729
134
0.0462707
-70
-0.0241713
5
0.00172652
21
0.00725138
16
0.00552486
-64
-0.0220994
62
0.0214088
15
0.00517956
17
0.00587017
32
0.0110497
-41
-0.0141575
-59
-0.0203729
106
0.0366022
-28
-0.00966851
-44
-0.0151934
-63
-0.0217541
-58
-0.0200276
3
0.00103591
13
0.00448895
3
0.00103591
47
0.0162293
49
0.0169199
13
0.00448895
-33
-0.011395
-62
-0.0214088
-53
-0.0183011
70
0.0241713
40
0.0138122
-78
-0.0269337
-70
-0.0241713
