-30
-0.0414365
-7
-0.00966851
-28
-0.038674
-26
-0.0359116
-21
-0.0290055
-11
-0.0151934
0
0
29
0.0400552
50
0.0690608
-25
-0.0345304
2
0.00276243
5
0.00690608
40
0.0552486
-20
-0.0276243
10
0.0138122
18
0.0248619
-12
-0.0165746
0
0
-20
-0.0276243
-14
-0.019337
-20
-0.0276243
36
0.0497238
16
0.0220994
6
0.00828729
52
0.0718232
20
0.0276243
-28
-0.038674
-4
-0.00552486
-10
-0.0138122
5
0.00690608
3
0.00414365
-9
-0.0124309
-18
-0.0248619
40
0.0552486
10
0.0138122
-13
-0.0179558
53
0.0732044
12
0.0165746
9
0.0124309
-15
-0.0207182
15
0.0207182
27
0.0372928
43
0.0593923
6
0.00828729
15
0.0207182
-33
-0.0455801
-19
-0.0262431
52
0.0718232
-36
-0.0497238
-14
-0.019337
20
0.0276243
-5
-0.00690608
9
0.0124309
14
0.019337
32
0.0441989
21
0.0290055
16
0.0220994
7
0.00966851
13
0.0179558
-43
-0.0593923
16
0.0220994
-21
-0.0290055
7
0.00966851
-25
-0.0345304
-20
-0.0276243
11
0.0151934
-12
-0.0165746
-19
-0.0262431
1
0.00138122
-32
-0.0441989
-2
-0.00276243
37
0.051105
-1
-0.00138122
-19
-0.0262431
4
0.00552486
23
0.031768
15
0.0207182
-1
-0.00138122
4
0.00552486
13
0.0179558
-24
-0.0331492
-24
-0.0331492
-38
-0.0524862
12
0.0165746
33
0.0455801
-26
-0.0359116
20
0.0276243
-12
-0.0165746
-48
-0.0662983
-18
-0.0248619
-22
-0.0303867
-4
-0.00552486
17
0.0234807
5
0.00690608
-7
-0.00966851
0
0
18
0.0248619
-9
-0.0124309
13
0.0179558
-36
-0.0497238
26
0.0359116
-18
-0.0248619
-9
-0.0124309
8
0.0110497
31
0.0428177
14
0.019337
18
0.0248619
2
0.00276243
3
0.00414365
-7
-0.00966851
34
0.0469613
25
0.0345304
-29
-0.0400552
-16
-0.0220994
47
0.0649171
-5
-0.00690608
-19
-0.0262431
-19
-0.0262431
6
0.00828729
-13
-0.0179558
24
0.0331492
4
0.00552486
-12
-0.0165746
-2
-0.00276243
19
0.0262431
-7
-0.00966851
8
0.0110497
42
0.058011
21
0.0290055
-11
-0.0151934
-27
-0.0372928
-39
-0.0538674
-26
-0.0359116
-4
-0.00552486
5
0.00690608
16
0.0220994
45
0.0621547
0
0
-6
-0.00828729
15
0.0207182
9
0.0124309
55
0.0759669
68
0.0939227
-39
-0.0538674
-4
-0.00552486
3
0.00414365
1
0.00138122
0
0
-22
-0.0303867
47
0.0649171
-2
-0.00276243
36
0.0497238
15
0.0207182
-9
-0.0124309
-21
-0.0290055
14
0.019337
11
0.0151934
25
0.0345304
-32
-0.0441989
-18
-0.0248619
-1
-0.00138122
-20
-0.0276243
4
0.00552486
-16
-0.0220994
3
0.00414365
-17
-0.0234807
-15
-0.0207182
8
0.0110497
-16
-0.0220994
42
0.058011
24
0.0331492
-4
-0.00552486
33
0.0455801
-10
-0.0138122
-40
-0.0552486
-28
-0.038674
-46
-0.0635359
-2
-0.00276243
2
0.00276243
-20
-0.0276243
-27
-0.0372928
-11
-0.0151934
-18
-0.0248619
-19
-0.0262431
-37
-0.051105
32
0.0441989
-34
-0.0469613
22
0.0303867
18
0.0248619
0
0
13
0.0179558
19
0.0262431
-18
-0.0248619
14
0.019337
25
0.0345304
13
0.0179558
16
0.0220994
30
0.0414365
-7
-0.00966851
65
0.089779
8
0.0110497
21
0.0290055
-7
-0.00966851
43
0.0593923
13
0.0179558
-39
-0.0538674
-28
-0.038674
40
0.0552486
-27
-0.0372928
-10
-0.0138122
-13
-0.0179558
46
0.0635359
-1
-0.00138122
9
0.0124309
36
0.0497238
11
0.0151934
-6
-0.00828729
-4
-0.00552486
15
0.0207182
15
0.0207182
-32
-0.0441989
10
0.0138122
17
0.0234807
7
0.00966851
-42
-0.058011
-10
-0.0138122
-35
-0.0483425
-61
-0.0842541
-4
-0.00552486
19
0.0262431
-14
-0.019337
-15
-0.0207182
-9
-0.0124309
33
0.0455801
36
0.0497238
16
0.0220994
16
0.0220994
16
0.0220994
11
0.0151934
7
0.00966851
39
0.0538674
-35
-0.0483425
56
0.0773481
-11
-0.0151934
46
0.0635359
-10
-0.0138122
-23
-0.031768
24
0.0331492
-25
-0.0345304
-15
-0.0207182
-4
-0.00552486
-9
-0.0124309
-31
-0.0428177
-44
-0.0607735
-15
-0.0207182
0
0
19
0.0262431
-3
-0.00414365
22
0.0303867
-19
-0.0262431
34
0.0469613
2
0.00276243
39
0.0538674
-33
-0.0455801
-10
-0.0138122
33
0.0455801
18
0.0248619
39
0.0538674
-42
-0.058011
1
0.00138122
-19
-0.0262431
7
0.00966851
19
0.0262431
-4
-0.00552486
-41
-0.0566298
-28
-0.038674
-12
-0.0165746
-65
-0.089779
24
0.0331492
-31
-0.0428177
-10
-0.0138122
20
0.0276243
-11
-0.0151934
-3
-0.00414365
-4
-0.00552486
-29
-0.0400552
-6
-0.00828729
17
0.0234807
-1
-0.00138122
-1
-0.00138122
2
0.00276243
-10
-0.0138122
8
0.0110497
7
0.00966851
-27
-0.0372928
1
0.00138122
26
0.0359116
19
0.0262431
-3
-0.00414365
-9
-0.0124309
-23
-0.031768
-9
-0.0124309
23
0.031768
4
0.00552486
-9
-0.0124309
-36
-0.0497238
2
0.00276243
-42
-0.058011
-8
-0.0110497
-9
-0.0124309
1
0.00138122
5
0.00690608
15
0.0207182
-5
-0.00690608
-54
-0.0745856
-14
-0.019337
-29
-0.0400552
-44
-0.0607735
5
0.00690608
21
0.0290055
-12
-0.0165746
29
0.0400552
16
0.0220994
-3
-0.00414365
5
0.00690608
-11
-0.0151934
-16
-0.0220994
9
0.0124309
-45
-0.0621547
0
0
8
0.0110497
10
0.0138122
35
0.0483425
13
0.0179558
-21
-0.0290055
-21
-0.0290055
0
0
38
0.0524862
55
0.0759669
30
0.0414365
27
0.0372928
24
0.0331492
-2
-0.00276243
-43
-0.0593923
-24
-0.0331492
51
0.070442
29
0.0400552
38
0.0524862
3
0.00414365
38
0.0524862
-61
-0.0842541
37
0.051105
25
0.0345304
-3
-0.00414365
-18
-0.0248619
-20
-0.0276243
-14
-0.019337
23
0.031768
0
0
30
0.0414365
-9
-0.0124309
-22
-0.0303867
-11
-0.0151934
-13
-0.0179558
52
0.0718232
-2
-0.00276243
28
0.038674
20
0.0276243
-12
-0.0165746
5
0.00690608
-17
-0.0234807
-2
-0.00276243
50
0.0690608
-6
-0.00828729
28
0.038674
3
0.00414365
12
0.0165746
30
0.0414365
9
0.0124309
-23
-0.031768
-11
-0.0151934
1
0.00138122
-7
-0.00966851
-14
-0.019337
7
0.00966851
6
0.00828729
0
0
-8
-0.0110497
-18
-0.0248619
2
0.00276243
-22
-0.0303867
-6
-0.00828729
13
0.0179558
-34
-0.0469613
-11
-0.0151934
20
0.0276243
20
0.0276243
-20
-0.0276243
-26
-0.0359116
0
0
16
0.0220994
37
0.051105
27
0.0372928
0
0
41
0.0566298
26
0.0359116
-2
-0.00276243
7
0.00966851
-2
-0.00276243
-4
-0.00552486
30
0.0414365
-18
-0.0248619
-64
-0.0883978
2
0.00276243
-11
-0.0151934
1
0.00138122
-37
-0.051105
9
0.0124309
-28
-0.038674
-10
-0.0138122
-23
-0.031768
-22
-0.0303867
-12
-0.0165746
-41
-0.0566298
-8
-0.0110497
-22
-0.0303867
-67
-0.0925414
-20
-0.0276243
0
0
1
0.00138122
-17
-0.0234807
5
0.00690608
-41
-0.0566298
-27
-0.0372928
23
0.031768
19
0.0262431
-39
-0.0538674
-14
-0.019337
2
0.00276243
25
0.0345304
18
0.0248619
3
0.00414365
-15
-0.0207182
2
0.00276243
44
0.0607735
-18
-0.0248619
-15
-0.0207182
-19
-0.0262431
11
0.0151934
-13
-0.0179558
33
0.0455801
38
0.0524862
39
0.0538674
-4
-0.00552486
15
0.0207182
-10
-0.0138122
30
0.0414365
-29
-0.0400552
27
0.0372928
32
0.0441989
36
0.0497238
-5
-0.00690608
-42
-0.058011
-13
-0.0179558
-6
-0.00828729
-5
-0.00690608
-10
-0.0138122
-25
-0.0345304
-3
-0.00414365
23
0.031768
-37
-0.051105
43
0.0593923
9
0.0124309
-33
-0.0455801
22
0.0303867
4
0.00552486
0
0
-20
-0.0276243
18
0.0248619
-36
-0.0497238
20
0.0276243
40
0.0552486
1
0.00138122
-4
-0.00552486
0
0
-10
-0.0138122
-18
-0.0248619
17
0.0234807
-1
-0.00138122
32
0.0441989
39
0.0538674
-12
-0.0165746
-3
-0.00414365
-1
-0.00138122
-20
-0.0276243
-16
-0.0220994
0
0
-4
-0.00552486
-20
-0.0276243
-16
-0.0220994
-16
-0.0220994
26
0.0359116
12
0.0165746
12
0.0165746
-6
-0.00828729
18
0.0248619
-23
-0.031768
-27
-0.0372928
-18
-0.0248619
-33
-0.0455801
-24
-0.0331492
21
0.0290055
3
0.00414365
20
0.0276243
4
0.00552486
1
0.00138122
-20
-0.0276243
-23
-0.031768
-23
-0.031768
23
0.031768
16
0.0220994
21
0.0290055
-25
-0.0345304
24
0.0331492
-32
-0.0441989
-4
-0.00552486
-22
-0.0303867
27
0.0372928
28
0.038674
-16
-0.0220994
5
0.00690608
5
0.00690608
16
0.0220994
-17
-0.0234807
-6
-0.00828729
7
0.00966851
-11
-0.0151934
-36
-0.0497238
1
0.00138122
12
0.0165746
1
0.00138122
-14
-0.019337
-105
-0.145028
-14
-0.019337
0
0
-7
-0.00966851
16
0.0220994
-7
-0.00966851
-16
-0.0220994
-24
-0.0331492
9
0.0124309
-25
-0.0345304
45
0.0621547
-47
-0.0649171
-8
-0.0110497
0
0
-6
-0.00828729
19
0.0262431
-2
-0.00276243
1
0.00138122
-54
-0.0745856
4
0.00552486
32
0.0441989
-43
-0.0593923
-9
-0.0124309
-23
-0.031768
1
0.00138122
-11
-0.0151934
1
0.00138122
-24
-0.0331492
3
0.00414365
30
0.0414365
38
0.0524862
14
0.019337
15
0.0207182
21
0.0290055
-5
-0.00690608
-35
-0.0483425
-27
-0.0372928
5
0.00690608
13
0.0179558
41
0.0566298
17
0.0234807
8
0.0110497
35
0.0483425
-25
-0.0345304
-24
-0.0331492
-26
-0.0359116
-21
-0.0290055
37
0.051105
0
0
-18
-0.0248619
8
0.0110497
-6
-0.00828729
-11
-0.0151934
-31
-0.0428177
1
0.00138122
-8
-0.0110497
27
0.0372928
28
0.038674
1
0.00138122
26
0.0359116
-29
-0.0400552
-16
-0.0220994
-38
-0.0524862
-30
-0.0414365
-27
-0.0372928
-31
-0.0428177
-66
-0.0911602
17
0.0234807
37
0.051105
37
0.051105
5
0.00690608
-20
-0.0276243
-6
-0.00828729
-4
-0.00552486
-43
-0.0593923
-13
-0.0179558
-2
-0.00276243
45
0.0621547
-6
-0.00828729
-25
-0.0345304
-1
-0.00138122
-20
-0.0276243
15
0.0207182
-34
-0.0469613
8
0.0110497
-44
-0.0607735
-32
-0.0441989
-10
-0.0138122
0
0
-33
-0.0455801
2
0.00276243
-18
-0.0248619
31
0.0428177
-20
-0.0276243
-2
-0.00276243
-4
-0.00552486
-3
-0.00414365
-30
-0.0414365
-9
-0.0124309
57
0.0787293
11
0.0151934
-20
-0.0276243
-36
-0.0497238
49
0.0676796
-6
-0.00828729
22
0.0303867
-3
-0.00414365
12
0.0165746
7
0.00966851
26
0.0359116
9
0.0124309
38
0.0524862
12
0.0165746
1
0.00138122
-9
-0.0124309
-24
-0.0331492
-39
-0.0538674
26
0.0359116
-11
-0.0151934
-4
-0.00552486
27
0.0372928
55
0.0759669
1
0.00138122
30
0.0414365
-22
-0.0303867
2
0.00276243
28
0.038674
-13
-0.0179558
15
0.0207182
-22
-0.0303867
-10
-0.0138122
15
0.0207182
7
0.00966851
-30
-0.0414365
-17
-0.0234807
-8
-0.0110497
54
0.0745856
8
0.0110497
-22
-0.0303867
-16
-0.0220994
-2
-0.00276243
0
0
19
0.0262431
-7
-0.00966851
-13
-0.0179558
4
0.00552486
-7
-0.00966851
4
0.00552486
-8
-0.0110497
-30
-0.0414365
-46
-0.0635359
-5
-0.00690608
0
0
-25
-0.0345304
-3
-0.00414365
-6
-0.00828729
-43
-0.0593923
45
0.0621547
-5
-0.00690608
-3
-0.00414365
-22
-0.0303867
-1
-0.00138122
0
0
9
0.0124309
5
0.00690608
24
0.0331492
-12
-0.0165746
27
0.0372928
6
0.00828729
-7
-0.00966851
55
0.0759669
-39
-0.0538674
49
0.0676796
14
0.019337
3
0.00414365
3
0.00414365
13
0.0179558
30
0.0414365
-30
-0.0414365
18
0.0248619
11
0.0151934
-19
-0.0262431
20
0.0276243
27
0.0372928
-9
-0.0124309
-14
-0.019337
-7
-0.00966851
40
0.0552486
23
0.031768
6
0.00828729
-10
-0.0138122
15
0.0207182
-42
-0.058011
3
0.00414365
43
0.0593923
5
0.00690608
1
0.00138122
-11
-0.0151934
19
0.0262431
-18
-0.0248619
73
0.100829
-8
-0.0110497
1
0.00138122
12
0.0165746
-7
-0.00966851
-4
-0.00552486
13
0.0179558
-2
-0.00276243
41
0.0566298
-12
-0.0165746
7
0.00966851
16
0.0220994
5
0.00690608
7
0.00966851
26
0.0359116
5
0.00690608
50
0.0690608
8
0.0110497
-24
-0.0331492
40
0.0552486
-2
-0.00276243
-1
-0.00138122
3
0.00414365
15
0.0207182
-20
-0.0276243
-14
-0.019337
-16
-0.0220994
-9
-0.0124309
-19
-0.0262431
15
0.0207182
26
0.0359116
1
0.00138122
-20
-0.0276243
-4
-0.00552486
23
0.031768
27
0.0372928
7
0.00966851
-9
-0.0124309
-7
-0.00966851
0
0
10
0.0138122
22
0.0303867
34
0.0469613
-12
-0.0165746
-10
-0.0138122
16
0.0220994
-6
-0.00828729
13
0.0179558
-14
-0.019337
21
0.0290055
10
0.0138122
3
0.00414365
-34
-0.0469613
26
0.0359116
-46
-0.0635359
0
0
47
0.0649171
-22
-0.0303867
31
0.0428177
-8
-0.0110497
14
0.019337
61
0.0842541
0
0
-9
-0.0124309
-42
-0.058011
8
0.0110497
59
0.0814917
-17
-0.0234807
-5
-0.00690608
-34
-0.0469613
-29
-0.0400552
7
0.00966851
-21
-0.0290055
28
0.038674
53
0.0732044
-9
-0.0124309
44
0.0607735
-2
-0.00276243
21
0.0290055
-12
-0.0165746
-31
-0.0428177
2
0.00276243
12
0.0165746
-3
-0.00414365
-18
-0.0248619
10
0.0138122
-27
-0.0372928
-34
-0.0469613
32
0.0441989
45
0.0621547
-27
-0.0372928
-3
-0.00414365
11
0.0151934
0
0
10
0.0138122
-14
-0.019337
16
0.0220994
-23
-0.031768
-19
-0.0262431
-12
-0.0165746
-34
-0.0469613
32
0.0441989
-25
-0.0345304
-4
-0.00552486
-28
-0.038674
2
0.00276243
-2
-0.00276243
31
0.0428177
34
0.0469613
-50
-0.0690608
-24
-0.0331492
2
0.00276243
6
0.00828729
-1
-0.00138122
25
0.0345304
-10
-0.0138122
-4
-0.00552486
-20
-0.0276243
0
0
8
0.0110497
-12
-0.0165746
18
0.0248619
21
0.0290055
22
0.0303867
-11
-0.0151934
21
0.0290055
38
0.0524862
-13
-0.0179558
-14
-0.019337
-34
-0.0469613
13
0.0179558
-7
-0.00966851
46
0.0635359
-22
-0.0303867
21
0.0290055
-9
-0.0124309
-11
-0.0151934
-14
-0.019337
-6
-0.00828729
23
0.031768
-4
-0.00552486
-16
-0.0220994
53
0.0732044
14
0.019337
33
0.0455801
26
0.0359116
1
0.00138122
-3
-0.00414365
15
0.0207182
-26
-0.0359116
17
0.0234807
1
0.00138122
25
0.0345304
32
0.0441989
-25
-0.0345304
9
0.0124309
29
0.0400552
5
0.00690608
-27
-0.0372928
-2
-0.00276243
-6
-0.00828729
28
0.038674
2
0.00276243
-12
-0.0165746
21
0.0290055
-21
-0.0290055
-47
-0.0649171
-20
-0.0276243
-23
-0.031768
21
0.0290055
56
0.0773481
-8
-0.0110497
-28
-0.038674
-36
-0.0497238
-11
-0.0151934
-12
-0.0165746
-31
-0.0428177
64
0.0883978
13
0.0179558
11
0.0151934
15
0.0207182
27
0.0372928
19
0.0262431
-3
-0.00414365
21
0.0290055
18
0.0248619
52
0.0718232
-7
-0.00966851
-61
-0.0842541
-5
-0.00690608
9
0.0124309
8
0.0110497
8
0.0110497
-23
-0.031768
48
0.0662983
-46
-0.0635359
-47
-0.0649171
-23
-0.031768
12
0.0165746
-11
-0.0151934
22
0.0303867
16
0.0220994
11
0.0151934
22
0.0303867
20
0.0276243
27
0.0372928
-35
-0.0483425
13
0.0179558
-21
-0.0290055
-4
-0.00552486
-9
-0.0124309
23
0.031768
51
0.070442
-8
-0.0110497
-6
-0.00828729
-31
-0.0428177
35
0.0483425
16
0.0220994
30
0.0414365
-26
-0.0359116
-14
-0.019337
-2
-0.00276243
11
0.0151934
-12
-0.0165746
-37
-0.051105
-2
-0.00276243
68
0.0939227
-1
-0.00138122
17
0.0234807
16
0.0220994
-3
-0.00414365
25
0.0345304
24
0.0331492
63
0.0870166
-3
-0.00414365
-22
-0.0303867
-24
-0.0331492
1
0.00138122
-12
-0.0165746
-22
-0.0303867
29
0.0400552
20
0.0276243
9
0.0124309
2
0.00276243
0
0
-15
-0.0207182
12
0.0165746
4
0.00552486
55
0.0759669
12
0.0165746
-60
-0.0828729
3
0.00414365
34
0.0469613
-8
-0.0110497
15
0.0207182
-11
-0.0151934
18
0.0248619
10
0.0138122
3
0.00414365
9
0.0124309
-6
-0.00828729
-4
-0.00552486
10
0.0138122
5
0.00690608
24
0.0331492
-15
-0.0207182
-37
-0.051105
-3
-0.00414365
-12
-0.0165746
-7
-0.00966851
7
0.00966851
16
0.0220994
-15
-0.0207182
-2
-0.00276243
-3
-0.00414365
-11
-0.0151934
0
0
6
0.00828729
40
0.0552486
-24
-0.0331492
-41
-0.0566298
9
0.0124309
-1
-0.00138122
-6
-0.00828729
9
0.0124309
24
0.0331492
25
0.0345304
10
0.0138122
5
0.00690608
-31
-0.0428177
12
0.0165746
5
0.00690608
50
0.0690608
-11
-0.0151934
-4
-0.00552486
18
0.0248619
-32
-0.0441989
5
0.00690608
33
0.0455801
15
0.0207182
8
0.0110497
-3
-0.00414365
-17
-0.0234807
-3
-0.00414365
-11
-0.0151934
-44
-0.0607735
6
0.00828729
-3
-0.00414365
6
0.00828729
7
0.00966851
-19
-0.0262431
-23
-0.031768
65
0.089779
-19
-0.0262431
9
0.0124309
-36
-0.0497238
-9
-0.0124309
-9
-0.0124309
-15
-0.0207182
12
0.0165746
-24
-0.0331492
-9
-0.0124309
15
0.0207182
-20
-0.0276243
-1
-0.00138122
12
0.0165746
21
0.0290055
-4
-0.00552486
-6
-0.00828729
-51
-0.070442
30
0.0414365
-36
-0.0497238
17
0.0234807
-34
-0.0469613
-11
-0.0151934
-24
-0.0331492
-11
-0.0151934
-19
-0.0262431
21
0.0290055
3
0.00414365
21
0.0290055
4
0.00552486
-31
-0.0428177
-8
-0.0110497
-27
-0.0372928
51
0.070442
-32
-0.0441989
-27
-0.0372928
39
0.0538674
-8
-0.0110497
14
0.019337
29
0.0400552
-7
-0.00966851
25
0.0345304
-18
-0.0248619
-24
-0.0331492
-6
-0.00828729
13
0.0179558
-17
-0.0234807
-8
-0.0110497
-22
-0.0303867
-5
-0.00690608
-35
-0.0483425
3
0.00414365
-5
-0.00690608
7
0.00966851
50
0.0690608
-12
-0.0165746
-4
-0.00552486
-8
-0.0110497
-2
-0.00276243
-26
-0.0359116
-1
-0.00138122
-22
-0.0303867
-18
-0.0248619
-8
-0.0110497
-33
-0.0455801
-8
-0.0110497
9
0.0124309
16
0.0220994
38
0.0524862
-7
-0.00966851
2
0.00276243
15
0.0207182
40
0.0552486
24
0.0331492
-36
-0.0497238
22
0.0303867
9
0.0124309
-11
-0.0151934
-12
-0.0165746
-47
-0.0649171
19
0.0262431
49
0.0676796
15
0.0207182
-11
-0.0151934
-1
-0.00138122
-22
-0.0303867
-6
-0.00828729
-14
-0.019337
-17
-0.0234807
30
0.0414365
12
0.0165746
-5
-0.00690608
-8
-0.0110497
19
0.0262431
-8
-0.0110497
-45
-0.0621547
-10
-0.0138122
-43
-0.0593923
8
0.0110497
20
0.0276243
32
0.0441989
41
0.0566298
-28
-0.038674
-20
-0.0276243
-65
-0.089779
-8
-0.0110497
-13
-0.0179558
-9
-0.0124309
11
0.0151934
20
0.0276243
-2
-0.00276243
29
0.0400552
12
0.0165746
-19
-0.0262431
-11
-0.0151934
32
0.0441989
8
0.0110497
-14
-0.019337
7
0.00966851
-21
-0.0290055
-16
-0.0220994
-33
-0.0455801
14
0.019337
35
0.0483425
-2
-0.00276243
5
0.00690608
20
0.0276243
-17
-0.0234807
-28
-0.038674
17
0.0234807
-28
-0.038674
20
0.0276243
-17
-0.0234807
4
0.00552486
-4
-0.00552486
-21
-0.0290055
18
0.0248619
-6
-0.00828729
36
0.0497238
-34
-0.0469613
-1
-0.00138122
-10
-0.0138122
-3
-0.00414365
-31
-0.0428177
28
0.038674
17
0.0234807
-12
-0.0165746
-2
-0.00276243
11
0.0151934
25
0.0345304
-29
-0.0400552
-24
-0.0331492
-43
-0.0593923
-2
-0.00276243
-60
-0.0828729
1
0.00138122
13
0.0179558
-6
-0.00828729
15
0.0207182
-20
-0.0276243
8
0.0110497
1
0.00138122
9
0.0124309
14
0.019337
-17
-0.0234807
4
0.00552486
-10
-0.0138122
41
0.0566298
-9
-0.0124309
21
0.0290055
-27
-0.0372928
34
0.0469613
5
0.00690608
-13
-0.0179558
23
0.031768
49
0.0676796
24
0.0331492
25
0.0345304
-12
-0.0165746
24
0.0331492
47
0.0649171
-20
-0.0276243
11
0.0151934
-10
-0.0138122
17
0.0234807
-27
-0.0372928
17
0.0234807
30
0.0414365
14
0.019337
3
0.00414365
-26
-0.0359116
-3
-0.00414365
33
0.0455801
35
0.0483425
-35
-0.0483425
0
0
24
0.0331492
-13
-0.0179558
-22
-0.0303867
10
0.0138122
-4
-0.00552486
39
0.0538674
25
0.0345304
28
0.038674
-7
-0.00966851
16
0.0220994
13
0.0179558
-16
-0.0220994
8
0.0110497
-5
-0.00690608
20
0.0276243
-14
-0.019337
4
0.00552486
10
0.0138122
-20
-0.0276243
6
0.00828729
4
0.00552486
-35
-0.0483425
-10
-0.0138122
13
0.0179558
-19
-0.0262431
-51
-0.070442
-24
-0.0331492
-2
-0.00276243
17
0.0234807
-9
-0.0124309
-2
-0.00276243
3
0.00414365
-66
-0.0911602
13
0.0179558
-1
-0.00138122
35
0.0483425
23
0.031768
-13
-0.0179558
-49
-0.0676796
-30
-0.0414365
9
0.0124309
-3
-0.00414365
-27
-0.0372928
33
0.0455801
0
0
51
0.070442
32
0.0441989
10
0.0138122
10
0.0138122
5
0.00690608
26
0.0359116
-7
-0.00966851
0
0
-38
-0.0524862
7
0.00966851
11
0.0151934
-29
-0.0400552
-13
-0.0179558
-38
-0.0524862
3
0.00414365
-15
-0.0207182
39
0.0538674
-3
-0.00414365
23
0.031768
-31
-0.0428177
-2
-0.00276243
24
0.0331492
9
0.0124309
-45
-0.0621547
-12
-0.0165746
-9
-0.0124309
-12
-0.0165746
21
0.0290055
-23
-0.031768
35
0.0483425
-40
-0.0552486
35
0.0483425
-26
-0.0359116
20
0.0276243
29
0.0400552
10
0.0138122
-19
-0.0262431
22
0.0303867
-28
-0.038674
-12
-0.0165746
-12
-0.0165746
-2
-0.00276243
-28
-0.038674
-43
-0.0593923
-19
-0.0262431
42
0.058011
13
0.0179558
23
0.031768
43
0.0593923
-17
-0.0234807
15
0.0207182
62
0.0856354
10
0.0138122
-16
-0.0220994
-16
-0.0220994
-4
-0.00552486
-5
-0.00690608
7
0.00966851
-22
-0.0303867
-18
-0.0248619
9
0.0124309
-5
-0.00690608
-1
-0.00138122
25
0.0345304
13
0.0179558
20
0.0276243
-21
-0.0290055
-57
-0.0787293
27
0.0372928
-6
-0.00828729
-15
-0.0207182
-9
-0.0124309
3
0.00414365
-7
-0.00966851
39
0.0538674
10
0.0138122
-11
-0.0151934
-6
-0.00828729
-2
-0.00276243
-21
-0.0290055
-14
-0.019337
0
0
11
0.0151934
6
0.00828729
20
0.0276243
-59
-0.0814917
-15
-0.0207182
0
0
-17
-0.0234807
-3
-0.00414365
-36
-0.0497238
-3
-0.00414365
22
0.0303867
-11
-0.0151934
-10
-0.0138122
8
0.0110497
69
0.0953039
8
0.0110497
31
0.0428177
33
0.0455801
30
0.0414365
43
0.0593923
11
0.0151934
15
0.0207182
-23
-0.031768
15
0.0207182
-18
-0.0248619
-18
-0.0248619
19
0.0262431
5
0.00690608
20
0.0276243
-32
-0.0441989
16
0.0220994
0
0
15
0.0207182
25
0.0345304
13
0.0179558
35
0.0483425
-20
-0.0276243
-26
-0.0359116
-7
-0.00966851
22
0.0303867
-22
-0.0303867
-36
-0.0497238
-6
-0.00828729
-4
-0.00552486
9
0.0124309
-8
-0.0110497
19
0.0262431
18
0.0248619
-21
-0.0290055
-22
-0.0303867
19
0.0262431
-8
-0.0110497
9
0.0124309
2
0.00276243
37
0.051105
-29
-0.0400552
-16
-0.0220994
26
0.0359116
36
0.0497238
9
0.0124309
-17
-0.0234807
27
0.0372928
-11
-0.0151934
-8
-0.0110497
23
0.031768
67
0.0925414
30
0.0414365
-24
-0.0331492
11
0.0151934
14
0.019337
-12
-0.0165746
4
0.00552486
0
0
12
0.0165746
-33
-0.0455801
28
0.038674
27
0.0372928
-17
-0.0234807
10
0.0138122
-4
-0.00552486
-16
-0.0220994
14
0.019337
14
0.019337
8
0.0110497
-4
-0.00552486
2
0.00276243
-14
-0.019337
21
0.0290055
-35
-0.0483425
-14
-0.019337
21
0.0290055
10
0.0138122
10
0.0138122
46
0.0635359
3
0.00414365
-32
-0.0441989
-11
-0.0151934
-19
-0.0262431
-14
-0.019337
-57
-0.0787293
-29
-0.0400552
-8
-0.0110497
-14
-0.019337
-18
-0.0248619
-7
-0.00966851
4
0.00552486
5
0.00690608
29
0.0400552
3
0.00414365
-12
-0.0165746
33
0.0455801
1
0.00138122
2
0.00276243
6
0.00828729
-6
-0.00828729
-19
-0.0262431
-6
-0.00828729
-21
-0.0290055
31
0.0428177
18
0.0248619
-18
-0.0248619
4
0.00552486
17
0.0234807
25
0.0345304
50
0.0690608
-53
-0.0732044
-6
-0.00828729
-10
-0.0138122
-15
-0.0207182
39
0.0538674
-31
-0.0428177
-26
-0.0359116
0
0
-24
-0.0331492
-16
-0.0220994
-43
-0.0593923
2
0.00276243
-2
-0.00276243
6
0.00828729
-23
-0.031768
4
0.00552486
75
0.103591
39
0.0538674
-9
-0.0124309
5
0.00690608
-24
-0.0331492
21
0.0290055
-38
-0.0524862
-8
-0.0110497
-8
-0.0110497
-10
-0.0138122
30
0.0414365
39
0.0538674
-47
-0.0649171
-5
-0.00690608
12
0.0165746
16
0.0220994
7
0.00966851
7
0.00966851
8
0.0110497
-5
-0.00690608
-36
-0.0497238
-24
-0.0331492
21
0.0290055
-7
-0.00966851
-18
-0.0248619
17
0.0234807
-6
-0.00828729
-16
-0.0220994
39
0.0538674
52
0.0718232
12
0.0165746
-26
-0.0359116
5
0.00690608
-3
-0.00414365
39
0.0538674
12
0.0165746
-3
-0.00414365
-27
-0.0372928
-8
-0.0110497
-18
-0.0248619
-15
-0.0207182
-7
-0.00966851
-4
-0.00552486
44
0.0607735
30
0.0414365
42
0.058011
16
0.0220994
0
0
-19
-0.0262431
-44
-0.0607735
1
0.00138122
-17
-0.0234807
-3
-0.00414365
-5
-0.00690608
30
0.0414365
43
0.0593923
-36
-0.0497238
4
0.00552486
-10
-0.0138122
22
0.0303867
2
0.00276243
-25
-0.0345304
-23
-0.031768
20
0.0276243
-14
-0.019337
-10
-0.0138122
-2
-0.00276243
-32
-0.0441989
44
0.0607735
54
0.0745856
10
0.0138122
-17
-0.0234807
35
0.0483425
12
0.0165746
38
0.0524862
26
0.0359116
-29
-0.0400552
25
0.0345304
15
0.0207182
-14
-0.019337
5
0.00690608
9
0.0124309
8
0.0110497
41
0.0566298
34
0.0469613
-38
-0.0524862
26
0.0359116
3
0.00414365
-16
-0.0220994
-37
-0.051105
9
0.0124309
28
0.038674
-3
-0.00414365
19
0.0262431
12
0.0165746
-4
-0.00552486
8
0.0110497
8
0.0110497
-12
-0.0165746
13
0.0179558
-2
-0.00276243
-20
-0.0276243
-6
-0.00828729
45
0.0621547
-19
-0.0262431
-12
-0.0165746
14
0.019337
17
0.0234807
-17
-0.0234807
2
0.00276243
-5
-0.00690608
47
0.0649171
44
0.0607735
-21
-0.0290055
16
0.0220994
31
0.0428177
-7
-0.00966851
37
0.051105
-33
-0.0455801
19
0.0262431
30
0.0414365
5
0.00690608
8
0.0110497
11
0.0151934
7
0.00966851
-44
-0.0607735
-12
-0.0165746
-21
-0.0290055
-5
-0.00690608
-5
-0.00690608
8
0.0110497
16
0.0220994
15
0.0207182
2
0.00276243
44
0.0607735
-13
-0.0179558
13
0.0179558
-11
-0.0151934
23
0.031768
-46
-0.0635359
-30
-0.0414365
-2
-0.00276243
2
0.00276243
12
0.0165746
21
0.0290055
14
0.019337
16
0.0220994
-25
-0.0345304
-28
-0.038674
9
0.0124309
-24
-0.0331492
3
0.00414365
37
0.051105
-40
-0.0552486
-23
-0.031768
1
0.00138122
26
0.0359116
26
0.0359116
-4
-0.00552486
-8
-0.0110497
16
0.0220994
0
0
23
0.031768
20
0.0276243
35
0.0483425
1
0.00138122
47
0.0649171
-30
-0.0414365
-21
-0.0290055
-2
-0.00276243
-7
-0.00966851
-6
-0.00828729
-3
-0.00414365
1
0.00138122
-29
-0.0400552
0
0
-31
-0.0428177
-34
-0.0469613
-3
-0.00414365
24
0.0331492
-9
-0.0124309
-20
-0.0276243
22
0.0303867
-14
-0.019337
-1
-0.00138122
49
0.0676796
25
0.0345304
4
0.00552486
-47
-0.0649171
47
0.0649171
14
0.019337
2
0.00276243
16
0.0220994
-13
-0.0179558
41
0.0566298
6
0.00828729
-23
-0.031768
20
0.0276243
21
0.0290055
-9
-0.0124309
3
0.00414365
17
0.0234807
51
0.070442
-26
-0.0359116
-26
-0.0359116
-38
-0.0524862
-36
-0.0497238
-38
-0.0524862
-2
-0.00276243
21
0.0290055
26
0.0359116
-3
-0.00414365
-13
-0.0179558
10
0.0138122
4
0.00552486
0
0
41
0.0566298
-29
-0.0400552
-8
-0.0110497
5
0.00690608
7
0.00966851
40
0.0552486
0
0
0
0
-7
-0.00966851
12
0.0165746
13
0.0179558
-4
-0.00552486
-9
-0.0124309
-26
-0.0359116
-15
-0.0207182
20
0.0276243
-7
-0.00966851
-19
-0.0262431
49
0.0676796
8
0.0110497
22
0.0303867
4
0.00552486
61
0.0842541
-1
-0.00138122
28
0.038674
21
0.0290055
-3
-0.00414365
19
0.0262431
23
0.031768
-44
-0.0607735
-49
-0.0676796
8
0.0110497
29
0.0400552
25
0.0345304
34
0.0469613
-10
-0.0138122
-40
-0.0552486
-6
-0.00828729
-2
-0.00276243
1
0.00138122
12
0.0165746
-3
-0.00414365
-71
-0.0980663
-8
-0.0110497
-19
-0.0262431
-8
-0.0110497
-12
-0.0165746
-14
-0.019337
-23
-0.031768
-17
-0.0234807
2
0.00276243
16
0.0220994
1
0.00138122
22
0.0303867
-16
-0.0220994
10
0.0138122
-36
-0.0497238
-3
-0.00414365
-18
-0.0248619
17
0.0234807
30
0.0414365
21
0.0290055
-7
-0.00966851
17
0.0234807
3
0.00414365
9
0.0124309
48
0.0662983
12
0.0165746
-34
-0.0469613
27
0.0372928
-8
-0.0110497
6
0.00828729
-35
-0.0483425
0
0
-17
-0.0234807
-6
-0.00828729
13
0.0179558
21
0.0290055
-17
-0.0234807
3
0.00414365
8
0.0110497
-27
-0.0372928
-19
-0.0262431
-15
-0.0207182
12
0.0165746
-28
-0.038674
18
0.0248619
19
0.0262431
-3
-0.00414365
41
0.0566298
6
0.00828729
3
0.00414365
1
0.00138122
7
0.00966851
-13
-0.0179558
2
0.00276243
-11
-0.0151934
10
0.0138122
40
0.0552486
-25
-0.0345304
-10
-0.0138122
12
0.0165746
17
0.0234807
14
0.019337
-23
-0.031768
24
0.0331492
-31
-0.0428177
-9
-0.0124309
19
0.0262431
30
0.0414365
20
0.0276243
7
0.00966851
6
0.00828729
15
0.0207182
17
0.0234807
16
0.0220994
-39
-0.0538674
24
0.0331492
-24
-0.0331492
-13
-0.0179558
-15
-0.0207182
-12
-0.0165746
-15
-0.0207182
-1
-0.00138122
22
0.0303867
6
0.00828729
30
0.0414365
7
0.00966851
37
0.051105
-12
-0.0165746
-24
-0.0331492
57
0.0787293
7
0.00966851
23
0.031768
3
0.00414365
-16
-0.0220994
28
0.038674
-3
-0.00414365
-16
-0.0220994
-6
-0.00828729
-16
-0.0220994
-40
-0.0552486
15
0.0207182
-1
-0.00138122
-10
-0.0138122
9
0.0124309
4
0.00552486
-11
-0.0151934
-8
-0.0110497
31
0.0428177
4
0.00552486
30
0.0414365
-28
-0.038674
-19
-0.0262431
10
0.0138122
-20
-0.0276243
-26
-0.0359116
5
0.00690608
4
0.00552486
-16
-0.0220994
-57
-0.0787293
-4
-0.00552486
17
0.0234807
-23
-0.031768
-27
-0.0372928
23
0.031768
-18
-0.0248619
-6
-0.00828729
-57
-0.0787293
0
0
49
0.0676796
-25
-0.0345304
45
0.0621547
-32
-0.0441989
-13
-0.0179558
-31
-0.0428177
-13
-0.0179558
-11
-0.0151934
-1
-0.00138122
16
0.0220994
-18
-0.0248619
32
0.0441989
20
0.0276243
-29
-0.0400552
29
0.0400552
52
0.0718232
0
0
-8
-0.0110497
-13
-0.0179558
0
0
0
0
-19
-0.0262431
7
0.00966851
-50
-0.0690608
-4
-0.00552486
26
0.0359116
8
0.0110497
14
0.019337
-6
-0.00828729
-5
-0.00690608
18
0.0248619
19
0.0262431
-2
-0.00276243
-11
-0.0151934
-5
-0.00690608
-23
-0.031768
-11
-0.0151934
-11
-0.0151934
14
0.019337
19
0.0262431
-28
-0.038674
-47
-0.0649171
-4
-0.00552486
-10
-0.0138122
-21
-0.0290055
14
0.019337
0
0
24
0.0331492
-9
-0.0124309
-16
-0.0220994
15
0.0207182
-32
-0.0441989
18
0.0248619
3
0.00414365
-43
-0.0593923
19
0.0262431
-12
-0.0165746
-4
-0.00552486
-2
-0.00276243
-8
-0.0110497
-7
-0.00966851
16
0.0220994
12
0.0165746
21
0.0290055
-40
-0.0552486
-38
-0.0524862
49
0.0676796
0
0
-29
-0.0400552
3
0.00414365
24
0.0331492
-12
-0.0165746
-22
-0.0303867
35
0.0483425
-20
-0.0276243
30
0.0414365
28
0.038674
-20
-0.0276243
-13
-0.0179558
9
0.0124309
-52
-0.0718232
5
0.00690608
-8
-0.0110497
8
0.0110497
-5
-0.00690608
15
0.0207182
-37
-0.051105
-5
-0.00690608
32
0.0441989
27
0.0372928
34
0.0469613
27
0.0372928
3
0.00414365
-8
-0.0110497
-41
-0.0566298
-27
-0.0372928
38
0.0524862
16
0.0220994
23
0.031768
35
0.0483425
14
0.019337
-26
-0.0359116
26
0.0359116
-33
-0.0455801
-20
-0.0276243
-24
-0.0331492
14
0.019337
-40
-0.0552486
-8
-0.0110497
13
0.0179558
-16
-0.0220994
6
0.00828729
-26
-0.0359116
23
0.031768
4
0.00552486
19
0.0262431
9
0.0124309
0
0
-8
-0.0110497
-24
-0.0331492
0
0
9
0.0124309
2
0.00276243
-30
-0.0414365
42
0.058011
-19
-0.0262431
-17
-0.0234807
6
0.00828729
39
0.0538674
24
0.0331492
26
0.0359116
0
0
-24
-0.0331492
-16
-0.0220994
-39
-0.0538674
-19
-0.0262431
23
0.031768
16
0.0220994
-21
-0.0290055
-10
-0.0138122
-4
-0.00552486
-1
-0.00138122
-9
-0.0124309
-29
-0.0400552
-2
-0.00276243
-12
-0.0165746
7
0.00966851
-8
-0.0110497
25
0.0345304
44
0.0607735
6
0.00828729
-21
-0.0290055
-29
-0.0400552
-8
-0.0110497
4
0.00552486
-61
-0.0842541
-14
-0.019337
17
0.0234807
28
0.038674
-6
-0.00828729
-19
-0.0262431
36
0.0497238
-34
-0.0469613
13
0.0179558
17
0.0234807
-35
-0.0483425
6
0.00828729
-40
-0.0552486
-38
-0.0524862
29
0.0400552
-34
-0.0469613
-13
-0.0179558
-27
-0.0372928
4
0.00552486
13
0.0179558
-4
-0.00552486
9
0.0124309
13
0.0179558
-2
-0.00276243
5
0.00690608
-6
-0.00828729
-2
-0.00276243
-10
-0.0138122
-22
-0.0303867
29
0.0400552
16
0.0220994
23
0.031768
-14
-0.019337
-3
-0.00414365
-26
-0.0359116
-16
-0.0220994
9
0.0124309
-30
-0.0414365
1
0.00138122
-14
-0.019337
0
0
-1
-0.00138122
-29
-0.0400552
-10
-0.0138122
-23
-0.031768
-18
-0.0248619
-23
-0.031768
-12
-0.0165746
-26
-0.0359116
-59
-0.0814917
30
0.0414365
15
0.0207182
6
0.00828729
-10
-0.0138122
-20
-0.0276243
-7
-0.00966851
14
0.019337
3
0.00414365
9
0.0124309
11
0.0151934
35
0.0483425
-31
-0.0428177
-22
-0.0303867
8
0.0110497
37
0.051105
-28
-0.038674
62
0.0856354
-5
-0.00690608
-11
-0.0151934
1
0.00138122
9
0.0124309
-13
-0.0179558
28
0.038674
-11
-0.0151934
-4
-0.00552486
30
0.0414365
21
0.0290055
11
0.0151934
42
0.058011
7
0.00966851
-20
-0.0276243
15
0.0207182
-30
-0.0414365
6
0.00828729
9
0.0124309
54
0.0745856
-3
-0.00414365
63
0.0870166
9
0.0124309
20
0.0276243
-19
-0.0262431
8
0.0110497
-3
-0.00414365
14
0.019337
12
0.0165746
-11
-0.0151934
-23
-0.031768
3
0.00414365
28
0.038674
-27
-0.0372928
18
0.0248619
-19
-0.0262431
-32
-0.0441989
37
0.051105
-35
-0.0483425
11
0.0151934
-21
-0.0290055
12
0.0165746
10
0.0138122
-15
-0.0207182
-18
-0.0248619
11
0.0151934
17
0.0234807
-37
-0.051105
-27
-0.0372928
12
0.0165746
17
0.0234807
22
0.0303867
-8
-0.0110497
22
0.0303867
5
0.00690608
11
0.0151934
23
0.031768
1
0.00138122
-14
-0.019337
26
0.0359116
-2
-0.00276243
-32
-0.0441989
-5
-0.00690608
-2
-0.00276243
12
0.0165746
21
0.0290055
22
0.0303867
23
0.031768
45
0.0621547
2
0.00276243
18
0.0248619
29
0.0400552
1
0.00138122
-18
-0.0248619
-13
-0.0179558
21
0.0290055
-7
-0.00966851
-10
-0.0138122
6
0.00828729
19
0.0262431
-35
-0.0483425
-40
-0.0552486
24
0.0331492
22
0.0303867
31
0.0428177
28
0.038674
-23
-0.031768
28
0.038674
30
0.0414365
1
0.00138122
-22
-0.0303867
-47
-0.0649171
-37
-0.051105
-3
-0.00414365
-12
-0.0165746
-24
-0.0331492
-10
-0.0138122
-17
-0.0234807
-23
-0.031768
30
0.0414365
-29
-0.0400552
39
0.0538674
-8
-0.0110497
12
0.0165746
23
0.031768
-2
-0.00276243
3
0.00414365
10
0.0138122
20
0.0276243
27
0.0372928
-10
-0.0138122
-6
-0.00828729
22
0.0303867
-22
-0.0303867
-38
-0.0524862
48
0.0662983
21
0.0290055
20
0.0276243
32
0.0441989
11
0.0151934
-39
-0.0538674
2
0.00276243
-35
-0.0483425
-7
-0.00966851
-20
-0.0276243
-5
-0.00690608
6
0.00828729
15
0.0207182
-6
-0.00828729
32
0.0441989
-17
-0.0234807
18
0.0248619
0
0
22
0.0303867
38
0.0524862
15
0.0207182
27
0.0372928
10
0.0138122
36
0.0497238
-18
-0.0248619
-21
-0.0290055
40
0.0552486
-3
-0.00414365
-14
-0.019337
3
0.00414365
2
0.00276243
-10
-0.0138122
25
0.0345304
5
0.00690608
-13
-0.0179558
-19
-0.0262431
28
0.038674
31
0.0428177
6
0.00828729
-14
-0.019337
-26
-0.0359116
62
0.0856354
-26
-0.0359116
7
0.00966851
3
0.00414365
50
0.0690608
-3
-0.00414365
50
0.0690608
6
0.00828729
12
0.0165746
7
0.00966851
-24
-0.0331492
32
0.0441989
-29
-0.0400552
5
0.00690608
-3
-0.00414365
-2
-0.00276243
21
0.0290055
48
0.0662983
46
0.0635359
2
0.00276243
0
0
21
0.0290055
-4
-0.00552486
-25
-0.0345304
-5
-0.00690608
-4
-0.00552486
6
0.00828729
55
0.0759669
23
0.031768
-39
-0.0538674
9
0.0124309
-4
-0.00552486
-52
-0.0718232
1
0.00138122
-16
-0.0220994
-44
-0.0607735
25
0.0345304
-10
-0.0138122
-16
-0.0220994
11
0.0151934
-13
-0.0179558
-8
-0.0110497
-1
-0.00138122
2
0.00276243
-1
-0.00138122
-75
-0.103591
-20
-0.0276243
-4
-0.00552486
-8
-0.0110497
14
0.019337
-29
-0.0400552
-29
-0.0400552
-4
-0.00552486
4
0.00552486
28
0.038674
-30
-0.0414365
-21
-0.0290055
0
0
17
0.0234807
-14
-0.019337
30
0.0414365
-2
-0.00276243
15
0.0207182
12
0.0165746
34
0.0469613
39
0.0538674
-52
-0.0718232
-27
-0.0372928
-22
-0.0303867
26
0.0359116
10
0.0138122
32
0.0441989
-10
-0.0138122
14
0.019337
-19
-0.0262431
2
0.00276243
-2
-0.00276243
15
0.0207182
4
0.00552486
-24
-0.0331492
30
0.0414365
14
0.019337
13
0.0179558
-41
-0.0566298
57
0.0787293
-37
-0.051105
13
0.0179558
18
0.0248619
-42
-0.058011
21
0.0290055
-9
-0.0124309
-6
-0.00828729
-1
-0.00138122
3
0.00414365
36
0.0497238
-6
-0.00828729
-16
-0.0220994
-11
-0.0151934
4
0.00552486
1
0.00138122
-32
-0.0441989
29
0.0400552
13
0.0179558
-23
-0.031768
17
0.0234807
24
0.0331492
2
0.00276243
-37
-0.051105
21
0.0290055
-20
-0.0276243
28
0.038674
48
0.0662983
25
0.0345304
-1
-0.00138122
3
0.00414365
22
0.0303867
-11
-0.0151934
26
0.0359116
6
0.00828729
-6
-0.00828729
-28
-0.038674
24
0.0331492
-4
-0.00552486
-5
-0.00690608
21
0.0290055
15
0.0207182
2
0.00276243
-20
-0.0276243
4
0.00552486
-2
-0.00276243
-8
-0.0110497
0
0
5
0.00690608
20
0.0276243
-19
-0.0262431
-17
-0.0234807
10
0.0138122
20
0.0276243
-42
-0.058011
3
0.00414365
-4
-0.00552486
50
0.0690608
47
0.0649171
-44
-0.0607735
-6
-0.00828729
32
0.0441989
-3
-0.00414365
18
0.0248619
-22
-0.0303867
7
0.00966851
7
0.00966851
-19
-0.0262431
-10
-0.0138122
-24
-0.0331492
-1
-0.00138122
17
0.0234807
19
0.0262431
35
0.0483425
28
0.038674
9
0.0124309
7
0.00966851
5
0.00690608
-9
-0.0124309
-35
-0.0483425
-1
-0.00138122
53
0.0732044
-45
-0.0621547
-20
-0.0276243
-3
-0.00414365
-17
-0.0234807
17
0.0234807
-18
-0.0248619
3
0.00414365
28
0.038674
9
0.0124309
-34
-0.0469613
58
0.0801105
-32
-0.0441989
30
0.0414365
-37
-0.051105
26
0.0359116
-23
-0.031768
25
0.0345304
28
0.038674
1
0.00138122
-9
-0.0124309
-73
-0.100829
5
0.00690608
51
0.070442
-36
-0.0497238
28
0.038674
-23
-0.031768
3
0.00414365
-15
-0.0207182
-4
-0.00552486
15
0.0207182
14
0.019337
-11
-0.0151934
-7
-0.00966851
19
0.0262431
-26
-0.0359116
-64
-0.0883978
4
0.00552486
-7
-0.00966851
-34
-0.0469613
11
0.0151934
15
0.0207182
-41
-0.0566298
27
0.0372928
-11
-0.0151934
-22
-0.0303867
5
0.00690608
-39
-0.0538674
12
0.0165746
32
0.0441989
-24
-0.0331492
48
0.0662983
-4
-0.00552486
11
0.0151934
-4
-0.00552486
8
0.0110497
30
0.0414365
26
0.0359116
-28
-0.038674
8
0.0110497
-17
-0.0234807
-1
-0.00138122
-55
-0.0759669
14
0.019337
7
0.00966851
-22
-0.0303867
-12
-0.0165746
-52
-0.0718232
3
0.00414365
39
0.0538674
-4
-0.00552486
-3
-0.00414365
-30
-0.0414365
0
0
18
0.0248619
-2
-0.00276243
-2
-0.00276243
-4
-0.00552486
-18
-0.0248619
31
0.0428177
-16
-0.0220994
-25
-0.0345304
4
0.00552486
10
0.0138122
-21
-0.0290055
-39
-0.0538674
-71
-0.0980663
-54
-0.0745856
-6
-0.00828729
-5
-0.00690608
0
0
6
0.00828729
-5
-0.00690608
15
0.0207182
-2
-0.00276243
-7
-0.00966851
-23
-0.031768
-3
-0.00414365
-26
-0.0359116
-28
-0.038674
21
0.0290055
-18
-0.0248619
-18
-0.0248619
-6
-0.00828729
-46
-0.0635359
17
0.0234807
-1
-0.00138122
-7
-0.00966851
10
0.0138122
48
0.0662983
-24
-0.0331492
-14
-0.019337
-13
-0.0179558
8
0.0110497
7
0.00966851
19
0.0262431
-7
-0.00966851
25
0.0345304
47
0.0649171
28
0.038674
-1
-0.00138122
-41
-0.0566298
-21
-0.0290055
14
0.019337
-3
-0.00414365
-9
-0.0124309
-28
-0.038674
-8
-0.0110497
32
0.0441989
-15
-0.0207182
48
0.0662983
-24
-0.0331492
5
0.00690608
-10
-0.0138122
5
0.00690608
41
0.0566298
-44
-0.0607735
-12
-0.0165746
-7
-0.00966851
10
0.0138122
-26
-0.0359116
16
0.0220994
37
0.051105
-39
-0.0538674
-13
-0.0179558
-2
-0.00276243
-24
-0.0331492
21
0.0290055
-18
-0.0248619
11
0.0151934
23
0.031768
11
0.0151934
1
0.00138122
-18
-0.0248619
23
0.031768
39
0.0538674
26
0.0359116
0
0
16
0.0220994
-7
-0.00966851
0
0
33
0.0455801
-25
-0.0345304
17
0.0234807
-65
-0.089779
-17
-0.0234807
-38
-0.0524862
18
0.0248619
-3
-0.00414365
-60
-0.0828729
67
0.0925414
7
0.00966851
19
0.0262431
12
0.0165746
22
0.0303867
10
0.0138122
14
0.019337
7
0.00966851
38
0.0524862
22
0.0303867
-45
-0.0621547
-10
-0.0138122
-24
-0.0331492
25
0.0345304
26
0.0359116
-12
-0.0165746
-23
-0.031768
-31
-0.0428177
32
0.0441989
11
0.0151934
-15
-0.0207182
41
0.0566298
-16
-0.0220994
21
0.0290055
9
0.0124309
26
0.0359116
40
0.0552486
48
0.0662983
10
0.0138122
-4
-0.00552486
83
0.114641
-7
-0.00966851
45
0.0621547
-23
-0.031768
-7
-0.00966851
-15
-0.0207182
9
0.0124309
19
0.0262431
-21
-0.0290055
-16
-0.0220994
30
0.0414365
12
0.0165746
40
0.0552486
-41
-0.0566298
6
0.00828729
-18
-0.0248619
2
0.00276243
-19
-0.0262431
17
0.0234807
7
0.00966851
-24
-0.0331492
-19
-0.0262431
0
0
24
0.0331492
31
0.0428177
-11
-0.0151934
-2
-0.00276243
-32
-0.0441989
3
0.00414365
4
0.00552486
-25
-0.0345304
2
0.00276243
-3
-0.00414365
21
0.0290055
36
0.0497238
-16
-0.0220994
16
0.0220994
3
0.00414365
1
0.00138122
-16
-0.0220994
-5
-0.00690608
-19
-0.0262431
29
0.0400552
-19
-0.0262431
-31
-0.0428177
-28
-0.038674
-12
-0.0165746
-20
-0.0276243
13
0.0179558
-8
-0.0110497
-14
-0.019337
27
0.0372928
30
0.0414365
-6
-0.00828729
-23
-0.031768
0
0
5
0.00690608
-49
-0.0676796
8
0.0110497
-13
-0.0179558
-13
-0.0179558
36
0.0497238
-55
-0.0759669
-31
-0.0428177
19
0.0262431
40
0.0552486
4
0.00552486
-4
-0.00552486
66
0.0911602
-4
-0.00552486
21
0.0290055
-10
-0.0138122
-30
-0.0414365
-28
-0.038674
0
0
-63
-0.0870166
39
0.0538674
18
0.0248619
-13
-0.0179558
31
0.0428177
-16
-0.0220994
-13
-0.0179558
-12
-0.0165746
-14
-0.019337
-17
-0.0234807
-8
-0.0110497
-21
-0.0290055
-6
-0.00828729
-3
-0.00414365
-32
-0.0441989
-22
-0.0303867
7
0.00966851
29
0.0400552
17
0.0234807
-62
-0.0856354
9
0.0124309
-19
-0.0262431
-30
-0.0414365
-13
-0.0179558
1
0.00138122
9
0.0124309
28
0.038674
32
0.0441989
11
0.0151934
6
0.00828729
22
0.0303867
12
0.0165746
-18
-0.0248619
26
0.0359116
26
0.0359116
-6
-0.00828729
13
0.0179558
20
0.0276243
-26
-0.0359116
-15
-0.0207182
-5
-0.00690608
-3
-0.00414365
9
0.0124309
14
0.019337
-12
-0.0165746
57
0.0787293
-18
-0.0248619
-16
-0.0220994
11
0.0151934
-31
-0.0428177
2
0.00276243
-30
-0.0414365
-2
-0.00276243
-9
-0.0124309
-46
-0.0635359
-25
-0.0345304
9
0.0124309
21
0.0290055
15
0.0207182
-4
-0.00552486
49
0.0676796
-4
-0.00552486
-17
-0.0234807
-3
-0.00414365
29
0.0400552
19
0.0262431
-6
-0.00828729
-12
-0.0165746
26
0.0359116
-14
-0.019337
13
0.0179558
20
0.0276243
13
0.0179558
51
0.070442
31
0.0428177
14
0.019337
-11
-0.0151934
7
0.00966851
29
0.0400552
3
0.00414365
17
0.0234807
14
0.019337
-34
-0.0469613
-3
-0.00414365
12
0.0165746
-15
-0.0207182
14
0.019337
-38
-0.0524862
-34
-0.0469613
55
0.0759669
-8
-0.0110497
26
0.0359116
33
0.0455801
-11
-0.0151934
31
0.0428177
5
0.00690608
11
0.0151934
32
0.0441989
-4
-0.00552486
12
0.0165746
-24
-0.0331492
-4
-0.00552486
15
0.0207182
-41
-0.0566298
13
0.0179558
26
0.0359116
-23
-0.031768
28
0.038674
12
0.0165746
5
0.00690608
-15
-0.0207182
-4
-0.00552486
-37
-0.051105
23
0.031768
-13
-0.0179558
18
0.0248619
21
0.0290055
18
0.0248619
-22
-0.0303867
-10
-0.0138122
28
0.038674
23
0.031768
5
0.00690608
-4
-0.00552486
10
0.0138122
36
0.0497238
7
0.00966851
-2
-0.00276243
-24
-0.0331492
8
0.0110497
-13
-0.0179558
-32
-0.0441989
-10
-0.0138122
29
0.0400552
17
0.0234807
2
0.00276243
-13
-0.0179558
-11
-0.0151934
-35
-0.0483425
-28
-0.038674
-29
-0.0400552
5
0.00690608
16
0.0220994
-19
-0.0262431
-11
-0.0151934
-13
-0.0179558
25
0.0345304
-18
-0.0248619
-7
-0.00966851
21
0.0290055
-37
-0.051105
7
0.00966851
20
0.0276243
15
0.0207182
-20
-0.0276243
14
0.019337
29
0.0400552
8
0.0110497
-3
-0.00414365
34
0.0469613
44
0.0607735
18
0.0248619
0
0
-23
-0.031768
19
0.0262431
12
0.0165746
-26
-0.0359116
-51
-0.070442
4
0.00552486
-53
-0.0732044
-12
-0.0165746
19
0.0262431
63
0.0870166
-54
-0.0745856
-6
-0.00828729
19
0.0262431
-23
-0.031768
-19
-0.0262431
4
0.00552486
-14
-0.019337
-5
-0.00690608
18
0.0248619
-3
-0.00414365
-48
-0.0662983
-12
-0.0165746
-2
-0.00276243
37
0.051105
-7
-0.00966851
-25
-0.0345304
33
0.0455801
-12
-0.0165746
-23
-0.031768
-26
-0.0359116
-14
-0.019337
-5
-0.00690608
0
0
39
0.0538674
2
0.00276243
5
0.00690608
-14
-0.019337
1
0.00138122
29
0.0400552
-12
-0.0165746
-15
-0.0207182
4
0.00552486
0
0
16
0.0220994
-13
-0.0179558
12
0.0165746
18
0.0248619
22
0.0303867
-20
-0.0276243
7
0.00966851
-1
-0.00138122
3
0.00414365
-56
-0.0773481
-27
-0.0372928
26
0.0359116
32
0.0441989
-21
-0.0290055
-31
-0.0428177
-14
-0.019337
8
0.0110497
-19
-0.0262431
1
0.00138122
-12
-0.0165746
-28
-0.038674
30
0.0414365
40
0.0552486
-20
-0.0276243
-22
-0.0303867
40
0.0552486
36
0.0497238
-11
-0.0151934
57
0.0787293
15
0.0207182
-18
-0.0248619
-28
-0.038674
12
0.0165746
12
0.0165746
33
0.0455801
-22
-0.0303867
-58
-0.0801105
-16
-0.0220994
7
0.00966851
14
0.019337
-22
-0.0303867
33
0.0455801
1
0.00138122
4
0.00552486
-20
-0.0276243
-18
-0.0248619
37
0.051105
21
0.0290055
22
0.0303867
26
0.0359116
-23
-0.031768
22
0.0303867
-1
-0.00138122
-35
-0.0483425
-19
-0.0262431
24
0.0331492
13
0.0179558
-21
-0.0290055
-3
-0.00414365
-2
-0.00276243
-5
-0.00690608
3
0.00414365
3
0.00414365
-35
-0.0483425
-13
-0.0179558
19
0.0262431
3
0.00414365
48
0.0662983
36
0.0497238
20
0.0276243
-27
-0.0372928
61
0.0842541
4
0.00552486
-29
-0.0400552
7
0.00966851
5
0.00690608
3
0.00414365
-16
-0.0220994
-16
-0.0220994
26
0.0359116
35
0.0483425
20
0.0276243
4
0.00552486
-34
-0.0469613
-6
-0.00828729
49
0.0676796
32
0.0441989
-39
-0.0538674
5
0.00690608
-15
-0.0207182
-10
-0.0138122
38
0.0524862
-4
-0.00552486
-34
-0.0469613
-31
-0.0428177
-24
-0.0331492
-25
-0.0345304
-10
-0.0138122
28
0.038674
11
0.0151934
2
0.00276243
0
0
13
0.0179558
-34
-0.0469613
-12
-0.0165746
-18
-0.0248619
-59
-0.0814917
-9
-0.0124309
18
0.0248619
-54
-0.0745856
-5
-0.00690608
-40
-0.0552486
2
0.00276243
-50
-0.0690608
-27
-0.0372928
20
0.0276243
5
0.00690608
-12
-0.0165746
27
0.0372928
-1
-0.00138122
17
0.0234807
9
0.0124309
-13
-0.0179558
11
0.0151934
-8
-0.0110497
-31
-0.0428177
18
0.0248619
0
0
7
0.00966851
-24
-0.0331492
-4
-0.00552486
40
0.0552486
34
0.0469613
-2
-0.00276243
64
0.0883978
7
0.00966851
30
0.0414365
27
0.0372928
39
0.0538674
-36
-0.0497238
29
0.0400552
-41
-0.0566298
1
0.00138122
-32
-0.0441989
-14
-0.019337
31
0.0428177
-9
-0.0124309
24
0.0331492
11
0.0151934
1
0.00138122
-21
-0.0290055
9
0.0124309
-20
-0.0276243
-15
-0.0207182
24
0.0331492
14
0.019337
30
0.0414365
-44
-0.0607735
-17
-0.0234807
12
0.0165746
60
0.0828729
-36
-0.0497238
-14
-0.019337
58
0.0801105
-15
-0.0207182
-29
-0.0400552
3
0.00414365
29
0.0400552
-24
-0.0331492
-92
-0.127072
14
0.019337
-12
-0.0165746
4
0.00552486
-15
-0.0207182
18
0.0248619
4
0.00552486
10
0.0138122
-5
-0.00690608
-28
-0.038674
26
0.0359116
-5
-0.00690608
-3
-0.00414365
-26
-0.0359116
22
0.0303867
15
0.0207182
-8
-0.0110497
-44
-0.0607735
-5
-0.00690608
20
0.0276243
11
0.0151934
2
0.00276243
20
0.0276243
35
0.0483425
2
0.00276243
-8
-0.0110497
-2
-0.00276243
15
0.0207182
0
0
-4
-0.00552486
44
0.0607735
15
0.0207182
21
0.0290055
-12
-0.0165746
21
0.0290055
-12
-0.0165746
13
0.0179558
31
0.0428177
-18
-0.0248619
-51
-0.070442
-25
-0.0345304
2
0.00276243
49
0.0676796
16
0.0220994
50
0.0690608
10
0.0138122
-7
-0.00966851
9
0.0124309
27
0.0372928
17
0.0234807
17
0.0234807
15
0.0207182
-25
-0.0345304
2
0.00276243
-5
-0.00690608
-21
-0.0290055
7
0.00966851
-32
-0.0441989
72
0.0994475
-19
-0.0262431
-28
-0.038674
0
0
-22
-0.0303867
-19
-0.0262431
-1
-0.00138122
-5
-0.00690608
-12
-0.0165746
29
0.0400552
-35
-0.0483425
-16
-0.0220994
-2
-0.00276243
5
0.00690608
8
0.0110497
18
0.0248619
4
0.00552486
-11
-0.0151934
14
0.019337
-11
-0.0151934
6
0.00828729
21
0.0290055
-2
-0.00276243
20
0.0276243
-47
-0.0649171
-49
-0.0676796
-37
-0.051105
-35
-0.0483425
1
0.00138122
7
0.00966851
24
0.0331492
29
0.0400552
-27
-0.0372928
-2
-0.00276243
-14
-0.019337
11
0.0151934
-7
-0.00966851
-48
-0.0662983
13
0.0179558
-12
-0.0165746
-21
-0.0290055
-33
-0.0455801
29
0.0400552
40
0.0552486
3
0.00414365
-29
-0.0400552
-15
-0.0207182
10
0.0138122
18
0.0248619
-22
-0.0303867
-1
-0.00138122
-27
-0.0372928
7
0.00966851
18
0.0248619
-1
-0.00138122
4
0.00552486
1
0.00138122
3
0.00414365
17
0.0234807
11
0.0151934
47
0.0649171
-9
-0.0124309
22
0.0303867
-25
-0.0345304
-35
-0.0483425
2
0.00276243
38
0.0524862
15
0.0207182
19
0.0262431
-16
-0.0220994
-3
-0.00414365
-21
-0.0290055
12
0.0165746
13
0.0179558
-5
-0.00690608
-19
-0.0262431
3
0.00414365
-15
-0.0207182
-39
-0.0538674
7
0.00966851
60
0.0828729
22
0.0303867
-7
-0.00966851
22
0.0303867
-16
-0.0220994
10
0.0138122
-9
-0.0124309
-35
-0.0483425
8
0.0110497
6
0.00828729
-3
-0.00414365
-8
-0.0110497
13
0.0179558
30
0.0414365
-27
-0.0372928
-4
-0.00552486
3
0.00414365
-3
-0.00414365
-17
-0.0234807
-9
-0.0124309
-18
-0.0248619
-2
-0.00276243
7
0.00966851
5
0.00690608
-21
-0.0290055
23
0.031768
38
0.0524862
-33
-0.0455801
-55
-0.0759669
-2
-0.00276243
-11
-0.0151934
-18
-0.0248619
18
0.0248619
-17
-0.0234807
-26
-0.0359116
-22
-0.0303867
-10
-0.0138122
-13
-0.0179558
-48
-0.0662983
27
0.0372928
18
0.0248619
-4
-0.00552486
-32
-0.0441989
-16
-0.0220994
12
0.0165746
-2
-0.00276243
-15
-0.0207182
-9
-0.0124309
6
0.00828729
28
0.038674
12
0.0165746
-9
-0.0124309
-33
-0.0455801
5
0.00690608
16
0.0220994
17
0.0234807
-14
-0.019337
4
0.00552486
7
0.00966851
-29
-0.0400552
-43
-0.0593923
-42
-0.058011
-6
-0.00828729
11
0.0151934
4
0.00552486
-10
-0.0138122
-35
-0.0483425
4
0.00552486
16
0.0220994
23
0.031768
19
0.0262431
14
0.019337
33
0.0455801
-13
-0.0179558
-21
-0.0290055
-14
-0.019337
-8
-0.0110497
40
0.0552486
50
0.0690608
0
0
65
0.089779
-10
-0.0138122
0
0
2
0.00276243
19
0.0262431
-11
-0.0151934
0
0
5
0.00690608
17
0.0234807
-34
-0.0469613
16
0.0220994
-8
-0.0110497
18
0.0248619
8
0.0110497
-31
-0.0428177
45
0.0621547
-13
-0.0179558
9
0.0124309
-18
-0.0248619
30
0.0414365
-17
-0.0234807
21
0.0290055
-27
-0.0372928
31
0.0428177
-30
-0.0414365
-13
-0.0179558
-38
-0.0524862
-38
-0.0524862
3
0.00414365
-2
-0.00276243
-12
-0.0165746
8
0.0110497
2
0.00276243
22
0.0303867
-20
-0.0276243
40
0.0552486
-37
-0.051105
11
0.0151934
11
0.0151934
11
0.0151934
8
0.0110497
-13
-0.0179558
-5
-0.00690608
-61
-0.0842541
12
0.0165746
-11
-0.0151934
-12
-0.0165746
-27
-0.0372928
-1
-0.00138122
50
0.0690608
6
0.00828729
-33
-0.0455801
-48
-0.0662983
13
0.0179558
17
0.0234807
16
0.0220994
-51
-0.070442
8
0.0110497
14
0.019337
-24
-0.0331492
-13
-0.0179558
10
0.0138122
9
0.0124309
-11
-0.0151934
27
0.0372928
18
0.0248619
-46
-0.0635359
-33
-0.0455801
-5
-0.00690608
19
0.0262431
-26
-0.0359116
6
0.00828729
44
0.0607735
-13
-0.0179558
-17
-0.0234807
50
0.0690608
-23
-0.031768
28
0.038674
-42
-0.058011
-23
-0.031768
-27
-0.0372928
-15
-0.0207182
15
0.0207182
14
0.019337
0
0
-18
-0.0248619
-27
-0.0372928
5
0.00690608
52
0.0718232
-6
-0.00828729
8
0.0110497
8
0.0110497
-36
-0.0497238
47
0.0649171
-46
-0.0635359
-22
-0.0303867
16
0.0220994
-1
-0.00138122
-44
-0.0607735
-17
-0.0234807
-18
-0.0248619
-22
-0.0303867
-34
-0.0469613
-32
-0.0441989
6
0.00828729
-15
-0.0207182
-31
-0.0428177
29
0.0400552
-32
-0.0441989
22
0.0303867
23
0.031768
12
0.0165746
-31
-0.0428177
-22
-0.0303867
-11
-0.0151934
-7
-0.00966851
8
0.0110497
-2
-0.00276243
1
0.00138122
17
0.0234807
18
0.0248619
-32
-0.0441989
-8
-0.0110497
-1
-0.00138122
-10
-0.0138122
38
0.0524862
15
0.0207182
-33
-0.0455801
14
0.019337
22
0.0303867
25
0.0345304
49
0.0676796
5
0.00690608
-22
-0.0303867
-12
-0.0165746
-10
-0.0138122
16
0.0220994
14
0.019337
16
0.0220994
-11
-0.0151934
-9
-0.0124309
-5
-0.00690608
-15
-0.0207182
0
0
20
0.0276243
1
0.00138122
38
0.0524862
8
0.0110497
10
0.0138122
-15
-0.0207182
-29
-0.0400552
37
0.051105
-39
-0.0538674
12
0.0165746
-21
-0.0290055
14
0.019337
-25
-0.0345304
22
0.0303867
-3
-0.00414365
11
0.0151934
42
0.058011
-19
-0.0262431
3
0.00414365
39
0.0538674
-19
-0.0262431
23
0.031768
-27
-0.0372928
-27
-0.0372928
0
0
-69
-0.0953039
36
0.0497238
17
0.0234807
-4
-0.00552486
17
0.0234807
32
0.0441989
-23
-0.031768
-17
-0.0234807
10
0.0138122
-28
-0.038674
24
0.0331492
-17
-0.0234807
-48
-0.0662983
59
0.0814917
-5
-0.00690608
-35
-0.0483425
-7
-0.00966851
-29
-0.0400552
8
0.0110497
-19
-0.0262431
3
0.00414365
-17
-0.0234807
5
0.00690608
4
0.00552486
-1
-0.00138122
19
0.0262431
13
0.0179558
47
0.0649171
-20
-0.0276243
-22
-0.0303867
-8
-0.0110497
13
0.0179558
-9
-0.0124309
-21
-0.0290055
8
0.0110497
-10
-0.0138122
-26
-0.0359116
-17
-0.0234807
-12
-0.0165746
-18
-0.0248619
23
0.031768
21
0.0290055
19
0.0262431
-25
-0.0345304
20
0.0276243
-12
-0.0165746
-3
-0.00414365
25
0.0345304
-3
-0.00414365
7
0.00966851
-43
-0.0593923
41
0.0566298
-20
-0.0276243
46
0.0635359
13
0.0179558
14
0.019337
11
0.0151934
22
0.0303867
36
0.0497238
4
0.00552486
24
0.0331492
-44
-0.0607735
-17
-0.0234807
-10
-0.0138122
10
0.0138122
-3
-0.00414365
2
0.00276243
16
0.0220994
30
0.0414365
7
0.00966851
13
0.0179558
-46
-0.0635359
-14
-0.019337
15
0.0207182
-7
-0.00966851
7
0.00966851
5
0.00690608
-39
-0.0538674
19
0.0262431
3
0.00414365
-5
-0.00690608
-35
-0.0483425
12
0.0165746
21
0.0290055
-16
-0.0220994
26
0.0359116
14
0.019337
11
0.0151934
34
0.0469613
-46
-0.0635359
5
0.00690608
-42
-0.058011
-2
-0.00276243
-29
-0.0400552
16
0.0220994
16
0.0220994
24
0.0331492
20
0.0276243
-6
-0.00828729
18
0.0248619
-24
-0.0331492
20
0.0276243
49
0.0676796
5
0.00690608
11
0.0151934
1
0.00138122
-8
-0.0110497
7
0.00966851
-27
-0.0372928
-75
-0.103591
9
0.0124309
-6
-0.00828729
-3
-0.00414365
-35
-0.0483425
-2
-0.00276243
9
0.0124309
-33
-0.0455801
20
0.0276243
-10
-0.0138122
8
0.0110497
-13
-0.0179558
6
0.00828729
17
0.0234807
11
0.0151934
-1
-0.00138122
10
0.0138122
46
0.0635359
3
0.00414365
-21
-0.0290055
-6
-0.00828729
-1
-0.00138122
-23
-0.031768
-24
-0.0331492
2
0.00276243
8
0.0110497
-13
-0.0179558
25
0.0345304
-45
-0.0621547
18
0.0248619
-3
-0.00414365
34
0.0469613
3
0.00414365
16
0.0220994
6
0.00828729
3
0.00414365
-2
-0.00276243
-20
-0.0276243
6
0.00828729
-9
-0.0124309
-11
-0.0151934
-13
-0.0179558
-9
-0.0124309
15
0.0207182
-12
-0.0165746
-3
-0.00414365
-8
-0.0110497
32
0.0441989
5
0.00690608
-6
-0.00828729
-39
-0.0538674
7
0.00966851
49
0.0676796
39
0.0538674
-30
-0.0414365
12
0.0165746
28
0.038674
1
0.00138122
-3
-0.00414365
-8
-0.0110497
0
0
40
0.0552486
-18
-0.0248619
-20
-0.0276243
-1
-0.00138122
-16
-0.0220994
0
0
-20
-0.0276243
-18
-0.0248619
17
0.0234807
24
0.0331492
-19
-0.0262431
-5
-0.00690608
1
0.00138122
18
0.0248619
34
0.0469613
-7
-0.00966851
4
0.00552486
18
0.0248619
76
0.104972
11
0.0151934
-11
-0.0151934
-14
-0.019337
12
0.0165746
6
0.00828729
17
0.0234807
-22
-0.0303867
18
0.0248619
-9
-0.0124309
0
0
-4
-0.00552486
-26
-0.0359116
2
0.00276243
-42
-0.058011
-21
-0.0290055
6
0.00828729
11
0.0151934
34
0.0469613
24
0.0331492
-28
-0.038674
-38
-0.0524862
1
0.00138122
-31
-0.0428177
-40
-0.0552486
10
0.0138122
4
0.00552486
-1
-0.00138122
-13
-0.0179558
-6
-0.00828729
-14
-0.019337
36
0.0497238
-3
-0.00414365
-21
-0.0290055
-40
-0.0552486
-6
-0.00828729
25
0.0345304
-21
-0.0290055
3
0.00414365
1
0.00138122
-19
-0.0262431
-7
-0.00966851
16
0.0220994
-2
-0.00276243
0
0
-26
-0.0359116
43
0.0593923
6
0.00828729
-13
-0.0179558
-42
-0.058011
16
0.0220994
0
0
-14
-0.019337
-33
-0.0455801
-31
-0.0428177
-7
-0.00966851
-56
-0.0773481
28
0.038674
-11
-0.0151934
-14
-0.019337
-10
-0.0138122
-37
-0.051105
-7
-0.00966851
-48
-0.0662983
7
0.00966851
-13
-0.0179558
12
0.0165746
-25
-0.0345304
-8
-0.0110497
-11
-0.0151934
-39
-0.0538674
-68
-0.0939227
7
0.00966851
13
0.0179558
5
0.00690608
31
0.0428177
-5
-0.00690608
-58
-0.0801105
-14
-0.019337
-28
-0.038674
-1
-0.00138122
12
0.0165746
20
0.0276243
-27
-0.0372928
-6
-0.00828729
29
0.0400552
17
0.0234807
15
0.0207182
-12
-0.0165746
20
0.0276243
6
0.00828729
-15
-0.0207182
-6
-0.00828729
-2
-0.00276243
-28
-0.038674
-38
-0.0524862
-29
-0.0400552
-20
-0.0276243
-2
-0.00276243
9
0.0124309
-36
-0.0497238
-37
-0.051105
-62
-0.0856354
44
0.0607735
-37
-0.051105
-1
-0.00138122
28
0.038674
-30
-0.0414365
-33
-0.0455801
9
0.0124309
17
0.0234807
8
0.0110497
-24
-0.0331492
6
0.00828729
4
0.00552486
8
0.0110497
-23
-0.031768
8
0.0110497
-9
-0.0124309
4
0.00552486
17
0.0234807
2
0.00276243
-7
-0.00966851
8
0.0110497
-20
-0.0276243
-34
-0.0469613
10
0.0138122
-18
-0.0248619
-50
-0.0690608
41
0.0566298
-24
-0.0331492
-35
-0.0483425
23
0.031768
-32
-0.0441989
-14
-0.019337
-9
-0.0124309
-25
-0.0345304
-16
-0.0220994
26
0.0359116
46
0.0635359
8
0.0110497
20
0.0276243
-14
-0.019337
32
0.0441989
-6
-0.00828729
20
0.0276243
25
0.0345304
-27
-0.0372928
-25
-0.0345304
4
0.00552486
20
0.0276243
45
0.0621547
-33
-0.0455801
-32
-0.0441989
23
0.031768
-12
-0.0165746
6
0.00828729
-9
-0.0124309
17
0.0234807
4
0.00552486
-24
-0.0331492
1
0.00138122
28
0.038674
31
0.0428177
-6
-0.00828729
-40
-0.0552486
19
0.0262431
10
0.0138122
-16
-0.0220994
51
0.070442
25
0.0345304
14
0.019337
8
0.0110497
-21
-0.0290055
6
0.00828729
11
0.0151934
8
0.0110497
9
0.0124309
-38
-0.0524862
-6
-0.00828729
18
0.0248619
-11
-0.0151934
-41
-0.0566298
30
0.0414365
-4
-0.00552486
37
0.051105
1
0.00138122
16
0.0220994
31
0.0428177
-17
-0.0234807
-24
-0.0331492
-11
-0.0151934
-4
-0.00552486
-14
-0.019337
-24
-0.0331492
-2
-0.00276243
-19
-0.0262431
-15
-0.0207182
-24
-0.0331492
-29
-0.0400552
-21
-0.0290055
-34
-0.0469613
14
0.019337
-54
-0.0745856
-2
-0.00276243
45
0.0621547
20
0.0276243
-19
-0.0262431
14
0.019337
48
0.0662983
-4
-0.00552486
6
0.00828729
-11
-0.0151934
20
0.0276243
-24
-0.0331492
39
0.0538674
-47
-0.0649171
-9
-0.0124309
-25
-0.0345304
23
0.031768
30
0.0414365
17
0.0234807
-34
-0.0469613
17
0.0234807
-17
-0.0234807
-18
-0.0248619
1
0.00138122
-32
-0.0441989
10
0.0138122
15
0.0207182
2
0.00276243
29
0.0400552
18
0.0248619
47
0.0649171
-13
-0.0179558
-5
-0.00690608
4
0.00552486
21
0.0290055
-1
-0.00138122
23
0.031768
-31
-0.0428177
3
0.00414365
47
0.0649171
34
0.0469613
5
0.00690608
-13
-0.0179558
12
0.0165746
-12
-0.0165746
37
0.051105
-9
-0.0124309
24
0.0331492
1
0.00138122
-15
-0.0207182
42
0.058011
0
0
1
0.00138122
-20
-0.0276243
-42
-0.058011
22
0.0303867
3
0.00414365
18
0.0248619
2
0.00276243
-4
-0.00552486
6
0.00828729
-15
-0.0207182
16
0.0220994
-16
-0.0220994
32
0.0441989
-25
-0.0345304
-4
-0.00552486
-7
-0.00966851
-25
-0.0345304
0
0
-8
-0.0110497
-16
-0.0220994
61
0.0842541
6
0.00828729
-33
-0.0455801
-17
-0.0234807
21
0.0290055
2
0.00276243
29
0.0400552
-8
-0.0110497
9
0.0124309
-28
-0.038674
25
0.0345304
22
0.0303867
9
0.0124309
14
0.019337
20
0.0276243
0
0
1
0.00138122
-28
-0.038674
4
0.00552486
29
0.0400552
-13
-0.0179558
-12
-0.0165746
33
0.0455801
-23
-0.031768
-4
-0.00552486
-7
-0.00966851
7
0.00966851
-5
-0.00690608
64
0.0883978
-24
-0.0331492
47
0.0649171
-25
-0.0345304
4
0.00552486
-17
-0.0234807
-63
-0.0870166
22
0.0303867
33
0.0455801
42
0.058011
16
0.0220994
6
0.00828729
19
0.0262431
55
0.0759669
-3
-0.00414365
30
0.0414365
-2
-0.00276243
-1
-0.00138122
4
0.00552486
-7
-0.00966851
8
0.0110497
-7
-0.00966851
21
0.0290055
19
0.0262431
-30
-0.0414365
2
0.00276243
