-1
-0.000244141
44
0.0107422
55
0.0134277
-37
-0.0090332
127
0.0310059
14
0.00341797
-51
-0.0124512
-105
-0.0256348
40
0.00976562
-49
-0.0119629
-149
-0.036377
39
0.00952148
40
0.00976562
2
0.000488281
89
0.0217285
72
0.0175781
-87
-0.0212402
-84
-0.0205078
-147
-0.0358887
56
0.0136719
33
0.00805664
35
0.00854492
2
0.000488281
83
0.0202637
-4
-0.000976562
-26
-0.00634766
83
0.0202637
-69
-0.0168457
-77
-0.0187988
97
0.0236816
59
0.0144043
-55
-0.0134277
-83
-0.0202637
-7
-0.00170898
-76
-0.0185547
59
0.0144043
-145
-0.0354004
19
0.00463867
49
0.0119629
58
0.0141602
-67
-0.0163574
-4
-0.000976562
-97
-0.0236816
57
0.013916
26
0.00634766
25
0.00610352
-26
-0.00634766
-72
-0.0175781
-20
-0.00488281
2
0.000488281
101
0.0246582
-1
-0.000244141
-82
-0.0200195
-30
-0.00732422
64
0.015625
-131
-0.0319824
49
0.0119629
50
0.012207
-42
-0.0102539
-18
-0.00439453
-19
-0.00463867
-58
-0.0141602
90
0.0219727
-29
-0.00708008
-173
-0.0422363
-6
-0.00146484
-127
-0.0310059
67
0.0163574
11
0.00268555
77
0.0187988
99
0.0241699
-10
-0.00244141
-33
-0.00805664
103
0.0251465
46
0.0112305
1
0.000244141
-69
-0.0168457
32
0.0078125
30
0.00732422
-81
-0.0197754
155
0.0378418
66
0.0161133
-77
-0.0187988
23
0.00561523
-96
-0.0234375
-41
-0.0100098
48
0.0117188
-21
-0.00512695
25
0.00610352
116
0.0283203
-66
-0.0161133
46
0.0112305
-74
-0.0180664
-61
-0.0148926
35
0.00854492
-37
-0.0090332
-127
-0.0310059
-12
-0.00292969
-91
-0.0222168
90
0.0219727
-28
-0.00683594
-4
-0.000976562
-25
-0.00610352
-95
-0.0231934
42
0.0102539
13
0.00317383
-96
-0.0234375
-23
-0.00561523
74
0.0180664
-65
-0.0158691
85
0.020752
24
0.00585938
-78
-0.019043
-71
-0.017334
-13
-0.00317383
45
0.0109863
-40
-0.00976562
-27
-0.0065918
92
0.0224609
47
0.0114746
57
0.013916
-38
-0.00927734
-50
-0.012207
12
0.00292969
28
0.00683594
16
0.00390625
14
0.00341797
-69
-0.0168457
-178
-0.043457
-61
-0.0148926
7
0.00170898
8
0.00195312
87
0.0212402
25
0.00610352
84
0.0205078
-4
-0.000976562
-38
-0.00927734
24
0.00585938
-39
-0.00952148
-71
-0.017334
-45
-0.0109863
19
0.00463867
-145
-0.0354004
-3
-0.000732422
-92
-0.0224609
-34
-0.00830078
-71
-0.017334
7
0.00170898
137
0.0334473
88
0.0214844
-101
-0.0246582
18
0.00439453
2
0.000488281
-34
-0.00830078
47
0.0114746
-60
-0.0146484
-24
-0.00585938
-14
-0.00341797
-13
-0.00317383
46
0.0112305
-30
-0.00732422
-36
-0.00878906
-109
-0.0266113
37
0.0090332
-72
-0.0175781
-41
-0.0100098
-8
-0.00195312
-6
-0.00146484
120
0.0292969
53
0.0129395
35
0.00854492
23
0.00561523
50
0.012207
14
0.00341797
-37
-0.0090332
-99
-0.0241699
7
0.00170898
8
0.00195312
-109
-0.0266113
-6
-0.00146484
125
0.0305176
61
0.0148926
29
0.00708008
9
0.00219727
-55
-0.0134277
-11
-0.00268555
33
0.00805664
1
0.000244141
-77
-0.0187988
38
0.00927734
8
0.00195312
-101
-0.0246582
189
0.0461426
-29
-0.00708008
-65
-0.0158691
88
0.0214844
-9
-0.00219727
-29
-0.00708008
-144
-0.0351562
134
0.0327148
-7
-0.00170898
63
0.0153809
24
0.00585938
47
0.0114746
55
0.0134277
-55
-0.0134277
-6
-0.00146484
-40
-0.00976562
18
0.00439453
-55
-0.0134277
-104
-0.0253906
82
0.0200195
24
0.00585938
-27
-0.0065918
-37
-0.0090332
-35
-0.00854492
-47
-0.0114746
4
0.000976562
36
0.00878906
-56
-0.0136719
-87
-0.0212402
-30
-0.00732422
-67
-0.0163574
-18
-0.00439453
125
0.0305176
71
0.017334
13
0.00317383
98
0.0239258
-128
-0.03125
60
0.0146484
6
0.00146484
-33
-0.00805664
22
0.00537109
-55
-0.0134277
42
0.0102539
10
0.00244141
47
0.0114746
-34
-0.00830078
151
0.0368652
99
0.0241699
-21
-0.00512695
50
0.012207
142
0.034668
-20
-0.00488281
37
0.0090332
-6
-0.00146484
127
0.0310059
-23
-0.00561523
-2
-0.000488281
-65
-0.0158691
6
0.00146484
-72
-0.0175781
16
0.00390625
-31
-0.00756836
63
0.0153809
6
0.00146484
124
0.0302734
37
0.0090332
-90
-0.0219727
-18
-0.00439453
105
0.0256348
-20
-0.00488281
104
0.0253906
-56
-0.0136719
58
0.0141602
-92
-0.0224609
-76
-0.0185547
65
0.0158691
-14
-0.00341797
-95
-0.0231934
14
0.00341797
-44
-0.0107422
75
0.0183105
25
0.00610352
-68
-0.0166016
-20
-0.00488281
58
0.0141602
-36
-0.00878906
0
0
7
0.00170898
-21
-0.00512695
-39
-0.00952148
-21
-0.00512695
-74
-0.0180664
-146
-0.0356445
-2
-0.000488281
-69
-0.0168457
-21
-0.00512695
25
0.00610352
-43
-0.010498
-139
-0.0339355
110
0.0268555
-58
-0.0141602
122
0.0297852
-27
-0.0065918
-60
-0.0146484
2
0.000488281
-12
-0.00292969
185
0.045166
-93
-0.0227051
98
0.0239258
-41
-0.0100098
58
0.0141602
25
0.00610352
6
0.00146484
-36
-0.00878906
108
0.0263672
-76
-0.0185547
-74
-0.0180664
77
0.0187988
60
0.0146484
-74
-0.0180664
-35
-0.00854492
-10
-0.00244141
-71
-0.017334
-32
-0.0078125
28
0.00683594
0
0
136
0.0332031
-75
-0.0183105
61
0.0148926
36
0.00878906
11
0.00268555
4
0.000976562
90
0.0219727
20
0.00488281
-148
-0.0361328
-95
-0.0231934
-16
-0.00390625
-50
-0.012207
-75
-0.0183105
69
0.0168457
118
0.0288086
-1
-0.000244141
56
0.0136719
129
0.0314941
-31
-0.00756836
-33
-0.00805664
8
0.00195312
-34
-0.00830078
-68
-0.0166016
-5
-0.0012207
-116
-0.0283203
-44
-0.0107422
86
0.0209961
-41
-0.0100098
5
0.0012207
-93
-0.0227051
32
0.0078125
124
0.0302734
-53
-0.0129395
12
0.00292969
-33
-0.00805664
-82
-0.0200195
32
0.0078125
73
0.0178223
121
0.029541
-107
-0.026123
96
0.0234375
-59
-0.0144043
39
0.00952148
-43
-0.010498
-138
-0.0336914
32
0.0078125
-94
-0.0229492
-13
-0.00317383
42
0.0102539
-15
-0.00366211
16
0.00390625
-27
-0.0065918
45
0.0109863
17
0.00415039
-24
-0.00585938
-90
-0.0219727
16
0.00390625
-25
-0.00610352
52
0.0126953
-38
-0.00927734
-26
-0.00634766
-41
-0.0100098
-15
-0.00366211
-15
-0.00366211
1
0.000244141
37
0.0090332
18
0.00439453
-87
-0.0212402
-36
-0.00878906
-48
-0.0117188
104
0.0253906
41
0.0100098
85
0.020752
-115
-0.0280762
24
0.00585938
-44
-0.0107422
-86
-0.0209961
-55
-0.0134277
-131
-0.0319824
68
0.0166016
77
0.0187988
43
0.010498
74
0.0180664
7
0.00170898
64
0.015625
-14
-0.00341797
-20
-0.00488281
41
0.0100098
27
0.0065918
64
0.015625
-92
-0.0224609
-24
-0.00585938
96
0.0234375
-85
-0.020752
-44
-0.0107422
120
0.0292969
-20
-0.00488281
-27
-0.0065918
-29
-0.00708008
27
0.0065918
-21
-0.00512695
-37
-0.0090332
-49
-0.0119629
32
0.0078125
-98
-0.0239258
118
0.0288086
-174
-0.0424805
26
0.00634766
-77
-0.0187988
-98
-0.0239258
-100
-0.0244141
78
0.019043
50
0.012207
-46
-0.0112305
3
0.000732422
-37
-0.0090332
-74
-0.0180664
-8
-0.00195312
7
0.00170898
11
0.00268555
75
0.0183105
8
0.00195312
46
0.0112305
-127
-0.0310059
-94
-0.0229492
89
0.0217285
-68
-0.0166016
11
0.00268555
-40
-0.00976562
9
0.00219727
-123
-0.0300293
63
0.0153809
-125
-0.0305176
-3
-0.000732422
-87
-0.0212402
97
0.0236816
-94
-0.0229492
-48
-0.0117188
-4
-0.000976562
-90
-0.0219727
45
0.0109863
95
0.0231934
-12
-0.00292969
-54
-0.0131836
15
0.00366211
-42
-0.0102539
-78
-0.019043
-77
-0.0187988
1
0.000244141
-27
-0.0065918
183
0.0446777
50
0.012207
-39
-0.00952148
-167
-0.0407715
-54
-0.0131836
-52
-0.0126953
-148
-0.0361328
-107
-0.026123
53
0.0129395
52
0.0126953
-41
-0.0100098
10
0.00244141
-156
-0.0380859
-13
-0.00317383
0
0
28
0.00683594
14
0.00341797
82
0.0200195
43
0.010498
15
0.00366211
-33
-0.00805664
42
0.0102539
-63
-0.0153809
-5
-0.0012207
-130
-0.0317383
47
0.0114746
60
0.0146484
55
0.0134277
-52
-0.0126953
13
0.00317383
103
0.0251465
-16
-0.00390625
-79
-0.0192871
36
0.00878906
51
0.0124512
-55
-0.0134277
-108
-0.0263672
-47
-0.0114746
163
0.0397949
29
0.00708008
-7
-0.00170898
68
0.0166016
56
0.0136719
-10
-0.00244141
-95
-0.0231934
-56
-0.0136719
-65
-0.0158691
-63
-0.0153809
27
0.0065918
95
0.0231934
84
0.0205078
-28
-0.00683594
-41
-0.0100098
50
0.012207
-98
-0.0239258
-175
-0.0427246
106
0.0258789
75
0.0183105
8
0.00195312
-107
-0.026123
11
0.00268555
25
0.00610352
156
0.0380859
-18
-0.00439453
-134
-0.0327148
37
0.0090332
-85
-0.020752
39
0.00952148
69
0.0168457
61
0.0148926
1
0.000244141
-21
-0.00512695
-85
-0.020752
-94
-0.0229492
25
0.00610352
-108
-0.0263672
20
0.00488281
-33
-0.00805664
72
0.0175781
57
0.013916
-23
-0.00561523
5
0.0012207
-210
-0.0512695
19
0.00463867
-56
-0.0136719
56
0.0136719
-55
-0.0134277
-100
-0.0244141
12
0.00292969
-32
-0.0078125
-66
-0.0161133
-43
-0.010498
36
0.00878906
4
0.000976562
-68
-0.0166016
-2
-0.000488281
113
0.0275879
-109
-0.0266113
-25
-0.00610352
6
0.00146484
-22
-0.00537109
-46
-0.0112305
-44
-0.0107422
19
0.00463867
-23
-0.00561523
65
0.0158691
150
0.0366211
19
0.00463867
26
0.00634766
-64
-0.015625
-78
-0.019043
-34
-0.00830078
49
0.0119629
36
0.00878906
-106
-0.0258789
-34
-0.00830078
59
0.0144043
93
0.0227051
38
0.00927734
135
0.032959
-71
-0.017334
-31
-0.00756836
14
0.00341797
-28
-0.00683594
80
0.0195312
7
0.00170898
109
0.0266113
19
0.00463867
106
0.0258789
154
0.0375977
30
0.00732422
13
0.00317383
-62
-0.0151367
132
0.0322266
-111
-0.0270996
-67
-0.0163574
-31
-0.00756836
-33
-0.00805664
-5
-0.0012207
-56
-0.0136719
10
0.00244141
11
0.00268555
-55
-0.0134277
97
0.0236816
24
0.00585938
78
0.019043
64
0.015625
2
0.000488281
8
0.00195312
-7
-0.00170898
77
0.0187988
27
0.0065918
-40
-0.00976562
-39
-0.00952148
7
0.00170898
-7
-0.00170898
18
0.00439453
-9
-0.00219727
-19
-0.00463867
-16
-0.00390625
-189
-0.0461426
31
0.00756836
-57
-0.013916
9
0.00219727
-118
-0.0288086
85
0.020752
49
0.0119629
-17
-0.00415039
-109
-0.0266113
54
0.0131836
112
0.0273438
-12
-0.00292969
-41
-0.0100098
-49
-0.0119629
176
0.0429688
-51
-0.0124512
-8
-0.00195312
10
0.00244141
-60
-0.0146484
76
0.0185547
-95
-0.0231934
28
0.00683594
118
0.0288086
29
0.00708008
-66
-0.0161133
-51
-0.0124512
14
0.00341797
-88
-0.0214844
55
0.0134277
-64
-0.015625
-63
-0.0153809
34
0.00830078
-153
-0.0373535
55
0.0134277
21
0.00512695
-35
-0.00854492
23
0.00561523
-45
-0.0109863
226
0.0551758
-105
-0.0256348
-109
-0.0266113
-72
-0.0175781
-46
-0.0112305
-80
-0.0195312
-75
-0.0183105
22
0.00537109
-29
-0.00708008
79
0.0192871
24
0.00585938
25
0.00610352
-12
-0.00292969
28
0.00683594
-113
-0.0275879
93
0.0227051
-66
-0.0161133
-22
-0.00537109
26
0.00634766
-10
-0.00244141
-58
-0.0141602
-33
-0.00805664
-75
-0.0183105
59
0.0144043
66
0.0161133
-84
-0.0205078
68
0.0166016
86
0.0209961
95
0.0231934
-136
-0.0332031
-17
-0.00415039
-16
-0.00390625
-48
-0.0117188
-1
-0.000244141
6
0.00146484
8
0.00195312
127
0.0310059
42
0.0102539
-16
-0.00390625
27
0.0065918
-97
-0.0236816
-1
-0.000244141
-38
-0.00927734
-96
-0.0234375
-38
-0.00927734
45
0.0109863
-53
-0.0129395
36
0.00878906
-19
-0.00463867
4
0.000976562
17
0.00415039
23
0.00561523
-1
-0.000244141
-50
-0.012207
-162
-0.0395508
3
0.000732422
-51
-0.0124512
-32
-0.0078125
-3
-0.000732422
18
0.00439453
-64
-0.015625
-20
-0.00488281
147
0.0358887
-27
-0.0065918
151
0.0368652
17
0.00415039
-41
-0.0100098
-28
-0.00683594
-12
-0.00292969
-21
-0.00512695
44
0.0107422
24
0.00585938
-61
-0.0148926
83
0.0202637
-97
-0.0236816
163
0.0397949
-26
-0.00634766
81
0.0197754
33
0.00805664
37
0.0090332
-53
-0.0129395
-46
-0.0112305
91
0.0222168
33
0.00805664
14
0.00341797
29
0.00708008
126
0.0307617
-110
-0.0268555
38
0.00927734
-33
-0.00805664
25
0.00610352
-21
-0.00512695
-157
-0.0383301
16
0.00390625
87
0.0212402
37
0.0090332
2
0.000488281
-3
-0.000732422
-89
-0.0217285
-21
-0.00512695
-50
-0.012207
58
0.0141602
35
0.00854492
-26
-0.00634766
1
0.000244141
-30
-0.00732422
-102
-0.0249023
3
0.000732422
66
0.0161133
23
0.00561523
27
0.0065918
-35
-0.00854492
-25
-0.00610352
15
0.00366211
71
0.017334
32
0.0078125
29
0.00708008
-19
-0.00463867
-47
-0.0114746
1
0.000244141
-8
-0.00195312
65
0.0158691
-75
-0.0183105
-41
-0.0100098
278
0.0678711
-103
-0.0251465
-96
-0.0234375
-19
-0.00463867
-44
-0.0107422
90
0.0219727
95
0.0231934
10
0.00244141
11
0.00268555
2
0.000488281
62
0.0151367
-91
-0.0222168
-114
-0.027832
-176
-0.0429688
53
0.0129395
50
0.012207
5
0.0012207
-105
-0.0256348
69
0.0168457
42
0.0102539
60
0.0146484
37
0.0090332
-15
-0.00366211
80
0.0195312
9
0.00219727
-84
-0.0205078
-36
-0.00878906
45
0.0109863
108
0.0263672
-19
-0.00463867
61
0.0148926
26
0.00634766
99
0.0241699
-125
-0.0305176
121
0.029541
-25
-0.00610352
-99
-0.0241699
8
0.00195312
-86
-0.0209961
-63
-0.0153809
-55
-0.0134277
44
0.0107422
65
0.0158691
14
0.00341797
-84
-0.0205078
72
0.0175781
93
0.0227051
20
0.00488281
-25
-0.00610352
-53
-0.0129395
35
0.00854492
-3
-0.000732422
30
0.00732422
7
0.00170898
4
0.000976562
-28
-0.00683594
107
0.026123
27
0.0065918
-22
-0.00537109
52
0.0126953
9
0.00219727
-78
-0.019043
-1
-0.000244141
-71
-0.017334
-63
-0.0153809
72
0.0175781
-140
-0.0341797
-25
-0.00610352
-125
-0.0305176
-15
-0.00366211
40
0.00976562
93
0.0227051
-162
-0.0395508
78
0.019043
49
0.0119629
67
0.0163574
12
0.00292969
0
0
22
0.00537109
-81
-0.0197754
49
0.0119629
88
0.0214844
5
0.0012207
12
0.00292969
15
0.00366211
8
0.00195312
-99
-0.0241699
-58
-0.0141602
-7
-0.00170898
-9
-0.00219727
19
0.00463867
71
0.017334
94
0.0229492
-12
-0.00292969
-29
-0.00708008
8
0.00195312
80
0.0195312
-32
-0.0078125
61
0.0148926
-7
-0.00170898
-26
-0.00634766
33
0.00805664
92
0.0224609
-33
-0.00805664
-101
-0.0246582
-22
-0.00537109
-50
-0.012207
12
0.00292969
-75
-0.0183105
-101
-0.0246582
101
0.0246582
41
0.0100098
-35
-0.00854492
-50
-0.012207
58
0.0141602
19
0.00463867
3
0.000732422
46
0.0112305
145
0.0354004
71
0.017334
86
0.0209961
47
0.0114746
10
0.00244141
-68
-0.0166016
61
0.0148926
-6
-0.00146484
123
0.0300293
-2
-0.000488281
-9
-0.00219727
30
0.00732422
24
0.00585938
-23
-0.00561523
-19
-0.00463867
9
0.00219727
173
0.0422363
-20
-0.00488281
-106
-0.0258789
-77
-0.0187988
39
0.00952148
75
0.0183105
-70
-0.0170898
31
0.00756836
-47
-0.0114746
-22
-0.00537109
42
0.0102539
-7
-0.00170898
-74
-0.0180664
44
0.0107422
-1
-0.000244141
-32
-0.0078125
-81
-0.0197754
38
0.00927734
-102
-0.0249023
43
0.010498
-45
-0.0109863
-90
-0.0219727
-43
-0.010498
-9
-0.00219727
-61
-0.0148926
24
0.00585938
-46
-0.0112305
-56
-0.0136719
-27
-0.0065918
50
0.012207
14
0.00341797
55
0.0134277
-190
-0.0463867
27
0.0065918
-8
-0.00195312
-22
-0.00537109
106
0.0258789
-30
-0.00732422
92
0.0224609
-23
-0.00561523
89
0.0217285
-16
-0.00390625
61
0.0148926
3
0.000732422
57
0.013916
-6
-0.00146484
76
0.0185547
60
0.0146484
18
0.00439453
-27
-0.0065918
36
0.00878906
-86
-0.0209961
132
0.0322266
63
0.0153809
-42
-0.0102539
-20
-0.00488281
44
0.0107422
16
0.00390625
-72
-0.0175781
-3
-0.000732422
79
0.0192871
-12
-0.00292969
4
0.000976562
-5
-0.0012207
-22
-0.00537109
-76
-0.0185547
152
0.0371094
5
0.0012207
87
0.0212402
55
0.0134277
84
0.0205078
13
0.00317383
-40
-0.00976562
-31
-0.00756836
-2
-0.000488281
-9
-0.00219727
218
0.0532227
41
0.0100098
-75
-0.0183105
35
0.00854492
-106
-0.0258789
42
0.0102539
-123
-0.0300293
-53
-0.0129395
3
0.000732422
28
0.00683594
-21
-0.00512695
90
0.0219727
-4
-0.000976562
-39
-0.00952148
-148
-0.0361328
-84
-0.0205078
5
0.0012207
59
0.0144043
140
0.0341797
-73
-0.0178223
75
0.0183105
-19
-0.00463867
-44
-0.0107422
-13
-0.00317383
-46
-0.0112305
-5
-0.0012207
175
0.0427246
32
0.0078125
66
0.0161133
-26
-0.00634766
-105
-0.0256348
-47
-0.0114746
-27
-0.0065918
-62
-0.0151367
-59
-0.0144043
-8
-0.00195312
0
0
-104
-0.0253906
-1
-0.000244141
100
0.0244141
70
0.0170898
96
0.0234375
-130
-0.0317383
-42
-0.0102539
-29
-0.00708008
-102
-0.0249023
150
0.0366211
-6
-0.00146484
111
0.0270996
-49
-0.0119629
-48
-0.0117188
-13
-0.00317383
2
0.000488281
35
0.00854492
6
0.00146484
75
0.0183105
-122
-0.0297852
-53
-0.0129395
127
0.0310059
104
0.0253906
-60
-0.0146484
8
0.00195312
67
0.0163574
25
0.00610352
21
0.00512695
-13
-0.00317383
90
0.0219727
75
0.0183105
-47
-0.0114746
-34
-0.00830078
-95
-0.0231934
47
0.0114746
-35
-0.00854492
52
0.0126953
53
0.0129395
-33
-0.00805664
-14
-0.00341797
-45
-0.0109863
-159
-0.0388184
57
0.013916
-44
-0.0107422
50
0.012207
80
0.0195312
-55
-0.0134277
13
0.00317383
17
0.00415039
140
0.0341797
51
0.0124512
-121
-0.029541
-59
-0.0144043
-109
-0.0266113
-61
-0.0148926
69
0.0168457
12
0.00292969
-98
-0.0239258
-46
-0.0112305
30
0.00732422
-30
-0.00732422
-10
-0.00244141
-64
-0.015625
24
0.00585938
8
0.00195312
-82
-0.0200195
15
0.00366211
78
0.019043
-30
-0.00732422
13
0.00317383
88
0.0214844
18
0.00439453
-81
-0.0197754
-106
-0.0258789
55
0.0134277
24
0.00585938
34
0.00830078
-15
-0.00366211
11
0.00268555
-54
-0.0131836
0
0
72
0.0175781
4
0.000976562
92
0.0224609
118
0.0288086
145
0.0354004
48
0.0117188
207
0.0505371
29
0.00708008
70
0.0170898
23
0.00561523
-37
-0.0090332
54
0.0131836
-56
-0.0136719
2
0.000488281
-12
-0.00292969
-27
-0.0065918
-70
-0.0170898
-72
-0.0175781
-28
-0.00683594
36
0.00878906
24
0.00585938
-71
-0.017334
-21
-0.00512695
58
0.0141602
-98
-0.0239258
-16
-0.00390625
-86
-0.0209961
28
0.00683594
-107
-0.026123
-19
-0.00463867
-23
-0.00561523
-13
-0.00317383
-43
-0.010498
-42
-0.0102539
-100
-0.0244141
41
0.0100098
19
0.00463867
-10
-0.00244141
-47
-0.0114746
-23
-0.00561523
-59
-0.0144043
11
0.00268555
49
0.0119629
27
0.0065918
29
0.00708008
-7
-0.00170898
120
0.0292969
-98
-0.0239258
76
0.0185547
30
0.00732422
4
0.000976562
12
0.00292969
-47
-0.0114746
87
0.0212402
-69
-0.0168457
7
0.00170898
16
0.00390625
-7
-0.00170898
-44
-0.0107422
-16
-0.00390625
5
0.0012207
-69
-0.0168457
35
0.00854492
40
0.00976562
60
0.0146484
-34
-0.00830078
28
0.00683594
-1
-0.000244141
61
0.0148926
-16
-0.00390625
36
0.00878906
29
0.00708008
-47
-0.0114746
3
0.000732422
-27
-0.0065918
0
0
56
0.0136719
-58
-0.0141602
-33
-0.00805664
-202
-0.0493164
-52
-0.0126953
71
0.017334
-53
-0.0129395
4
0.000976562
-102
-0.0249023
42
0.0102539
62
0.0151367
-56
-0.0136719
8
0.00195312
22
0.00537109
71
0.017334
-3
-0.000732422
-36
-0.00878906
64
0.015625
-21
-0.00512695
-2
-0.000488281
46
0.0112305
26
0.00634766
2
0.000488281
11
0.00268555
132
0.0322266
-73
-0.0178223
-69
-0.0168457
1
0.000244141
-17
-0.00415039
2
0.000488281
-49
-0.0119629
60
0.0146484
-61
-0.0148926
-98
-0.0239258
-76
-0.0185547
-100
-0.0244141
-102
-0.0249023
-59
-0.0144043
12
0.00292969
72
0.0175781
68
0.0166016
-47
-0.0114746
-111
-0.0270996
-63
-0.0153809
-50
-0.012207
-35
-0.00854492
10
0.00244141
-7
-0.00170898
6
0.00146484
-10
-0.00244141
9
0.00219727
58
0.0141602
-31
-0.00756836
122
0.0297852
10
0.00244141
39
0.00952148
-15
-0.00366211
79
0.0192871
84
0.0205078
-65
-0.0158691
65
0.0158691
24
0.00585938
49
0.0119629
-34
-0.00830078
112
0.0273438
-18
-0.00439453
-30
-0.00732422
-1
-0.000244141
-38
-0.00927734
-53
-0.0129395
24
0.00585938
47
0.0114746
10
0.00244141
68
0.0166016
77
0.0187988
54
0.0131836
69
0.0168457
-6
-0.00146484
28
0.00683594
-21
-0.00512695
-34
-0.00830078
77
0.0187988
-102
-0.0249023
-102
-0.0249023
86
0.0209961
21
0.00512695
40
0.00976562
40
0.00976562
-22
-0.00537109
4
0.000976562
48
0.0117188
0
0
106
0.0258789
43
0.010498
20
0.00488281
3
0.000732422
70
0.0170898
-21
-0.00512695
-11
-0.00268555
-95
-0.0231934
9
0.00219727
-88
-0.0214844
-116
-0.0283203
46
0.0112305
-119
-0.0290527
64
0.015625
102
0.0249023
-112
-0.0273438
35
0.00854492
28
0.00683594
193
0.0471191
1
0.000244141
-30
-0.00732422
-52
-0.0126953
3
0.000732422
-13
-0.00317383
-26
-0.00634766
21
0.00512695
210
0.0512695
-33
-0.00805664
57
0.013916
-58
-0.0141602
-16
-0.00390625
-126
-0.0307617
-35
-0.00854492
11
0.00268555
48
0.0117188
-20
-0.00488281
86
0.0209961
-126
-0.0307617
-18
-0.00439453
69
0.0168457
-60
-0.0146484
7
0.00170898
-64
-0.015625
1
0.000244141
2
0.000488281
42
0.0102539
55
0.0134277
-82
-0.0200195
-29
-0.00708008
-103
-0.0251465
-44
-0.0107422
59
0.0144043
-73
-0.0178223
55
0.0134277
-11
-0.00268555
-36
-0.00878906
-73
-0.0178223
21
0.00512695
17
0.00415039
17
0.00415039
-137
-0.0334473
81
0.0197754
-32
-0.0078125
-24
-0.00585938
-58
-0.0141602
-47
-0.0114746
100
0.0244141
-33
-0.00805664
27
0.0065918
7
0.00170898
48
0.0117188
-79
-0.0192871
21
0.00512695
76
0.0185547
-1
-0.000244141
-10
-0.00244141
94
0.0229492
-13
-0.00317383
-88
-0.0214844
-99
-0.0241699
120
0.0292969
-77
-0.0187988
-4
-0.000976562
-67
-0.0163574
-56
-0.0136719
-68
-0.0166016
19
0.00463867
29
0.00708008
-191
-0.0466309
41
0.0100098
-74
-0.0180664
-42
-0.0102539
38
0.00927734
18
0.00439453
29
0.00708008
-29
-0.00708008
14
0.00341797
63
0.0153809
105
0.0256348
-103
-0.0251465
71
0.017334
-104
-0.0253906
-97
-0.0236816
-34
-0.00830078
99
0.0241699
31
0.00756836
-61
-0.0148926
6
0.00146484
121
0.029541
-79
-0.0192871
-120
-0.0292969
8
0.00195312
27
0.0065918
84
0.0205078
101
0.0246582
-58
-0.0141602
-57
-0.013916
45
0.0109863
9
0.00219727
-24
-0.00585938
-111
-0.0270996
-30
-0.00732422
172
0.0419922
32
0.0078125
19
0.00463867
43
0.010498
-22
-0.00537109
-17
-0.00415039
-128
-0.03125
25
0.00610352
-74
-0.0180664
-83
-0.0202637
5
0.0012207
33
0.00805664
-49
-0.0119629
-33
-0.00805664
-138
-0.0336914
13
0.00317383
-68
-0.0166016
3
0.000732422
51
0.0124512
-86
-0.0209961
49
0.0119629
-4
-0.000976562
-47
-0.0114746
93
0.0227051
43
0.010498
5
0.0012207
-88
-0.0214844
12
0.00292969
239
0.0583496
-77
-0.0187988
123
0.0300293
4
0.000976562
17
0.00415039
-2
-0.000488281
-87
-0.0212402
-27
-0.0065918
-81
-0.0197754
-20
-0.00488281
-31
-0.00756836
169
0.0412598
16
0.00390625
-36
-0.00878906
-83
-0.0202637
5
0.0012207
-38
-0.00927734
-26
-0.00634766
-15
-0.00366211
31
0.00756836
-69
-0.0168457
75
0.0183105
-66
-0.0161133
-75
-0.0183105
153
0.0373535
-75
-0.0183105
-22
-0.00537109
26
0.00634766
-75
-0.0183105
-16
-0.00390625
-92
-0.0224609
-61
-0.0148926
-1
-0.000244141
-75
-0.0183105
81
0.0197754
1
0.000244141
-83
-0.0202637
-114
-0.027832
56
0.0136719
-130
-0.0317383
23
0.00561523
9
0.00219727
3
0.000732422
51
0.0124512
-56
-0.0136719
66
0.0161133
-25
-0.00610352
-94
-0.0229492
-25
-0.00610352
104
0.0253906
69
0.0168457
-68
-0.0166016
-137
-0.0334473
20
0.00488281
-105
-0.0256348
111
0.0270996
-79
-0.0192871
64
0.015625
-53
-0.0129395
-126
-0.0307617
-28
-0.00683594
42
0.0102539
-14
-0.00341797
15
0.00366211
-36
-0.00878906
3
0.000732422
108
0.0263672
31
0.00756836
51
0.0124512
-41
-0.0100098
9
0.00219727
-26
-0.00634766
-5
-0.0012207
-2
-0.000488281
31
0.00756836
1
0.000244141
41
0.0100098
42
0.0102539
76
0.0185547
45
0.0109863
37
0.0090332
-40
-0.00976562
-56
-0.0136719
94
0.0229492
-161
-0.0393066
81
0.0197754
91
0.0222168
30
0.00732422
-37
-0.0090332
-32
-0.0078125
61
0.0148926
-45
-0.0109863
84
0.0205078
91
0.0222168
-48
-0.0117188
-1
-0.000244141
15
0.00366211
24
0.00585938
37
0.0090332
-86
-0.0209961
15
0.00366211
12
0.00292969
99
0.0241699
71
0.017334
10
0.00244141
64
0.015625
-113
-0.0275879
-68
-0.0166016
28
0.00683594
59
0.0144043
18
0.00439453
-27
-0.0065918
-52
-0.0126953
0
0
-52
-0.0126953
2
0.000488281
-35
-0.00854492
-10
-0.00244141
-77
-0.0187988
50
0.012207
-168
-0.0410156
-29
-0.00708008
47
0.0114746
9
0.00219727
140
0.0341797
12
0.00292969
109
0.0266113
0
0
77
0.0187988
73
0.0178223
37
0.0090332
17
0.00415039
78
0.019043
37
0.0090332
-180
-0.0439453
-26
-0.00634766
-70
-0.0170898
-130
-0.0317383
-88
-0.0214844
38
0.00927734
-129
-0.0314941
8
0.00195312
-92
-0.0224609
-9
-0.00219727
60
0.0146484
39
0.00952148
-81
-0.0197754
38
0.00927734
77
0.0187988
-44
-0.0107422
-84
-0.0205078
-44
-0.0107422
-130
-0.0317383
62
0.0151367
-20
-0.00488281
-36
-0.00878906
-221
-0.0539551
91
0.0222168
29
0.00708008
83
0.0202637
109
0.0266113
67
0.0163574
-3
-0.000732422
68
0.0166016
-14
-0.00341797
-65
-0.0158691
2
0.000488281
60
0.0146484
4
0.000976562
-22
-0.00537109
-43
-0.010498
-2
-0.000488281
14
0.00341797
75
0.0183105
-97
-0.0236816
20
0.00488281
-101
-0.0246582
-108
-0.0263672
64
0.015625
100
0.0244141
73
0.0178223
-12
-0.00292969
-15
-0.00366211
20
0.00488281
-95
-0.0231934
78
0.019043
-84
-0.0205078
44
0.0107422
-37
-0.0090332
-20
-0.00488281
-97
-0.0236816
-53
-0.0129395
-58
-0.0141602
-67
-0.0163574
15
0.00366211
82
0.0200195
-6
-0.00146484
30
0.00732422
25
0.00610352
1
0.000244141
215
0.0524902
-133
-0.0324707
4
0.000976562
-39
-0.00952148
-65
-0.0158691
103
0.0251465
52
0.0126953
10
0.00244141
0
0
-70
-0.0170898
-25
-0.00610352
-20
-0.00488281
-69
-0.0168457
24
0.00585938
76
0.0185547
88
0.0214844
125
0.0305176
52
0.0126953
-29
-0.00708008
-54
-0.0131836
17
0.00415039
-47
-0.0114746
25
0.00610352
-62
-0.0151367
-86
-0.0209961
49
0.0119629
-18
-0.00439453
22
0.00537109
-41
-0.0100098
22
0.00537109
49
0.0119629
-38
-0.00927734
-28
-0.00683594
-93
-0.0227051
-58
-0.0141602
-56
-0.0136719
-40
-0.00976562
-57
-0.013916
-3
-0.000732422
15
0.00366211
106
0.0258789
-9
-0.00219727
-71
-0.017334
-24
-0.00585938
-23
-0.00561523
68
0.0166016
148
0.0361328
-112
-0.0273438
-69
-0.0168457
-131
-0.0319824
33
0.00805664
-76
-0.0185547
2
0.000488281
54
0.0131836
-90
-0.0219727
2
0.000488281
91
0.0222168
-43
-0.010498
8
0.00195312
25
0.00610352
-32
-0.0078125
26
0.00634766
-24
-0.00585938
15
0.00366211
17
0.00415039
63
0.0153809
-36
-0.00878906
-4
-0.000976562
-47
-0.0114746
-13
-0.00317383
29
0.00708008
102
0.0249023
-37
-0.0090332
-50
-0.012207
102
0.0249023
36
0.00878906
-68
-0.0166016
26
0.00634766
8
0.00195312
45
0.0109863
17
0.00415039
3
0.000732422
41
0.0100098
0
0
0
0
-83
-0.0202637
201
0.0490723
-81
-0.0197754
40
0.00976562
3
0.000732422
34
0.00830078
-46
-0.0112305
115
0.0280762
-56
-0.0136719
-159
-0.0388184
-27
-0.0065918
12
0.00292969
-23
-0.00561523
-58
-0.0141602
1
0.000244141
-25
-0.00610352
-43
-0.010498
-42
-0.0102539
-37
-0.0090332
37
0.0090332
0
0
6
0.00146484
46
0.0112305
-18
-0.00439453
-40
-0.00976562
2
0.000488281
8
0.00195312
57
0.013916
21
0.00512695
100
0.0244141
-20
-0.00488281
-47
-0.0114746
-35
-0.00854492
107
0.026123
-38
-0.00927734
49
0.0119629
-24
-0.00585938
-98
-0.0239258
16
0.00390625
-66
-0.0161133
40
0.00976562
4
0.000976562
-25
-0.00610352
20
0.00488281
35
0.00854492
57
0.013916
-9
-0.00219727
-43
-0.010498
26
0.00634766
113
0.0275879
-69
-0.0168457
-73
-0.0178223
-72
-0.0175781
49
0.0119629
9
0.00219727
4
0.000976562
-25
-0.00610352
34
0.00830078
-58
-0.0141602
49
0.0119629
44
0.0107422
77
0.0187988
31
0.00756836
-46
-0.0112305
-113
-0.0275879
53
0.0129395
-24
-0.00585938
12
0.00292969
46
0.0112305
-85
-0.020752
-56
-0.0136719
11
0.00268555
-19
-0.00463867
53
0.0129395
-5
-0.0012207
-15
-0.00366211
58
0.0141602
140
0.0341797
-69
-0.0168457
6
0.00146484
-34
-0.00830078
-51
-0.0124512
50
0.012207
76
0.0185547
-63
-0.0153809
-45
-0.0109863
32
0.0078125
33
0.00805664
4
0.000976562
0
0
-40
-0.00976562
-81
-0.0197754
51
0.0124512
13
0.00317383
56
0.0136719
-18
-0.00439453
-40
-0.00976562
-64
-0.015625
-69
-0.0168457
46
0.0112305
105
0.0256348
77
0.0187988
15
0.00366211
160
0.0390625
-41
-0.0100098
-94
-0.0229492
-3
-0.000732422
59
0.0144043
35
0.00854492
20
0.00488281
39
0.00952148
-11
-0.00268555
-58
-0.0141602
95
0.0231934
7
0.00170898
-38
-0.00927734
15
0.00366211
33
0.00805664
46
0.0112305
19
0.00463867
8
0.00195312
-62
-0.0151367
-37
-0.0090332
-75
-0.0183105
106
0.0258789
49
0.0119629
21
0.00512695
102
0.0249023
-91
-0.0222168
-50
-0.012207
-71
-0.017334
162
0.0395508
104
0.0253906
2
0.000488281
-26
-0.00634766
-23
-0.00561523
-116
-0.0283203
-33
-0.00805664
-108
-0.0263672
103
0.0251465
-39
-0.00952148
-77
-0.0187988
125
0.0305176
-163
-0.0397949
51
0.0124512
-83
-0.0202637
13
0.00317383
79
0.0192871
-8
-0.00195312
49
0.0119629
-30
-0.00732422
-78
-0.019043
11
0.00268555
49
0.0119629
-55
-0.0134277
-21
-0.00512695
-20
-0.00488281
57
0.013916
11
0.00268555
-32
-0.0078125
74
0.0180664
7
0.00170898
15
0.00366211
-4
-0.000976562
127
0.0310059
-86
-0.0209961
26
0.00634766
-71
-0.017334
-36
-0.00878906
-45
-0.0109863
1
0.000244141
89
0.0217285
-87
-0.0212402
109
0.0266113
18
0.00439453
47
0.0114746
14
0.00341797
-20
-0.00488281
-36
-0.00878906
65
0.0158691
30
0.00732422
73
0.0178223
6
0.00146484
82
0.0200195
39
0.00952148
-66
-0.0161133
-48
-0.0117188
57
0.013916
9
0.00219727
-131
-0.0319824
-24
-0.00585938
-83
-0.0202637
76
0.0185547
-1
-0.000244141
-46
-0.0112305
50
0.012207
-59
-0.0144043
-2
-0.000488281
31
0.00756836
-33
-0.00805664
118
0.0288086
117
0.0285645
-71
-0.017334
-9
-0.00219727
-94
-0.0229492
79
0.0192871
153
0.0373535
-14
-0.00341797
5
0.0012207
96
0.0234375
3
0.000732422
37
0.0090332
-60
-0.0146484
44
0.0107422
2
0.000488281
1
0.000244141
83
0.0202637
87
0.0212402
-5
-0.0012207
28
0.00683594
96
0.0234375
110
0.0268555
-54
-0.0131836
-3
-0.000732422
-48
-0.0117188
93
0.0227051
-21
-0.00512695
158
0.0385742
-67
-0.0163574
89
0.0217285
-96
-0.0234375
56
0.0136719
48
0.0117188
28
0.00683594
-83
-0.0202637
-94
-0.0229492
53
0.0129395
59
0.0144043
-89
-0.0217285
-127
-0.0310059
-71
-0.017334
38
0.00927734
137
0.0334473
-146
-0.0356445
-34
-0.00830078
48
0.0117188
7
0.00170898
-29
-0.00708008
33
0.00805664
211
0.0515137
24
0.00585938
-54
-0.0131836
28
0.00683594
2
0.000488281
-8
-0.00195312
59
0.0144043
-32
-0.0078125
-57
-0.013916
-96
-0.0234375
88
0.0214844
-14
-0.00341797
-40
-0.00976562
12
0.00292969
68
0.0166016
-15
-0.00366211
-46
-0.0112305
34
0.00830078
13
0.00317383
7
0.00170898
-124
-0.0302734
7
0.00170898
-124
-0.0302734
45
0.0109863
11
0.00268555
88
0.0214844
122
0.0297852
43
0.010498
74
0.0180664
48
0.0117188
-120
-0.0292969
-119
-0.0290527
30
0.00732422
1
0.000244141
115
0.0280762
-66
-0.0161133
42
0.0102539
14
0.00341797
-29
-0.00708008
89
0.0217285
26
0.00634766
-131
-0.0319824
201
0.0490723
97
0.0236816
-107
-0.026123
-42
-0.0102539
116
0.0283203
36
0.00878906
-56
-0.0136719
0
0
-16
-0.00390625
9
0.00219727
-37
-0.0090332
3
0.000732422
-178
-0.043457
-15
-0.00366211
0
0
62
0.0151367
66
0.0161133
37
0.0090332
4
0.000976562
67
0.0163574
85
0.020752
-22
-0.00537109
-7
-0.00170898
34
0.00830078
80
0.0195312
93
0.0227051
-232
-0.0566406
-36
-0.00878906
-98
-0.0239258
-104
-0.0253906
104
0.0253906
38
0.00927734
-78
-0.019043
-39
-0.00952148
61
0.0148926
-42
-0.0102539
147
0.0358887
-9
-0.00219727
-114
-0.027832
-30
-0.00732422
71
0.017334
33
0.00805664
72
0.0175781
-65
-0.0158691
22
0.00537109
-6
-0.00146484
-7
-0.00170898
34
0.00830078
26
0.00634766
63
0.0153809
55
0.0134277
-84
-0.0205078
-58
-0.0141602
-39
-0.00952148
41
0.0100098
-43
-0.010498
41
0.0100098
-36
-0.00878906
-38
-0.00927734
-25
-0.00610352
86
0.0209961
-1
-0.000244141
-97
-0.0236816
38
0.00927734
-46
-0.0112305
15
0.00366211
-70
-0.0170898
-67
-0.0163574
56
0.0136719
34
0.00830078
-41
-0.0100098
23
0.00561523
48
0.0117188
-77
-0.0187988
-47
-0.0114746
-76
-0.0185547
83
0.0202637
56
0.0136719
-22
-0.00537109
-7
-0.00170898
-129
-0.0314941
-45
-0.0109863
14
0.00341797
69
0.0168457
-64
-0.015625
-23
-0.00561523
-102
-0.0249023
55
0.0134277
69
0.0168457
56
0.0136719
-51
-0.0124512
66
0.0161133
-172
-0.0419922
-4
-0.000976562
156
0.0380859
-45
-0.0109863
129
0.0314941
-72
-0.0175781
-8
-0.00195312
-54
-0.0131836
24
0.00585938
-28
-0.00683594
-93
-0.0227051
-14
-0.00341797
-55
-0.0134277
108
0.0263672
-24
-0.00585938
-72
-0.0175781
126
0.0307617
-27
-0.0065918
34
0.00830078
-2
-0.000488281
21
0.00512695
-10
-0.00244141
112
0.0273438
97
0.0236816
-33
-0.00805664
-50
-0.012207
-6
-0.00146484
7
0.00170898
64
0.015625
37
0.0090332
18
0.00439453
-25
-0.00610352
-10
-0.00244141
52
0.0126953
-128
-0.03125
-31
-0.00756836
-17
-0.00415039
-88
-0.0214844
58
0.0141602
-37
-0.0090332
-69
-0.0168457
-23
-0.00561523
42
0.0102539
57
0.013916
13
0.00317383
-2
-0.000488281
-36
-0.00878906
54
0.0131836
41
0.0100098
118
0.0288086
15
0.00366211
62
0.0151367
-13
-0.00317383
27
0.0065918
11
0.00268555
34
0.00830078
-43
-0.010498
80
0.0195312
76
0.0185547
-10
-0.00244141
34
0.00830078
5
0.0012207
35
0.00854492
-38
-0.00927734
66
0.0161133
17
0.00415039
8
0.00195312
-81
-0.0197754
24
0.00585938
40
0.00976562
-9
-0.00219727
44
0.0107422
-17
-0.00415039
-72
-0.0175781
16
0.00390625
-85
-0.020752
-1
-0.000244141
-41
-0.0100098
49
0.0119629
48
0.0117188
-16
-0.00390625
27
0.0065918
-42
-0.0102539
50
0.012207
-139
-0.0339355
132
0.0322266
8
0.00195312
39
0.00952148
132
0.0322266
131
0.0319824
65
0.0158691
-1
-0.000244141
-133
-0.0324707
-39
-0.00952148
20
0.00488281
29
0.00708008
-92
-0.0224609
55
0.0134277
-10
-0.00244141
-25
-0.00610352
74
0.0180664
1
0.000244141
39
0.00952148
-32
-0.0078125
10
0.00244141
-57
-0.013916
113
0.0275879
111
0.0270996
-74
-0.0180664
14
0.00341797
77
0.0187988
3
0.000732422
113
0.0275879
-1
-0.000244141
23
0.00561523
-65
-0.0158691
-22
-0.00537109
-9
-0.00219727
-82
-0.0200195
-25
-0.00610352
156
0.0380859
-15
-0.00366211
-35
-0.00854492
-52
-0.0126953
24
0.00585938
-37
-0.0090332
66
0.0161133
94
0.0229492
24
0.00585938
4
0.000976562
-5
-0.0012207
21
0.00512695
-93
-0.0227051
-21
-0.00512695
95
0.0231934
-20
-0.00488281
-68
-0.0166016
52
0.0126953
-42
-0.0102539
66
0.0161133
-22
-0.00537109
50
0.012207
-59
-0.0144043
-3
-0.000732422
151
0.0368652
-46
-0.0112305
-47
-0.0114746
-44
-0.0107422
48
0.0117188
-21
-0.00512695
-145
-0.0354004
111
0.0270996
38
0.00927734
91
0.0222168
-109
-0.0266113
19
0.00463867
-8
-0.00195312
38
0.00927734
-7
-0.00170898
14
0.00341797
107
0.026123
-79
-0.0192871
-60
-0.0146484
80
0.0195312
39
0.00952148
-4
-0.000976562
-27
-0.0065918
39
0.00952148
66
0.0161133
0
0
5
0.0012207
63
0.0153809
30
0.00732422
9
0.00219727
-26
-0.00634766
-123
-0.0300293
-23
-0.00561523
23
0.00561523
23
0.00561523
-127
-0.0310059
-24
-0.00585938
-13
-0.00317383
27
0.0065918
-102
-0.0249023
38
0.00927734
-107
-0.026123
189
0.0461426
-10
-0.00244141
-129
-0.0314941
-6
-0.00146484
61
0.0148926
-1
-0.000244141
104
0.0253906
11
0.00268555
-98
-0.0239258
-55
-0.0134277
-20
-0.00488281
40
0.00976562
84
0.0205078
45
0.0109863
109
0.0266113
-1
-0.000244141
96
0.0234375
-43
-0.010498
11
0.00268555
-38
-0.00927734
-2
-0.000488281
-115
-0.0280762
194
0.0473633
123
0.0300293
-98
-0.0239258
-8
-0.00195312
-9
-0.00219727
-22
-0.00537109
-29
-0.00708008
66
0.0161133
147
0.0358887
-46
-0.0112305
54
0.0131836
-35
-0.00854492
-124
-0.0302734
-79
-0.0192871
-15
-0.00366211
39
0.00952148
-33
-0.00805664
-38
-0.00927734
26
0.00634766
41
0.0100098
-128
-0.03125
-19
-0.00463867
-91
-0.0222168
-59
-0.0144043
-62
-0.0151367
51
0.0124512
67
0.0163574
-115
-0.0280762
126
0.0307617
18
0.00439453
94
0.0229492
33
0.00805664
-24
-0.00585938
-47
-0.0114746
-132
-0.0322266
22
0.00537109
44
0.0107422
-44
-0.0107422
145
0.0354004
114
0.027832
55
0.0134277
-33
-0.00805664
107
0.026123
-67
-0.0163574
-74
-0.0180664
-68
-0.0166016
-64
-0.015625
-18
-0.00439453
-60
-0.0146484
29
0.00708008
-54
-0.0131836
19
0.00463867
75
0.0183105
40
0.00976562
45
0.0109863
-4
-0.000976562
-59
-0.0144043
-44
-0.0107422
0
0
-8
-0.00195312
69
0.0168457
-32
-0.0078125
-30
-0.00732422
-18
-0.00439453
30
0.00732422
89
0.0217285
-102
-0.0249023
-18
-0.00439453
72
0.0175781
-138
-0.0336914
-107
-0.026123
88
0.0214844
-128
-0.03125
14
0.00341797
45
0.0109863
-85
-0.020752
-11
-0.00268555
-17
-0.00415039
5
0.0012207
29
0.00708008
25
0.00610352
-11
-0.00268555
-29
-0.00708008
-53
-0.0129395
-5
-0.0012207
-65
-0.0158691
-25
-0.00610352
50
0.012207
82
0.0200195
-23
-0.00561523
-43
-0.010498
-31
-0.00756836
39
0.00952148
-18
-0.00439453
-206
-0.050293
-30
-0.00732422
4
0.000976562
-92
-0.0224609
-68
-0.0166016
111
0.0270996
-28
-0.00683594
-27
-0.0065918
25
0.00610352
-2
-0.000488281
-40
-0.00976562
27
0.0065918
-84
-0.0205078
-55
-0.0134277
-1
-0.000244141
-37
-0.0090332
-31
-0.00756836
6
0.00146484
43
0.010498
-31
-0.00756836
-42
-0.0102539
-51
-0.0124512
6
0.00146484
-45
-0.0109863
15
0.00366211
77
0.0187988
-172
-0.0419922
64
0.015625
23
0.00561523
39
0.00952148
16
0.00390625
-59
-0.0144043
-109
-0.0266113
26
0.00634766
-112
-0.0273438
-70
-0.0170898
202
0.0493164
30
0.00732422
-11
-0.00268555
-99
-0.0241699
-115
-0.0280762
14
0.00341797
80
0.0195312
-22
-0.00537109
27
0.0065918
-44
-0.0107422
-47
-0.0114746
-45
-0.0109863
60
0.0146484
-30
-0.00732422
-62
-0.0151367
52
0.0126953
75
0.0183105
-33
-0.00805664
45
0.0109863
126
0.0307617
23
0.00561523
-52
-0.0126953
-30
-0.00732422
-100
-0.0244141
-105
-0.0256348
109
0.0266113
-121
-0.029541
-151
-0.0368652
164
0.0400391
-3
-0.000732422
130
0.0317383
62
0.0151367
46
0.0112305
-6
-0.00146484
-8
-0.00195312
56
0.0136719
96
0.0234375
-41
-0.0100098
-92
-0.0224609
-16
-0.00390625
-68
-0.0166016
88
0.0214844
70
0.0170898
15
0.00366211
137
0.0334473
28
0.00683594
-57
-0.013916
-68
-0.0166016
3
0.000732422
-96
-0.0234375
90
0.0219727
176
0.0429688
-115
-0.0280762
4
0.000976562
-58
-0.0141602
90
0.0219727
-117
-0.0285645
-70
-0.0170898
-15
-0.00366211
49
0.0119629
-43
-0.010498
11
0.00268555
178
0.043457
67
0.0163574
91
0.0222168
-19
-0.00463867
-8
-0.00195312
1
0.000244141
127
0.0310059
-28
-0.00683594
16
0.00390625
32
0.0078125
32
0.0078125
-1
-0.000244141
76
0.0185547
-36
-0.00878906
-57
-0.013916
-33
-0.00805664
67
0.0163574
-66
-0.0161133
-40
-0.00976562
76
0.0185547
-31
-0.00756836
-37
-0.0090332
74
0.0180664
124
0.0302734
-19
-0.00463867
10
0.00244141
-133
-0.0324707
-4
-0.000976562
87
0.0212402
10
0.00244141
17
0.00415039
-13
-0.00317383
129
0.0314941
3
0.000732422
63
0.0153809
-39
-0.00952148
-36
-0.00878906
31
0.00756836
-24
-0.00585938
31
0.00756836
-42
-0.0102539
-71
-0.017334
81
0.0197754
65
0.0158691
29
0.00708008
-40
-0.00976562
-111
-0.0270996
-12
-0.00292969
80
0.0195312
128
0.03125
69
0.0168457
-21
-0.00512695
97
0.0236816
-50
-0.012207
70
0.0170898
-25
-0.00610352
83
0.0202637
37
0.0090332
-10
-0.00244141
-38
-0.00927734
-91
-0.0222168
-19
-0.00463867
-95
-0.0231934
45
0.0109863
-71
-0.017334
-36
-0.00878906
215
0.0524902
39
0.00952148
51
0.0124512
77
0.0187988
66
0.0161133
-62
-0.0151367
-135
-0.032959
92
0.0224609
-1
-0.000244141
-3
-0.000732422
-18
-0.00439453
-68
-0.0166016
186
0.0454102
13
0.00317383
-73
-0.0178223
-87
-0.0212402
58
0.0141602
-3
-0.000732422
79
0.0192871
134
0.0327148
-109
-0.0266113
91
0.0222168
100
0.0244141
-11
-0.00268555
70
0.0170898
9
0.00219727
-3
-0.000732422
-55
-0.0134277
16
0.00390625
-79
-0.0192871
126
0.0307617
-10
-0.00244141
22
0.00537109
80
0.0195312
-20
-0.00488281
47
0.0114746
31
0.00756836
-75
-0.0183105
-39
-0.00952148
18
0.00439453
-28
-0.00683594
41
0.0100098
-118
-0.0288086
4
0.000976562
-40
-0.00976562
25
0.00610352
-28
-0.00683594
-65
-0.0158691
26
0.00634766
-36
-0.00878906
29
0.00708008
115
0.0280762
-9
-0.00219727
60
0.0146484
-54
-0.0131836
34
0.00830078
184
0.0449219
1
0.000244141
42
0.0102539
12
0.00292969
103
0.0251465
-27
-0.0065918
63
0.0153809
54
0.0131836
-150
-0.0366211
10
0.00244141
-4
-0.000976562
6
0.00146484
187
0.0456543
80
0.0195312
13
0.00317383
1
0.000244141
77
0.0187988
117
0.0285645
0
0
-105
-0.0256348
20
0.00488281
-28
-0.00683594
100
0.0244141
64
0.015625
-46
-0.0112305
-23
-0.00561523
57
0.013916
27
0.0065918
-53
-0.0129395
7
0.00170898
-9
-0.00219727
29
0.00708008
-102
-0.0249023
14
0.00341797
-43
-0.010498
52
0.0126953
-110
-0.0268555
-36
-0.00878906
-1
-0.000244141
50
0.012207
93
0.0227051
-18
-0.00439453
42
0.0102539
-13
-0.00317383
104
0.0253906
-4
-0.000976562
86
0.0209961
66
0.0161133
-23
-0.00561523
-20
-0.00488281
-13
-0.00317383
-44
-0.0107422
-28
-0.00683594
-48
-0.0117188
3
0.000732422
152
0.0371094
-221
-0.0539551
-38
-0.00927734
-91
-0.0222168
9
0.00219727
-126
-0.0307617
49
0.0119629
-93
-0.0227051
-86
-0.0209961
-53
-0.0129395
21
0.00512695
19
0.00463867
-125
-0.0305176
45
0.0109863
-65
-0.0158691
67
0.0163574
-19
-0.00463867
-13
-0.00317383
-69
-0.0168457
151
0.0368652
-22
-0.00537109
9
0.00219727
29
0.00708008
18
0.00439453
-48
-0.0117188
-5
-0.0012207
78
0.019043
102
0.0249023
-10
-0.00244141
75
0.0183105
41
0.0100098
-43
-0.010498
8
0.00195312
53
0.0129395
-12
-0.00292969
24
0.00585938
-38
-0.00927734
-20
-0.00488281
-67
-0.0163574
134
0.0327148
-13
-0.00317383
43
0.010498
28
0.00683594
25
0.00610352
16
0.00390625
30
0.00732422
-32
-0.0078125
-56
-0.0136719
-40
-0.00976562
87
0.0212402
29
0.00708008
75
0.0183105
-6
-0.00146484
-3
-0.000732422
-45
-0.0109863
-176
-0.0429688
-30
-0.00732422
-60
-0.0146484
-6
-0.00146484
40
0.00976562
-64
-0.015625
-44
-0.0107422
-70
-0.0170898
-144
-0.0351562
8
0.00195312
-36
-0.00878906
-17
-0.00415039
-140
-0.0341797
29
0.00708008
69
0.0168457
28
0.00683594
-64
-0.015625
30
0.00732422
-23
-0.00561523
-5
-0.0012207
84
0.0205078
-68
-0.0166016
-101
-0.0246582
-12
-0.00292969
5
0.0012207
2
0.000488281
88
0.0214844
-39
-0.00952148
-21
-0.00512695
32
0.0078125
-17
-0.00415039
49
0.0119629
-88
-0.0214844
-54
-0.0131836
20
0.00488281
-58
-0.0141602
-36
-0.00878906
-29
-0.00708008
168
0.0410156
-24
-0.00585938
-1
-0.000244141
-56
-0.0136719
9
0.00219727
12
0.00292969
-139
-0.0339355
84
0.0205078
-93
-0.0227051
-131
-0.0319824
-50
-0.012207
59
0.0144043
33
0.00805664
18
0.00439453
28
0.00683594
-52
-0.0126953
183
0.0446777
115
0.0280762
-27
-0.0065918
-3
-0.000732422
153
0.0373535
39
0.00952148
-79
-0.0192871
8
0.00195312
-28
-0.00683594
28
0.00683594
-81
-0.0197754
-5
-0.0012207
133
0.0324707
21
0.00512695
-61
-0.0148926
28
0.00683594
-127
-0.0310059
-67
-0.0163574
-74
-0.0180664
18
0.00439453
112
0.0273438
-27
-0.0065918
-104
-0.0253906
45
0.0109863
27
0.0065918
86
0.0209961
47
0.0114746
60
0.0146484
112
0.0273438
20
0.00488281
69
0.0168457
-27
-0.0065918
-74
-0.0180664
102
0.0249023
-45
-0.0109863
77
0.0187988
25
0.00610352
38
0.00927734
-16
-0.00390625
-42
-0.0102539
-28
-0.00683594
20
0.00488281
-25
-0.00610352
-22
-0.00537109
-19
-0.00463867
-68
-0.0166016
-104
-0.0253906
60
0.0146484
-182
-0.0444336
30
0.00732422
173
0.0422363
4
0.000976562
5
0.0012207
44
0.0107422
-45
-0.0109863
-65
-0.0158691
15
0.00366211
-29
-0.00708008
-47
-0.0114746
44
0.0107422
12
0.00292969
63
0.0153809
-70
-0.0170898
-11
-0.00268555
33
0.00805664
-141
-0.0344238
-91
-0.0222168
-8
-0.00195312
62
0.0151367
-10
-0.00244141
39
0.00952148
27
0.0065918
-13
-0.00317383
-99
-0.0241699
26
0.00634766
7
0.00170898
82
0.0200195
82
0.0200195
105
0.0256348
70
0.0170898
-8
-0.00195312
-13
-0.00317383
1
0.000244141
-3
-0.000732422
17
0.00415039
-93
-0.0227051
-101
-0.0246582
-37
-0.0090332
13
0.00317383
-18
-0.00439453
2
0.000488281
45
0.0109863
-44
-0.0107422
2
0.000488281
87
0.0212402
14
0.00341797
-99
-0.0241699
12
0.00292969
0
0
-53
-0.0129395
-103
-0.0251465
36
0.00878906
137
0.0334473
71
0.017334
126
0.0307617
74
0.0180664
24
0.00585938
-49
-0.0119629
1
0.000244141
-50
-0.012207
-49
-0.0119629
-47
-0.0114746
32
0.0078125
3
0.000732422
155
0.0378418
79
0.0192871
-33
-0.00805664
53
0.0129395
-7
-0.00170898
88
0.0214844
-69
-0.0168457
21
0.00512695
-67
-0.0163574
34
0.00830078
146
0.0356445
-39
-0.00952148
-27
-0.0065918
-12
-0.00292969
-59
-0.0144043
-4
-0.000976562
-1
-0.000244141
54
0.0131836
66
0.0161133
93
0.0227051
22
0.00537109
-74
-0.0180664
60
0.0146484
7
0.00170898
-127
-0.0310059
37
0.0090332
15
0.00366211
-73
-0.0178223
104
0.0253906
-62
-0.0151367
-14
-0.00341797
7
0.00170898
105
0.0256348
67
0.0163574
113
0.0275879
1
0.000244141
65
0.0158691
44
0.0107422
41
0.0100098
25
0.00610352
90
0.0219727
19
0.00463867
-17
-0.00415039
130
0.0317383
-104
-0.0253906
93
0.0227051
-12
-0.00292969
71
0.017334
-55
-0.0134277
68
0.0166016
-12
-0.00292969
-1
-0.000244141
17
0.00415039
-101
-0.0246582
-128
-0.03125
139
0.0339355
98
0.0239258
-19
-0.00463867
-7
-0.00170898
23
0.00561523
15
0.00366211
-50
-0.012207
82
0.0200195
-56
-0.0136719
42
0.0102539
41
0.0100098
10
0.00244141
-4
-0.000976562
118
0.0288086
-2
-0.000488281
-90
-0.0219727
38
0.00927734
125
0.0305176
-24
-0.00585938
-56
-0.0136719
-42
-0.0102539
52
0.0126953
5
0.0012207
-51
-0.0124512
6
0.00146484
-34
-0.00830078
29
0.00708008
-32
-0.0078125
18
0.00439453
29
0.00708008
-26
-0.00634766
-64
-0.015625
-10
-0.00244141
-34
-0.00830078
-100
-0.0244141
-45
-0.0109863
-85
-0.020752
-22
-0.00537109
16
0.00390625
58
0.0141602
9
0.00219727
-127
-0.0310059
-23
-0.00561523
-101
-0.0246582
3
0.000732422
84
0.0205078
40
0.00976562
1
0.000244141
37
0.0090332
-6
-0.00146484
49
0.0119629
-10
-0.00244141
-64
-0.015625
-4
-0.000976562
9
0.00219727
-107
-0.026123
-24
-0.00585938
-38
-0.00927734
15
0.00366211
-57
-0.013916
10
0.00244141
-159
-0.0388184
75
0.0183105
72
0.0175781
-88
-0.0214844
24
0.00585938
-4
-0.000976562
37
0.0090332
-56
-0.0136719
-121
-0.029541
-61
-0.0148926
122
0.0297852
87
0.0212402
26
0.00634766
77
0.0187988
57
0.013916
12
0.00292969
54
0.0131836
-71
-0.017334
-34
-0.00830078
-23
-0.00561523
14
0.00341797
-42
-0.0102539
40
0.00976562
-60
-0.0146484
42
0.0102539
81
0.0197754
34
0.00830078
5
0.0012207
-65
-0.0158691
-106
-0.0258789
-97
-0.0236816
45
0.0109863
-161
-0.0393066
-136
-0.0332031
-70
-0.0170898
39
0.00952148
63
0.0153809
-129
-0.0314941
46
0.0112305
3
0.000732422
-134
-0.0327148
29
0.00708008
-5
-0.0012207
27
0.0065918
-51
-0.0124512
79
0.0192871
51
0.0124512
-55
-0.0134277
4
0.000976562
-1
-0.000244141
-127
-0.0310059
79
0.0192871
-16
-0.00390625
42
0.0102539
105
0.0256348
21
0.00512695
150
0.0366211
-86
-0.0209961
-23
-0.00561523
-40
-0.00976562
75
0.0183105
76
0.0185547
98
0.0239258
-110
-0.0268555
150
0.0366211
18
0.00439453
84
0.0205078
11
0.00268555
-61
-0.0148926
49
0.0119629
5
0.0012207
37
0.0090332
-121
-0.029541
-4
-0.000976562
83
0.0202637
67
0.0163574
-47
-0.0114746
80
0.0195312
-9
-0.00219727
5
0.0012207
-25
-0.00610352
-6
-0.00146484
-59
-0.0144043
-46
-0.0112305
-15
-0.00366211
54
0.0131836
2
0.000488281
55
0.0134277
-47
-0.0114746
26
0.00634766
-108
-0.0263672
5
0.0012207
36
0.00878906
-37
-0.0090332
120
0.0292969
-74
-0.0180664
26
0.00634766
-76
-0.0185547
-41
-0.0100098
-36
-0.00878906
-46
-0.0112305
46
0.0112305
-8
-0.00195312
-25
-0.00610352
99
0.0241699
-2
-0.000488281
32
0.0078125
-39
-0.00952148
34
0.00830078
52
0.0126953
-21
-0.00512695
38
0.00927734
176
0.0429688
-1
-0.000244141
-62
-0.0151367
-48
-0.0117188
-86
-0.0209961
-8
-0.00195312
11
0.00268555
109
0.0266113
118
0.0288086
16
0.00390625
-22
-0.00537109
23
0.00561523
-133
-0.0324707
-24
-0.00585938
-29
-0.00708008
-20
-0.00488281
70
0.0170898
-30
-0.00732422
116
0.0283203
14
0.00341797
-160
-0.0390625
37
0.0090332
-48
-0.0117188
-52
-0.0126953
48
0.0117188
100
0.0244141
-75
-0.0183105
44
0.0107422
168
0.0410156
101
0.0246582
-59
-0.0144043
61
0.0148926
105
0.0256348
69
0.0168457
-6
-0.00146484
12
0.00292969
-56
-0.0136719
21
0.00512695
50
0.012207
49
0.0119629
32
0.0078125
13
0.00317383
-133
-0.0324707
51
0.0124512
-66
-0.0161133
72
0.0175781
7
0.00170898
18
0.00439453
24
0.00585938
-22
-0.00537109
-154
-0.0375977
-70
-0.0170898
-150
-0.0366211
-26
-0.00634766
44
0.0107422
-32
-0.0078125
63
0.0153809
-64
-0.015625
-44
-0.0107422
25
0.00610352
-124
-0.0302734
-12
-0.00292969
78
0.019043
-35
-0.00854492
-111
-0.0270996
-21
-0.00512695
-71
-0.017334
-35
-0.00854492
42
0.0102539
-79
-0.0192871
62
0.0151367
-48
-0.0117188
124
0.0302734
-1
-0.000244141
-37
-0.0090332
-59
-0.0144043
-27
-0.0065918
30
0.00732422
55
0.0134277
19
0.00463867
-15
-0.00366211
64
0.015625
-13
-0.00317383
-46
-0.0112305
-31
-0.00756836
33
0.00805664
-47
-0.0114746
-52
-0.0126953
-65
-0.0158691
32
0.0078125
67
0.0163574
-92
-0.0224609
7
0.00170898
64
0.015625
-12
-0.00292969
40
0.00976562
-80
-0.0195312
-58
-0.0141602
28
0.00683594
-52
-0.0126953
-66
-0.0161133
-31
-0.00756836
-55
-0.0134277
35
0.00854492
-20
-0.00488281
-32
-0.0078125
80
0.0195312
-45
-0.0109863
-35
-0.00854492
-7
-0.00170898
-4
-0.000976562
78
0.019043
-86
-0.0209961
-34
-0.00830078
-14
-0.00341797
59
0.0144043
-78
-0.019043
44
0.0107422
-32
-0.0078125
-15
-0.00366211
-28
-0.00683594
62
0.0151367
-14
-0.00341797
40
0.00976562
34
0.00830078
122
0.0297852
-35
-0.00854492
-37
-0.0090332
-17
-0.00415039
-7
-0.00170898
0
0
29
0.00708008
43
0.010498
-20
-0.00488281
117
0.0285645
122
0.0297852
29
0.00708008
4
0.000976562
-141
-0.0344238
50
0.012207
52
0.0126953
13
0.00317383
30
0.00732422
-54
-0.0131836
-76
-0.0185547
-52
-0.0126953
4
0.000976562
-16
-0.00390625
-18
-0.00439453
87
0.0212402
61
0.0148926
58
0.0141602
-131
-0.0319824
107
0.026123
-39
-0.00952148
26
0.00634766
91
0.0222168
-7
-0.00170898
-94
-0.0229492
-106
-0.0258789
50
0.012207
70
0.0170898
-17
-0.00415039
-42
-0.0102539
82
0.0200195
129
0.0314941
31
0.00756836
-18
-0.00439453
50
0.012207
32
0.0078125
87
0.0212402
31
0.00756836
-87
-0.0212402
61
0.0148926
54
0.0131836
-49
-0.0119629
-39
-0.00952148
12
0.00292969
0
0
10
0.00244141
58
0.0141602
65
0.0158691
18
0.00439453
-29
-0.00708008
-81
-0.0197754
-65
-0.0158691
38
0.00927734
32
0.0078125
-20
-0.00488281
9
0.00219727
-50
-0.012207
101
0.0246582
-140
-0.0341797
-29
-0.00708008
91
0.0222168
51
0.0124512
36
0.00878906
43
0.010498
-3
-0.000732422
-4
-0.000976562
47
0.0114746
5
0.0012207
-63
-0.0153809
15
0.00366211
113
0.0275879
6
0.00146484
-5
-0.0012207
-113
-0.0275879
116
0.0283203
82
0.0200195
-51
-0.0124512
32
0.0078125
-80
-0.0195312
50
0.012207
-15
-0.00366211
5
0.0012207
-121
-0.029541
-16
-0.00390625
34
0.00830078
4
0.000976562
-57
-0.013916
-14
-0.00341797
-3
-0.000732422
-109
-0.0266113
83
0.0202637
-36
-0.00878906
-66
-0.0161133
29
0.00708008
91
0.0222168
-85
-0.020752
-16
-0.00390625
-58
-0.0141602
80
0.0195312
32
0.0078125
15
0.00366211
74
0.0180664
37
0.0090332
14
0.00341797
-29
-0.00708008
14
0.00341797
68
0.0166016
106
0.0258789
21
0.00512695
-20
-0.00488281
-47
-0.0114746
23
0.00561523
126
0.0307617
17
0.00415039
54
0.0131836
14
0.00341797
14
0.00341797
30
0.00732422
33
0.00805664
95
0.0231934
44
0.0107422
118
0.0288086
120
0.0292969
-38
-0.00927734
-23
-0.00561523
41
0.0100098
-27
-0.0065918
-45
-0.0109863
-27
-0.0065918
-16
-0.00390625
-182
-0.0444336
31
0.00756836
-31
-0.00756836
-35
-0.00854492
29
0.00708008
34
0.00830078
33
0.00805664
5
0.0012207
150
0.0366211
91
0.0222168
-58
-0.0141602
37
0.0090332
-4
-0.000976562
9
0.00219727
90
0.0219727
-24
-0.00585938
34
0.00830078
-46
-0.0112305
-61
-0.0148926
7
0.00170898
37
0.0090332
18
0.00439453
82
0.0200195
-35
-0.00854492
161
0.0393066
54
0.0131836
92
0.0224609
-23
-0.00561523
36
0.00878906
143
0.0349121
0
0
33
0.00805664
-8
-0.00195312
-64
-0.015625
-145
-0.0354004
18
0.00439453
1
0.000244141
-14
-0.00341797
59
0.0144043
-49
-0.0119629
8
0.00195312
-14
-0.00341797
88
0.0214844
11
0.00268555
1
0.000244141
-54
-0.0131836
-31
-0.00756836
56
0.0136719
58
0.0141602
37
0.0090332
19
0.00463867
-2
-0.000488281
-12
-0.00292969
8
0.00195312
-35
-0.00854492
-21
-0.00512695
175
0.0427246
-61
-0.0148926
-46
-0.0112305
-6
-0.00146484
-143
-0.0349121
-11
-0.00268555
174
0.0424805
-34
-0.00830078
69
0.0168457
25
0.00610352
-44
-0.0107422
11
0.00268555
69
0.0168457
122
0.0297852
-105
-0.0256348
24
0.00585938
31
0.00756836
-67
-0.0163574
85
0.020752
21
0.00512695
82
0.0200195
59
0.0144043
-49
-0.0119629
-29
-0.00708008
-59
-0.0144043
-44
-0.0107422
-100
-0.0244141
60
0.0146484
50
0.012207
39
0.00952148
111
0.0270996
-68
-0.0166016
135
0.032959
-14
-0.00341797
5
0.0012207
101
0.0246582
-120
-0.0292969
-105
-0.0256348
-87
-0.0212402
80
0.0195312
29
0.00708008
-2
-0.000488281
131
0.0319824
-73
-0.0178223
76
0.0185547
43
0.010498
-37
-0.0090332
13
0.00317383
-63
-0.0153809
7
0.00170898
135
0.032959
-21
-0.00512695
-8
-0.00195312
128
0.03125
6
0.00146484
3
0.000732422
-46
-0.0112305
9
0.00219727
57
0.013916
-27
-0.0065918
-52
-0.0126953
57
0.013916
53
0.0129395
-110
-0.0268555
32
0.0078125
64
0.015625
91
0.0222168
-24
-0.00585938
-31
-0.00756836
8
0.00195312
-59
-0.0144043
7
0.00170898
5
0.0012207
54
0.0131836
108
0.0263672
-10
-0.00244141
4
0.000976562
-43
-0.010498
32
0.0078125
-3
-0.000732422
41
0.0100098
-2
-0.000488281
94
0.0229492
50
0.012207
-7
-0.00170898
-79
-0.0192871
-73
-0.0178223
-18
-0.00439453
126
0.0307617
32
0.0078125
86
0.0209961
-19
-0.00463867
161
0.0393066
-20
-0.00488281
32
0.0078125
23
0.00561523
110
0.0268555
-34
-0.00830078
22
0.00537109
24
0.00585938
77
0.0187988
-5
-0.0012207
123
0.0300293
25
0.00610352
145
0.0354004
18
0.00439453
-19
-0.00463867
-54
-0.0131836
11
0.00268555
-71
-0.017334
-128
-0.03125
-10
-0.00244141
38
0.00927734
-96
-0.0234375
-19
-0.00463867
-12
-0.00292969
-149
-0.036377
51
0.0124512
-30
-0.00732422
-33
-0.00805664
-97
-0.0236816
68
0.0166016
12
0.00292969
71
0.017334
-72
-0.0175781
-85
-0.020752
-116
-0.0283203
-37
-0.0090332
-58
-0.0141602
19
0.00463867
-74
-0.0180664
13
0.00317383
-65
-0.0158691
-20
-0.00488281
-9
-0.00219727
-68
-0.0166016
26
0.00634766
-14
-0.00341797
-121
-0.029541
-98
-0.0239258
-127
-0.0310059
65
0.0158691
-109
-0.0266113
-95
-0.0231934
150
0.0366211
-9
-0.00219727
-42
-0.0102539
74
0.0180664
-64
-0.015625
-51
-0.0124512
76
0.0185547
24
0.00585938
54
0.0131836
-83
-0.0202637
122
0.0297852
-43
-0.010498
-86
-0.0209961
-73
-0.0178223
-18
-0.00439453
72
0.0175781
-104
-0.0253906
-29
-0.00708008
48
0.0117188
10
0.00244141
-46
-0.0112305
-75
-0.0183105
-155
-0.0378418
23
0.00561523
47
0.0114746
107
0.026123
-62
-0.0151367
-19
-0.00463867
55
0.0134277
-79
-0.0192871
-1
-0.000244141
-21
-0.00512695
-34
-0.00830078
-12
-0.00292969
-138
-0.0336914
-36
-0.00878906
23
0.00561523
-36
-0.00878906
-56
-0.0136719
-27
-0.0065918
114
0.027832
-19
-0.00463867
26
0.00634766
107
0.026123
-127
-0.0310059
-81
-0.0197754
-62
-0.0151367
-36
-0.00878906
-72
-0.0175781
-35
-0.00854492
-124
-0.0302734
55
0.0134277
26
0.00634766
18
0.00439453
-17
-0.00415039
9
0.00219727
26
0.00634766
68
0.0166016
-50
-0.012207
-20
-0.00488281
46
0.0112305
-76
-0.0185547
-21
-0.00512695
-76
-0.0185547
52
0.0126953
37
0.0090332
7
0.00170898
-6
-0.00146484
139
0.0339355
50
0.012207
-53
-0.0129395
-64
-0.015625
69
0.0168457
4
0.000976562
32
0.0078125
-2
-0.000488281
189
0.0461426
112
0.0273438
94
0.0229492
-41
-0.0100098
133
0.0324707
-89
-0.0217285
-48
-0.0117188
-14
-0.00341797
42
0.0102539
-20
-0.00488281
57
0.013916
118
0.0288086
127
0.0310059
14
0.00341797
-89
-0.0217285
-11
-0.00268555
-24
-0.00585938
-125
-0.0305176
22
0.00537109
-48
-0.0117188
-50
-0.012207
20
0.00488281
117
0.0285645
1
0.000244141
1
0.000244141
46
0.0112305
8
0.00195312
-4
-0.000976562
61
0.0148926
26
0.00634766
42
0.0102539
75
0.0183105
156
0.0380859
69
0.0168457
169
0.0412598
2
0.000488281
-78
-0.019043
-3
-0.000732422
3
0.000732422
52
0.0126953
-128
-0.03125
-51
-0.0124512
54
0.0131836
81
0.0197754
-51
-0.0124512
37
0.0090332
13
0.00317383
-36
-0.00878906
60
0.0146484
1
0.000244141
-51
-0.0124512
-91
-0.0222168
-25
-0.00610352
7
0.00170898
36
0.00878906
50
0.012207
-26
-0.00634766
4
0.000976562
9
0.00219727
33
0.00805664
-20
-0.00488281
61
0.0148926
129
0.0314941
74
0.0180664
-3
-0.000732422
-16
-0.00390625
59
0.0144043
-23
-0.00561523
80
0.0195312
14
0.00341797
-47
-0.0114746
72
0.0175781
5
0.0012207
64
0.015625
-59
-0.0144043
-22
-0.00537109
-55
-0.0134277
-15
-0.00366211
-8
-0.00195312
-29
-0.00708008
-98
-0.0239258
-63
-0.0153809
113
0.0275879
27
0.0065918
-19
-0.00463867
13
0.00317383
-49
-0.0119629
-37
-0.0090332
106
0.0258789
-144
-0.0351562
-59
-0.0144043
9
0.00219727
45
0.0109863
-7
-0.00170898
180
0.0439453
-81
-0.0197754
66
0.0161133
-28
-0.00683594
-73
-0.0178223
1
0.000244141
23
0.00561523
92
0.0224609
32
0.0078125
18
0.00439453
105
0.0256348
24
0.00585938
-24
-0.00585938
47
0.0114746
54
0.0131836
114
0.027832
-109
-0.0266113
-65
-0.0158691
-157
-0.0383301
-117
-0.0285645
132
0.0322266
69
0.0168457
69
0.0168457
77
0.0187988
-25
-0.00610352
14
0.00341797
-96
-0.0234375
82
0.0200195
54
0.0131836
19
0.00463867
66
0.0161133
2
0.000488281
35
0.00854492
-139
-0.0339355
-15
-0.00366211
-56
-0.0136719
-49
-0.0119629
-20
-0.00488281
-19
-0.00463867
45
0.0109863
-15
-0.00366211
61
0.0148926
-131
-0.0319824
22
0.00537109
36
0.00878906
42
0.0102539
-27
-0.0065918
71
0.017334
-75
-0.0183105
24
0.00585938
-16
-0.00390625
1
0.000244141
65
0.0158691
32
0.0078125
-2
-0.000488281
-41
-0.0100098
38
0.00927734
38
0.00927734
-33
-0.00805664
-80
-0.0195312
-16
-0.00390625
-66
-0.0161133
47
0.0114746
-20
-0.00488281
29
0.00708008
63
0.0153809
-19
-0.00463867
-25
-0.00610352
85
0.020752
102
0.0249023
52
0.0126953
10
0.00244141
61
0.0148926
-99
-0.0241699
-36
-0.00878906
-45
-0.0109863
-76
-0.0185547
4
0.000976562
-100
-0.0244141
-7
-0.00170898
-87
-0.0212402
72
0.0175781
-11
-0.00268555
-19
-0.00463867
74
0.0180664
26
0.00634766
29
0.00708008
-24
-0.00585938
78
0.019043
5
0.0012207
45
0.0109863
-13
-0.00317383
-189
-0.0461426
28
0.00683594
-26
-0.00634766
-53
-0.0129395
51
0.0124512
2
0.000488281
-38
-0.00927734
45
0.0109863
-43
-0.010498
-11
-0.00268555
77
0.0187988
-71
-0.017334
-42
-0.0102539
-50
-0.012207
0
0
-10
-0.00244141
-18
-0.00439453
-67
-0.0163574
-74
-0.0180664
96
0.0234375
-136
-0.0332031
5
0.0012207
59
0.0144043
42
0.0102539
-40
-0.00976562
13
0.00317383
-132
-0.0322266
34
0.00830078
-106
-0.0258789
-41
-0.0100098
26
0.00634766
-75
-0.0183105
11
0.00268555
9
0.00219727
-44
-0.0107422
32
0.0078125
-27
-0.0065918
-79
-0.0192871
72
0.0175781
1
0.000244141
8
0.00195312
-45
-0.0109863
-5
-0.0012207
-82
-0.0200195
133
0.0324707
-52
-0.0126953
161
0.0393066
73
0.0178223
-141
-0.0344238
-27
-0.0065918
-70
-0.0170898
9
0.00219727
144
0.0351562
-15
-0.00366211
119
0.0290527
98
0.0239258
-145
-0.0354004
-24
-0.00585938
59
0.0144043
49
0.0119629
74
0.0180664
-66
-0.0161133
-5
-0.0012207
-57
-0.013916
7
0.00170898
23
0.00561523
56
0.0136719
-58
-0.0141602
-59
-0.0144043
-8
-0.00195312
-50
-0.012207
30
0.00732422
206
0.050293
-9
-0.00219727
-131
-0.0319824
58
0.0141602
-22
-0.00537109
20
0.00488281
15
0.00366211
39
0.00952148
-81
-0.0197754
29
0.00708008
33
0.00805664
-78
-0.019043
-66
-0.0161133
7
0.00170898
91
0.0222168
9
0.00219727
11
0.00268555
-63
-0.0153809
-4
-0.000976562
-52
-0.0126953
-9
-0.00219727
-16
-0.00390625
-55
-0.0134277
-13
-0.00317383
25
0.00610352
-23
-0.00561523
-46
-0.0112305
87
0.0212402
-12
-0.00292969
8
0.00195312
-26
-0.00634766
-14
-0.00341797
-74
-0.0180664
-22
-0.00537109
-84
-0.0205078
3
0.000732422
22
0.00537109
68
0.0166016
42
0.0102539
21
0.00512695
-85
-0.020752
3
0.000732422
-146
-0.0356445
23
0.00561523
19
0.00463867
-5
-0.0012207
77
0.0187988
40
0.00976562
-108
-0.0263672
55
0.0134277
-73
-0.0178223
-67
-0.0163574
-84
-0.0205078
7
0.00170898
-34
-0.00830078
25
0.00610352
126
0.0307617
-62
-0.0151367
-54
-0.0131836
-80
-0.0195312
29
0.00708008
-31
-0.00756836
87
0.0212402
23
0.00561523
41
0.0100098
-23
-0.00561523
46
0.0112305
16
0.00390625
-63
-0.0153809
-25
-0.00610352
