21
0.0410156
10
0.0195312
2
0.00390625
15
0.0292969
-19
-0.0371094
36
0.0703125
-13
-0.0253906
15
0.0292969
-51
-0.0996094
-21
-0.0410156
11
0.0214844
-5
-0.00976562
-8
-0.015625
43
0.0839844
3
0.00585938
2
0.00390625
-4
-0.0078125
34
0.0664062
-26
-0.0507812
-26
-0.0507812
20
0.0390625
-34
-0.0664062
-44
-0.0859375
1
0.00195312
9
0.0175781
-29
-0.0566406
23
0.0449219
-15
-0.0292969
1
0.00195312
-8
-0.015625
35
0.0683594
-48
-0.09375
-6
-0.0117188
-6
-0.0117188
-19
-0.0371094
0
0
10
0.0195312
-12
-0.0234375
13
0.0253906
4
0.0078125
-38
-0.0742188
-4
-0.0078125
5
0.00976562
-10
-0.0195312
16
0.03125
10
0.0195312
21
0.0410156
-21
-0.0410156
16
0.03125
22
0.0429688
-8
-0.015625
-4
-0.0078125
32
0.0625
20
0.0390625
0
0
-14
-0.0273438
-4
-0.0078125
22
0.0429688
-41
-0.0800781
-17
-0.0332031
43
0.0839844
10
0.0195312
-3
-0.00585938
3
0.00585938
-12
-0.0234375
-8
-0.015625
5
0.00976562
13
0.0253906
24
0.046875
-59
-0.115234
5
0.00976562
-4
-0.0078125
0
0
-12
-0.0234375
-67
-0.130859
33
0.0644531
-44
-0.0859375
-17
-0.0332031
-9
-0.0175781
-26
-0.0507812
-18
-0.0351562
9
0.0175781
29
0.0566406
17
0.0332031
4
0.0078125
-8
-0.015625
16
0.03125
18
0.0351562
-16
-0.03125
-7
-0.0136719
-26
-0.0507812
-5
-0.00976562
12
0.0234375
-15
-0.0292969
17
0.0332031
-27
-0.0527344
11
0.0214844
18
0.0351562
-21
-0.0410156
-22
-0.0429688
-12
-0.0234375
42
0.0820312
0
0
-20
-0.0390625
-35
-0.0683594
-12
-0.0234375
1
0.00195312
-34
-0.0664062
-23
-0.0449219
-24
-0.046875
6
0.0117188
-6
-0.0117188
50
0.0976562
3
0.00585938
-16
-0.03125
3
0.00585938
-2
-0.00390625
17
0.0332031
30
0.0585938
-6
-0.0117188
-1
-0.00195312
-22
-0.0429688
9
0.0175781
-59
-0.115234
39
0.0761719
-15
-0.0292969
-2
-0.00390625
-21
-0.0410156
6
0.0117188
0
0
-41
-0.0800781
24
0.046875
-11
-0.0214844
-11
-0.0214844
-17
-0.0332031
4
0.0078125
10
0.0195312
9
0.0175781
2
0.00390625
2
0.00390625
7
0.0136719
46
0.0898438
-17
-0.0332031
-44
-0.0859375
-6
-0.0117188
-10
-0.0195312
-2
-0.00390625
10
0.0195312
36
0.0703125
-44
-0.0859375
8
0.015625
19
0.0371094
24
0.046875
-10
-0.0195312
4
0.0078125
-22
-0.0429688
-23
-0.0449219
0
0
-16
-0.03125
-3
-0.00585938
3
0.00585938
25
0.0488281
21
0.0410156
-32
-0.0625
-24
-0.046875
-17
-0.0332031
-16
-0.03125
-6
-0.0117188
30
0.0585938
-16
-0.03125
-24
-0.046875
-11
-0.0214844
-12
-0.0234375
-13
-0.0253906
1
0.00195312
7
0.0136719
17
0.0332031
-2
-0.00390625
-14
-0.0273438
13
0.0253906
6
0.0117188
11
0.0214844
-10
-0.0195312
23
0.0449219
-31
-0.0605469
-18
-0.0351562
2
0.00390625
2
0.00390625
-10
-0.0195312
-17
-0.0332031
21
0.0410156
25
0.0488281
-6
-0.0117188
51
0.0996094
27
0.0527344
3
0.00585938
-1
-0.00195312
29
0.0566406
2
0.00390625
29
0.0566406
-3
-0.00585938
-15
-0.0292969
-23
-0.0449219
31
0.0605469
26
0.0507812
-15
-0.0292969
-18
-0.0351562
-19
-0.0371094
0
0
19
0.0371094
-42
-0.0820312
-3
-0.00585938
10
0.0195312
-1
-0.00195312
24
0.046875
1
0.00195312
12
0.0234375
25
0.0488281
24
0.046875
-4
-0.0078125
0
0
-34
-0.0664062
20
0.0390625
24
0.046875
-4
-0.0078125
1
0.00195312
-10
-0.0195312
-15
-0.0292969
-5
-0.00976562
20
0.0390625
0
0
-36
-0.0703125
-14
-0.0273438
22
0.0429688
-8
-0.015625
-20
-0.0390625
-40
-0.078125
-6
-0.0117188
-23
-0.0449219
16
0.03125
13
0.0253906
14
0.0273438
4
0.0078125
22
0.0429688
-6
-0.0117188
7
0.0136719
9
0.0175781
-8
-0.015625
14
0.0273438
-13
-0.0253906
-23
-0.0449219
-39
-0.0761719
30
0.0585938
0
0
17
0.0332031
-10
-0.0195312
31
0.0605469
18
0.0351562
22
0.0429688
2
0.00390625
21
0.0410156
-15
-0.0292969
45
0.0878906
42
0.0820312
-28
-0.0546875
-17
-0.0332031
-21
-0.0410156
-13
-0.0253906
-16
-0.03125
13
0.0253906
0
0
7
0.0136719
42
0.0820312
-6
-0.0117188
5
0.00976562
-10
-0.0195312
17
0.0332031
-18
-0.0351562
-22
-0.0429688
-4
-0.0078125
4
0.0078125
24
0.046875
22
0.0429688
8
0.015625
0
0
-7
-0.0136719
-15
-0.0292969
12
0.0234375
6
0.0117188
9
0.0175781
-8
-0.015625
-27
-0.0527344
15
0.0292969
-5
-0.00976562
25
0.0488281
-32
-0.0625
14
0.0273438
-26
-0.0507812
-20
-0.0390625
-2
-0.00390625
-9
-0.0175781
27
0.0527344
2
0.00390625
10
0.0195312
19
0.0371094
22
0.0429688
23
0.0449219
23
0.0449219
-30
-0.0585938
19
0.0371094
-3
-0.00585938
-36
-0.0703125
-34
-0.0664062
18
0.0351562
12
0.0234375
6
0.0117188
-14
-0.0273438
-7
-0.0136719
-3
-0.00585938
-26
-0.0507812
55
0.107422
-40
-0.078125
9
0.0175781
-39
-0.0761719
-14
-0.0273438
3
0.00585938
1
0.00195312
-14
-0.0273438
12
0.0234375
0
0
-11
-0.0214844
-33
-0.0644531
-12
-0.0234375
-9
-0.0175781
15
0.0292969
19
0.0371094
-9
-0.0175781
-10
-0.0195312
30
0.0585938
-10
-0.0195312
-41
-0.0800781
-9
-0.0175781
8
0.015625
-24
-0.046875
14
0.0273438
-7
-0.0136719
-30
-0.0585938
-8
-0.015625
-13
-0.0253906
0
0
-1
-0.00195312
29
0.0566406
-10
-0.0195312
7
0.0136719
7
0.0136719
4
0.0078125
34
0.0664062
-24
-0.046875
19
0.0371094
-12
-0.0234375
-15
-0.0292969
4
0.0078125
27
0.0527344
9
0.0175781
24
0.046875
-14
-0.0273438
-12
-0.0234375
4
0.0078125
9
0.0175781
19
0.0371094
1
0.00195312
25
0.0488281
-1
-0.00195312
7
0.0136719
-33
-0.0644531
-13
-0.0253906
-4
-0.0078125
-18
-0.0351562
-15
-0.0292969
7
0.0136719
11
0.0214844
18
0.0351562
35
0.0683594
-25
-0.0488281
5
0.00976562
-30
-0.0585938
-34
-0.0664062
-6
-0.0117188
16
0.03125
-20
-0.0390625
26
0.0507812
-32
-0.0625
22
0.0429688
8
0.015625
11
0.0214844
-2
-0.00390625
27
0.0527344
35
0.0683594
13
0.0253906
-21
-0.0410156
45
0.0878906
2
0.00390625
35
0.0683594
34
0.0664062
-8
-0.015625
8
0.015625
-21
-0.0410156
-12
-0.0234375
6
0.0117188
-39
-0.0761719
-27
-0.0527344
-52
-0.101562
-10
-0.0195312
33
0.0644531
-2
-0.00390625
8
0.015625
8
0.015625
1
0.00195312
13
0.0253906
11
0.0214844
17
0.0332031
-22
-0.0429688
0
0
-12
-0.0234375
25
0.0488281
27
0.0527344
15
0.0292969
49
0.0957031
7
0.0136719
7
0.0136719
-16
-0.03125
10
0.0195312
0
0
40
0.078125
29
0.0566406
13
0.0253906
-2
-0.00390625
-23
-0.0449219
-29
-0.0566406
-8
-0.015625
-12
-0.0234375
24
0.046875
11
0.0214844
-22
-0.0429688
51
0.0996094
3
0.00585938
-15
-0.0292969
-32
-0.0625
-8
-0.015625
13
0.0253906
18
0.0351562
15
0.0292969
7
0.0136719
0
0
3
0.00585938
-10
-0.0195312
8
0.015625
-25
-0.0488281
0
0
14
0.0273438
-6
-0.0117188
-9
-0.0175781
-43
-0.0839844
27
0.0527344
-3
-0.00585938
7
0.0136719
42
0.0820312
33
0.0644531
-18
-0.0351562
-29
-0.0566406
8
0.015625
-21
-0.0410156
-26
-0.0507812
-34
-0.0664062
-8
-0.015625
-38
-0.0742188
29
0.0566406
-11
-0.0214844
-11
-0.0214844
-33
-0.0644531
-5
-0.00976562
-3
-0.00585938
-27
-0.0527344
-18
-0.0351562
-7
-0.0136719
-2
-0.00390625
11
0.0214844
3
0.00585938
7
0.0136719
-16
-0.03125
8
0.015625
27
0.0527344
4
0.0078125
8
0.015625
-19
-0.0371094
6
0.0117188
12
0.0234375
-20
-0.0390625
-14
-0.0273438
17
0.0332031
-9
-0.0175781
14
0.0273438
-18
-0.0351562
-3
-0.00585938
15
0.0292969
-28
-0.0546875
-11
-0.0214844
20
0.0390625
-23
-0.0449219
-12
-0.0234375
-44
-0.0859375
21
0.0410156
14
0.0273438
5
0.00976562
18
0.0351562
6
0.0117188
-31
-0.0605469
-46
-0.0898438
27
0.0527344
-26
-0.0507812
-5
-0.00976562
-7
-0.0136719
6
0.0117188
-5
-0.00976562
3
0.00585938
-4
-0.0078125
-27
-0.0527344
19
0.0371094
-27
-0.0527344
2
0.00390625
-35
-0.0683594
9
0.0175781
0
0
-4
-0.0078125
10
0.0195312
-21
-0.0410156
11
0.0214844
-7
-0.0136719
48
0.09375
-15
-0.0292969
15
0.0292969
-19
-0.0371094
23
0.0449219
3
0.00585938
25
0.0488281
-25
-0.0488281
25
0.0488281
9
0.0175781
12
0.0234375
20
0.0390625
-18
-0.0351562
3
0.00585938
-35
-0.0683594
-16
-0.03125
-16
-0.03125
-30
-0.0585938
32
0.0625
-13
-0.0253906
17
0.0332031
-2
-0.00390625
18
0.0351562
3
0.00585938
4
0.0078125
-31
-0.0605469
7
0.0136719
-6
-0.0117188
2
0.00390625
-17
-0.0332031
10
0.0195312
-3
-0.00585938
-7
-0.0136719
-21
-0.0410156
-30
-0.0585938
10
0.0195312
-3
-0.00585938
2
0.00390625
22
0.0429688
2
0.00390625
16
0.03125
-7
-0.0136719
2
0.00390625
12
0.0234375
-1
-0.00195312
-17
-0.0332031
25
0.0488281
29
0.0566406
39
0.0761719
-25
-0.0488281
-6
-0.0117188
-45
-0.0878906
-28
-0.0546875
41
0.0800781
-15
-0.0292969
-8
-0.015625
-28
-0.0546875
-19
-0.0371094
-46
-0.0898438
3
0.00585938
-30
-0.0585938
-12
-0.0234375
16
0.03125
37
0.0722656
22
0.0429688
-30
-0.0585938
-10
-0.0195312
-50
-0.0976562
-21
-0.0410156
11
0.0214844
9
0.0175781
13
0.0253906
-23
-0.0449219
10
0.0195312
4
0.0078125
12
0.0234375
-20
-0.0390625
26
0.0507812
-19
-0.0371094
-27
-0.0527344
-27
-0.0527344
15
0.0292969
-19
-0.0371094
11
0.0214844
2
0.00390625
-3
-0.00585938
-10
-0.0195312
-33
-0.0644531
-22
-0.0429688
-17
-0.0332031
11
0.0214844
-19
-0.0371094
-46
-0.0898438
19
0.0371094
6
0.0117188
-17
-0.0332031
36
0.0703125
1
0.00195312
7
0.0136719
3
0.00585938
-9
-0.0175781
1
0.00195312
8
0.015625
-4
-0.0078125
44
0.0859375
7
0.0136719
-12
-0.0234375
25
0.0488281
7
0.0136719
-5
-0.00976562
16
0.03125
-8
-0.015625
30
0.0585938
32
0.0625
13
0.0253906
-37
-0.0722656
1
0.00195312
9
0.0175781
13
0.0253906
-4
-0.0078125
-18
-0.0351562
34
0.0664062
-7
-0.0136719
-10
-0.0195312
-13
-0.0253906
-24
-0.046875
-10
-0.0195312
7
0.0136719
18
0.0351562
9
0.0175781
50
0.0976562
18
0.0351562
0
0
2
0.00390625
-5
-0.00976562
15
0.0292969
15
0.0292969
0
0
-33
-0.0644531
-2
-0.00390625
5
0.00976562
-12
-0.0234375
46
0.0898438
-10
-0.0195312
-8
-0.015625
20
0.0390625
-31
-0.0605469
-1
-0.00195312
15
0.0292969
8
0.015625
2
0.00390625
8
0.015625
-23
-0.0449219
-4
-0.0078125
1
0.00195312
29
0.0566406
-3
-0.00585938
23
0.0449219
21
0.0410156
-14
-0.0273438
-1
-0.00195312
3
0.00585938
-8
-0.015625
30
0.0585938
-6
-0.0117188
-11
-0.0214844
-26
-0.0507812
7
0.0136719
-9
-0.0175781
-2
-0.00390625
-9
-0.0175781
29
0.0566406
7
0.0136719
-13
-0.0253906
13
0.0253906
11
0.0214844
-28
-0.0546875
8
0.015625
-13
-0.0253906
25
0.0488281
-25
-0.0488281
-13
-0.0253906
14
0.0273438
18
0.0351562
-6
-0.0117188
-46
-0.0898438
-21
-0.0410156
-3
-0.00585938
36
0.0703125
1
0.00195312
11
0.0214844
-5
-0.00976562
-1
-0.00195312
-22
-0.0429688
-13
-0.0253906
2
0.00390625
-15
-0.0292969
-1
-0.00195312
-57
-0.111328
-3
-0.00585938
5
0.00976562
3
0.00585938
14
0.0273438
-30
-0.0585938
-26
-0.0507812
-8
-0.015625
10
0.0195312
35
0.0683594
-10
-0.0195312
-2
-0.00390625
-27
-0.0527344
11
0.0214844
17
0.0332031
-44
-0.0859375
-12
-0.0234375
-14
-0.0273438
-24
-0.046875
38
0.0742188
-2
-0.00390625
-28
-0.0546875
43
0.0839844
-4
-0.0078125
-9
-0.0175781
10
0.0195312
-14
-0.0273438
-6
-0.0117188
-1
-0.00195312
-26
-0.0507812
10
0.0195312
-11
-0.0214844
-27
-0.0527344
59
0.115234
43
0.0839844
-31
-0.0605469
33
0.0644531
-24
-0.046875
35
0.0683594
-17
-0.0332031
-15
-0.0292969
31
0.0605469
17
0.0332031
-29
-0.0566406
-46
-0.0898438
-15
-0.0292969
21
0.0410156
48
0.09375
10
0.0195312
20
0.0390625
-27
-0.0527344
-8
-0.015625
-50
-0.0976562
-1
-0.00195312
14
0.0273438
8
0.015625
-36
-0.0703125
5
0.00976562
4
0.0078125
-14
-0.0273438
9
0.0175781
2
0.00390625
9
0.0175781
-26
-0.0507812
34
0.0664062
7
0.0136719
2
0.00390625
-17
-0.0332031
4
0.0078125
12
0.0234375
-20
-0.0390625
-21
-0.0410156
36
0.0703125
39
0.0761719
20
0.0390625
-8
-0.015625
-7
-0.0136719
-22
-0.0429688
-22
-0.0429688
2
0.00390625
-66
-0.128906
23
0.0449219
-26
-0.0507812
-8
-0.015625
31
0.0605469
14
0.0273438
38
0.0742188
23
0.0449219
6
0.0117188
-21
-0.0410156
-7
-0.0136719
-16
-0.03125
4
0.0078125
-28
-0.0546875
17
0.0332031
-10
-0.0195312
-39
-0.0761719
15
0.0292969
-8
-0.015625
-37
-0.0722656
-11
-0.0214844
-21
-0.0410156
-4
-0.0078125
-13
-0.0253906
-7
-0.0136719
-11
-0.0214844
7
0.0136719
-17
-0.0332031
6
0.0117188
-32
-0.0625
35
0.0683594
-9
-0.0175781
-1
-0.00195312
-18
-0.0351562
-8
-0.015625
32
0.0625
-23
-0.0449219
-42
-0.0820312
32
0.0625
-16
-0.03125
3
0.00585938
0
0
3
0.00585938
-4
-0.0078125
-5
-0.00976562
15
0.0292969
-18
-0.0351562
-6
-0.0117188
28
0.0546875
-7
-0.0136719
11
0.0214844
7
0.0136719
-16
-0.03125
-21
-0.0410156
7
0.0136719
13
0.0253906
-13
-0.0253906
-4
-0.0078125
-42
-0.0820312
-2
-0.00390625
11
0.0214844
28
0.0546875
7
0.0136719
3
0.00585938
40
0.078125
37
0.0722656
1
0.00195312
-8
-0.015625
-5
-0.00976562
18
0.0351562
4
0.0078125
31
0.0605469
-7
-0.0136719
27
0.0527344
21
0.0410156
-6
-0.0117188
1
0.00195312
26
0.0507812
-18
-0.0351562
-9
-0.0175781
-21
-0.0410156
3
0.00585938
8
0.015625
-30
-0.0585938
19
0.0371094
12
0.0234375
-52
-0.101562
-18
-0.0351562
19
0.0371094
-26
-0.0507812
-24
-0.046875
-22
-0.0429688
-3
-0.00585938
16
0.03125
4
0.0078125
14
0.0273438
26
0.0507812
5
0.00976562
7
0.0136719
0
0
-28
-0.0546875
4
0.0078125
13
0.0253906
-14
-0.0273438
-2
-0.00390625
-22
-0.0429688
9
0.0175781
-22
-0.0429688
-23
-0.0449219
-8
-0.015625
12
0.0234375
-2
-0.00390625
-10
-0.0195312
-25
-0.0488281
4
0.0078125
10
0.0195312
-25
-0.0488281
-23
-0.0449219
-35
-0.0683594
-23
-0.0449219
5
0.00976562
13
0.0253906
-31
-0.0605469
-28
-0.0546875
-19
-0.0371094
1
0.00195312
29
0.0566406
11
0.0214844
34
0.0664062
-6
-0.0117188
13
0.0253906
-24
-0.046875
6
0.0117188
-4
-0.0078125
14
0.0273438
4
0.0078125
-26
-0.0507812
21
0.0410156
-27
-0.0527344
16
0.03125
-13
-0.0253906
-3
-0.00585938
-42
-0.0820312
10
0.0195312
26
0.0507812
16
0.03125
7
0.0136719
15
0.0292969
-5
-0.00976562
21
0.0410156
-19
-0.0371094
-17
-0.0332031
24
0.046875
0
0
-20
-0.0390625
-24
-0.046875
-21
-0.0410156
15
0.0292969
-7
-0.0136719
-18
-0.0351562
-8
-0.015625
-31
-0.0605469
17
0.0332031
-7
-0.0136719
-26
-0.0507812
-25
-0.0488281
-16
-0.03125
9
0.0175781
-17
-0.0332031
-38
-0.0742188
9
0.0175781
1
0.00195312
15
0.0292969
7
0.0136719
30
0.0585938
-18
-0.0351562
36
0.0703125
-16
-0.03125
10
0.0195312
-17
-0.0332031
-9
-0.0175781
15
0.0292969
15
0.0292969
-4
-0.0078125
-2
-0.00390625
-34
-0.0664062
10
0.0195312
6
0.0117188
-33
-0.0644531
6
0.0117188
-1
-0.00195312
-11
-0.0214844
8
0.015625
2
0.00390625
-15
-0.0292969
0
0
-5
-0.00976562
6
0.0117188
5
0.00976562
28
0.0546875
19
0.0371094
14
0.0273438
-18
-0.0351562
-29
-0.0566406
-10
-0.0195312
-4
-0.0078125
-1
-0.00195312
23
0.0449219
-29
-0.0566406
-6
-0.0117188
-31
-0.0605469
-14
-0.0273438
18
0.0351562
4
0.0078125
19
0.0371094
4
0.0078125
25
0.0488281
38
0.0742188
-2
-0.00390625
-26
-0.0507812
9
0.0175781
54
0.105469
-34
-0.0664062
38
0.0742188
-6
-0.0117188
11
0.0214844
13
0.0253906
10
0.0195312
6
0.0117188
6
0.0117188
-14
-0.0273438
-40
-0.078125
-24
-0.046875
0
0
28
0.0546875
-2
-0.00390625
12
0.0234375
-26
-0.0507812
-12
-0.0234375
5
0.00976562
36
0.0703125
-27
-0.0527344
-24
-0.046875
-1
-0.00195312
-47
-0.0917969
-42
-0.0820312
14
0.0273438
-23
-0.0449219
32
0.0625
24
0.046875
-14
-0.0273438
5
0.00976562
-34
-0.0664062
-2
-0.00390625
19
0.0371094
-25
-0.0488281
-17
-0.0332031
-7
-0.0136719
-18
-0.0351562
-15
-0.0292969
19
0.0371094
-14
-0.0273438
17
0.0332031
-26
-0.0507812
-4
-0.0078125
8
0.015625
-11
-0.0214844
18
0.0351562
-13
-0.0253906
47
0.0917969
-3
-0.00585938
17
0.0332031
27
0.0527344
-11
-0.0214844
-18
-0.0351562
-16
-0.03125
24
0.046875
9
0.0175781
28
0.0546875
26
0.0507812
-20
-0.0390625
31
0.0605469
-9
-0.0175781
-3
-0.00585938
71
0.138672
5
0.00976562
-19
-0.0371094
-20
-0.0390625
-20
-0.0390625
30
0.0585938
0
0
-2
-0.00390625
-30
-0.0585938
8
0.015625
-3
-0.00585938
-19
-0.0371094
-18
-0.0351562
-2
-0.00390625
-13
-0.0253906
15
0.0292969
23
0.0449219
-8
-0.015625
0
0
14
0.0273438
23
0.0449219
-43
-0.0839844
-8
-0.015625
24
0.046875
-27
-0.0527344
0
0
-25
-0.0488281
21
0.0410156
8
0.015625
-43
-0.0839844
8
0.015625
47
0.0917969
-8
-0.015625
22
0.0429688
-18
-0.0351562
8
0.015625
-18
-0.0351562
-4
-0.0078125
-5
-0.00976562
6
0.0117188
30
0.0585938
-23
-0.0449219
3
0.00585938
27
0.0527344
-2
-0.00390625
3
0.00585938
6
0.0117188
-40
-0.078125
-10
-0.0195312
-13
-0.0253906
11
0.0214844
24
0.046875
9
0.0175781
8
0.015625
-9
-0.0175781
13
0.0253906
1
0.00195312
-5
-0.00976562
-14
-0.0273438
9
0.0175781
-21
-0.0410156
-10
-0.0195312
-21
-0.0410156
-69
-0.134766
13
0.0253906
2
0.00390625
-2
-0.00390625
5
0.00976562
5
0.00976562
-5
-0.00976562
-34
-0.0664062
-3
-0.00585938
16
0.03125
-4
-0.0078125
8
0.015625
11
0.0214844
-22
-0.0429688
17
0.0332031
-16
-0.03125
-39
-0.0761719
-10
-0.0195312
16
0.03125
5
0.00976562
-17
-0.0332031
-25
-0.0488281
-18
-0.0351562
14
0.0273438
8
0.015625
10
0.0195312
-19
-0.0371094
-17
-0.0332031
18
0.0351562
18
0.0351562
-15
-0.0292969
-31
-0.0605469
11
0.0214844
0
0
25
0.0488281
-1
-0.00195312
-1
-0.00195312
37
0.0722656
-1
-0.00195312
-7
-0.0136719
-16
-0.03125
7
0.0136719
3
0.00585938
-20
-0.0390625
3
0.00585938
-3
-0.00585938
-1
-0.00195312
4
0.0078125
11
0.0214844
-20
-0.0390625
32
0.0625
-12
-0.0234375
26
0.0507812
-3
-0.00585938
-34
-0.0664062
-5
-0.00976562
15
0.0292969
23
0.0449219
-3
-0.00585938
-9
-0.0175781
1
0.00195312
3
0.00585938
-2
-0.00390625
0
0
13
0.0253906
36
0.0703125
-11
-0.0214844
50
0.0976562
-13
-0.0253906
19
0.0371094
-11
-0.0214844
-17
-0.0332031
-2
-0.00390625
-7
-0.0136719
27
0.0527344
-1
-0.00195312
-5
-0.00976562
-38
-0.0742188
25
0.0488281
24
0.046875
-3
-0.00585938
-22
-0.0429688
-13
-0.0253906
0
0
-35
-0.0683594
-20
-0.0390625
-16
-0.03125
16
0.03125
8
0.015625
9
0.0175781
47
0.0917969
-18
-0.0351562
12
0.0234375
-14
-0.0273438
1
0.00195312
33
0.0644531
-12
-0.0234375
12
0.0234375
-21
-0.0410156
-10
-0.0195312
-18
-0.0351562
9
0.0175781
-41
-0.0800781
-3
-0.00585938
4
0.0078125
19
0.0371094
25
0.0488281
-22
-0.0429688
-1
-0.00195312
18
0.0351562
-5
-0.00976562
2
0.00390625
6
0.0117188
19
0.0371094
-11
-0.0214844
12
0.0234375
-37
-0.0722656
-3
-0.00585938
-29
-0.0566406
-25
-0.0488281
29
0.0566406
1
0.00195312
-21
-0.0410156
-12
-0.0234375
-22
-0.0429688
24
0.046875
-8
-0.015625
-4
-0.0078125
-13
-0.0253906
-16
-0.03125
-33
-0.0644531
19
0.0371094
6
0.0117188
24
0.046875
7
0.0136719
-4
-0.0078125
-10
-0.0195312
-26
-0.0507812
22
0.0429688
-10
-0.0195312
6
0.0117188
17
0.0332031
-1
-0.00195312
-33
-0.0644531
3
0.00585938
10
0.0195312
4
0.0078125
23
0.0449219
19
0.0371094
-24
-0.046875
-25
-0.0488281
-29
-0.0566406
21
0.0410156
-8
-0.015625
-5
-0.00976562
-4
-0.0078125
-14
-0.0273438
-23
-0.0449219
7
0.0136719
-9
-0.0175781
8
0.015625
-28
-0.0546875
33
0.0644531
8
0.015625
-22
-0.0429688
25
0.0488281
21
0.0410156
23
0.0449219
9
0.0175781
-24
-0.046875
2
0.00390625
13
0.0253906
-23
-0.0449219
-6
-0.0117188
37
0.0722656
16
0.03125
13
0.0253906
18
0.0351562
-21
-0.0410156
-12
-0.0234375
6
0.0117188
23
0.0449219
-8
-0.015625
-18
-0.0351562
42
0.0820312
28
0.0546875
-12
-0.0234375
61
0.119141
-3
-0.00585938
-31
-0.0605469
-1
-0.00195312
-13
-0.0253906
26
0.0507812
-2
-0.00390625
15
0.0292969
7
0.0136719
-24
-0.046875
38
0.0742188
-14
-0.0273438
1
0.00195312
-5
-0.00976562
-37
-0.0722656
13
0.0253906
-6
-0.0117188
-1
-0.00195312
38
0.0742188
15
0.0292969
-20
-0.0390625
25
0.0488281
5
0.00976562
-35
-0.0683594
-16
-0.03125
21
0.0410156
16
0.03125
-8
-0.015625
26
0.0507812
-34
-0.0664062
19
0.0371094
-8
-0.015625
-12
-0.0234375
1
0.00195312
-19
-0.0371094
9
0.0175781
-40
-0.078125
15
0.0292969
28
0.0546875
0
0
7
0.0136719
18
0.0351562
5
0.00976562
-7
-0.0136719
26
0.0507812
17
0.0332031
-24
-0.046875
-24
-0.046875
20
0.0390625
-26
-0.0507812
5
0.00976562
-9
-0.0175781
-23
-0.0449219
17
0.0332031
9
0.0175781
-37
-0.0722656
-1
-0.00195312
-35
-0.0683594
-3
-0.00585938
0
0
2
0.00390625
-16
-0.03125
-15
-0.0292969
-10
-0.0195312
28
0.0546875
-19
-0.0371094
-17
-0.0332031
8
0.015625
-14
-0.0273438
19
0.0371094
-36
-0.0703125
-31
-0.0605469
-4
-0.0078125
-13
-0.0253906
-1
-0.00195312
-46
-0.0898438
6
0.0117188
4
0.0078125
30
0.0585938
12
0.0234375
-3
-0.00585938
-21
-0.0410156
9
0.0175781
-33
-0.0644531
-11
-0.0214844
-6
-0.0117188
20
0.0390625
-15
-0.0292969
0
0
17
0.0332031
3
0.00585938
-25
-0.0488281
-2
-0.00390625
-42
-0.0820312
-24
-0.046875
19
0.0371094
-3
-0.00585938
-17
-0.0332031
3
0.00585938
6
0.0117188
4
0.0078125
-18
-0.0351562
-13
-0.0253906
-7
-0.0136719
-2
-0.00390625
11
0.0214844
9
0.0175781
-3
-0.00585938
-1
-0.00195312
15
0.0292969
-5
-0.00976562
37
0.0722656
-8
-0.015625
-38
-0.0742188
40
0.078125
0
0
32
0.0625
-9
-0.0175781
11
0.0214844
11
0.0214844
17
0.0332031
21
0.0410156
-43
-0.0839844
8
0.015625
2
0.00390625
-6
-0.0117188
7
0.0136719
14
0.0273438
-1
-0.00195312
-7
-0.0136719
-43
-0.0839844
2
0.00390625
-15
-0.0292969
11
0.0214844
-15
-0.0292969
-17
-0.0332031
-31
-0.0605469
16
0.03125
26
0.0507812
1
0.00195312
18
0.0351562
29
0.0566406
21
0.0410156
-7
-0.0136719
15
0.0292969
-5
-0.00976562
-22
-0.0429688
-13
-0.0253906
28
0.0546875
-15
-0.0292969
7
0.0136719
-31
-0.0605469
-21
-0.0410156
-22
-0.0429688
18
0.0351562
26
0.0507812
4
0.0078125
-7
-0.0136719
-26
-0.0507812
13
0.0253906
-9
-0.0175781
-14
-0.0273438
5
0.00976562
-8
-0.015625
25
0.0488281
-13
-0.0253906
-2
-0.00390625
2
0.00390625
-13
-0.0253906
-10
-0.0195312
13
0.0253906
-21
-0.0410156
-8
-0.015625
7
0.0136719
-1
-0.00195312
-17
-0.0332031
8
0.015625
23
0.0449219
38
0.0742188
-15
-0.0292969
36
0.0703125
1
0.00195312
-6
-0.0117188
-66
-0.128906
-2
-0.00390625
36
0.0703125
-44
-0.0859375
2
0.00390625
-13
-0.0253906
-6
-0.0117188
-15
-0.0292969
2
0.00390625
22
0.0429688
-12
-0.0234375
-11
-0.0214844
26
0.0507812
10
0.0195312
-6
-0.0117188
-11
-0.0214844
17
0.0332031
-62
-0.121094
10
0.0195312
-11
-0.0214844
9
0.0175781
-36
-0.0703125
5
0.00976562
3
0.00585938
-17
-0.0332031
-16
-0.03125
-7
-0.0136719
-6
-0.0117188
3
0.00585938
21
0.0410156
33
0.0644531
-23
-0.0449219
-29
-0.0566406
-25
-0.0488281
-19
-0.0371094
13
0.0253906
12
0.0234375
-10
-0.0195312
-17
-0.0332031
9
0.0175781
30
0.0585938
-15
-0.0292969
-4
-0.0078125
10
0.0195312
-14
-0.0273438
7
0.0136719
-23
-0.0449219
-36
-0.0703125
-24
-0.046875
16
0.03125
6
0.0117188
25
0.0488281
27
0.0527344
20
0.0390625
15
0.0292969
-3
-0.00585938
1
0.00195312
-20
-0.0390625
-7
-0.0136719
-38
-0.0742188
-9
-0.0175781
-3
-0.00585938
-20
-0.0390625
27
0.0527344
-19
-0.0371094
-13
-0.0253906
23
0.0449219
27
0.0527344
-24
-0.046875
-29
-0.0566406
-50
-0.0976562
-1
-0.00195312
-6
-0.0117188
12
0.0234375
-39
-0.0761719
10
0.0195312
-17
-0.0332031
-22
-0.0429688
18
0.0351562
17
0.0332031
-14
-0.0273438
7
0.0136719
4
0.0078125
45
0.0878906
-33
-0.0644531
14
0.0273438
-16
-0.03125
18
0.0351562
-19
-0.0371094
29
0.0566406
-7
-0.0136719
-17
-0.0332031
-19
-0.0371094
-20
-0.0390625
-14
-0.0273438
22
0.0429688
-4
-0.0078125
12
0.0234375
-2
-0.00390625
-4
-0.0078125
-6
-0.0117188
22
0.0429688
-23
-0.0449219
32
0.0625
-1
-0.00195312
3
0.00585938
36
0.0703125
25
0.0488281
-12
-0.0234375
5
0.00976562
-6
-0.0117188
42
0.0820312
11
0.0214844
-28
-0.0546875
-18
-0.0351562
-27
-0.0527344
36
0.0703125
-3
-0.00585938
10
0.0195312
-18
-0.0351562
12
0.0234375
25
0.0488281
-32
-0.0625
2
0.00390625
-17
-0.0332031
4
0.0078125
-9
-0.0175781
2
0.00390625
9
0.0175781
-14
-0.0273438
6
0.0117188
16
0.03125
14
0.0273438
-5
-0.00976562
-16
-0.03125
23
0.0449219
-23
-0.0449219
12
0.0234375
6
0.0117188
-5
-0.00976562
5
0.00976562
-16
-0.03125
-19
-0.0371094
-1
-0.00195312
0
0
-42
-0.0820312
-4
-0.0078125
11
0.0214844
-17
-0.0332031
-2
-0.00390625
-35
-0.0683594
19
0.0371094
-27
-0.0527344
-8
-0.015625
42
0.0820312
-1
-0.00195312
11
0.0214844
9
0.0175781
17
0.0332031
-2
-0.00390625
12
0.0234375
2
0.00390625
-20
-0.0390625
7
0.0136719
16
0.03125
6
0.0117188
-20
-0.0390625
14
0.0273438
-20
-0.0390625
6
0.0117188
-16
-0.03125
-8
-0.015625
18
0.0351562
2
0.00390625
-19
-0.0371094
-8
-0.015625
18
0.0351562
-6
-0.0117188
-2
-0.00390625
-13
-0.0253906
-18
-0.0351562
8
0.015625
22
0.0429688
35
0.0683594
0
0
-14
-0.0273438
31
0.0605469
30
0.0585938
5
0.00976562
33
0.0644531
-13
-0.0253906
-9
-0.0175781
13
0.0253906
-24
-0.046875
4
0.0078125
27
0.0527344
-31
-0.0605469
10
0.0195312
-27
-0.0527344
-14
-0.0273438
30
0.0585938
14
0.0273438
-27
-0.0527344
26
0.0507812
-19
-0.0371094
22
0.0429688
5
0.00976562
-23
-0.0449219
31
0.0605469
41
0.0800781
6
0.0117188
15
0.0292969
29
0.0566406
24
0.046875
-16
-0.03125
-1
-0.00195312
-31
-0.0605469
12
0.0234375
16
0.03125
-18
-0.0351562
23
0.0449219
9
0.0175781
51
0.0996094
-22
-0.0429688
-22
-0.0429688
-14
-0.0273438
-1
-0.00195312
-18
-0.0351562
4
0.0078125
37
0.0722656
24
0.046875
-17
-0.0332031
21
0.0410156
-41
-0.0800781
-13
-0.0253906
32
0.0625
31
0.0605469
5
0.00976562
1
0.00195312
12
0.0234375
1
0.00195312
10
0.0195312
17
0.0332031
-2
-0.00390625
-12
-0.0234375
-9
-0.0175781
26
0.0507812
6
0.0117188
9
0.0175781
-28
-0.0546875
28
0.0546875
-26
-0.0507812
-21
-0.0410156
-19
-0.0371094
-21
-0.0410156
12
0.0234375
-2
-0.00390625
11
0.0214844
2
0.00390625
-3
-0.00585938
-26
-0.0507812
-23
-0.0449219
-5
-0.00976562
5
0.00976562
11
0.0214844
10
0.0195312
1
0.00195312
-3
-0.00585938
12
0.0234375
-26
-0.0507812
20
0.0390625
30
0.0585938
-40
-0.078125
14
0.0273438
-13
-0.0253906
-33
-0.0644531
30
0.0585938
-29
-0.0566406
2
0.00390625
-25
-0.0488281
30
0.0585938
8
0.015625
-2
-0.00390625
-6
-0.0117188
10
0.0195312
-16
-0.03125
12
0.0234375
20
0.0390625
-21
-0.0410156
34
0.0664062
3
0.00585938
-32
-0.0625
14
0.0273438
7
0.0136719
13
0.0253906
2
0.00390625
-21
-0.0410156
15
0.0292969
1
0.00195312
-4
-0.0078125
-18
-0.0351562
-5
-0.00976562
4
0.0078125
33
0.0644531
-21
-0.0410156
-27
-0.0527344
35
0.0683594
47
0.0917969
22
0.0429688
13
0.0253906
-6
-0.0117188
14
0.0273438
16
0.03125
-10
-0.0195312
35
0.0683594
8
0.015625
-14
-0.0273438
-6
-0.0117188
10
0.0195312
-21
-0.0410156
14
0.0273438
17
0.0332031
-13
-0.0253906
-3
-0.00585938
-15
-0.0292969
10
0.0195312
-2
-0.00390625
9
0.0175781
19
0.0371094
15
0.0292969
11
0.0214844
-28
-0.0546875
8
0.015625
-16
-0.03125
29
0.0566406
53
0.103516
-11
-0.0214844
-1
-0.00195312
-11
-0.0214844
1
0.00195312
17
0.0332031
-6
-0.0117188
-11
-0.0214844
11
0.0214844
11
0.0214844
7
0.0136719
-11
-0.0214844
-16
-0.03125
32
0.0625
6
0.0117188
13
0.0253906
-9
-0.0175781
-18
-0.0351562
22
0.0429688
-10
-0.0195312
-14
-0.0273438
-21
-0.0410156
-33
-0.0644531
-9
-0.0175781
1
0.00195312
-35
-0.0683594
-50
-0.0976562
18
0.0351562
-39
-0.0761719
-14
-0.0273438
-13
-0.0253906
24
0.046875
11
0.0214844
-20
-0.0390625
21
0.0410156
-29
-0.0566406
-14
-0.0273438
7
0.0136719
-18
-0.0351562
-3
-0.00585938
-6
-0.0117188
13
0.0253906
14
0.0273438
8
0.015625
-35
-0.0683594
-21
-0.0410156
15
0.0292969
8
0.015625
-17
-0.0332031
-25
-0.0488281
1
0.00195312
1
0.00195312
22
0.0429688
-43
-0.0839844
8
0.015625
8
0.015625
-16
-0.03125
15
0.0292969
13
0.0253906
-32
-0.0625
-15
-0.0292969
0
0
-9
-0.0175781
-14
-0.0273438
-27
-0.0527344
-7
-0.0136719
-2
-0.00390625
-20
-0.0390625
-22
-0.0429688
-1
-0.00195312
13
0.0253906
-7
-0.0136719
-9
-0.0175781
10
0.0195312
11
0.0214844
-11
-0.0214844
-23
-0.0449219
-13
-0.0253906
2
0.00390625
26
0.0507812
5
0.00976562
-7
-0.0136719
-12
-0.0234375
-29
-0.0566406
-28
-0.0546875
0
0
-21
-0.0410156
11
0.0214844
52
0.101562
19
0.0371094
-33
-0.0644531
-15
-0.0292969
-16
-0.03125
26
0.0507812
35
0.0683594
-1
-0.00195312
51
0.0996094
18
0.0351562
-39
-0.0761719
0
0
18
0.0351562
-1
-0.00195312
-41
-0.0800781
-15
-0.0292969
-8
-0.015625
-8
-0.015625
20
0.0390625
-29
-0.0566406
8
0.015625
-19
-0.0371094
-6
-0.0117188
-17
-0.0332031
18
0.0351562
-7
-0.0136719
7
0.0136719
17
0.0332031
31
0.0605469
21
0.0410156
40
0.078125
0
0
-11
-0.0214844
18
0.0351562
30
0.0585938
-32
-0.0625
-14
-0.0273438
9
0.0175781
-13
-0.0253906
-24
-0.046875
-22
-0.0429688
-13
-0.0253906
32
0.0625
-16
-0.03125
-5
-0.00976562
46
0.0898438
-29
-0.0566406
16
0.03125
-30
-0.0585938
-38
-0.0742188
15
0.0292969
61
0.119141
44
0.0859375
12
0.0234375
-33
-0.0644531
7
0.0136719
-9
-0.0175781
-14
-0.0273438
-1
-0.00195312
-8
-0.015625
-12
-0.0234375
30
0.0585938
26
0.0507812
-30
-0.0585938
-40
-0.078125
-22
-0.0429688
4
0.0078125
27
0.0527344
26
0.0507812
9
0.0175781
-6
-0.0117188
13
0.0253906
-32
-0.0625
-18
-0.0351562
4
0.0078125
-23
-0.0449219
-3
-0.00585938
10
0.0195312
-5
-0.00976562
-33
-0.0644531
-1
-0.00195312
8
0.015625
26
0.0507812
-9
-0.0175781
-13
-0.0253906
-20
-0.0390625
-13
-0.0253906
-4
-0.0078125
-9
-0.0175781
29
0.0566406
-7
-0.0136719
14
0.0273438
8
0.015625
2
0.00390625
39
0.0761719
11
0.0214844
1
0.00195312
-14
-0.0273438
1
0.00195312
26
0.0507812
3
0.00585938
4
0.0078125
3
0.00585938
14
0.0273438
-1
-0.00195312
15
0.0292969
23
0.0449219
0
0
34
0.0664062
-2
-0.00390625
-28
-0.0546875
-32
-0.0625
36
0.0703125
6
0.0117188
2
0.00390625
-7
-0.0136719
7
0.0136719
24
0.046875
10
0.0195312
-18
-0.0351562
16
0.03125
-7
-0.0136719
-2
-0.00390625
-23
-0.0449219
-5
-0.00976562
-12
-0.0234375
-10
-0.0195312
2
0.00390625
16
0.03125
-19
-0.0371094
42
0.0820312
-35
-0.0683594
10
0.0195312
-6
-0.0117188
-4
-0.0078125
17
0.0332031
4
0.0078125
1
0.00195312
18
0.0351562
18
0.0351562
7
0.0136719
15
0.0292969
10
0.0195312
11
0.0214844
-6
-0.0117188
20
0.0390625
1
0.00195312
2
0.00390625
-30
-0.0585938
4
0.0078125
-34
-0.0664062
3
0.00585938
-8
-0.015625
-40
-0.078125
-16
-0.03125
29
0.0566406
10
0.0195312
14
0.0273438
39
0.0761719
-2
-0.00390625
35
0.0683594
-13
-0.0253906
3
0.00585938
4
0.0078125
41
0.0800781
-7
-0.0136719
6
0.0117188
0
0
-28
-0.0546875
-20
-0.0390625
29
0.0566406
4
0.0078125
-12
-0.0234375
-25
-0.0488281
-22
-0.0429688
8
0.015625
21
0.0410156
27
0.0527344
10
0.0195312
-13
-0.0253906
15
0.0292969
-43
-0.0839844
9
0.0175781
-14
-0.0273438
-30
-0.0585938
16
0.03125
-3
-0.00585938
6
0.0117188
14
0.0273438
-26
-0.0507812
-6
-0.0117188
9
0.0175781
31
0.0605469
-13
-0.0253906
-1
-0.00195312
17
0.0332031
-17
-0.0332031
20
0.0390625
11
0.0214844
-52
-0.101562
30
0.0585938
-11
-0.0214844
-13
-0.0253906
12
0.0234375
-8
-0.015625
11
0.0214844
-3
-0.00585938
3
0.00585938
-15
-0.0292969
5
0.00976562
-30
-0.0585938
5
0.00976562
-1
-0.00195312
27
0.0527344
-7
-0.0136719
0
0
35
0.0683594
-10
-0.0195312
7
0.0136719
14
0.0273438
24
0.046875
-20
-0.0390625
24
0.046875
7
0.0136719
-27
-0.0527344
-12
-0.0234375
-6
-0.0117188
1
0.00195312
7
0.0136719
14
0.0273438
-9
-0.0175781
-17
-0.0332031
24
0.046875
-31
-0.0605469
0
0
15
0.0292969
-15
-0.0292969
-11
-0.0214844
-41
-0.0800781
22
0.0429688
-57
-0.111328
30
0.0585938
-7
-0.0136719
2
0.00390625
14
0.0273438
-9
-0.0175781
3
0.00585938
-19
-0.0371094
37
0.0722656
4
0.0078125
10
0.0195312
-19
-0.0371094
-4
-0.0078125
11
0.0214844
22
0.0429688
30
0.0585938
-20
-0.0390625
-19
-0.0371094
7
0.0136719
7
0.0136719
22
0.0429688
-16
-0.03125
7
0.0136719
-2
-0.00390625
2
0.00390625
-8
-0.015625
4
0.0078125
9
0.0175781
42
0.0820312
-5
-0.00976562
-7
-0.0136719
-9
-0.0175781
-5
-0.00976562
-27
-0.0527344
6
0.0117188
-14
-0.0273438
-9
-0.0175781
3
0.00585938
-11
-0.0214844
-35
-0.0683594
3
0.00585938
9
0.0175781
1
0.00195312
-26
-0.0507812
9
0.0175781
-22
-0.0429688
-6
-0.0117188
-39
-0.0761719
6
0.0117188
13
0.0253906
-34
-0.0664062
12
0.0234375
-5
-0.00976562
12
0.0234375
6
0.0117188
19
0.0371094
23
0.0449219
5
0.00976562
-35
-0.0683594
-18
-0.0351562
2
0.00390625
5
0.00976562
18
0.0351562
5
0.00976562
-13
-0.0253906
-5
-0.00976562
-28
-0.0546875
16
0.03125
25
0.0488281
6
0.0117188
-19
-0.0371094
29
0.0566406
-10
-0.0195312
-26
-0.0507812
-24
-0.046875
25
0.0488281
8
0.015625
-3
-0.00585938
-19
-0.0371094
46
0.0898438
-14
-0.0273438
2
0.00390625
-31
-0.0605469
23
0.0449219
-18
-0.0351562
-3
-0.00585938
24
0.046875
0
0
11
0.0214844
5
0.00976562
-10
-0.0195312
-23
-0.0449219
15
0.0292969
10
0.0195312
-9
-0.0175781
5
0.00976562
18
0.0351562
24
0.046875
-20
-0.0390625
7
0.0136719
-17
-0.0332031
21
0.0410156
-6
-0.0117188
-13
-0.0253906
-5
-0.00976562
-12
-0.0234375
16
0.03125
0
0
23
0.0449219
20
0.0390625
-50
-0.0976562
-24
-0.046875
-19
-0.0371094
-30
-0.0585938
-41
-0.0800781
-6
-0.0117188
17
0.0332031
25
0.0488281
10
0.0195312
-4
-0.0078125
-8
-0.015625
12
0.0234375
-12
-0.0234375
20
0.0390625
-30
-0.0585938
17
0.0332031
11
0.0214844
-42
-0.0820312
2
0.00390625
3
0.00585938
17
0.0332031
-10
-0.0195312
16
0.03125
16
0.03125
-10
-0.0195312
7
0.0136719
37
0.0722656
-10
-0.0195312
-14
-0.0273438
-2
-0.00390625
-1
-0.00195312
-1
-0.00195312
-13
-0.0253906
9
0.0175781
10
0.0195312
-18
-0.0351562
9
0.0175781
-10
-0.0195312
-24
-0.046875
1
0.00195312
31
0.0605469
-1
-0.00195312
44
0.0859375
1
0.00195312
18
0.0351562
34
0.0664062
-21
-0.0410156
-8
-0.015625
-27
-0.0527344
-3
-0.00585938
-14
-0.0273438
10
0.0195312
8
0.015625
-48
-0.09375
12
0.0234375
32
0.0625
-2
-0.00390625
4
0.0078125
62
0.121094
-19
-0.0371094
8
0.015625
23
0.0449219
16
0.03125
6
0.0117188
-25
-0.0488281
42
0.0820312
-21
-0.0410156
-11
-0.0214844
-4
-0.0078125
-13
-0.0253906
-16
-0.03125
6
0.0117188
40
0.078125
2
0.00390625
-6
-0.0117188
17
0.0332031
1
0.00195312
12
0.0234375
-4
-0.0078125
10
0.0195312
4
0.0078125
-4
-0.0078125
-2
-0.00390625
-5
-0.00976562
-8
-0.015625
-19
-0.0371094
6
0.0117188
4
0.0078125
-20
-0.0390625
13
0.0253906
0
0
26
0.0507812
16
0.03125
17
0.0332031
-23
-0.0449219
-21
-0.0410156
4
0.0078125
11
0.0214844
-3
-0.00585938
25
0.0488281
19
0.0371094
-4
-0.0078125
1
0.00195312
-40
-0.078125
1
0.00195312
-2
-0.00390625
2
0.00390625
-25
-0.0488281
1
0.00195312
18
0.0351562
7
0.0136719
56
0.109375
-23
-0.0449219
16
0.03125
2
0.00390625
23
0.0449219
6
0.0117188
-24
-0.046875
14
0.0273438
17
0.0332031
-17
-0.0332031
55
0.107422
-19
-0.0371094
2
0.00390625
0
0
14
0.0273438
59
0.115234
-27
-0.0527344
-5
-0.00976562
-1
-0.00195312
-4
-0.0078125
10
0.0195312
-15
-0.0292969
7
0.0136719
-6
-0.0117188
-7
-0.0136719
-5
-0.00976562
-30
-0.0585938
20
0.0390625
-1
-0.00195312
-44
-0.0859375
-23
-0.0449219
7
0.0136719
17
0.0332031
14
0.0273438
-7
-0.0136719
-1
-0.00195312
17
0.0332031
1
0.00195312
14
0.0273438
32
0.0625
-17
-0.0332031
31
0.0605469
4
0.0078125
-9
-0.0175781
20
0.0390625
-15
-0.0292969
29
0.0566406
16
0.03125
29
0.0566406
-2
-0.00390625
21
0.0410156
-22
-0.0429688
19
0.0371094
5
0.00976562
10
0.0195312
-3
-0.00585938
-8
-0.015625
-1
-0.00195312
-9
-0.0175781
-3
-0.00585938
-4
-0.0078125
-7
-0.0136719
12
0.0234375
-36
-0.0703125
-16
-0.03125
16
0.03125
11
0.0214844
14
0.0273438
13
0.0253906
-17
-0.0332031
-18
-0.0351562
-26
-0.0507812
13
0.0253906
-14
-0.0273438
-26
-0.0507812
7
0.0136719
-28
-0.0546875
-22
-0.0429688
19
0.0371094
9
0.0175781
6
0.0117188
7
0.0136719
-13
-0.0253906
-18
-0.0351562
-3
-0.00585938
-6
-0.0117188
-4
-0.0078125
10
0.0195312
-4
-0.0078125
-2
-0.00390625
-19
-0.0371094
-23
-0.0449219
-12
-0.0234375
4
0.0078125
-6
-0.0117188
0
0
5
0.00976562
14
0.0273438
-14
-0.0273438
-20
-0.0390625
14
0.0273438
-27
-0.0527344
-17
-0.0332031
-23
-0.0449219
3
0.00585938
-29
-0.0566406
17
0.0332031
-43
-0.0839844
-20
-0.0390625
-9
-0.0175781
-26
-0.0507812
-31
-0.0605469
15
0.0292969
-1
-0.00195312
-29
-0.0566406
-30
-0.0585938
-26
-0.0507812
4
0.0078125
-17
-0.0332031
4
0.0078125
-7
-0.0136719
48
0.09375
-8
-0.015625
16
0.03125
-21
-0.0410156
13
0.0253906
-43
-0.0839844
-18
-0.0351562
-21
-0.0410156
-6
-0.0117188
-9
-0.0175781
-9
-0.0175781
-15
-0.0292969
-3
-0.00585938
15
0.0292969
15
0.0292969
-13
-0.0253906
2
0.00390625
0
0
-5
-0.00976562
-1
-0.00195312
12
0.0234375
-27
-0.0527344
0
0
5
0.00976562
17
0.0332031
18
0.0351562
-22
-0.0429688
-30
-0.0585938
-7
-0.0136719
-25
-0.0488281
7
0.0136719
-21
-0.0410156
-8
-0.015625
-1
-0.00195312
-8
-0.015625
11
0.0214844
-26
-0.0507812
-11
-0.0214844
-5
-0.00976562
-7
-0.0136719
9
0.0175781
6
0.0117188
-29
-0.0566406
-1
-0.00195312
-1
-0.00195312
28
0.0546875
17
0.0332031
-14
-0.0273438
13
0.0253906
5
0.00976562
-23
-0.0449219
10
0.0195312
11
0.0214844
-44
-0.0859375
17
0.0332031
6
0.0117188
-5
-0.00976562
15
0.0292969
9
0.0175781
3
0.00585938
-8
-0.015625
-8
-0.015625
3
0.00585938
23
0.0449219
-15
-0.0292969
-23
-0.0449219
-5
-0.00976562
-3
-0.00585938
-40
-0.078125
43
0.0839844
31
0.0605469
21
0.0410156
-9
-0.0175781
-2
-0.00390625
-40
-0.078125
15
0.0292969
53
0.103516
-14
-0.0273438
0
0
16
0.03125
35
0.0683594
31
0.0605469
28
0.0546875
22
0.0429688
-1
-0.00195312
31
0.0605469
6
0.0117188
-1
-0.00195312
-12
-0.0234375
41
0.0800781
-16
-0.03125
-17
-0.0332031
-25
-0.0488281
-19
-0.0371094
5
0.00976562
11
0.0214844
-2
-0.00390625
29
0.0566406
13
0.0253906
-11
-0.0214844
33
0.0644531
-31
-0.0605469
-30
-0.0585938
4
0.0078125
-29
-0.0566406
-6
-0.0117188
0
0
19
0.0371094
33
0.0644531
42
0.0820312
-12
-0.0234375
-17
-0.0332031
9
0.0175781
41
0.0800781
-3
-0.00585938
-29
-0.0566406
5
0.00976562
0
0
-13
-0.0253906
28
0.0546875
27
0.0527344
19
0.0371094
2
0.00390625
-3
-0.00585938
5
0.00976562
13
0.0253906
-3
-0.00585938
9
0.0175781
-41
-0.0800781
-8
-0.015625
15
0.0292969
-38
-0.0742188
33
0.0644531
-7
-0.0136719
18
0.0351562
20
0.0390625
17
0.0332031
-12
-0.0234375
-16
-0.03125
-25
-0.0488281
25
0.0488281
-40
-0.078125
-21
-0.0410156
1
0.00195312
7
0.0136719
-10
-0.0195312
29
0.0566406
3
0.00585938
-19
-0.0371094
8
0.015625
-22
-0.0429688
17
0.0332031
8
0.015625
-25
-0.0488281
-31
-0.0605469
-2
-0.00390625
-15
-0.0292969
-10
-0.0195312
-10
-0.0195312
-12
-0.0234375
-36
-0.0703125
4
0.0078125
49
0.0957031
38
0.0742188
7
0.0136719
34
0.0664062
16
0.03125
-31
-0.0605469
-19
-0.0371094
-24
-0.046875
-22
-0.0429688
-18
-0.0351562
7
0.0136719
-18
-0.0351562
7
0.0136719
1
0.00195312
-28
-0.0546875
-13
-0.0253906
-16
-0.03125
-11
-0.0214844
44
0.0859375
-10
-0.0195312
30
0.0585938
-4
-0.0078125
36
0.0703125
-6
-0.0117188
6
0.0117188
14
0.0273438
8
0.015625
-1
-0.00195312
-19
-0.0371094
-48
-0.09375
26
0.0507812
1
0.00195312
-5
-0.00976562
8
0.015625
-47
-0.0917969
-8
-0.015625
14
0.0273438
-42
-0.0820312
-11
-0.0214844
-7
-0.0136719
-4
-0.0078125
16
0.03125
-33
-0.0644531
42
0.0820312
-6
-0.0117188
5
0.00976562
-61
-0.119141
34
0.0664062
8
0.015625
20
0.0390625
-5
-0.00976562
-3
-0.00585938
3
0.00585938
-9
-0.0175781
-26
-0.0507812
-23
-0.0449219
-11
-0.0214844
14
0.0273438
-3
-0.00585938
10
0.0195312
-23
-0.0449219
9
0.0175781
17
0.0332031
-36
-0.0703125
25
0.0488281
-37
-0.0722656
25
0.0488281
-4
-0.0078125
3
0.00585938
-20
-0.0390625
17
0.0332031
-70
-0.136719
-19
-0.0371094
18
0.0351562
-6
-0.0117188
0
0
35
0.0683594
34
0.0664062
-4
-0.0078125
7
0.0136719
-3
-0.00585938
14
0.0273438
0
0
-33
-0.0644531
27
0.0527344
10
0.0195312
-7
-0.0136719
4
0.0078125
14
0.0273438
-17
-0.0332031
-25
-0.0488281
-11
-0.0214844
-3
-0.00585938
-10
-0.0195312
4
0.0078125
-7
-0.0136719
17
0.0332031
3
0.00585938
20
0.0390625
35
0.0683594
23
0.0449219
9
0.0175781
3
0.00585938
-32
-0.0625
-37
-0.0722656
31
0.0605469
-30
-0.0585938
19
0.0371094
-2
-0.00390625
-4
-0.0078125
-11
-0.0214844
-6
-0.0117188
-22
-0.0429688
-3
-0.00585938
5
0.00976562
16
0.03125
-10
-0.0195312
28
0.0546875
9
0.0175781
-21
-0.0410156
17
0.0332031
-5
-0.00976562
-9
-0.0175781
-9
-0.0175781
2
0.00390625
5
0.00976562
1
0.00195312
-10
-0.0195312
19
0.0371094
14
0.0273438
-27
-0.0527344
22
0.0429688
-27
-0.0527344
-36
-0.0703125
26
0.0507812
13
0.0253906
14
0.0273438
-4
-0.0078125
-3
-0.00585938
-20
-0.0390625
-2
-0.00390625
-21
-0.0410156
-27
-0.0527344
-5
-0.00976562
10
0.0195312
6
0.0117188
2
0.00390625
6
0.0117188
2
0.00390625
11
0.0214844
-32
-0.0625
-29
-0.0566406
2
0.00390625
16
0.03125
20
0.0390625
0
0
-24
-0.046875
-16
-0.03125
-5
-0.00976562
6
0.0117188
25
0.0488281
24
0.046875
24
0.046875
-2
-0.00390625
9
0.0175781
-2
-0.00390625
-15
-0.0292969
-4
-0.0078125
-19
-0.0371094
1
0.00195312
35
0.0683594
-6
-0.0117188
-17
-0.0332031
12
0.0234375
7
0.0136719
-23
-0.0449219
3
0.00585938
-20
-0.0390625
13
0.0253906
28
0.0546875
-2
-0.00390625
16
0.03125
-28
-0.0546875
17
0.0332031
42
0.0820312
5
0.00976562
-2
-0.00390625
-4
-0.0078125
18
0.0351562
9
0.0175781
32
0.0625
-27
-0.0527344
-11
-0.0214844
-4
-0.0078125
-15
-0.0292969
-3
-0.00585938
6
0.0117188
8
0.015625
8
0.015625
-8
-0.015625
-28
-0.0546875
1
0.00195312
-2
-0.00390625
15
0.0292969
47
0.0917969
26
0.0507812
13
0.0253906
35
0.0683594
-31
-0.0605469
3
0.00585938
17
0.0332031
-30
-0.0585938
-2
-0.00390625
-13
-0.0253906
23
0.0449219
2
0.00390625
15
0.0292969
-21
-0.0410156
-16
-0.03125
-39
-0.0761719
24
0.046875
-39
-0.0761719
21
0.0410156
-6
-0.0117188
-18
-0.0351562
-10
-0.0195312
18
0.0351562
29
0.0566406
-3
-0.00585938
12
0.0234375
3
0.00585938
33
0.0644531
19
0.0371094
18
0.0351562
3
0.00585938
-27
-0.0527344
20
0.0390625
-29
-0.0566406
8
0.015625
1
0.00195312
24
0.046875
-38
-0.0742188
10
0.0195312
-7
-0.0136719
-4
-0.0078125
-26
-0.0507812
20
0.0390625
4
0.0078125
-19
-0.0371094
9
0.0175781
14
0.0273438
-7
-0.0136719
-3
-0.00585938
-11
-0.0214844
8
0.015625
5
0.00976562
5
0.00976562
-4
-0.0078125
15
0.0292969
33
0.0644531
-21
-0.0410156
3
0.00585938
0
0
-10
-0.0195312
-16
-0.03125
1
0.00195312
-4
-0.0078125
-7
-0.0136719
-24
-0.046875
13
0.0253906
5
0.00976562
13
0.0253906
18
0.0351562
-20
-0.0390625
0
0
5
0.00976562
0
0
-18
-0.0351562
9
0.0175781
-36
-0.0703125
-22
-0.0429688
-12
-0.0234375
-44
-0.0859375
-17
-0.0332031
-9
-0.0175781
-7
-0.0136719
-33
-0.0644531
-48
-0.09375
9
0.0175781
16
0.03125
-1
-0.00195312
-7
-0.0136719
35
0.0683594
-19
-0.0371094
-6
-0.0117188
-6
-0.0117188
-3
-0.00585938
-6
-0.0117188
7
0.0136719
12
0.0234375
-1
-0.00195312
14
0.0273438
20
0.0390625
-3
-0.00585938
-12
-0.0234375
-11
-0.0214844
-14
-0.0273438
18
0.0351562
34
0.0664062
13
0.0253906
-10
-0.0195312
-1
-0.00195312
-16
-0.03125
-25
-0.0488281
-32
-0.0625
20
0.0390625
33
0.0644531
-14
-0.0273438
32
0.0625
-31
-0.0605469
8
0.015625
19
0.0371094
32
0.0625
48
0.09375
-7
-0.0136719
-25
-0.0488281
0
0
58
0.113281
33
0.0644531
-14
-0.0273438
-22
-0.0429688
-15
-0.0292969
-24
-0.046875
-8
-0.015625
16
0.03125
21
0.0410156
8
0.015625
-34
-0.0664062
26
0.0507812
-9
-0.0175781
17
0.0332031
-11
-0.0214844
-13
-0.0253906
0
0
18
0.0351562
19
0.0371094
-6
-0.0117188
32
0.0625
-8
-0.015625
-4
-0.0078125
13
0.0253906
2
0.00390625
-32
-0.0625
-9
-0.0175781
30
0.0585938
-32
-0.0625
17
0.0332031
-17
-0.0332031
-23
-0.0449219
14
0.0273438
10
0.0195312
-11
-0.0214844
-13
-0.0253906
19
0.0371094
-8
-0.015625
4
0.0078125
5
0.00976562
-12
-0.0234375
11
0.0214844
8
0.015625
-18
-0.0351562
3
0.00585938
-10
-0.0195312
32
0.0625
-2
-0.00390625
-21
-0.0410156
-5
-0.00976562
5
0.00976562
-3
-0.00585938
14
0.0273438
9
0.0175781
-6
-0.0117188
-17
-0.0332031
-18
-0.0351562
12
0.0234375
40
0.078125
-2
-0.00390625
-26
-0.0507812
-25
-0.0488281
-27
-0.0527344
5
0.00976562
36
0.0703125
28
0.0546875
0
0
1
0.00195312
4
0.0078125
8
0.015625
27
0.0527344
18
0.0351562
11
0.0214844
-15
-0.0292969
-14
-0.0273438
10
0.0195312
-28
-0.0546875
-16
-0.03125
-7
-0.0136719
35
0.0683594
4
0.0078125
19
0.0371094
-25
-0.0488281
13
0.0253906
20
0.0390625
-17
-0.0332031
12
0.0234375
14
0.0273438
-23
-0.0449219
-4
-0.0078125
-8
-0.015625
23
0.0449219
10
0.0195312
3
0.00585938
-21
-0.0410156
5
0.00976562
8
0.015625
-11
-0.0214844
7
0.0136719
28
0.0546875
5
0.00976562
-4
-0.0078125
-4
-0.0078125
1
0.00195312
22
0.0429688
-6
-0.0117188
7
0.0136719
22
0.0429688
12
0.0234375
-2
-0.00390625
-1
-0.00195312
4
0.0078125
9
0.0175781
13
0.0253906
3
0.00585938
9
0.0175781
-12
-0.0234375
17
0.0332031
-9
-0.0175781
26
0.0507812
16
0.03125
40
0.078125
-16
-0.03125
28
0.0546875
-1
-0.00195312
44
0.0859375
-28
-0.0546875
6
0.0117188
44
0.0859375
15
0.0292969
-1
-0.00195312
-4
-0.0078125
-5
-0.00976562
-30
-0.0585938
9
0.0175781
25
0.0488281
11
0.0214844
-14
-0.0273438
-39
-0.0761719
-8
-0.015625
59
0.115234
20
0.0390625
-4
-0.0078125
-3
-0.00585938
-14
-0.0273438
9
0.0175781
-9
-0.0175781
-27
-0.0527344
27
0.0527344
-19
-0.0371094
-5
-0.00976562
20
0.0390625
-1
-0.00195312
-16
-0.03125
-17
-0.0332031
-8
-0.015625
-10
-0.0195312
-26
-0.0507812
20
0.0390625
6
0.0117188
2
0.00390625
-23
-0.0449219
-48
-0.09375
-5
-0.00976562
-22
-0.0429688
-9
-0.0175781
51
0.0996094
6
0.0117188
-41
-0.0800781
26
0.0507812
-25
-0.0488281
-17
-0.0332031
16
0.03125
-5
-0.00976562
24
0.046875
19
0.0371094
19
0.0371094
3
0.00585938
-13
-0.0253906
0
0
14
0.0273438
-16
-0.03125
-42
-0.0820312
-21
-0.0410156
5
0.00976562
-18
-0.0351562
-7
-0.0136719
-3
-0.00585938
12
0.0234375
-3
-0.00585938
-21
-0.0410156
-35
-0.0683594
27
0.0527344
-47
-0.0917969
4
0.0078125
-28
-0.0546875
-22
-0.0429688
5
0.00976562
24
0.046875
-25
-0.0488281
2
0.00390625
13
0.0253906
8
0.015625
-2
-0.00390625
9
0.0175781
29
0.0566406
16
0.03125
-7
-0.0136719
-5
-0.00976562
14
0.0273438
-7
-0.0136719
32
0.0625
-32
-0.0625
-41
-0.0800781
-18
-0.0351562
1
0.00195312
31
0.0605469
-6
-0.0117188
-36
-0.0703125
-35
-0.0683594
4
0.0078125
2
0.00390625
3
0.00585938
-1
-0.00195312
38
0.0742188
-5
-0.00976562
12
0.0234375
-9
-0.0175781
-34
-0.0664062
-5
-0.00976562
-8
-0.015625
-5
-0.00976562
17
0.0332031
-6
-0.0117188
-4
-0.0078125
-19
-0.0371094
-30
-0.0585938
-22
-0.0429688
-9
-0.0175781
9
0.0175781
-2
-0.00390625
-20
-0.0390625
6
0.0117188
22
0.0429688
-29
-0.0566406
-14
-0.0273438
12
0.0234375
3
0.00585938
-46
-0.0898438
-35
-0.0683594
10
0.0195312
11
0.0214844
-4
-0.0078125
14
0.0273438
-26
-0.0507812
-25
-0.0488281
37
0.0722656
-32
-0.0625
30
0.0585938
-21
-0.0410156
12
0.0234375
3
0.00585938
-27
-0.0527344
25
0.0488281
-4
-0.0078125
10
0.0195312
-25
-0.0488281
25
0.0488281
34
0.0664062
-2
-0.00390625
-51
-0.0996094
-7
-0.0136719
2
0.00390625
-38
-0.0742188
-1
-0.00195312
2
0.00390625
8
0.015625
12
0.0234375
18
0.0351562
12
0.0234375
-32
-0.0625
11
0.0214844
-8
-0.015625
-5
-0.00976562
-12
-0.0234375
-17
-0.0332031
-28
-0.0546875
-20
-0.0390625
10
0.0195312
-5
-0.00976562
7
0.0136719
20
0.0390625
2
0.00390625
38
0.0742188
-26
-0.0507812
-37
-0.0722656
16
0.03125
41
0.0800781
14
0.0273438
28
0.0546875
-18
-0.0351562
17
0.0332031
-28
-0.0546875
-11
-0.0214844
2
0.00390625
-17
-0.0332031
22
0.0429688
9
0.0175781
23
0.0449219
21
0.0410156
-1
-0.00195312
21
0.0410156
25
0.0488281
-30
-0.0585938
-20
-0.0390625
25
0.0488281
23
0.0449219
-20
-0.0390625
-1
-0.00195312
20
0.0390625
28
0.0546875
23
0.0449219
1
0.00195312
35
0.0683594
21
0.0410156
27
0.0527344
0
0
29
0.0566406
-13
-0.0253906
3
0.00585938
-32
-0.0625
-9
-0.0175781
4
0.0078125
4
0.0078125
14
0.0273438
-21
-0.0410156
16
0.03125
-37
-0.0722656
-10
-0.0195312
17
0.0332031
-7
-0.0136719
10
0.0195312
-1
-0.00195312
40
0.078125
13
0.0253906
0
0
11
0.0214844
10
0.0195312
9
0.0175781
-33
-0.0644531
-12
-0.0234375
53
0.103516
7
0.0136719
-28
-0.0546875
-5
-0.00976562
-11
-0.0214844
1
0.00195312
10
0.0195312
9
0.0175781
5
0.00976562
13
0.0253906
-16
-0.03125
15
0.0292969
-11
-0.0214844
-21
-0.0410156
-21
-0.0410156
23
0.0449219
22
0.0429688
-10
-0.0195312
18
0.0351562
-16
-0.03125
-11
-0.0214844
7
0.0136719
-36
-0.0703125
18
0.0351562
-31
-0.0605469
-15
-0.0292969
-32
-0.0625
-23
-0.0449219
-27
-0.0527344
-7
-0.0136719
-25
-0.0488281
-23
-0.0449219
-7
-0.0136719
-4
-0.0078125
9
0.0175781
-7
-0.0136719
34
0.0664062
16
0.03125
4
0.0078125
-19
-0.0371094
-3
-0.00585938
18
0.0351562
9
0.0175781
-6
-0.0117188
-8
-0.015625
20
0.0390625
-29
-0.0566406
-1
-0.00195312
-6
-0.0117188
20
0.0390625
24
0.046875
25
0.0488281
-3
-0.00585938
-4
-0.0078125
1
0.00195312
5
0.00976562
-26
-0.0507812
-4
-0.0078125
-4
-0.0078125
-4
-0.0078125
-22
-0.0429688
25
0.0488281
-27
-0.0527344
17
0.0332031
9
0.0175781
-34
-0.0664062
-17
-0.0332031
-14
-0.0273438
11
0.0214844
-21
-0.0410156
35
0.0683594
25
0.0488281
-28
-0.0546875
-2
-0.00390625
-11
-0.0214844
-16
-0.03125
12
0.0234375
-18
-0.0351562
-23
-0.0449219
1
0.00195312
5
0.00976562
26
0.0507812
-20
-0.0390625
-17
-0.0332031
8
0.015625
45
0.0878906
-14
-0.0273438
-13
-0.0253906
-22
-0.0429688
38
0.0742188
-16
-0.03125
-23
-0.0449219
27
0.0527344
-1
-0.00195312
-9
-0.0175781
-6
-0.0117188
-12
-0.0234375
-5
-0.00976562
14
0.0273438
7
0.0136719
27
0.0527344
17
0.0332031
-24
-0.046875
-3
-0.00585938
-19
-0.0371094
-7
-0.0136719
-15
-0.0292969
-22
-0.0429688
0
0
34
0.0664062
-38
-0.0742188
8
0.015625
34
0.0664062
-26
-0.0507812
-5
-0.00976562
5
0.00976562
14
0.0273438
-24
-0.046875
-24
-0.046875
-21
-0.0410156
20
0.0390625
-31
-0.0605469
28
0.0546875
34
0.0664062
35
0.0683594
-14
-0.0273438
18
0.0351562
-9
-0.0175781
-3
-0.00585938
22
0.0429688
-8
-0.015625
2
0.00390625
-25
-0.0488281
-26
-0.0507812
13
0.0253906
28
0.0546875
-10
-0.0195312
0
0
-1
-0.00195312
28
0.0546875
-7
-0.0136719
53
0.103516
18
0.0351562
-40
-0.078125
11
0.0214844
15
0.0292969
5
0.00976562
0
0
-13
-0.0253906
4
0.0078125
-7
-0.0136719
-7
-0.0136719
5
0.00976562
-15
-0.0292969
15
0.0292969
4
0.0078125
-35
-0.0683594
20
0.0390625
-25
-0.0488281
22
0.0429688
-38
-0.0742188
3
0.00585938
27
0.0527344
22
0.0429688
-24
-0.046875
-32
-0.0625
26
0.0507812
12
0.0234375
-1
-0.00195312
1
0.00195312
-9
-0.0175781
-5
-0.00976562
-12
-0.0234375
2
0.00390625
27
0.0527344
62
0.121094
-14
-0.0273438
9
0.0175781
3
0.00585938
-7
-0.0136719
2
0.00390625
4
0.0078125
-7
-0.0136719
-3
-0.00585938
-13
-0.0253906
26
0.0507812
-6
-0.0117188
-1
-0.00195312
-10
-0.0195312
-25
-0.0488281
11
0.0214844
-14
-0.0273438
17
0.0332031
20
0.0390625
27
0.0527344
-3
-0.00585938
-35
-0.0683594
0
0
-16
-0.03125
18
0.0351562
-6
-0.0117188
12
0.0234375
21
0.0410156
11
0.0214844
20
0.0390625
-13
-0.0253906
-19
-0.0371094
-13
-0.0253906
-29
-0.0566406
-17
-0.0332031
-6
-0.0117188
-15
-0.0292969
17
0.0332031
0
0
-27
-0.0527344
27
0.0527344
-17
-0.0332031
-3
-0.00585938
15
0.0292969
34
0.0664062
-1
-0.00195312
23
0.0449219
-8
-0.015625
-1
-0.00195312
2
0.00390625
17
0.0332031
-18
-0.0351562
17
0.0332031
46
0.0898438
-5
-0.00976562
-4
-0.0078125
-10
-0.0195312
-29
-0.0566406
-7
-0.0136719
-6
-0.0117188
-50
-0.0976562
28
0.0546875
9
0.0175781
3
0.00585938
0
0
-19
-0.0371094
30
0.0585938
3
0.00585938
12
0.0234375
-15
-0.0292969
17
0.0332031
-19
-0.0371094
-2
-0.00390625
6
0.0117188
-21
-0.0410156
-17
-0.0332031
2
0.00390625
3
0.00585938
27
0.0527344
-17
-0.0332031
9
0.0175781
-18
-0.0351562
-32
-0.0625
-2
-0.00390625
11
0.0214844
-38
-0.0742188
21
0.0410156
-20
-0.0390625
-2
-0.00390625
4
0.0078125
-46
-0.0898438
-29
-0.0566406
-13
-0.0253906
10
0.0195312
1
0.00195312
11
0.0214844
-8
-0.015625
-7
-0.0136719
-29
-0.0566406
30
0.0585938
-14
-0.0273438
19
0.0371094
-12
-0.0234375
-4
-0.0078125
-11
-0.0214844
11
0.0214844
-10
-0.0195312
-12
-0.0234375
-9
-0.0175781
33
0.0644531
-31
-0.0605469
-22
-0.0429688
1
0.00195312
-27
-0.0527344
-14
-0.0273438
-4
-0.0078125
-56
-0.109375
6
0.0117188
-12
-0.0234375
-37
-0.0722656
3
0.00585938
-14
-0.0273438
-17
-0.0332031
-2
-0.00390625
24
0.046875
-1
-0.00195312
18
0.0351562
-12
-0.0234375
-18
-0.0351562
16
0.03125
-18
-0.0351562
55
0.107422
3
0.00585938
-13
-0.0253906
10
0.0195312
-3
-0.00585938
-8
-0.015625
18
0.0351562
8
0.015625
-14
-0.0273438
19
0.0371094
-9
-0.0175781
-17
-0.0332031
10
0.0195312
-6
-0.0117188
-1
-0.00195312
-5
-0.00976562
-16
-0.03125
-24
-0.046875
-18
-0.0351562
28
0.0546875
20
0.0390625
13
0.0253906
-18
-0.0351562
10
0.0195312
33
0.0644531
14
0.0273438
-3
-0.00585938
13
0.0253906
19
0.0371094
28
0.0546875
4
0.0078125
0
0
0
0
-7
-0.0136719
-11
-0.0214844
-8
-0.015625
-16
-0.03125
-5
-0.00976562
-11
-0.0214844
-21
-0.0410156
9
0.0175781
-1
-0.00195312
-20
-0.0390625
18
0.0351562
17
0.0332031
-35
-0.0683594
-10
-0.0195312
-11
-0.0214844
3
0.00585938
5
0.00976562
46
0.0898438
56
0.109375
-24
-0.046875
14
0.0273438
-40
-0.078125
-1
-0.00195312
8
0.015625
8
0.015625
-6
-0.0117188
-6
-0.0117188
9
0.0175781
6
0.0117188
8
0.015625
-4
-0.0078125
6
0.0117188
-27
-0.0527344
8
0.015625
-17
-0.0332031
-4
-0.0078125
23
0.0449219
-6
-0.0117188
2
0.00390625
-49
-0.0957031
22
0.0429688
-13
-0.0253906
8
0.015625
-5
-0.00976562
-23
-0.0449219
44
0.0859375
2
0.00390625
1
0.00195312
-17
-0.0332031
2
0.00390625
-14
-0.0273438
-1
-0.00195312
11
0.0214844
3
0.00585938
7
0.0136719
-10
-0.0195312
13
0.0253906
-2
-0.00390625
-12
-0.0234375
25
0.0488281
8
0.015625
25
0.0488281
6
0.0117188
12
0.0234375
13
0.0253906
10
0.0195312
-11
-0.0214844
14
0.0273438
11
0.0214844
-3
-0.00585938
3
0.00585938
-14
-0.0273438
3
0.00585938
-15
-0.0292969
28
0.0546875
3
0.00585938
34
0.0664062
22
0.0429688
-15
-0.0292969
-10
-0.0195312
-1
-0.00195312
3
0.00585938
-15
-0.0292969
-4
-0.0078125
18
0.0351562
12
0.0234375
16
0.03125
-4
-0.0078125
2
0.00390625
11
0.0214844
-9
-0.0175781
-8
-0.015625
5
0.00976562
10
0.0195312
30
0.0585938
-19
-0.0371094
23
0.0449219
-2
-0.00390625
-15
-0.0292969
27
0.0527344
4
0.0078125
12
0.0234375
4
0.0078125
-11
-0.0214844
-47
-0.0917969
3
0.00585938
23
0.0449219
-31
-0.0605469
9
0.0175781
23
0.0449219
48
0.09375
-13
-0.0253906
19
0.0371094
17
0.0332031
7
0.0136719
-39
-0.0761719
-2
-0.00390625
1
0.00195312
-23
-0.0449219
59
0.115234
25
0.0488281
0
0
15
0.0292969
-32
-0.0625
25
0.0488281
-15
-0.0292969
9
0.0175781
5
0.00976562
11
0.0214844
1
0.00195312
-29
-0.0566406
6
0.0117188
16
0.03125
31
0.0605469
-13
-0.0253906
-24
-0.046875
-6
-0.0117188
-2
-0.00390625
15
0.0292969
0
0
2
0.00390625
14
0.0273438
10
0.0195312
10
0.0195312
10
0.0195312
2
0.00390625
-26
-0.0507812
13
0.0253906
11
0.0214844
-13
-0.0253906
-20
-0.0390625
-40
-0.078125
26
0.0507812
-10
-0.0195312
-21
-0.0410156
-7
-0.0136719
7
0.0136719
4
0.0078125
18
0.0351562
17
0.0332031
-5
-0.00976562
14
0.0273438
-9
-0.0175781
8
0.015625
26
0.0507812
-25
-0.0488281
-7
-0.0136719
4
0.0078125
-15
-0.0292969
-20
-0.0390625
8
0.015625
6
0.0117188
13
0.0253906
-22
-0.0429688
18
0.0351562
-7
-0.0136719
-22
-0.0429688
-23
-0.0449219
-19
-0.0371094
0
0
26
0.0507812
25
0.0488281
20
0.0390625
0
0
-15
-0.0292969
-3
-0.00585938
-11
-0.0214844
4
0.0078125
9
0.0175781
-18
-0.0351562
-26
-0.0507812
-13
-0.0253906
-26
-0.0507812
4
0.0078125
-10
-0.0195312
-2
-0.00390625
33
0.0644531
0
0
10
0.0195312
42
0.0820312
-41
-0.0800781
-43
-0.0839844
-8
-0.015625
-23
-0.0449219
-20
-0.0390625
-11
-0.0214844
12
0.0234375
9
0.0175781
-31
-0.0605469
23
0.0449219
-10
-0.0195312
-1
-0.00195312
36
0.0703125
-9
-0.0175781
-25
-0.0488281
-2
-0.00390625
28
0.0546875
12
0.0234375
16
0.03125
-21
-0.0410156
25
0.0488281
-3
-0.00585938
-26
-0.0507812
25
0.0488281
0
0
19
0.0371094
11
0.0214844
-12
-0.0234375
4
0.0078125
10
0.0195312
-40
-0.078125
-11
-0.0214844
16
0.03125
-21
-0.0410156
-12
-0.0234375
25
0.0488281
-4
-0.0078125
18
0.0351562
-29
-0.0566406
7
0.0136719
37
0.0722656
37
0.0722656
0
0
-4
-0.0078125
5
0.00976562
-3
-0.00585938
-10
-0.0195312
66
0.128906
3
0.00585938
17
0.0332031
15
0.0292969
2
0.00390625
12
0.0234375
-12
-0.0234375
-14
-0.0273438
4
0.0078125
14
0.0273438
4
0.0078125
-10
-0.0195312
-17
-0.0332031
-42
-0.0820312
-37
-0.0722656
27
0.0527344
19
0.0371094
4
0.0078125
8
0.015625
-6
-0.0117188
4
0.0078125
-18
-0.0351562
1
0.00195312
31
0.0605469
7
0.0136719
7
0.0136719
0
0
30
0.0585938
0
0
21
0.0410156
10
0.0195312
-44
-0.0859375
-43
-0.0839844
-9
-0.0175781
35
0.0683594
2
0.00390625
