20
0.00976562
17
0.00830078
-11
-0.00537109
-37
-0.0180664
-36
-0.0175781
16
0.0078125
-43
-0.0209961
13
0.00634766
60
0.0292969
-37
-0.0180664
61
0.0297852
21
0.0102539
33
0.0161133
-2
-0.000976562
14
0.00683594
74
0.0361328
63
0.0307617
-10
-0.00488281
96
0.046875
23
0.0112305
39
0.019043
-3
-0.00146484
-17
-0.00830078
54
0.0263672
26
0.0126953
18
0.00878906
-29
-0.0141602
38
0.0185547
23
0.0112305
-4
-0.00195312
-22
-0.0107422
-41
-0.0200195
-14
-0.00683594
-59
-0.0288086
-84
-0.0410156
-76
-0.0371094
-29
-0.0141602
75
0.0366211
-107
-0.0522461
-51
-0.0249023
-88
-0.0429688
40
0.0195312
23
0.0112305
5
0.00244141
-10
-0.00488281
5
0.00244141
25
0.012207
12
0.00585938
2
0.000976562
-25
-0.012207
-31
-0.0151367
-19
-0.00927734
5
0.00244141
16
0.0078125
43
0.0209961
13
0.00634766
19
0.00927734
-10
-0.00488281
-1
-0.000488281
41
0.0200195
3
0.00146484
-9
-0.00439453
-52
-0.0253906
-26
-0.0126953
79
0.0385742
-93
-0.0454102
31
0.0151367
-35
-0.0170898
-15
-0.00732422
37
0.0180664
-90
-0.0439453
43
0.0209961
25
0.012207
-50
-0.0244141
-36
-0.0175781
25
0.012207
20
0.00976562
28
0.0136719
10
0.00488281
51
0.0249023
-41
-0.0200195
104
0.0507812
12
0.00585938
50
0.0244141
-28
-0.0136719
-4
-0.00195312
-25
-0.012207
29
0.0141602
41
0.0200195
-42
-0.0205078
7
0.00341797
27
0.0131836
28
0.0136719
51
0.0249023
-23
-0.0112305
36
0.0175781
-30
-0.0146484
-31
-0.0151367
-6
-0.00292969
-101
-0.0493164
27
0.0131836
-107
-0.0522461
36
0.0175781
6
0.00292969
-28
-0.0136719
-18
-0.00878906
7
0.00341797
11
0.00537109
0
0
-56
-0.0273438
-41
-0.0200195
-43
-0.0209961
-78
-0.0380859
59
0.0288086
65
0.0317383
-11
-0.00537109
18
0.00878906
-13
-0.00634766
17
0.00830078
-3
-0.00146484
12
0.00585938
-10
-0.00488281
64
0.03125
13
0.00634766
36
0.0175781
31
0.0151367
-38
-0.0185547
48
0.0234375
40
0.0195312
-63
-0.0307617
33
0.0161133
-38
-0.0185547
-66
-0.0322266
59
0.0288086
62
0.0302734
-40
-0.0195312
25
0.012207
30
0.0146484
-55
-0.0268555
10
0.00488281
14
0.00683594
-11
-0.00537109
-50
-0.0244141
7
0.00341797
8
0.00390625
41
0.0200195
82
0.0400391
-1
-0.000488281
38
0.0185547
-3
-0.00146484
1
0.000488281
-21
-0.0102539
-59
-0.0288086
52
0.0253906
-23
-0.0112305
-38
-0.0185547
19
0.00927734
36
0.0175781
-11
-0.00537109
-37
-0.0180664
-2
-0.000976562
-45
-0.0219727
-26
-0.0126953
-50
-0.0244141
33
0.0161133
-28
-0.0136719
69
0.0336914
-58
-0.0283203
51
0.0249023
49
0.0239258
68
0.0332031
43
0.0209961
3
0.00146484
-34
-0.0166016
27
0.0131836
-67
-0.0327148
25
0.012207
21
0.0102539
20
0.00976562
-15
-0.00732422
28
0.0136719
1
0.000488281
-22
-0.0107422
-22
-0.0107422
-18
-0.00878906
23
0.0112305
80
0.0390625
57
0.027832
10
0.00488281
34
0.0166016
-11
-0.00537109
-36
-0.0175781
-33
-0.0161133
-28
-0.0136719
9
0.00439453
-55
-0.0268555
17
0.00830078
-32
-0.015625
-36
-0.0175781
29
0.0141602
-83
-0.0405273
-39
-0.019043
-47
-0.0229492
48
0.0234375
69
0.0336914
-47
-0.0229492
-66
-0.0322266
-11
-0.00537109
-48
-0.0234375
-30
-0.0146484
78
0.0380859
9
0.00439453
-9
-0.00439453
8
0.00390625
84
0.0410156
3
0.00146484
-33
-0.0161133
21
0.0102539
-4
-0.00195312
-32
-0.015625
-29
-0.0141602
6
0.00292969
66
0.0322266
0
0
36
0.0175781
-57
-0.027832
-43
-0.0209961
-1
-0.000488281
-17
-0.00830078
28
0.0136719
28
0.0136719
34
0.0166016
11
0.00537109
-4
-0.00195312
72
0.0351562
33
0.0161133
50
0.0244141
-2
-0.000976562
32
0.015625
-35
-0.0170898
-82
-0.0400391
-31
-0.0151367
-10
-0.00488281
29
0.0141602
-33
-0.0161133
22
0.0107422
66
0.0322266
-6
-0.00292969
-8
-0.00390625
-43
-0.0209961
-45
-0.0219727
113
0.0551758
-4
-0.00195312
-2
-0.000976562
7
0.00341797
46
0.0224609
67
0.0327148
57
0.027832
-15
-0.00732422
-23
-0.0112305
74
0.0361328
0
0
-31
-0.0151367
-16
-0.0078125
16
0.0078125
63
0.0307617
2
0.000976562
-58
-0.0283203
26
0.0126953
40
0.0195312
-48
-0.0234375
-9
-0.00439453
-28
-0.0136719
-52
-0.0253906
-14
-0.00683594
64
0.03125
-42
-0.0205078
-1
-0.000488281
31
0.0151367
-26
-0.0126953
68
0.0332031
-24
-0.0117188
48
0.0234375
-12
-0.00585938
-9
-0.00439453
47
0.0229492
0
0
8
0.00390625
47
0.0229492
-19
-0.00927734
0
0
-68
-0.0332031
50
0.0244141
18
0.00878906
-28
-0.0136719
22
0.0107422
-143
-0.0698242
-55
-0.0268555
9
0.00439453
-25
-0.012207
19
0.00927734
61
0.0297852
-21
-0.0102539
20
0.00976562
27
0.0131836
-64
-0.03125
-14
-0.00683594
36
0.0175781
44
0.0214844
-60
-0.0292969
19
0.00927734
-9
-0.00439453
-78
-0.0380859
-40
-0.0195312
36
0.0175781
14
0.00683594
-52
-0.0253906
10
0.00488281
29
0.0141602
-46
-0.0224609
-19
-0.00927734
-2
-0.000976562
29
0.0141602
13
0.00634766
68
0.0332031
-23
-0.0112305
-28
-0.0136719
-59
-0.0288086
21
0.0102539
84
0.0410156
-31
-0.0151367
30
0.0146484
68
0.0332031
-8
-0.00390625
-32
-0.015625
24
0.0117188
-9
-0.00439453
21
0.0102539
-69
-0.0336914
51
0.0249023
14
0.00683594
-17
-0.00830078
-49
-0.0239258
-12
-0.00585938
2
0.000976562
-14
-0.00683594
-21
-0.0102539
31
0.0151367
26
0.0126953
47
0.0229492
40
0.0195312
-44
-0.0214844
-33
-0.0161133
94
0.0458984
24
0.0117188
68
0.0332031
18
0.00878906
-17
-0.00830078
8
0.00390625
45
0.0219727
-52
-0.0253906
25
0.012207
-25
-0.012207
9
0.00439453
18
0.00878906
64
0.03125
58
0.0283203
44
0.0214844
-27
-0.0131836
-8
-0.00390625
-63
-0.0307617
53
0.0258789
7
0.00341797
-56
-0.0273438
-100
-0.0488281
43
0.0209961
2
0.000976562
-60
-0.0292969
-29
-0.0141602
47
0.0229492
-83
-0.0405273
22
0.0107422
-63
-0.0307617
65
0.0317383
-34
-0.0166016
-14
-0.00683594
-4
-0.00195312
29
0.0141602
2
0.000976562
-13
-0.00634766
35
0.0170898
-26
-0.0126953
25
0.012207
56
0.0273438
-98
-0.0478516
47
0.0229492
9
0.00439453
6
0.00292969
52
0.0253906
-17
-0.00830078
-38
-0.0185547
-10
-0.00488281
5
0.00244141
-22
-0.0107422
-57
-0.027832
-18
-0.00878906
-18
-0.00878906
4
0.00195312
-35
-0.0170898
-56
-0.0273438
45
0.0219727
12
0.00585938
-28
-0.0136719
72
0.0351562
-1
-0.000488281
-3
-0.00146484
11
0.00537109
37
0.0180664
17
0.00830078
29
0.0141602
51
0.0249023
33
0.0161133
15
0.00732422
-25
-0.012207
-37
-0.0180664
-52
-0.0253906
3
0.00146484
-54
-0.0263672
73
0.0356445
7
0.00341797
-1
-0.000488281
-87
-0.0424805
-16
-0.0078125
-16
-0.0078125
-22
-0.0107422
-61
-0.0297852
8
0.00390625
-30
-0.0146484
33
0.0161133
37
0.0180664
-34
-0.0166016
16
0.0078125
34
0.0166016
-15
-0.00732422
-9
-0.00439453
44
0.0214844
74
0.0361328
6
0.00292969
-27
-0.0131836
-69
-0.0336914
-64
-0.03125
25
0.012207
46
0.0224609
-55
-0.0268555
-44
-0.0214844
42
0.0205078
-40
-0.0195312
-20
-0.00976562
-78
-0.0380859
10
0.00488281
22
0.0107422
30
0.0146484
-22
-0.0107422
63
0.0307617
40
0.0195312
-30
-0.0146484
2
0.000976562
23
0.0112305
-2
-0.000976562
-47
-0.0229492
6
0.00292969
-24
-0.0117188
15
0.00732422
-99
-0.0483398
5
0.00244141
15
0.00732422
53
0.0258789
22
0.0107422
14
0.00683594
6
0.00292969
22
0.0107422
64
0.03125
-39
-0.019043
27
0.0131836
86
0.0419922
-5
-0.00244141
-27
-0.0131836
14
0.00683594
45
0.0219727
-13
-0.00634766
-5
-0.00244141
28
0.0136719
20
0.00976562
38
0.0185547
8
0.00390625
-35
-0.0170898
47
0.0229492
43
0.0209961
-34
-0.0166016
54
0.0263672
-85
-0.0415039
38
0.0185547
-7
-0.00341797
87
0.0424805
4
0.00195312
-29
-0.0141602
74
0.0361328
12
0.00585938
9
0.00439453
-12
-0.00585938
-25
-0.012207
-44
-0.0214844
18
0.00878906
66
0.0322266
91
0.0444336
-13
-0.00634766
-46
-0.0224609
-50
-0.0244141
42
0.0205078
29
0.0141602
-21
-0.0102539
6
0.00292969
-19
-0.00927734
22
0.0107422
-4
-0.00195312
-39
-0.019043
-21
-0.0102539
-30
-0.0146484
10
0.00488281
35
0.0170898
-7
-0.00341797
-11
-0.00537109
-100
-0.0488281
21
0.0102539
7
0.00341797
-50
-0.0244141
29
0.0141602
-18
-0.00878906
44
0.0214844
-13
-0.00634766
-58
-0.0283203
-8
-0.00390625
-42
-0.0205078
47
0.0229492
62
0.0302734
11
0.00537109
12
0.00585938
-45
-0.0219727
-23
-0.0112305
-27
-0.0131836
63
0.0307617
-37
-0.0180664
-52
-0.0253906
50
0.0244141
42
0.0205078
17
0.00830078
-52
-0.0253906
15
0.00732422
88
0.0429688
52
0.0253906
-81
-0.0395508
-28
-0.0136719
16
0.0078125
-3
-0.00146484
18
0.00878906
28
0.0136719
-5
-0.00244141
-6
-0.00292969
52
0.0253906
-52
-0.0253906
-71
-0.034668
70
0.0341797
-8
-0.00390625
-22
-0.0107422
87
0.0424805
12
0.00585938
-11
-0.00537109
-2
-0.000976562
25
0.012207
6
0.00292969
5
0.00244141
59
0.0288086
-81
-0.0395508
-32
-0.015625
-82
-0.0400391
-52
-0.0253906
57
0.027832
-1
-0.000488281
29
0.0141602
-62
-0.0302734
-127
-0.0620117
-63
-0.0307617
-96
-0.046875
-32
-0.015625
73
0.0356445
-47
-0.0229492
29
0.0141602
-11
-0.00537109
-31
-0.0151367
78
0.0380859
12
0.00585938
-28
-0.0136719
78
0.0380859
-4
-0.00195312
40
0.0195312
-17
-0.00830078
38
0.0185547
-70
-0.0341797
-43
-0.0209961
19
0.00927734
29
0.0141602
-2
-0.000976562
2
0.000976562
9
0.00439453
52
0.0253906
35
0.0170898
52
0.0253906
25
0.012207
27
0.0131836
45
0.0219727
2
0.000976562
-26
-0.0126953
24
0.0117188
20
0.00976562
10
0.00488281
46
0.0224609
55
0.0268555
15
0.00732422
71
0.034668
33
0.0161133
9
0.00439453
3
0.00146484
-10
-0.00488281
20
0.00976562
-42
-0.0205078
-15
-0.00732422
42
0.0205078
-4
-0.00195312
13
0.00634766
-40
-0.0195312
11
0.00537109
-46
-0.0224609
13
0.00634766
14
0.00683594
-17
-0.00830078
-49
-0.0239258
93
0.0454102
56
0.0273438
-31
-0.0151367
-14
-0.00683594
-9
-0.00439453
20
0.00976562
37
0.0180664
40
0.0195312
5
0.00244141
31
0.0151367
47
0.0229492
1
0.000488281
-19
-0.00927734
4
0.00195312
-8
-0.00390625
24
0.0117188
-51
-0.0249023
-30
-0.0146484
15
0.00732422
62
0.0302734
-16
-0.0078125
48
0.0234375
-14
-0.00683594
-6
-0.00292969
-23
-0.0112305
-150
-0.0732422
20
0.00976562
65
0.0317383
114
0.0556641
-22
-0.0107422
-81
-0.0395508
40
0.0195312
-20
-0.00976562
12
0.00585938
-46
-0.0224609
-49
-0.0239258
37
0.0180664
91
0.0444336
16
0.0078125
-19
-0.00927734
33
0.0161133
26
0.0126953
60
0.0292969
29
0.0141602
40
0.0195312
15
0.00732422
16
0.0078125
-3
-0.00146484
50
0.0244141
32
0.015625
40
0.0195312
63
0.0307617
-14
-0.00683594
74
0.0361328
3
0.00146484
-53
-0.0258789
61
0.0297852
15
0.00732422
3
0.00146484
-18
-0.00878906
15
0.00732422
37
0.0180664
76
0.0371094
-48
-0.0234375
-3
-0.00146484
-8
-0.00390625
64
0.03125
-24
-0.0117188
-46
-0.0224609
9
0.00439453
-53
-0.0258789
20
0.00976562
2
0.000976562
17
0.00830078
50
0.0244141
11
0.00537109
-19
-0.00927734
-13
-0.00634766
25
0.012207
8
0.00390625
-7
-0.00341797
-4
-0.00195312
-92
-0.0449219
-7
-0.00341797
22
0.0107422
42
0.0205078
11
0.00537109
-21
-0.0102539
69
0.0336914
-2
-0.000976562
-39
-0.019043
22
0.0107422
17
0.00830078
9
0.00439453
-31
-0.0151367
-53
-0.0258789
105
0.0512695
34
0.0166016
-7
-0.00341797
20
0.00976562
69
0.0336914
-3
-0.00146484
7
0.00341797
-63
-0.0307617
1
0.000488281
-1
-0.000488281
-55
-0.0268555
66
0.0322266
-21
-0.0102539
-43
-0.0209961
-8
-0.00390625
-32
-0.015625
-44
-0.0214844
-50
-0.0244141
2
0.000976562
71
0.034668
-7
-0.00341797
-52
-0.0253906
19
0.00927734
-60
-0.0292969
32
0.015625
-29
-0.0141602
-24
-0.0117188
-103
-0.050293
79
0.0385742
-16
-0.0078125
-11
-0.00537109
26
0.0126953
9
0.00439453
31
0.0151367
-39
-0.019043
16
0.0078125
15
0.00732422
61
0.0297852
-4
-0.00195312
-39
-0.019043
-41
-0.0200195
-24
-0.0117188
21
0.0102539
10
0.00488281
14
0.00683594
-52
-0.0253906
-28
-0.0136719
-34
-0.0166016
70
0.0341797
8
0.00390625
4
0.00195312
8
0.00390625
-65
-0.0317383
3
0.00146484
71
0.034668
16
0.0078125
-43
-0.0209961
-7
-0.00341797
-38
-0.0185547
33
0.0161133
39
0.019043
15
0.00732422
-70
-0.0341797
-35
-0.0170898
19
0.00927734
-109
-0.0532227
-2
-0.000976562
29
0.0141602
5
0.00244141
0
0
44
0.0214844
-10
-0.00488281
1
0.000488281
1
0.000488281
49
0.0239258
19
0.00927734
66
0.0322266
3
0.00146484
-40
-0.0195312
-28
-0.0136719
-29
-0.0141602
-21
-0.0102539
16
0.0078125
21
0.0102539
-22
-0.0107422
87
0.0424805
98
0.0478516
34
0.0166016
15
0.00732422
-35
-0.0170898
-32
-0.015625
35
0.0170898
-9
-0.00439453
-2
-0.000976562
-16
-0.0078125
-31
-0.0151367
44
0.0214844
-1
-0.000488281
-30
-0.0146484
-8
-0.00390625
-40
-0.0195312
-52
-0.0253906
-56
-0.0273438
-48
-0.0234375
11
0.00537109
-26
-0.0126953
52
0.0253906
9
0.00439453
16
0.0078125
64
0.03125
-31
-0.0151367
-51
-0.0249023
-61
-0.0297852
31
0.0151367
-62
-0.0302734
-4
-0.00195312
-7
-0.00341797
72
0.0351562
3
0.00146484
7
0.00341797
34
0.0166016
21
0.0102539
-48
-0.0234375
-30
-0.0146484
59
0.0288086
7
0.00341797
26
0.0126953
14
0.00683594
55
0.0268555
-10
-0.00488281
-49
-0.0239258
-65
-0.0317383
51
0.0249023
58
0.0283203
-54
-0.0263672
53
0.0258789
-47
-0.0229492
36
0.0175781
-24
-0.0117188
-41
-0.0200195
26
0.0126953
6
0.00292969
-93
-0.0454102
-2
-0.000976562
-2
-0.000976562
-52
-0.0253906
-18
-0.00878906
65
0.0317383
20
0.00976562
23
0.0112305
-46
-0.0224609
-2
-0.000976562
-8
-0.00390625
-14
-0.00683594
70
0.0341797
21
0.0102539
-28
-0.0136719
-29
-0.0141602
-33
-0.0161133
-14
-0.00683594
-69
-0.0336914
-9
-0.00439453
37
0.0180664
-19
-0.00927734
0
0
19
0.00927734
-36
-0.0175781
-44
-0.0214844
-32
-0.015625
-24
-0.0117188
-53
-0.0258789
-37
-0.0180664
-4
-0.00195312
-10
-0.00488281
-16
-0.0078125
16
0.0078125
59
0.0288086
29
0.0141602
-57
-0.027832
-22
-0.0107422
58
0.0283203
17
0.00830078
-11
-0.00537109
-24
-0.0117188
15
0.00732422
-99
-0.0483398
35
0.0170898
24
0.0117188
40
0.0195312
38
0.0185547
15
0.00732422
-5
-0.00244141
-42
-0.0205078
-16
-0.0078125
97
0.0473633
-16
-0.0078125
-7
-0.00341797
-22
-0.0107422
44
0.0214844
119
0.0581055
-8
-0.00390625
101
0.0493164
-23
-0.0112305
-44
-0.0214844
20
0.00976562
35
0.0170898
48
0.0234375
-42
-0.0205078
39
0.019043
54
0.0263672
-10
-0.00488281
27
0.0131836
49
0.0239258
-48
-0.0234375
-36
-0.0175781
-23
-0.0112305
-42
-0.0205078
56
0.0273438
71
0.034668
-74
-0.0361328
-1
-0.000488281
-12
-0.00585938
-46
-0.0224609
17
0.00830078
12
0.00585938
-14
-0.00683594
4
0.00195312
6
0.00292969
21
0.0102539
-4
-0.00195312
-74
-0.0361328
-2
-0.000976562
76
0.0371094
23
0.0112305
-18
-0.00878906
-17
-0.00830078
-7
-0.00341797
-8
-0.00390625
-88
-0.0429688
20
0.00976562
21
0.0102539
-53
-0.0258789
-109
-0.0532227
16
0.0078125
103
0.050293
-3
-0.00146484
29
0.0141602
-18
-0.00878906
-22
-0.0107422
51
0.0249023
26
0.0126953
-27
-0.0131836
-62
-0.0302734
-30
-0.0146484
-50
-0.0244141
23
0.0112305
-19
-0.00927734
32
0.015625
26
0.0126953
30
0.0146484
-32
-0.015625
-68
-0.0332031
-11
-0.00537109
-20
-0.00976562
10
0.00488281
3
0.00146484
42
0.0205078
57
0.027832
86
0.0419922
-102
-0.0498047
-56
-0.0273438
-1
-0.000488281
94
0.0458984
24
0.0117188
-5
-0.00244141
-12
-0.00585938
-64
-0.03125
1
0.000488281
-18
-0.00878906
-10
-0.00488281
95
0.0463867
17
0.00830078
62
0.0302734
-1
-0.000488281
-118
-0.0576172
-29
-0.0141602
35
0.0170898
35
0.0170898
52
0.0253906
53
0.0258789
-12
-0.00585938
-20
-0.00976562
-3
-0.00146484
37
0.0180664
-33
-0.0161133
4
0.00195312
39
0.019043
3
0.00146484
-12
-0.00585938
64
0.03125
91
0.0444336
-43
-0.0209961
74
0.0361328
-29
-0.0141602
60
0.0292969
-32
-0.015625
-11
-0.00537109
-11
-0.00537109
-96
-0.046875
-8
-0.00390625
0
0
18
0.00878906
-8
-0.00390625
-10
-0.00488281
55
0.0268555
-6
-0.00292969
-8
-0.00390625
52
0.0253906
31
0.0151367
-4
-0.00195312
44
0.0214844
-47
-0.0229492
-14
-0.00683594
-49
-0.0239258
-31
-0.0151367
50
0.0244141
19
0.00927734
-50
-0.0244141
-61
-0.0297852
34
0.0166016
-7
-0.00341797
-70
-0.0341797
-34
-0.0166016
-54
-0.0263672
79
0.0385742
-41
-0.0200195
62
0.0302734
-12
-0.00585938
-6
-0.00292969
37
0.0180664
42
0.0205078
-29
-0.0141602
-30
-0.0146484
57
0.027832
-5
-0.00244141
-64
-0.03125
20
0.00976562
66
0.0322266
50
0.0244141
10
0.00488281
-61
-0.0297852
-18
-0.00878906
-16
-0.0078125
61
0.0297852
-37
-0.0180664
0
0
30
0.0146484
57
0.027832
-11
-0.00537109
60
0.0292969
33
0.0161133
7
0.00341797
55
0.0268555
-18
-0.00878906
54
0.0263672
22
0.0107422
-55
-0.0268555
65
0.0317383
-5
-0.00244141
4
0.00195312
-7
-0.00341797
-63
-0.0307617
72
0.0351562
26
0.0126953
-83
-0.0405273
43
0.0209961
49
0.0239258
-4
-0.00195312
-84
-0.0410156
22
0.0107422
-37
-0.0180664
55
0.0268555
38
0.0185547
69
0.0336914
-22
-0.0107422
-24
-0.0117188
-97
-0.0473633
5
0.00244141
-58
-0.0283203
-67
-0.0327148
-67
-0.0327148
-11
-0.00537109
2
0.000976562
8
0.00390625
-18
-0.00878906
5
0.00244141
-15
-0.00732422
-42
-0.0205078
-68
-0.0332031
-8
-0.00390625
111
0.0541992
-20
-0.00976562
-40
-0.0195312
18
0.00878906
59
0.0288086
48
0.0234375
-16
-0.0078125
57
0.027832
32
0.015625
80
0.0390625
-26
-0.0126953
-3
-0.00146484
29
0.0141602
-11
-0.00537109
-17
-0.00830078
-12
-0.00585938
51
0.0249023
24
0.0117188
1
0.000488281
-4
-0.00195312
21
0.0102539
31
0.0151367
36
0.0175781
29
0.0141602
-65
-0.0317383
-9
-0.00439453
15
0.00732422
47
0.0229492
-6
-0.00292969
6
0.00292969
-49
-0.0239258
64
0.03125
-46
-0.0224609
-55
-0.0268555
-10
-0.00488281
9
0.00439453
46
0.0224609
-65
-0.0317383
137
0.0668945
-9
-0.00439453
-42
-0.0205078
-34
-0.0166016
-13
-0.00634766
-75
-0.0366211
17
0.00830078
-17
-0.00830078
-41
-0.0200195
46
0.0224609
32
0.015625
33
0.0161133
25
0.012207
-21
-0.0102539
-5
-0.00244141
17
0.00830078
-36
-0.0175781
-30
-0.0146484
-51
-0.0249023
2
0.000976562
59
0.0288086
20
0.00976562
47
0.0229492
43
0.0209961
8
0.00390625
1
0.000488281
41
0.0200195
-22
-0.0107422
-33
-0.0161133
24
0.0117188
-14
-0.00683594
32
0.015625
-49
-0.0239258
-15
-0.00732422
91
0.0444336
-13
-0.00634766
-82
-0.0400391
-50
-0.0244141
12
0.00585938
26
0.0126953
-83
-0.0405273
-4
-0.00195312
63
0.0307617
54
0.0263672
-61
-0.0297852
36
0.0175781
6
0.00292969
34
0.0166016
9
0.00439453
-27
-0.0131836
-103
-0.050293
18
0.00878906
-30
-0.0146484
-10
-0.00488281
18
0.00878906
-1
-0.000488281
-57
-0.027832
26
0.0126953
23
0.0112305
51
0.0249023
25
0.012207
33
0.0161133
47
0.0229492
17
0.00830078
-7
-0.00341797
-8
-0.00390625
-8
-0.00390625
45
0.0219727
56
0.0273438
-1
-0.000488281
1
0.000488281
-11
-0.00537109
-38
-0.0185547
-7
-0.00341797
51
0.0249023
-12
-0.00585938
88
0.0429688
40
0.0195312
-47
-0.0229492
41
0.0200195
99
0.0483398
-32
-0.015625
-35
-0.0170898
-7
-0.00341797
-1
-0.000488281
39
0.019043
-64
-0.03125
28
0.0136719
-91
-0.0444336
-54
-0.0263672
19
0.00927734
-19
-0.00927734
-8
-0.00390625
-15
-0.00732422
1
0.000488281
31
0.0151367
-43
-0.0209961
66
0.0322266
23
0.0112305
18
0.00878906
56
0.0273438
20
0.00976562
-48
-0.0234375
19
0.00927734
-34
-0.0166016
25
0.012207
-40
-0.0195312
40
0.0195312
8
0.00390625
-30
-0.0146484
2
0.000976562
-3
-0.00146484
20
0.00976562
19
0.00927734
5
0.00244141
11
0.00537109
43
0.0209961
78
0.0380859
28
0.0136719
-46
-0.0224609
67
0.0327148
-28
-0.0136719
73
0.0356445
-9
-0.00439453
-19
-0.00927734
78
0.0380859
-24
-0.0117188
-8
-0.00390625
-56
-0.0273438
21
0.0102539
67
0.0327148
14
0.00683594
53
0.0258789
-20
-0.00976562
67
0.0327148
52
0.0253906
37
0.0180664
41
0.0200195
-7
-0.00341797
29
0.0141602
-112
-0.0546875
-18
-0.00878906
-40
-0.0195312
74
0.0361328
17
0.00830078
-19
-0.00927734
-77
-0.0375977
-7
-0.00341797
17
0.00830078
-20
-0.00976562
-22
-0.0107422
44
0.0214844
-54
-0.0263672
-30
-0.0146484
-13
-0.00634766
14
0.00683594
8
0.00390625
35
0.0170898
172
0.0839844
-52
-0.0253906
-9
-0.00439453
2
0.000976562
-66
-0.0322266
-6
-0.00292969
-13
-0.00634766
-7
-0.00341797
-90
-0.0439453
91
0.0444336
-7
-0.00341797
-26
-0.0126953
-61
-0.0297852
-18
-0.00878906
14
0.00683594
62
0.0302734
29
0.0141602
-28
-0.0136719
14
0.00683594
-23
-0.0112305
-22
-0.0107422
45
0.0219727
24
0.0117188
-24
-0.0117188
-35
-0.0170898
18
0.00878906
41
0.0200195
-17
-0.00830078
-13
-0.00634766
44
0.0214844
27
0.0131836
1
0.000488281
-20
-0.00976562
18
0.00878906
-4
-0.00195312
-5
-0.00244141
4
0.00195312
61
0.0297852
43
0.0209961
1
0.000488281
-78
-0.0380859
49
0.0239258
95
0.0463867
-14
-0.00683594
43
0.0209961
37
0.0180664
-80
-0.0390625
66
0.0322266
62
0.0302734
-22
-0.0107422
27
0.0131836
-13
-0.00634766
62
0.0302734
13
0.00634766
85
0.0415039
-26
-0.0126953
39
0.019043
29
0.0141602
-28
-0.0136719
43
0.0209961
8
0.00390625
14
0.00683594
-48
-0.0234375
14
0.00683594
7
0.00341797
20
0.00976562
54
0.0263672
54
0.0263672
33
0.0161133
44
0.0214844
88
0.0429688
-57
-0.027832
14
0.00683594
48
0.0234375
-43
-0.0209961
29
0.0141602
42
0.0205078
8
0.00390625
-24
-0.0117188
53
0.0258789
-40
-0.0195312
77
0.0375977
81
0.0395508
41
0.0200195
24
0.0117188
45
0.0219727
-1
-0.000488281
16
0.0078125
-14
-0.00683594
48
0.0234375
-30
-0.0146484
-70
-0.0341797
-77
-0.0375977
-7
-0.00341797
-34
-0.0166016
-23
-0.0112305
-60
-0.0292969
-12
-0.00585938
-98
-0.0478516
13
0.00634766
-39
-0.019043
-25
-0.012207
9
0.00439453
36
0.0175781
-111
-0.0541992
70
0.0341797
-43
-0.0209961
-76
-0.0371094
22
0.0107422
-9
-0.00439453
11
0.00537109
-12
-0.00585938
-121
-0.059082
32
0.015625
23
0.0112305
3
0.00146484
-36
-0.0175781
-20
-0.00976562
68
0.0332031
23
0.0112305
-27
-0.0131836
112
0.0546875
8
0.00390625
-56
-0.0273438
36
0.0175781
1
0.000488281
58
0.0283203
-28
-0.0136719
-11
-0.00537109
-15
-0.00732422
10
0.00488281
29
0.0141602
-14
-0.00683594
-35
-0.0170898
-68
-0.0332031
-14
-0.00683594
-31
-0.0151367
-13
-0.00634766
-68
-0.0332031
-13
-0.00634766
48
0.0234375
14
0.00683594
93
0.0454102
-19
-0.00927734
-2
-0.000976562
-75
-0.0366211
2
0.000976562
86
0.0419922
28
0.0136719
27
0.0131836
-38
-0.0185547
38
0.0185547
9
0.00439453
8
0.00390625
-1
-0.000488281
51
0.0249023
68
0.0332031
7
0.00341797
10
0.00488281
35
0.0170898
-27
-0.0131836
32
0.015625
8
0.00390625
50
0.0244141
6
0.00292969
42
0.0205078
-51
-0.0249023
56
0.0273438
55
0.0268555
14
0.00683594
-55
-0.0268555
-41
-0.0200195
-77
-0.0375977
-44
-0.0214844
13
0.00634766
1
0.000488281
-39
-0.019043
-28
-0.0136719
-13
-0.00634766
-34
-0.0166016
-49
-0.0239258
-13
-0.00634766
-5
-0.00244141
3
0.00146484
49
0.0239258
-52
-0.0253906
-90
-0.0439453
22
0.0107422
0
0
-9
-0.00439453
-60
-0.0292969
-50
-0.0244141
50
0.0244141
32
0.015625
-46
-0.0224609
-19
-0.00927734
-18
-0.00878906
-9
-0.00439453
-62
-0.0302734
-10
-0.00488281
26
0.0126953
21
0.0102539
-12
-0.00585938
40
0.0195312
32
0.015625
45
0.0219727
30
0.0146484
22
0.0107422
-68
-0.0332031
-60
-0.0292969
33
0.0161133
14
0.00683594
58
0.0283203
-15
-0.00732422
0
0
-73
-0.0356445
44
0.0214844
26
0.0126953
26
0.0126953
-34
-0.0166016
-33
-0.0161133
36
0.0175781
26
0.0126953
8
0.00390625
-56
-0.0273438
-39
-0.019043
16
0.0078125
-37
-0.0180664
26
0.0126953
79
0.0385742
-6
-0.00292969
-7
-0.00341797
13
0.00634766
4
0.00195312
15
0.00732422
-48
-0.0234375
-11
-0.00537109
34
0.0166016
50
0.0244141
-49
-0.0239258
3
0.00146484
20
0.00976562
49
0.0239258
-13
-0.00634766
-72
-0.0351562
71
0.034668
-38
-0.0185547
37
0.0180664
-42
-0.0205078
-35
-0.0170898
23
0.0112305
2
0.000976562
-1
-0.000488281
-15
-0.00732422
30
0.0146484
16
0.0078125
-59
-0.0288086
29
0.0141602
9
0.00439453
56
0.0273438
21
0.0102539
-52
-0.0253906
-55
-0.0268555
-25
-0.012207
-68
-0.0332031
16
0.0078125
8
0.00390625
18
0.00878906
52
0.0253906
-8
-0.00390625
-62
-0.0302734
-45
-0.0219727
2
0.000976562
34
0.0166016
47
0.0229492
-33
-0.0161133
-23
-0.0112305
-48
-0.0234375
-33
-0.0161133
35
0.0170898
110
0.0537109
9
0.00439453
-10
-0.00488281
-33
-0.0161133
28
0.0136719
-40
-0.0195312
60
0.0292969
5
0.00244141
-39
-0.019043
-89
-0.043457
15
0.00732422
63
0.0307617
56
0.0273438
1
0.000488281
-25
-0.012207
-8
-0.00390625
-14
-0.00683594
9
0.00439453
-7
-0.00341797
72
0.0351562
3
0.00146484
28
0.0136719
69
0.0336914
22
0.0107422
-10
-0.00488281
-24
-0.0117188
-30
-0.0146484
-11
-0.00537109
21
0.0102539
38
0.0185547
-8
-0.00390625
-47
-0.0229492
47
0.0229492
77
0.0375977
12
0.00585938
16
0.0078125
-24
-0.0117188
34
0.0166016
-42
-0.0205078
3
0.00146484
-9
-0.00439453
-22
-0.0107422
3
0.00146484
1
0.000488281
29
0.0141602
-13
-0.00634766
-25
-0.012207
6
0.00292969
74
0.0361328
51
0.0249023
-8
-0.00390625
-120
-0.0585938
-33
-0.0161133
-5
-0.00244141
-17
-0.00830078
2
0.000976562
63
0.0307617
-15
-0.00732422
-117
-0.0571289
-21
-0.0102539
-3
-0.00146484
10
0.00488281
24
0.0117188
4
0.00195312
-76
-0.0371094
-46
-0.0224609
12
0.00585938
27
0.0131836
-35
-0.0170898
49
0.0239258
-12
-0.00585938
25
0.012207
-33
-0.0161133
75
0.0366211
56
0.0273438
23
0.0112305
-58
-0.0283203
-72
-0.0351562
76
0.0371094
7
0.00341797
-23
-0.0112305
13
0.00634766
-26
-0.0126953
-25
-0.012207
-14
-0.00683594
26
0.0126953
45
0.0219727
14
0.00683594
-48
-0.0234375
15
0.00732422
-9
-0.00439453
1
0.000488281
-15
-0.00732422
-15
-0.00732422
48
0.0234375
52
0.0253906
53
0.0258789
-45
-0.0219727
65
0.0317383
46
0.0224609
-63
-0.0307617
7
0.00341797
-45
-0.0219727
80
0.0390625
-37
-0.0180664
42
0.0205078
-48
-0.0234375
-4
-0.00195312
60
0.0292969
-77
-0.0375977
-63
-0.0307617
37
0.0180664
14
0.00683594
-8
-0.00390625
3
0.00146484
-71
-0.034668
7
0.00341797
-43
-0.0209961
-46
-0.0224609
-36
-0.0175781
1
0.000488281
53
0.0258789
-28
-0.0136719
-103
-0.050293
2
0.000976562
-13
-0.00634766
-42
-0.0205078
-9
-0.00439453
35
0.0170898
35
0.0170898
51
0.0249023
37
0.0180664
-85
-0.0415039
16
0.0078125
-30
-0.0146484
15
0.00732422
24
0.0117188
37
0.0180664
93
0.0454102
11
0.00537109
-27
-0.0131836
-21
-0.0102539
-48
-0.0234375
-44
-0.0214844
-31
-0.0151367
-55
-0.0268555
19
0.00927734
61
0.0297852
43
0.0209961
-2
-0.000976562
69
0.0336914
-37
-0.0180664
-55
-0.0268555
9
0.00439453
-37
-0.0180664
-27
-0.0131836
22
0.0107422
48
0.0234375
76
0.0371094
-28
-0.0136719
26
0.0126953
-1
-0.000488281
58
0.0283203
25
0.012207
16
0.0078125
34
0.0166016
11
0.00537109
-18
-0.00878906
-88
-0.0429688
22
0.0107422
-24
-0.0117188
-55
-0.0268555
-1
-0.000488281
51
0.0249023
44
0.0214844
-27
-0.0131836
109
0.0532227
32
0.015625
10
0.00488281
-98
-0.0478516
19
0.00927734
11
0.00537109
98
0.0478516
-42
-0.0205078
27
0.0131836
41
0.0200195
-45
-0.0219727
-6
-0.00292969
-9
-0.00439453
-44
-0.0214844
-5
-0.00244141
-54
-0.0263672
-12
-0.00585938
-34
-0.0166016
-78
-0.0380859
8
0.00390625
-4
-0.00195312
-54
-0.0263672
28
0.0136719
-56
-0.0273438
47
0.0229492
-19
-0.00927734
58
0.0283203
-21
-0.0102539
-25
-0.012207
74
0.0361328
-47
-0.0229492
1
0.000488281
52
0.0253906
17
0.00830078
104
0.0507812
47
0.0229492
-44
-0.0214844
-63
-0.0307617
29
0.0141602
23
0.0112305
18
0.00878906
-38
-0.0185547
-15
-0.00732422
-40
-0.0195312
61
0.0297852
-33
-0.0161133
-78
-0.0380859
-22
-0.0107422
9
0.00439453
62
0.0302734
-82
-0.0400391
46
0.0224609
109
0.0532227
-55
-0.0268555
-40
-0.0195312
-9
-0.00439453
-34
-0.0166016
-27
-0.0131836
-79
-0.0385742
-25
-0.012207
21
0.0102539
-72
-0.0351562
13
0.00634766
15
0.00732422
-23
-0.0112305
-42
-0.0205078
30
0.0146484
-47
-0.0229492
80
0.0390625
5
0.00244141
-70
-0.0341797
-19
-0.00927734
0
0
-19
-0.00927734
-12
-0.00585938
57
0.027832
-37
-0.0180664
-40
-0.0195312
1
0.000488281
-51
-0.0249023
-29
-0.0141602
6
0.00292969
65
0.0317383
-9
-0.00439453
-2
-0.000976562
-18
-0.00878906
-40
-0.0195312
23
0.0112305
3
0.00146484
20
0.00976562
65
0.0317383
-46
-0.0224609
-120
-0.0585938
18
0.00878906
-51
-0.0249023
90
0.0439453
26
0.0126953
12
0.00585938
16
0.0078125
-41
-0.0200195
-21
-0.0102539
-35
-0.0170898
37
0.0180664
16
0.0078125
41
0.0200195
-95
-0.0463867
12
0.00585938
43
0.0209961
75
0.0366211
32
0.015625
-65
-0.0317383
10
0.00488281
16
0.0078125
39
0.019043
-9
-0.00439453
-54
-0.0263672
77
0.0375977
8
0.00390625
33
0.0161133
-20
-0.00976562
54
0.0263672
7
0.00341797
47
0.0229492
10
0.00488281
11
0.00537109
6
0.00292969
77
0.0375977
1
0.000488281
29
0.0141602
-7
-0.00341797
-5
-0.00244141
-16
-0.0078125
-32
-0.015625
27
0.0131836
10
0.00488281
-14
-0.00683594
-13
-0.00634766
-15
-0.00732422
-60
-0.0292969
29
0.0141602
-101
-0.0493164
-24
-0.0117188
-19
-0.00927734
-19
-0.00927734
20
0.00976562
-16
-0.0078125
-2
-0.000976562
-50
-0.0244141
31
0.0151367
49
0.0239258
-26
-0.0126953
-38
-0.0185547
-77
-0.0375977
-70
-0.0341797
57
0.027832
-93
-0.0454102
30
0.0146484
7
0.00341797
49
0.0239258
21
0.0102539
-14
-0.00683594
-87
-0.0424805
20
0.00976562
-26
-0.0126953
54
0.0263672
-16
-0.0078125
-105
-0.0512695
-47
-0.0229492
14
0.00683594
-21
-0.0102539
-13
-0.00634766
-19
-0.00927734
43
0.0209961
-94
-0.0458984
47
0.0229492
64
0.03125
-126
-0.0615234
33
0.0161133
-34
-0.0166016
-39
-0.019043
-2
-0.000976562
-60
-0.0292969
68
0.0332031
-21
-0.0102539
-21
-0.0102539
8
0.00390625
50
0.0244141
-11
-0.00537109
59
0.0288086
42
0.0205078
-9
-0.00439453
40
0.0195312
20
0.00976562
40
0.0195312
66
0.0322266
16
0.0078125
41
0.0200195
-11
-0.00537109
52
0.0253906
-27
-0.0131836
72
0.0351562
-67
-0.0327148
9
0.00439453
44
0.0214844
21
0.0102539
28
0.0136719
43
0.0209961
-31
-0.0151367
12
0.00585938
57
0.027832
-33
-0.0161133
-17
-0.00830078
28
0.0136719
-3
-0.00146484
16
0.0078125
33
0.0161133
18
0.00878906
-14
-0.00683594
22
0.0107422
-17
-0.00830078
20
0.00976562
25
0.012207
20
0.00976562
-8
-0.00390625
-9
-0.00439453
-35
-0.0170898
25
0.012207
78
0.0380859
17
0.00830078
31
0.0151367
-48
-0.0234375
37
0.0180664
-80
-0.0390625
9
0.00439453
22
0.0107422
-14
-0.00683594
72
0.0351562
17
0.00830078
-71
-0.034668
-27
-0.0131836
-28
-0.0136719
0
0
-74
-0.0361328
23
0.0112305
-43
-0.0209961
27
0.0131836
-100
-0.0488281
-37
-0.0180664
-17
-0.00830078
22
0.0107422
35
0.0170898
-7
-0.00341797
2
0.000976562
5
0.00244141
-50
-0.0244141
-12
-0.00585938
33
0.0161133
99
0.0483398
46
0.0224609
3
0.00146484
-7
-0.00341797
29
0.0141602
17
0.00830078
27
0.0131836
-37
-0.0180664
-8
-0.00390625
20
0.00976562
-39
-0.019043
12
0.00585938
11
0.00537109
42
0.0205078
-49
-0.0239258
103
0.050293
-26
-0.0126953
-98
-0.0478516
-28
-0.0136719
76
0.0371094
25
0.012207
-28
-0.0136719
39
0.019043
30
0.0146484
34
0.0166016
-104
-0.0507812
-10
-0.00488281
38
0.0185547
26
0.0126953
39
0.019043
-6
-0.00292969
43
0.0209961
-34
-0.0166016
-30
-0.0146484
14
0.00683594
20
0.00976562
-43
-0.0209961
60
0.0292969
-45
-0.0219727
-75
-0.0366211
-1
-0.000488281
-64
-0.03125
-81
-0.0395508
74
0.0361328
24
0.0117188
52
0.0253906
22
0.0107422
-28
-0.0136719
-62
-0.0302734
-17
-0.00830078
-37
-0.0180664
35
0.0170898
-48
-0.0234375
20
0.00976562
7
0.00341797
11
0.00537109
25
0.012207
32
0.015625
14
0.00683594
-88
-0.0429688
-36
-0.0175781
30
0.0146484
24
0.0117188
-4
-0.00195312
14
0.00683594
12
0.00585938
19
0.00927734
3
0.00146484
-49
-0.0239258
48
0.0234375
-12
-0.00585938
-17
-0.00830078
-73
-0.0356445
-11
-0.00537109
46
0.0224609
24
0.0117188
101
0.0493164
-4
-0.00195312
22
0.0107422
-47
-0.0229492
18
0.00878906
27
0.0131836
-7
-0.00341797
-4
-0.00195312
-2
-0.000976562
37
0.0180664
-56
-0.0273438
-41
-0.0200195
-25
-0.012207
-30
-0.0146484
-13
-0.00634766
-27
-0.0131836
-9
-0.00439453
-33
-0.0161133
-19
-0.00927734
-66
-0.0322266
-3
-0.00146484
-93
-0.0454102
46
0.0224609
4
0.00195312
-11
-0.00537109
17
0.00830078
8
0.00390625
27
0.0131836
2
0.000976562
-14
-0.00683594
-9
-0.00439453
-13
-0.00634766
22
0.0107422
-32
-0.015625
70
0.0341797
22
0.0107422
48
0.0234375
46
0.0224609
26
0.0126953
39
0.019043
43
0.0209961
-17
-0.00830078
-36
-0.0175781
78
0.0380859
31
0.0151367
-20
-0.00976562
-8
-0.00390625
5
0.00244141
21
0.0102539
-56
-0.0273438
30
0.0146484
-11
-0.00537109
-27
-0.0131836
-3
-0.00146484
-65
-0.0317383
56
0.0273438
25
0.012207
21
0.0102539
127
0.0620117
23
0.0112305
10
0.00488281
61
0.0297852
-23
-0.0112305
25
0.012207
36
0.0175781
31
0.0151367
12
0.00585938
-13
-0.00634766
-39
-0.019043
-13
-0.00634766
-14
-0.00683594
-75
-0.0366211
-7
-0.00341797
-29
-0.0141602
8
0.00390625
0
0
-5
-0.00244141
-100
-0.0488281
-7
-0.00341797
-26
-0.0126953
-13
-0.00634766
1
0.000488281
-25
-0.012207
-32
-0.015625
47
0.0229492
-27
-0.0131836
1
0.000488281
11
0.00537109
40
0.0195312
9
0.00439453
26
0.0126953
9
0.00439453
-8
-0.00390625
18
0.00878906
17
0.00830078
10
0.00488281
37
0.0180664
-33
-0.0161133
10
0.00488281
26
0.0126953
-29
-0.0141602
49
0.0239258
-70
-0.0341797
-38
-0.0185547
21
0.0102539
113
0.0551758
23
0.0112305
6
0.00292969
36
0.0175781
-4
-0.00195312
-23
-0.0112305
-42
-0.0205078
1
0.000488281
-42
-0.0205078
-23
-0.0112305
-3
-0.00146484
-16
-0.0078125
52
0.0253906
-48
-0.0234375
9
0.00439453
101
0.0493164
26
0.0126953
17
0.00830078
45
0.0219727
-22
-0.0107422
-53
-0.0258789
13
0.00634766
2
0.000976562
13
0.00634766
-28
-0.0136719
8
0.00390625
-22
-0.0107422
-58
-0.0283203
-1
-0.000488281
81
0.0395508
17
0.00830078
75
0.0366211
50
0.0244141
-21
-0.0102539
-34
-0.0166016
23
0.0112305
24
0.0117188
9
0.00439453
-5
-0.00244141
8
0.00390625
14
0.00683594
63
0.0307617
16
0.0078125
59
0.0288086
19
0.00927734
-38
-0.0185547
16
0.0078125
13
0.00634766
81
0.0395508
1
0.000488281
22
0.0107422
28
0.0136719
43
0.0209961
9
0.00439453
35
0.0170898
51
0.0249023
-14
-0.00683594
80
0.0390625
85
0.0415039
-59
-0.0288086
-75
-0.0366211
-22
-0.0107422
32
0.015625
-55
-0.0268555
-17
-0.00830078
-19
-0.00927734
19
0.00927734
36
0.0175781
-76
-0.0371094
1
0.000488281
-74
-0.0361328
-20
-0.00976562
37
0.0180664
34
0.0166016
0
0
-26
-0.0126953
-17
-0.00830078
-3
-0.00146484
-23
-0.0112305
-33
-0.0161133
-50
-0.0244141
-21
-0.0102539
31
0.0151367
47
0.0229492
-68
-0.0332031
1
0.000488281
26
0.0126953
13
0.00634766
-3
-0.00146484
17
0.00830078
-16
-0.0078125
-55
-0.0268555
-45
-0.0219727
-4
-0.00195312
-81
-0.0395508
-19
-0.00927734
13
0.00634766
75
0.0366211
-36
-0.0175781
31
0.0151367
-1
-0.000488281
4
0.00195312
20
0.00976562
-3
-0.00146484
65
0.0317383
-17
-0.00830078
-11
-0.00537109
24
0.0117188
-84
-0.0410156
-33
-0.0161133
-80
-0.0390625
18
0.00878906
15
0.00732422
40
0.0195312
58
0.0283203
6
0.00292969
-135
-0.065918
38
0.0185547
-42
-0.0205078
-29
-0.0141602
30
0.0146484
61
0.0297852
-115
-0.0561523
21
0.0102539
11
0.00537109
-18
-0.00878906
-64
-0.03125
29
0.0141602
26
0.0126953
-1
-0.000488281
-25
-0.012207
-17
-0.00830078
14
0.00683594
-4
-0.00195312
-18
-0.00878906
-62
-0.0302734
-8
-0.00390625
4
0.00195312
-38
-0.0185547
-35
-0.0170898
78
0.0380859
-62
-0.0302734
-75
-0.0366211
10
0.00488281
-11
-0.00537109
-31
-0.0151367
-85
-0.0415039
-21
-0.0102539
42
0.0205078
-65
-0.0317383
0
0
45
0.0219727
-19
-0.00927734
81
0.0395508
-30
-0.0146484
33
0.0161133
38
0.0185547
39
0.019043
-17
-0.00830078
15
0.00732422
-20
-0.00976562
50
0.0244141
-45
-0.0219727
58
0.0283203
-25
-0.012207
66
0.0322266
29
0.0141602
51
0.0249023
-102
-0.0498047
38
0.0185547
20
0.00976562
4
0.00195312
-70
-0.0341797
103
0.050293
-36
-0.0175781
20
0.00976562
-15
-0.00732422
-43
-0.0209961
9
0.00439453
8
0.00390625
33
0.0161133
-52
-0.0253906
-32
-0.015625
4
0.00195312
35
0.0170898
62
0.0302734
-80
-0.0390625
-10
-0.00488281
3
0.00146484
-13
-0.00634766
-20
-0.00976562
13
0.00634766
-59
-0.0288086
-46
-0.0224609
56
0.0273438
27
0.0131836
45
0.0219727
-10
-0.00488281
0
0
46
0.0224609
-18
-0.00878906
9
0.00439453
-7
-0.00341797
28
0.0136719
-53
-0.0258789
63
0.0307617
27
0.0131836
8
0.00390625
-69
-0.0336914
32
0.015625
54
0.0263672
63
0.0307617
29
0.0141602
-1
-0.000488281
45
0.0219727
54
0.0263672
-91
-0.0444336
5
0.00244141
-8
-0.00390625
-2
-0.000976562
73
0.0356445
-7
-0.00341797
-70
-0.0341797
-1
-0.000488281
49
0.0239258
-19
-0.00927734
-21
-0.0102539
5
0.00244141
41
0.0200195
42
0.0205078
-69
-0.0336914
10
0.00488281
-35
-0.0170898
-21
-0.0102539
26
0.0126953
-33
-0.0161133
-48
-0.0234375
-66
-0.0322266
42
0.0205078
-32
-0.015625
86
0.0419922
21
0.0102539
-54
-0.0263672
-32
-0.015625
-10
-0.00488281
-22
-0.0107422
-49
-0.0239258
-62
-0.0302734
53
0.0258789
23
0.0112305
-6
-0.00292969
-38
-0.0185547
-25
-0.012207
-25
-0.012207
56
0.0273438
24
0.0117188
18
0.00878906
-38
-0.0185547
-7
-0.00341797
-31
-0.0151367
-54
-0.0263672
-47
-0.0229492
39
0.019043
-37
-0.0180664
47
0.0229492
-58
-0.0283203
4
0.00195312
-20
-0.00976562
16
0.0078125
-57
-0.027832
-15
-0.00732422
27
0.0131836
18
0.00878906
21
0.0102539
15
0.00732422
39
0.019043
3
0.00146484
-24
-0.0117188
49
0.0239258
80
0.0390625
-13
-0.00634766
1
0.000488281
0
0
-37
-0.0180664
-36
-0.0175781
-67
-0.0327148
44
0.0214844
-30
-0.0146484
-46
-0.0224609
14
0.00683594
50
0.0244141
9
0.00439453
-15
-0.00732422
12
0.00585938
67
0.0327148
-3
-0.00146484
62
0.0302734
0
0
-5
-0.00244141
41
0.0200195
-54
-0.0263672
-19
-0.00927734
-14
-0.00683594
-27
-0.0131836
57
0.027832
-5
-0.00244141
-53
-0.0258789
-12
-0.00585938
79
0.0385742
-10
-0.00488281
15
0.00732422
34
0.0166016
16
0.0078125
-41
-0.0200195
1
0.000488281
-15
-0.00732422
-21
-0.0102539
-1
-0.000488281
-74
-0.0361328
-60
-0.0292969
79
0.0385742
-1
-0.000488281
-31
-0.0151367
-37
-0.0180664
36
0.0175781
25
0.012207
-40
-0.0195312
2
0.000976562
116
0.0566406
4
0.00195312
8
0.00390625
55
0.0268555
87
0.0424805
63
0.0307617
75
0.0366211
-46
-0.0224609
49
0.0239258
-31
-0.0151367
4
0.00195312
27
0.0131836
-23
-0.0112305
22
0.0107422
22
0.0107422
41
0.0200195
74
0.0361328
89
0.043457
5
0.00244141
-8
-0.00390625
-27
-0.0131836
-9
-0.00439453
-8
-0.00390625
-50
-0.0244141
-19
-0.00927734
64
0.03125
-10
-0.00488281
-12
-0.00585938
28
0.0136719
17
0.00830078
44
0.0214844
23
0.0112305
-8
-0.00390625
34
0.0166016
-90
-0.0439453
-76
-0.0371094
66
0.0322266
20
0.00976562
13
0.00634766
24
0.0117188
11
0.00537109
29
0.0141602
-19
-0.00927734
24
0.0117188
-6
-0.00292969
5
0.00244141
-94
-0.0458984
-2
-0.000976562
30
0.0146484
-15
-0.00732422
-68
-0.0332031
-16
-0.0078125
36
0.0175781
-35
-0.0170898
71
0.034668
-15
-0.00732422
-32
-0.015625
14
0.00683594
-39
-0.019043
86
0.0419922
-30
-0.0146484
-18
-0.00878906
13
0.00634766
52
0.0253906
23
0.0112305
55
0.0268555
22
0.0107422
4
0.00195312
2
0.000976562
34
0.0166016
18
0.00878906
-27
-0.0131836
66
0.0322266
68
0.0332031
17
0.00830078
40
0.0195312
38
0.0185547
-2
-0.000976562
-1
-0.000488281
-87
-0.0424805
15
0.00732422
-1
-0.000488281
-41
-0.0200195
15
0.00732422
-28
-0.0136719
1
0.000488281
-12
-0.00585938
-58
-0.0283203
1
0.000488281
-18
-0.00878906
-54
-0.0263672
-14
-0.00683594
19
0.00927734
15
0.00732422
64
0.03125
-17
-0.00830078
-33
-0.0161133
26
0.0126953
-21
-0.0102539
59
0.0288086
35
0.0170898
-19
-0.00927734
-80
-0.0390625
39
0.019043
91
0.0444336
19
0.00927734
35
0.0170898
6
0.00292969
31
0.0151367
41
0.0200195
-53
-0.0258789
75
0.0366211
-23
-0.0112305
67
0.0327148
78
0.0380859
-24
-0.0117188
95
0.0463867
13
0.00634766
79
0.0385742
12
0.00585938
-30
-0.0146484
-37
-0.0180664
-39
-0.019043
8
0.00390625
-24
-0.0117188
-52
-0.0253906
29
0.0141602
14
0.00683594
-7
-0.00341797
-1
-0.000488281
26
0.0126953
-10
-0.00488281
28
0.0136719
66
0.0322266
18
0.00878906
10
0.00488281
60
0.0292969
8
0.00390625
9
0.00439453
4
0.00195312
12
0.00585938
95
0.0463867
-34
-0.0166016
41
0.0200195
-27
-0.0131836
-37
-0.0180664
49
0.0239258
62
0.0302734
124
0.0605469
8
0.00390625
-25
-0.012207
19
0.00927734
2
0.000976562
-1
-0.000488281
77
0.0375977
38
0.0185547
-38
-0.0185547
4
0.00195312
159
0.0776367
30
0.0146484
35
0.0170898
40
0.0195312
77
0.0375977
-91
-0.0444336
101
0.0493164
-4
-0.00195312
-64
-0.03125
-10
-0.00488281
47
0.0229492
17
0.00830078
-36
-0.0175781
38
0.0185547
6
0.00292969
26
0.0126953
-33
-0.0161133
14
0.00683594
-9
-0.00439453
-79
-0.0385742
3
0.00146484
21
0.0102539
4
0.00195312
54
0.0263672
-55
-0.0268555
-10
-0.00488281
-5
-0.00244141
18
0.00878906
-20
-0.00976562
70
0.0341797
70
0.0341797
12
0.00585938
35
0.0170898
-20
-0.00976562
-29
-0.0141602
25
0.012207
20
0.00976562
24
0.0117188
12
0.00585938
84
0.0410156
16
0.0078125
32
0.015625
47
0.0229492
-21
-0.0102539
106
0.0517578
18
0.00878906
75
0.0366211
-5
-0.00244141
23
0.0112305
2
0.000976562
-85
-0.0415039
16
0.0078125
-93
-0.0454102
8
0.00390625
42
0.0205078
-74
-0.0361328
-22
-0.0107422
-60
-0.0292969
35
0.0170898
-1
-0.000488281
31
0.0151367
33
0.0161133
-2
-0.000976562
15
0.00732422
72
0.0351562
-73
-0.0356445
45
0.0219727
-26
-0.0126953
10
0.00488281
-38
-0.0185547
-21
-0.0102539
-36
-0.0175781
18
0.00878906
0
0
-18
-0.00878906
-7
-0.00341797
-39
-0.019043
-4
-0.00195312
-15
-0.00732422
30
0.0146484
34
0.0166016
-8
-0.00390625
-8
-0.00390625
2
0.000976562
15
0.00732422
-15
-0.00732422
-10
-0.00488281
93
0.0454102
104
0.0507812
-3
-0.00146484
-104
-0.0507812
28
0.0136719
9
0.00439453
-13
-0.00634766
36
0.0175781
-46
-0.0224609
18
0.00878906
9
0.00439453
44
0.0214844
41
0.0200195
22
0.0107422
-29
-0.0141602
18
0.00878906
25
0.012207
21
0.0102539
-49
-0.0239258
-68
-0.0332031
-15
-0.00732422
19
0.00927734
84
0.0410156
-34
-0.0166016
16
0.0078125
-31
-0.0151367
-4
-0.00195312
-47
-0.0229492
-14
-0.00683594
-8
-0.00390625
-67
-0.0327148
28
0.0136719
13
0.00634766
61
0.0297852
45
0.0219727
-45
-0.0219727
-20
-0.00976562
3
0.00146484
-75
-0.0366211
-60
-0.0292969
55
0.0268555
-47
-0.0229492
26
0.0126953
9
0.00439453
-4
-0.00195312
-13
-0.00634766
-14
-0.00683594
-41
-0.0200195
19
0.00927734
-10
-0.00488281
33
0.0161133
-3
-0.00146484
-37
-0.0180664
9
0.00439453
24
0.0117188
-22
-0.0107422
30
0.0146484
-18
-0.00878906
23
0.0112305
58
0.0283203
30
0.0146484
8
0.00390625
24
0.0117188
-91
-0.0444336
61
0.0297852
93
0.0454102
12
0.00585938
35
0.0170898
9
0.00439453
36
0.0175781
-16
-0.0078125
15
0.00732422
-20
-0.00976562
15
0.00732422
24
0.0117188
-41
-0.0200195
50
0.0244141
69
0.0336914
11
0.00537109
-50
-0.0244141
-37
-0.0180664
-12
-0.00585938
-13
-0.00634766
-42
-0.0205078
49
0.0239258
-3
-0.00146484
5
0.00244141
73
0.0356445
25
0.012207
1
0.000488281
31
0.0151367
-101
-0.0493164
3
0.00146484
-20
-0.00976562
-28
-0.0136719
-2
-0.000976562
10
0.00488281
12
0.00585938
26
0.0126953
9
0.00439453
14
0.00683594
-116
-0.0566406
23
0.0112305
-16
-0.0078125
-3
-0.00146484
60
0.0292969
27
0.0131836
41
0.0200195
-24
-0.0117188
54
0.0263672
22
0.0107422
-14
-0.00683594
-23
-0.0112305
-40
-0.0195312
11
0.00537109
91
0.0444336
-42
-0.0205078
-54
-0.0263672
-17
-0.00830078
56
0.0273438
57
0.027832
-44
-0.0214844
-61
-0.0297852
40
0.0195312
28
0.0136719
61
0.0297852
-2
-0.000976562
68
0.0332031
77
0.0375977
42
0.0205078
-63
-0.0307617
26
0.0126953
53
0.0258789
-75
-0.0366211
49
0.0239258
63
0.0307617
55
0.0268555
69
0.0336914
36
0.0175781
-21
-0.0102539
-34
-0.0166016
-42
-0.0205078
55
0.0268555
13
0.00634766
-71
-0.034668
-86
-0.0419922
39
0.019043
-55
-0.0268555
-1
-0.000488281
72
0.0351562
-54
-0.0263672
-37
-0.0180664
28
0.0136719
-33
-0.0161133
29
0.0141602
-3
-0.00146484
-18
-0.00878906
31
0.0151367
-22
-0.0107422
-31
-0.0151367
7
0.00341797
-25
-0.012207
-13
-0.00634766
-15
-0.00732422
9
0.00439453
31
0.0151367
-24
-0.0117188
34
0.0166016
-10
-0.00488281
44
0.0214844
-26
-0.0126953
-32
-0.015625
32
0.015625
-58
-0.0283203
21
0.0102539
59
0.0288086
-37
-0.0180664
-40
-0.0195312
-71
-0.034668
67
0.0327148
-24
-0.0117188
3
0.00146484
14
0.00683594
-42
-0.0205078
7
0.00341797
-32
-0.015625
-6
-0.00292969
20
0.00976562
84
0.0410156
-21
-0.0102539
58
0.0283203
60
0.0292969
6
0.00292969
55
0.0268555
4
0.00195312
-6
-0.00292969
21
0.0102539
38
0.0185547
-18
-0.00878906
29
0.0141602
-7
-0.00341797
10
0.00488281
0
0
42
0.0205078
-20
-0.00976562
13
0.00634766
-49
-0.0239258
-30
-0.0146484
9
0.00439453
-19
-0.00927734
-36
-0.0175781
41
0.0200195
-34
-0.0166016
3
0.00146484
20
0.00976562
-30
-0.0146484
79
0.0385742
7
0.00341797
58
0.0283203
35
0.0170898
5
0.00244141
84
0.0410156
-37
-0.0180664
2
0.000976562
12
0.00585938
24
0.0117188
-3
-0.00146484
130
0.0634766
28
0.0136719
-18
-0.00878906
-46
-0.0224609
-14
-0.00683594
30
0.0146484
-59
-0.0288086
-6
-0.00292969
22
0.0107422
33
0.0161133
22
0.0107422
15
0.00732422
-73
-0.0356445
22
0.0107422
47
0.0229492
-18
-0.00878906
13
0.00634766
-2
-0.000976562
63
0.0307617
-32
-0.015625
-3
-0.00146484
-34
-0.0166016
40
0.0195312
72
0.0351562
43
0.0209961
-1
-0.000488281
16
0.0078125
13
0.00634766
-77
-0.0375977
0
0
69
0.0336914
8
0.00390625
-63
-0.0307617
-16
-0.0078125
-28
-0.0136719
14
0.00683594
4
0.00195312
-11
-0.00537109
70
0.0341797
22
0.0107422
77
0.0375977
41
0.0200195
-71
-0.034668
1
0.000488281
-57
-0.027832
-14
-0.00683594
-46
-0.0224609
48
0.0234375
-33
-0.0161133
37
0.0180664
-37
-0.0180664
-48
-0.0234375
-77
-0.0375977
-8
-0.00390625
-26
-0.0126953
2
0.000976562
85
0.0415039
27
0.0131836
-22
-0.0107422
80
0.0390625
71
0.034668
106
0.0517578
6
0.00292969
-30
-0.0146484
63
0.0307617
-48
-0.0234375
42
0.0205078
-12
-0.00585938
-47
-0.0229492
-6
-0.00292969
40
0.0195312
-62
-0.0302734
18
0.00878906
17
0.00830078
78
0.0380859
-57
-0.027832
29
0.0141602
46
0.0224609
18
0.00878906
-2
-0.000976562
-130
-0.0634766
13
0.00634766
70
0.0341797
-9
-0.00439453
-39
-0.019043
-51
-0.0249023
-59
-0.0288086
9
0.00439453
-23
-0.0112305
-26
-0.0126953
0
0
16
0.0078125
18
0.00878906
39
0.019043
16
0.0078125
65
0.0317383
-28
-0.0136719
2
0.000976562
-4
-0.00195312
-13
-0.00634766
19
0.00927734
-26
-0.0126953
-13
-0.00634766
-4
-0.00195312
-70
-0.0341797
-36
-0.0175781
92
0.0449219
39
0.019043
23
0.0112305
-3
-0.00146484
15
0.00732422
2
0.000976562
-7
-0.00341797
35
0.0170898
10
0.00488281
-37
-0.0180664
7
0.00341797
-17
-0.00830078
33
0.0161133
-23
-0.0112305
15
0.00732422
-7
-0.00341797
-19
-0.00927734
-63
-0.0307617
2
0.000976562
17
0.00830078
-69
-0.0336914
-25
-0.012207
-87
-0.0424805
27
0.0131836
-26
-0.0126953
26
0.0126953
6
0.00292969
1
0.000488281
50
0.0244141
-71
-0.034668
40
0.0195312
3
0.00146484
21
0.0102539
8
0.00390625
17
0.00830078
36
0.0175781
-91
-0.0444336
-17
-0.00830078
-21
-0.0102539
55
0.0268555
15
0.00732422
14
0.00683594
46
0.0224609
39
0.019043
11
0.00537109
50
0.0244141
0
0
60
0.0292969
61
0.0297852
52
0.0253906
63
0.0307617
-4
-0.00195312
-45
-0.0219727
14
0.00683594
32
0.015625
66
0.0322266
2
0.000976562
52
0.0253906
-21
-0.0102539
-41
-0.0200195
-90
-0.0439453
60
0.0292969
36
0.0175781
54
0.0263672
-21
-0.0102539
18
0.00878906
22
0.0107422
18
0.00878906
95
0.0463867
5
0.00244141
113
0.0551758
-32
-0.015625
-60
-0.0292969
-23
-0.0112305
-3
-0.00146484
5
0.00244141
-45
-0.0219727
61
0.0297852
68
0.0332031
-11
-0.00537109
15
0.00732422
19
0.00927734
77
0.0375977
10
0.00488281
78
0.0380859
63
0.0307617
8
0.00390625
2
0.000976562
-2
-0.000976562
55
0.0268555
-27
-0.0131836
13
0.00634766
-6
-0.00292969
101
0.0493164
-26
-0.0126953
60
0.0292969
5
0.00244141
-83
-0.0405273
-4
-0.00195312
-1
-0.000488281
-106
-0.0517578
-33
-0.0161133
68
0.0332031
10
0.00488281
-25
-0.012207
-28
-0.0136719
67
0.0327148
20
0.00976562
-50
-0.0244141
-45
-0.0219727
11
0.00537109
37
0.0180664
21
0.0102539
27
0.0131836
71
0.034668
-32
-0.015625
-37
-0.0180664
25
0.012207
25
0.012207
-17
-0.00830078
-81
-0.0395508
51
0.0249023
114
0.0556641
4
0.00195312
67
0.0327148
10
0.00488281
14
0.00683594
-76
-0.0371094
35
0.0170898
-51
-0.0249023
-67
-0.0327148
25
0.012207
-41
-0.0200195
26
0.0126953
-24
-0.0117188
-14
-0.00683594
24
0.0117188
-5
-0.00244141
-92
-0.0449219
22
0.0107422
4
0.00195312
-10
-0.00488281
2
0.000976562
-30
-0.0146484
81
0.0395508
52
0.0253906
-96
-0.046875
37
0.0180664
79
0.0385742
-7
-0.00341797
10
0.00488281
-15
-0.00732422
-12
-0.00585938
25
0.012207
-66
-0.0322266
-8
-0.00390625
-19
-0.00927734
21
0.0102539
-27
-0.0131836
72
0.0351562
111
0.0541992
-33
-0.0161133
40
0.0195312
-33
-0.0161133
-43
-0.0209961
-30
-0.0146484
37
0.0180664
-14
-0.00683594
96
0.046875
11
0.00537109
20
0.00976562
-12
-0.00585938
33
0.0161133
-7
-0.00341797
23
0.0112305
5
0.00244141
51
0.0249023
58
0.0283203
38
0.0185547
-17
-0.00830078
41
0.0200195
-21
-0.0102539
-70
-0.0341797
-25
-0.012207
-4
-0.00195312
20
0.00976562
15
0.00732422
-4
-0.00195312
21
0.0102539
-41
-0.0200195
-22
-0.0107422
24
0.0117188
-16
-0.0078125
-13
-0.00634766
-84
-0.0410156
-28
-0.0136719
4
0.00195312
6
0.00292969
0
0
23
0.0112305
74
0.0361328
-59
-0.0288086
-6
-0.00292969
-40
-0.0195312
133
0.0649414
-68
-0.0332031
45
0.0219727
10
0.00488281
0
0
-33
-0.0161133
73
0.0356445
49
0.0239258
-87
-0.0424805
-65
-0.0317383
70
0.0341797
-36
-0.0175781
29
0.0141602
-12
-0.00585938
21
0.0102539
-1
-0.000488281
-7
-0.00341797
-104
-0.0507812
-83
-0.0405273
-33
-0.0161133
-29
-0.0141602
53
0.0258789
-35
-0.0170898
9
0.00439453
-22
-0.0107422
-36
-0.0175781
9
0.00439453
-61
-0.0297852
34
0.0166016
-18
-0.00878906
57
0.027832
-3
-0.00146484
5
0.00244141
9
0.00439453
-82
-0.0400391
-4
-0.00195312
-12
-0.00585938
88
0.0429688
79
0.0385742
-83
-0.0405273
-14
-0.00683594
-7
-0.00341797
-8
-0.00390625
44
0.0214844
43
0.0209961
-67
-0.0327148
11
0.00537109
-25
-0.012207
9
0.00439453
5
0.00244141
58
0.0283203
-11
-0.00537109
-33
-0.0161133
43
0.0209961
43
0.0209961
-73
-0.0356445
86
0.0419922
-12
-0.00585938
44
0.0214844
-47
-0.0229492
-95
-0.0463867
-33
-0.0161133
-55
-0.0268555
-17
-0.00830078
-17
-0.00830078
-80
-0.0390625
34
0.0166016
82
0.0400391
58
0.0283203
3
0.00146484
23
0.0112305
26
0.0126953
14
0.00683594
-16
-0.0078125
22
0.0107422
-48
-0.0234375
-26
-0.0126953
-51
-0.0249023
-12
-0.00585938
15
0.00732422
27
0.0131836
-24
-0.0117188
49
0.0239258
-49
-0.0239258
-44
-0.0214844
39
0.019043
78
0.0380859
3
0.00146484
21
0.0102539
24
0.0117188
-20
-0.00976562
-41
-0.0200195
25
0.012207
26
0.0126953
-45
-0.0219727
23
0.0112305
16
0.0078125
-11
-0.00537109
5
0.00244141
23
0.0112305
12
0.00585938
-30
-0.0146484
-4
-0.00195312
-2
-0.000976562
-4
-0.00195312
27
0.0131836
-20
-0.00976562
-65
-0.0317383
-42
-0.0205078
8
0.00390625
-29
-0.0141602
11
0.00537109
-61
-0.0297852
16
0.0078125
22
0.0107422
-8
-0.00390625
8
0.00390625
7
0.00341797
5
0.00244141
29
0.0141602
22
0.0107422
27
0.0131836
-11
-0.00537109
55
0.0268555
8
0.00390625
-14
-0.00683594
-11
-0.00537109
-40
-0.0195312
-45
-0.0219727
-48
-0.0234375
-10
-0.00488281
13
0.00634766
13
0.00634766
14
0.00683594
-65
-0.0317383
12
0.00585938
-45
-0.0219727
20
0.00976562
32
0.015625
16
0.0078125
9
0.00439453
11
0.00537109
64
0.03125
43
0.0209961
1
0.000488281
65
0.0317383
22
0.0107422
44
0.0214844
-70
-0.0341797
52
0.0253906
70
0.0341797
-6
-0.00292969
46
0.0224609
-9
-0.00439453
11
0.00537109
74
0.0361328
43
0.0209961
20
0.00976562
24
0.0117188
-33
-0.0161133
-24
-0.0117188
-12
-0.00585938
-49
-0.0239258
-3
-0.00146484
-2
-0.000976562
-44
-0.0214844
-67
-0.0327148
-132
-0.0644531
-7
-0.00341797
-2
-0.000976562
-16
-0.0078125
38
0.0185547
65
0.0317383
-26
-0.0126953
-43
-0.0209961
59
0.0288086
34
0.0166016
3
0.00146484
-6
-0.00292969
8
0.00390625
59
0.0288086
-11
-0.00537109
53
0.0258789
-16
-0.0078125
-94
-0.0458984
43
0.0209961
11
0.00537109
14
0.00683594
-47
-0.0229492
-17
-0.00830078
3
0.00146484
-5
-0.00244141
-52
-0.0253906
-29
-0.0141602
52
0.0253906
-29
-0.0141602
-24
-0.0117188
6
0.00292969
-14
-0.00683594
-63
-0.0307617
26
0.0126953
29
0.0141602
-78
-0.0380859
46
0.0224609
2
0.000976562
50
0.0244141
-86
-0.0419922
-3
-0.00146484
-62
-0.0302734
-29
-0.0141602
12
0.00585938
9
0.00439453
0
0
6
0.00292969
0
0
29
0.0141602
25
0.012207
43
0.0209961
5
0.00244141
-8
-0.00390625
-41
-0.0200195
-10
-0.00488281
-23
-0.0112305
-2
-0.000976562
69
0.0336914
-33
-0.0161133
-34
-0.0166016
-21
-0.0102539
-23
-0.0112305
-3
-0.00146484
42
0.0205078
68
0.0332031
15
0.00732422
-48
-0.0234375
-46
-0.0224609
62
0.0302734
-20
-0.00976562
-1
-0.000488281
-96
-0.046875
-62
-0.0302734
21
0.0102539
28
0.0136719
6
0.00292969
29
0.0141602
-2
-0.000976562
-13
-0.00634766
-16
-0.0078125
50
0.0244141
2
0.000976562
25
0.012207
-22
-0.0107422
-21
-0.0102539
25
0.012207
-10
-0.00488281
-20
-0.00976562
38
0.0185547
0
0
17
0.00830078
43
0.0209961
42
0.0205078
-37
-0.0180664
32
0.015625
-18
-0.00878906
2
0.000976562
-46
-0.0224609
-39
-0.019043
-26
-0.0126953
-37
-0.0180664
56
0.0273438
-30
-0.0146484
-29
-0.0141602
-31
-0.0151367
-28
-0.0136719
37
0.0180664
19
0.00927734
7
0.00341797
23
0.0112305
-28
-0.0136719
-4
-0.00195312
-45
-0.0219727
46
0.0224609
-8
-0.00390625
100
0.0488281
37
0.0180664
-25
-0.012207
45
0.0219727
6
0.00292969
-43
-0.0209961
-78
-0.0380859
-92
-0.0449219
34
0.0166016
73
0.0356445
59
0.0288086
-17
-0.00830078
-97
-0.0473633
21
0.0102539
68
0.0332031
26
0.0126953
27
0.0131836
16
0.0078125
19
0.00927734
-44
-0.0214844
-65
-0.0317383
6
0.00292969
79
0.0385742
-14
-0.00683594
-75
-0.0366211
15
0.00732422
4
0.00195312
-22
-0.0107422
98
0.0478516
-25
-0.012207
-9
-0.00439453
-33
-0.0161133
16
0.0078125
-16
-0.0078125
30
0.0146484
-62
-0.0302734
-14
-0.00683594
18
0.00878906
18
0.00878906
21
0.0102539
10
0.00488281
-39
-0.019043
-66
-0.0322266
-27
-0.0131836
-17
-0.00830078
-1
-0.000488281
-36
-0.0175781
51
0.0249023
-38
-0.0185547
50
0.0244141
106
0.0517578
-7
-0.00341797
-28
-0.0136719
77
0.0375977
7
0.00341797
64
0.03125
32
0.015625
27
0.0131836
65
0.0317383
58
0.0283203
-35
-0.0170898
-1
-0.000488281
-1
-0.000488281
11
0.00537109
41
0.0200195
71
0.034668
56
0.0273438
-52
-0.0253906
28
0.0136719
-32
-0.015625
14
0.00683594
44
0.0214844
14
0.00683594
-1
-0.000488281
-28
-0.0136719
-48
-0.0234375
59
0.0288086
59
0.0288086
-51
-0.0249023
-34
-0.0166016
-47
-0.0229492
20
0.00976562
-28
-0.0136719
-76
-0.0371094
-1
-0.000488281
52
0.0253906
25
0.012207
59
0.0288086
71
0.034668
-11
-0.00537109
59
0.0288086
2
0.000976562
36
0.0175781
-1
-0.000488281
-24
-0.0117188
-18
-0.00878906
12
0.00585938
22
0.0107422
-4
-0.00195312
44
0.0214844
46
0.0224609
66
0.0322266
-39
-0.019043
-20
-0.00976562
59
0.0288086
1
0.000488281
93
0.0454102
15
0.00732422
-32
-0.015625
-58
-0.0283203
-39
-0.019043
84
0.0410156
51
0.0249023
31
0.0151367
-119
-0.0581055
45
0.0219727
41
0.0200195
-21
-0.0102539
7
0.00341797
14
0.00683594
-11
-0.00537109
-17
-0.00830078
39
0.019043
17
0.00830078
34
0.0166016
60
0.0292969
-8
-0.00390625
-1
-0.000488281
-45
-0.0219727
-31
-0.0151367
-34
-0.0166016
-53
-0.0258789
-8
-0.00390625
17
0.00830078
-32
-0.015625
0
0
16
0.0078125
8
0.00390625
-54
-0.0263672
-7
-0.00341797
-21
-0.0102539
-80
-0.0390625
-23
-0.0112305
41
0.0200195
17
0.00830078
-35
-0.0170898
-58
-0.0283203
-5
-0.00244141
46
0.0224609
94
0.0458984
13
0.00634766
11
0.00537109
-7
-0.00341797
-35
-0.0170898
47
0.0229492
-64
-0.03125
-37
-0.0180664
112
0.0546875
44
0.0214844
16
0.0078125
29
0.0141602
-35
-0.0170898
16
0.0078125
-74
-0.0361328
-10
-0.00488281
-27
-0.0131836
44
0.0214844
-4
-0.00195312
-61
-0.0297852
87
0.0424805
-45
-0.0219727
-5
-0.00244141
60
0.0292969
21
0.0102539
-52
-0.0253906
-81
-0.0395508
-55
-0.0268555
15
0.00732422
-56
-0.0273438
22
0.0107422
-68
-0.0332031
39
0.019043
17
0.00830078
36
0.0175781
7
0.00341797
-83
-0.0405273
97
0.0473633
48
0.0234375
14
0.00683594
8
0.00390625
73
0.0356445
-30
-0.0146484
-19
-0.00927734
68
0.0332031
9
0.00439453
20
0.00976562
39
0.019043
13
0.00634766
61
0.0297852
10
0.00488281
-89
-0.043457
34
0.0166016
44
0.0214844
29
0.0141602
-71
-0.034668
41
0.0200195
0
0
33
0.0161133
-29
-0.0141602
-24
-0.0117188
8
0.00390625
-13
-0.00634766
143
0.0698242
-83
-0.0405273
37
0.0180664
26
0.0126953
-36
-0.0175781
12
0.00585938
52
0.0253906
25
0.012207
4
0.00195312
14
0.00683594
-62
-0.0302734
25
0.012207
-13
-0.00634766
-12
-0.00585938
-19
-0.00927734
31
0.0151367
-13
-0.00634766
35
0.0170898
67
0.0327148
18
0.00878906
50
0.0244141
-84
-0.0410156
-7
-0.00341797
-70
-0.0341797
41
0.0200195
-77
-0.0375977
-6
-0.00292969
-13
-0.00634766
4
0.00195312
9
0.00439453
-10
-0.00488281
20
0.00976562
14
0.00683594
-24
-0.0117188
86
0.0419922
55
0.0268555
-65
-0.0317383
53
0.0258789
7
0.00341797
-68
-0.0332031
-38
-0.0185547
-58
-0.0283203
-31
-0.0151367
17
0.00830078
-8
-0.00390625
-74
-0.0361328
26
0.0126953
18
0.00878906
-87
-0.0424805
45
0.0219727
-21
-0.0102539
45
0.0219727
-61
-0.0297852
-59
-0.0288086
-32
-0.015625
-29
-0.0141602
-5
-0.00244141
42
0.0205078
-66
-0.0322266
-34
-0.0166016
22
0.0107422
-31
-0.0151367
-21
-0.0102539
11
0.00537109
-79
-0.0385742
-30
-0.0146484
22
0.0107422
-43
-0.0209961
-18
-0.00878906
22
0.0107422
-6
-0.00292969
41
0.0200195
-53
-0.0258789
1
0.000488281
8
0.00390625
-42
-0.0205078
-32
-0.015625
6
0.00292969
6
0.00292969
-43
-0.0209961
-11
-0.00537109
-25
-0.012207
28
0.0136719
-29
-0.0141602
38
0.0185547
11
0.00537109
-23
-0.0112305
17
0.00830078
49
0.0239258
4
0.00195312
44
0.0214844
15
0.00732422
-87
-0.0424805
30
0.0146484
1
0.000488281
69
0.0336914
-23
-0.0112305
-66
-0.0322266
32
0.015625
-81
-0.0395508
-14
-0.00683594
-6
-0.00292969
1
0.000488281
73
0.0356445
-9
-0.00439453
33
0.0161133
-7
-0.00341797
-93
-0.0454102
27
0.0131836
-7
-0.00341797
-41
-0.0200195
-18
-0.00878906
63
0.0307617
25
0.012207
0
0
18
0.00878906
40
0.0195312
-15
-0.00732422
36
0.0175781
18
0.00878906
9
0.00439453
26
0.0126953
-42
-0.0205078
-27
-0.0131836
-30
-0.0146484
-26
-0.0126953
-60
-0.0292969
-18
-0.00878906
-72
-0.0351562
15
0.00732422
-50
-0.0244141
-50
-0.0244141
-19
-0.00927734
-32
-0.015625
-58
-0.0283203
-63
-0.0307617
77
0.0375977
46
0.0224609
12
0.00585938
94
0.0458984
58
0.0283203
25
0.012207
12
0.00585938
-58
-0.0283203
-32
-0.015625
12
0.00585938
40
0.0195312
10
0.00488281
-74
-0.0361328
46
0.0224609
8
0.00390625
31
0.0151367
-22
-0.0107422
19
0.00927734
-52
-0.0253906
17
0.00830078
-109
-0.0532227
7
0.00341797
-58
-0.0283203
2
0.000976562
45
0.0219727
36
0.0175781
-44
-0.0214844
31
0.0151367
