-560
-0.0120846
23
0.000496331
185
0.00399223
-61
-0.00131636
-427
-0.0092145
396
0.00854553
268
0.00578334
-101
-0.00217954
-144
-0.00310747
94
0.00202849
773
0.0166811
151
0.00325852
240
0.00517911
184
0.00397065
-256
-0.00552438
482
0.0104014
263
0.00567544
372
0.00802762
502
0.010833
30
0.000647389
-705
-0.0152136
-15
-0.000323694
-481
-0.0103798
95
0.00205006
-617
-0.0133146
41
0.000884765
774
0.0167026
-252
-0.00543807
158
0.00340958
48
0.00103582
454
0.00979715
206
0.0044454
171
0.00369012
30
0.000647389
-78
-0.00168321
-31
-0.000668968
-1547
-0.0333837
186
0.00401381
25
0.000539491
87
0.00187743
-1106
-0.0238671
-44
-0.000949504
1730
0.0373328
61
0.00131636
-291
-0.00627967
-83
-0.00179111
307
0.00662495
129
0.00278377
-910
-0.0196375
196
0.00422961
62
0.00133794
134
0.00289167
-59
-0.0012732
42
0.000906344
547
0.0118041
437
0.0094303
133
0.00287009
94
0.00202849
17
0.000366854
-229
-0.00494174
741
0.0159905
-186
-0.00401381
-249
-0.00537333
91
0.00196375
805
0.0173716
-320
-0.00690548
-532
-0.0114804
250
0.00539491
-243
-0.00524385
130
0.00280535
75
0.00161847
281
0.00606388
569
0.0122788
-29
-0.000625809
364
0.00785498
155
0.00334484
-334
-0.0072076
-194
-0.00418645
-14
-0.000302115
139
0.00299957
-880
-0.0189901
527
0.0113725
-381
-0.00822184
-114
-0.00246008
-758
-0.0163574
115
0.00248166
1152
0.0248597
-34
-0.000733707
353
0.00761761
315
0.00679758
-61
-0.00131636
79
0.00170479
-912
-0.0196806
-140
-0.00302115
289
0.00623651
304
0.00656021
750
0.0161847
1
2.15796e-05
279
0.00602072
-327
-0.00705654
168
0.00362538
-347
-0.00748813
-690
-0.0148899
65
0.00140268
316
0.00681916
-54
-0.0011653
270
0.0058265
-102
-0.00220112
-222
-0.00479068
182
0.00392749
-933
-0.0201338
-99
-0.00213638
-1199
-0.025874
46
0.000992663
544
0.0117393
-113
-0.0024385
413
0.00891239
191
0.00412171
-783
-0.0168968
195
0.00420803
301
0.00649547
-82
-0.00176953
-144
-0.00310747
266
0.00574018
53
0.00114372
-295
-0.00636599
59
0.0012732
-194
-0.00418645
-230
-0.00496331
293
0.00632283
-425
-0.00917134
-391
-0.00843763
-287
-0.00619335
207
0.00446698
520
0.0112214
-56
-0.00120846
-530
-0.0114372
230
0.00496331
-59
-0.0012732
101
0.00217954
336
0.00725076
225
0.00485542
55
0.00118688
401
0.00865343
-244
-0.00526543
-250
-0.00539491
-466
-0.0100561
-7
-0.000151057
292
0.00630125
275
0.0059344
371
0.00800604
337
0.00727233
603
0.0130125
53
0.00114372
-395
-0.00852395
-124
-0.00267587
133
0.00287009
210
0.00453172
662
0.0142857
-148
-0.00319379
-252
-0.00543807
53
0.00114372
-1307
-0.0282046
138
0.00297799
-408
-0.00880449
-41
-0.000884765
546
0.0117825
-68
-0.00146741
-1346
-0.0290462
-44
-0.000949504
888
0.0191627
75
0.00161847
-372
-0.00802762
-104
-0.00224428
-273
-0.00589124
308
0.00664653
138
0.00297799
66
0.00142426
344
0.00742339
-287
-0.00619335
551
0.0118904
374
0.00807078
-14
-0.000302115
-233
-0.00502805
-580
-0.0125162
-70
-0.00151057
778
0.016789
77
0.00166163
614
0.0132499
-32
-0.000690548
549
0.0118472
-22
-0.000474752
239
0.00515753
8
0.000172637
-404
-0.00871817
-141
-0.00304273
198
0.00427277
-256
-0.00552438
-21
-0.000453172
35
0.000755287
-57
-0.00123004
-39
-0.000841606
-402
-0.00867501
246
0.00530859
-846
-0.0182564
-172
-0.0037117
513
0.0110703
460
0.00992663
-397
-0.00856711
-247
-0.00533017
-563
-0.0121493
-231
-0.00498489
337
0.00727233
320
0.00690548
-596
-0.0128615
140
0.00302115
19
0.000410013
-10
-0.000215796
-148
-0.00319379
-45
-0.000971083
-23
-0.000496331
-325
-0.00701338
-667
-0.0143936
102
0.00220112
-237
-0.00511437
200
0.00431593
-1003
-0.0216444
201
0.00433751
128
0.00276219
19
0.000410013
187
0.00403539
0
0
-679
-0.0146526
39
0.000841606
534
0.0115235
-295
-0.00636599
353
0.00761761
-314
-0.006776
-154
-0.00332326
-132
-0.00284851
156
0.00336642
123
0.00265429
318
0.00686232
-237
-0.00511437
31
0.000668968
212
0.00457488
123
0.00265429
336
0.00725076
159
0.00343116
225
0.00485542
451
0.00973241
257
0.00554596
1419
0.0306215
-83
-0.00179111
678
0.014631
-31
-0.000668968
-373
-0.0080492
83
0.00179111
302
0.00651705
-1
-2.15796e-05
766
0.01653
57
0.00123004
632
0.0136383
-54
-0.0011653
-476
-0.0102719
-166
-0.00358222
-749
-0.0161631
220
0.00474752
110
0.00237376
135
0.00291325
-99
-0.00213638
-162
-0.0034959
-185
-0.00399223
115
0.00248166
592
0.0127751
-33
-0.000712128
639
0.0137894
-321
-0.00692706
-161
-0.00347432
148
0.00319379
581
0.0125378
-162
-0.0034959
-880
-0.0189901
90
0.00194217
-447
-0.00964609
77
0.00166163
-44
-0.000949504
-11
-0.000237376
-103
-0.0022227
-66
-0.00142426
-629
-0.0135736
-85
-0.00183427
-55
-0.00118688
52
0.00112214
-451
-0.00973241
-399
-0.00861027
-266
-0.00574018
-40
-0.000863185
431
0.00930082
-161
-0.00347432
314
0.006776
-94
-0.00202849
533
0.0115019
-200
-0.00431593
223
0.00481226
181
0.00390591
704
0.0151921
-128
-0.00276219
-646
-0.0139404
-303
-0.00653863
-43
-0.000927924
-34
-0.000733707
548
0.0118256
376
0.00811394
-460
-0.00992663
-143
-0.00308589
1780
0.0384117
-16
-0.000345274
-1262
-0.0272335
3
6.47389e-05
-272
-0.00586966
-110
-0.00237376
599
0.0129262
160
0.00345274
1007
0.0217307
129
0.00278377
156
0.00336642
194
0.00418645
16
0.000345274
5
0.000107898
405
0.00873975
259
0.00558912
946
0.0204143
143
0.00308589
-212
-0.00457488
-339
-0.00731549
306
0.00660337
-159
-0.00343116
-152
-0.0032801
-271
-0.00584808
-644
-0.0138973
117
0.00252482
-261
-0.00563228
7
0.000151057
57
0.00123004
60
0.00129478
-201
-0.00433751
-15
-0.000323694
1520
0.032801
44
0.000949504
602
0.0129909
163
0.00351748
319
0.0068839
-2
-4.31593e-05
902
0.0194648
175
0.00377644
411
0.00886923
168
0.00362538
-1350
-0.0291325
-8
-0.000172637
-493
-0.0106388
-189
-0.00407855
490
0.010574
261
0.00563228
-648
-0.0139836
-101
-0.00217954
-550
-0.0118688
-85
-0.00183427
689
0.0148684
-126
-0.00271903
-832
-0.0179543
-169
-0.00364696
508
0.0109625
-318
-0.00686232
557
0.0120199
-92
-0.00198533
372
0.00802762
32
0.000690548
-110
-0.00237376
183
0.00394907
393
0.00848079
115
0.00248166
598
0.0129046
50
0.00107898
-998
-0.0215365
210
0.00453172
244
0.00526543
-223
-0.00481226
-1364
-0.0294346
177
0.00381959
713
0.0153863
-150
-0.00323694
303
0.00653863
47
0.00101424
82
0.00176953
-31
-0.000668968
610
0.0131636
274
0.00591282
648
0.0139836
-34
-0.000733707
-834
-0.0179974
-162
-0.0034959
773
0.0166811
42
0.000906344
-660
-0.0142426
128
0.00276219
-269
-0.00580492
305
0.00658179
-739
-0.0159473
-259
-0.00558912
-151
-0.00325852
251
0.00541649
-365
-0.00787656
-431
-0.00930082
-148
-0.00319379
-13
-0.000280535
-435
-0.00938714
-222
-0.00479068
910
0.0196375
0
0
182
0.00392749
34
0.000733707
-1021
-0.0220328
118
0.0025464
-520
-0.0112214
-105
-0.00226586
-733
-0.0158179
-118
-0.0025464
772
0.0166595
260
0.0056107
99
0.00213638
-290
-0.00625809
87
0.00187743
-4
-8.63185e-05
-108
-0.0023306
-44
-0.000949504
427
0.0092145
-118
-0.0025464
760
0.0164005
-218
-0.00470436
-1200
-0.0258956
15
0.000323694
-62
-0.00133794
-25
-0.000539491
320
0.00690548
54
0.0011653
170
0.00366854
134
0.00289167
-62
-0.00133794
-192
-0.00414329
-383
-0.008265
24
0.000517911
-770
-0.0166163
-80
-0.00172637
-839
-0.0181053
-38
-0.000820026
1057
0.0228097
-98
-0.0021148
-123
-0.00265429
-7
-0.000151057
451
0.00973241
-215
-0.00463962
462
0.00996979
170
0.00366854
1055
0.0227665
274
0.00591282
20
0.000431593
271
0.00584808
-376
-0.00811394
57
0.00123004
-692
-0.0149331
-281
-0.00606388
55
0.00118688
-169
-0.00364696
-300
-0.00647389
163
0.00351748
-525
-0.0113293
25
0.000539491
-184
-0.00397065
-152
-0.0032801
482
0.0104014
-101
-0.00217954
48
0.00103582
15
0.000323694
-416
-0.00897713
96
0.00207164
-391
-0.00843763
215
0.00463962
18
0.000388433
231
0.00498489
-135
-0.00291325
13
0.000280535
-685
-0.014782
165
0.00356064
-182
-0.00392749
-513
-0.0110703
-739
-0.0159473
4
8.63185e-05
-491
-0.0105956
-314
-0.006776
-1067
-0.0230255
-81
-0.00174795
-368
-0.0079413
-81
-0.00174795
56
0.00120846
65
0.00140268
-414
-0.00893397
163
0.00351748
344
0.00742339
-273
-0.00589124
-827
-0.0178464
101
0.00217954
-281
-0.00606388
71
0.00153215
391
0.00843763
-216
-0.0046612
-1086
-0.0234355
98
0.0021148
225
0.00485542
-77
-0.00166163
-59
-0.0012732
-288
-0.00621493
329
0.0070997
-10
-0.000215796
-355
-0.00766077
2
4.31593e-05
38
0.000820026
1
2.15796e-05
-839
-0.0181053
9
0.000194217
-537
-0.0115883
-95
-0.00205006
-414
-0.00893397
-80
-0.00172637
-242
-0.00522227
390
0.00841606
437
0.0094303
240
0.00517911
42
0.000906344
-344
-0.00742339
-1056
-0.0227881
397
0.00856711
405
0.00873975
-148
-0.00319379
-397
-0.00856711
-123
-0.00265429
-441
-0.00951662
-177
-0.00381959
-514
-0.0110919
-42
-0.000906344
-355
-0.00766077
-35
-0.000755287
-327
-0.00705654
-133
-0.00287009
-1052
-0.0227018
-122
-0.00263271
-32
-0.000690548
-90
-0.00194217
-86
-0.00185585
-12
-0.000258956
1010
0.0217954
164
0.00353906
-318
-0.00686232
171
0.00369012
-624
-0.0134657
109
0.00235218
1067
0.0230255
-64
-0.0013811
596
0.0128615
71
0.00153215
71
0.00153215
-219
-0.00472594
-122
-0.00263271
65
0.00140268
285
0.00615019
9
0.000194217
241
0.00520069
-153
-0.00330168
222
0.00479068
50
0.00107898
259
0.00558912
-56
-0.00120846
120
0.00258956
316
0.00681916
-974
-0.0210186
216
0.0046612
-609
-0.013142
-158
-0.00340958
-873
-0.018839
22
0.000474752
6
0.000129478
46
0.000992663
-399
-0.00861027
-162
-0.0034959
-43
-0.000927924
-43
-0.000927924
304
0.00656021
-60
-0.00129478
-901
-0.0194432
-102
-0.00220112
-91
-0.00196375
-23
-0.000496331
347
0.00748813
-308
-0.00664653
408
0.00880449
-68
-0.00146741
332
0.00716444
-227
-0.00489858
211
0.0045533
-104
-0.00224428
910
0.0196375
52
0.00112214
-162
-0.0034959
-113
-0.0024385
-158
-0.00340958
111
0.00239534
-518
-0.0111782
17
0.000366854
635
0.0137031
6
0.000129478
-466
-0.0100561
-131
-0.00282693
998
0.0215365
-120
-0.00258956
-630
-0.0135952
-72
-0.00155373
-92
-0.00198533
14
0.000302115
1006
0.0217091
-128
-0.00276219
-170
-0.00366854
284
0.00612861
802
0.0173069
211
0.0045533
80
0.00172637
165
0.00356064
-214
-0.00461804
-362
-0.00781183
280
0.0060423
111
0.00239534
635
0.0137031
-391
-0.00843763
-943
-0.0203496
-436
-0.00940872
-272
-0.00586966
58
0.00125162
512
0.0110488
-28
-0.00060423
731
0.0157747
-33
-0.000712128
-212
-0.00457488
-177
-0.00381959
446
0.00962451
-197
-0.00425119
-1329
-0.0286793
18
0.000388433
114
0.00246008
186
0.00401381
544
0.0117393
-136
-0.00293483
293
0.00632283
423
0.00912818
1384
0.0298662
-123
-0.00265429
435
0.00938714
237
0.00511437
787
0.0169832
-374
-0.00807078
-293
-0.00632283
-103
-0.0022227
166
0.00358222
354
0.00763919
-419
-0.00904186
356
0.00768235
-808
-0.0174363
-139
-0.00299957
-118
-0.0025464
158
0.00340958
19
0.000410013
110
0.00237376
431
0.00930082
-121
-0.00261114
886
0.0191196
-70
-0.00151057
581
0.0125378
168
0.00362538
276
0.00595598
86
0.00185585
82
0.00176953
-92
-0.00198533
-501
-0.0108114
-148
-0.00319379
-488
-0.0105309
-173
-0.00373328
-105
-0.00226586
87
0.00187743
-344
-0.00742339
96
0.00207164
-1408
-0.0303841
264
0.00569702
21
0.000453172
-16
-0.000345274
417
0.00899871
87
0.00187743
-235
-0.00507121
-81
-0.00174795
-309
-0.00666811
167
0.0036038
716
0.015451
163
0.00351748
194
0.00418645
-179
-0.00386275
-363
-0.00783341
-96
-0.00207164
1193
0.0257445
44
0.000949504
-763
-0.0164653
-86
-0.00185585
-212
-0.00457488
-175
-0.00377644
129
0.00278377
56
0.00120846
-367
-0.00791972
-149
-0.00321536
93
0.00200691
121
0.00261114
-10
-0.000215796
210
0.00453172
55
0.00118688
33
0.000712128
287
0.00619335
-15
-0.000323694
239
0.00515753
0
0
152
0.0032801
209
0.00451014
-1271
-0.0274277
-103
-0.0022227
-669
-0.0144368
40
0.000863185
222
0.00479068
20
0.000431593
385
0.00830816
-102
-0.00220112
-476
-0.0102719
-184
-0.00397065
187
0.00403539
-45
-0.000971083
641
0.0138325
-109
-0.00235218
-1142
-0.0246439
-116
-0.00250324
242
0.00522227
292
0.00630125
450
0.00971083
125
0.00269745
-116
-0.00250324
385
0.00830816
-106
-0.00228744
-329
-0.0070997
157
0.003388
-415
-0.00895555
173
0.00373328
432
0.0093224
-944
-0.0203712
218
0.00470436
247
0.00533017
296
0.00638757
713
0.0153863
135
0.00291325
86
0.00185585
163
0.00351748
248
0.00535175
50
0.00107898
-389
-0.00839448
89
0.00192059
-1704
-0.0367717
86
0.00185585
667
0.0143936
-138
-0.00297799
46
0.000992663
189
0.00407855
-259
-0.00558912
-260
-0.0056107
324
0.0069918
-261
-0.00563228
510
0.0110056
497
0.0107251
-282
-0.00608546
-349
-0.00753129
478
0.0103151
210
0.00453172
-83
-0.00179111
80
0.00172637
342
0.00738023
-220
-0.00474752
-1175
-0.0253561
239
0.00515753
-753
-0.0162495
-91
-0.00196375
-266
-0.00574018
401
0.00865343
-116
-0.00250324
270
0.0058265
81
0.00174795
306
0.00660337
315
0.00679758
-302
-0.00651705
370
0.00798446
-176
-0.00379801
-452
-0.00975399
308
0.00664653
975
0.0210401
-271
-0.00584808
47
0.00101424
-36
-0.000776867
-250
-0.00539491
26
0.00056107
-22
-0.000474752
479
0.0103366
507
0.0109409
149
0.00321536
-483
-0.010423
-88
-0.00189901
228
0.00492016
-116
-0.00250324
-261
-0.00563228
-273
-0.00589124
153
0.00330168
-266
-0.00574018
-761
-0.0164221
-207
-0.00446698
-485
-0.0104661
-36
-0.000776867
-981
-0.0211696
189
0.00407855
-383
-0.008265
-112
-0.00241692
149
0.00321536
420
0.00906344
-397
-0.00856711
-365
-0.00787656
253
0.00545965
237
0.00511437
494
0.0106603
303
0.00653863
-349
-0.00753129
469
0.0101208
434
0.00936556
-202
-0.00435909
60
0.00129478
-51
-0.00110056
-55
-0.00118688
-273
-0.00589124
-817
-0.0176306
-122
-0.00263271
-16
-0.000345274
-79
-0.00170479
63
0.00135952
-19
-0.000410013
-523
-0.0112861
-413
-0.00891239
63
0.00135952
130
0.00280535
173
0.00373328
75
0.00161847
614
0.0132499
-305
-0.00658179
140
0.00302115
-175
-0.00377644
796
0.0171774
482
0.0104014
-866
-0.018688
-235
-0.00507121
-879
-0.0189685
-117
-0.00252482
909
0.0196159
-163
-0.00351748
-621
-0.0134009
-150
-0.00323694
-692
-0.0149331
-388
-0.0083729
-741
-0.0159905
-11
-0.000237376
-188
-0.00405697
203
0.00438066
815
0.0175874
72
0.00155373
85
0.00183427
-99
-0.00213638
465
0.0100345
198
0.00427277
-499
-0.0107682
32
0.000690548
820
0.0176953
32
0.000690548
-451
-0.00973241
508
0.0109625
-617
-0.0133146
-308
-0.00664653
-516
-0.0111351
148
0.00319379
-780
-0.0168321
192
0.00414329
618
0.0133362
118
0.0025464
-755
-0.0162926
84
0.00181269
-542
-0.0116962
64
0.0013811
1561
0.0336858
47
0.00101424
-147
-0.00317221
122
0.00263271
688
0.0148468
-108
-0.0023306
810
0.0174795
83
0.00179111
-417
-0.00899871
-275
-0.0059344
-168
-0.00362538
-5
-0.000107898
148
0.00319379
226
0.004877
-314
-0.006776
149
0.00321536
-74
-0.00159689
-59
-0.0012732
298
0.00643073
67
0.00144584
202
0.00435909
25
0.000539491
-76
-0.00164005
-198
-0.00427277
300
0.00647389
-143
-0.00308589
-714
-0.0154079
490
0.010574
-287
-0.00619335
12
0.000258956
-1219
-0.0263056
-112
-0.00241692
-482
-0.0104014
-196
-0.00422961
-452
-0.00975399
-301
-0.00649547
1132
0.0244281
-160
-0.00345274
233
0.00502805
-372
-0.00802762
278
0.00599914
-34
-0.000733707
-781
-0.0168537
165
0.00356064
-408
-0.00880449
-150
-0.00323694
-606
-0.0130773
95
0.00205006
-1090
-0.0235218
120
0.00258956
-559
-0.012063
304
0.00656021
666
0.014372
235
0.00507121
-207
-0.00446698
39
0.000841606
-100
-0.00215796
142
0.00306431
-554
-0.0119551
4
8.63185e-05
853
0.0184074
177
0.00381959
1235
0.0266508
380
0.00820026
-779
-0.0168105
-61
-0.00131636
280
0.0060423
-41
-0.000884765
-145
-0.00312905
-252
-0.00543807
132
0.00284851
-83
-0.00179111
-294
-0.00634441
93
0.00200691
-916
-0.0197669
-181
-0.00390591
37
0.000798446
-2
-4.31593e-05
-316
-0.00681916
228
0.00492016
-78
-0.00168321
60
0.00129478
-132
-0.00284851
277
0.00597756
-781
-0.0168537
-360
-0.00776867
601
0.0129694
64
0.0013811
-546
-0.0117825
-161
-0.00347432
1373
0.0296288
314
0.006776
437
0.0094303
-12
-0.000258956
383
0.008265
-115
-0.00248166
-372
-0.00802762
-272
-0.00586966
-392
-0.00845921
-117
-0.00252482
249
0.00537333
-149
-0.00321536
798
0.0172205
-70
-0.00151057
-1083
-0.0233707
-174
-0.00375486
87
0.00187743
266
0.00574018
-758
-0.0163574
166
0.00358222
-586
-0.0126457
404
0.00871817
-446
-0.00962451
162
0.0034959
145
0.00312905
-28
-0.00060423
301
0.00649547
-101
-0.00217954
730
0.0157531
11
0.000237376
-258
-0.00556754
-355
-0.00766077
24
0.000517911
91
0.00196375
61
0.00131636
158
0.00340958
-134
-0.00289167
-55
-0.00118688
834
0.0179974
-301
-0.00649547
-322
-0.00694864
204
0.00440224
533
0.0115019
-272
-0.00586966
790
0.0170479
-110
-0.00237376
387
0.00835132
-133
-0.00287009
768
0.0165732
364
0.00785498
122
0.00263271
-53
-0.00114372
563
0.0121493
-243
-0.00524385
311
0.00671126
-84
-0.00181269
-140
-0.00302115
369
0.00796288
-750
-0.0161847
29
0.000625809
-146
-0.00315063
-63
-0.00135952
482
0.0104014
-65
-0.00140268
177
0.00381959
191
0.00412171
144
0.00310747
192
0.00414329
-40
-0.000863185
-312
-0.00673284
1
2.15796e-05
-133
-0.00287009
369
0.00796288
217
0.00468278
-923
-0.019918
164
0.00353906
486
0.0104877
-108
-0.0023306
401
0.00865343
14
0.000302115
-1188
-0.0256366
-188
-0.00405697
-213
-0.00459646
91
0.00196375
145
0.00312905
-69
-0.00148899
265
0.0057186
-95
-0.00205006
-1058
-0.0228312
-436
-0.00940872
1210
0.0261114
292
0.00630125
-101
-0.00217954
73
0.00157531
-313
-0.00675442
59
0.0012732
794
0.0171342
65
0.00140268
175
0.00377644
-265
-0.0057186
1120
0.0241692
88
0.00189901
384
0.00828658
-217
-0.00468278
207
0.00446698
1
2.15796e-05
72
0.00155373
205
0.00442382
798
0.0172205
-250
-0.00539491
279
0.00602072
-78
-0.00168321
-25
-0.000539491
58
0.00125162
995
0.0214717
-326
-0.00703496
-51
-0.00110056
-42
-0.000906344
-149
-0.00321536
179
0.00386275
-119
-0.00256798
-96
-0.00207164
-642
-0.0138541
208
0.00448856
36
0.000776867
153
0.00330168
1800
0.0388433
-347
-0.00748813
1128
0.0243418
-203
-0.00438066
-211
-0.0045533
-48
-0.00103582
38
0.000820026
-113
-0.0024385
388
0.0083729
-69
-0.00148899
-521
-0.011243
97
0.00209322
789
0.0170263
-246
-0.00530859
-686
-0.0148036
31
0.000668968
-303
-0.00653863
140
0.00302115
854
0.018429
128
0.00276219
-172
-0.0037117
-6
-0.000129478
-440
-0.00949504
-66
-0.00142426
-247
-0.00533017
-395
-0.00852395
-157
-0.003388
-112
-0.00241692
-362
-0.00781183
-76
-0.00164005
-891
-0.0192274
-52
-0.00112214
168
0.00362538
249
0.00537333
128
0.00276219
75
0.00161847
-882
-0.0190332
172
0.0037117
628
0.013552
276
0.00595598
-404
-0.00871817
-436
-0.00940872
479
0.0103366
401
0.00865343
-65
-0.00140268
-62
-0.00133794
-1750
-0.0377644
187
0.00403539
507
0.0109409
-207
-0.00446698
1058
0.0228312
-220
-0.00474752
79
0.00170479
-224
-0.00483384
-479
-0.0103366
366
0.00789814
-1306
-0.028183
-190
-0.00410013
765
0.0165084
215
0.00463962
-155
-0.00334484
107
0.00230902
-786
-0.0169616
208
0.00448856
57
0.00123004
-285
-0.00615019
-899
-0.0194001
109
0.00235218
750
0.0161847
42
0.000906344
-13
-0.000280535
50
0.00107898
1013
0.0218602
-59
-0.0012732
-67
-0.00144584
3
6.47389e-05
-267
-0.00576176
-61
-0.00131636
-704
-0.0151921
198
0.00427277
-863
-0.0186232
197
0.00425119
486
0.0104877
26
0.00056107
-780
-0.0168321
-341
-0.00735865
349
0.00753129
150
0.00323694
-30
-0.000647389
128
0.00276219
16
0.000345274
61
0.00131636
652
0.0140699
-268
-0.00578334
88
0.00189901
-5
-0.000107898
-267
-0.00576176
79
0.00170479
638
0.0137678
-94
-0.00202849
233
0.00502805
-59
-0.0012732
563
0.0121493
-290
-0.00625809
395
0.00852395
235
0.00507121
-790
-0.0170479
61
0.00131636
-896
-0.0193353
108
0.0023306
164
0.00353906
344
0.00742339
10
0.000215796
-206
-0.0044454
-8
-0.000172637
-75
-0.00161847
221
0.0047691
123
0.00265429
-153
-0.00330168
-389
-0.00839448
426
0.00919292
354
0.00763919
-256
-0.00552438
-447
-0.00964609
-1265
-0.0272982
-25
-0.000539491
636
0.0137246
-3
-6.47389e-05
-1842
-0.0397497
-11
-0.000237376
289
0.00623651
-433
-0.00934398
-752
-0.0162279
53
0.00114372
-44
-0.000949504
120
0.00258956
766
0.01653
-190
-0.00410013
-637
-0.0137462
5
0.000107898
-1137
-0.024536
527
0.0113725
-195
-0.00420803
6
0.000129478
-222
-0.00479068
-343
-0.00740181
723
0.0156021
-106
-0.00228744
-512
-0.0110488
-102
-0.00220112
72
0.00155373
-182
-0.00392749
78
0.00168321
152
0.0032801
299
0.00645231
-88
-0.00189901
215
0.00463962
-199
-0.00429435
158
0.00340958
42
0.000906344
-336
-0.00725076
-30
-0.000647389
473
0.0102072
170
0.00366854
158
0.00340958
17
0.000366854
682
0.0147173
209
0.00451014
451
0.00973241
256
0.00552438
-341
-0.00735865
24
0.000517911
-177
-0.00381959
148
0.00319379
-1230
-0.0265429
-437
-0.0094303
-296
-0.00638757
-72
-0.00155373
-946
-0.0204143
267
0.00576176
-1134
-0.0244713
116
0.00250324
265
0.0057186
263
0.00567544
-890
-0.0192059
131
0.00282693
814
0.0175658
46
0.000992663
-707
-0.0152568
145
0.00312905
200
0.00431593
161
0.00347432
-543
-0.0117177
-62
-0.00133794
655
0.0141347
317
0.00684074
-90
-0.00194217
201
0.00433751
296
0.00638757
60
0.00129478
-496
-0.0107035
50
0.00107898
896
0.0193353
180
0.00388433
330
0.00712128
-163
-0.00351748
618
0.0133362
-67
-0.00144584
-64
-0.0013811
36
0.000776867
677
0.0146094
301
0.00649547
-480
-0.0103582
270
0.0058265
143
0.00308589
63
0.00135952
-428
-0.00923608
-85
-0.00183427
-1111
-0.023975
57
0.00123004
-596
-0.0128615
-258
-0.00556754
532
0.0114804
279
0.00602072
93
0.00200691
26
0.00056107
1695
0.0365775
-377
-0.00813552
687
0.0148252
-19
-0.000410013
402
0.00867501
27
0.00058265
-347
-0.00748813
51
0.00110056
209
0.00451014
-12
-0.000258956
-508
-0.0109625
-198
-0.00427277
9
0.000194217
-712
-0.0153647
-469
-0.0101208
-23
-0.000496331
62
0.00133794
-66
-0.00142426
-164
-0.00353906
-63
-0.00135952
-1415
-0.0305352
-252
-0.00543807
206
0.0044454
-323
-0.00697022
-352
-0.00759603
224
0.00483384
-1353
-0.0291972
465
0.0100345
226
0.004877
-179
-0.00386275
510
0.0110056
36
0.000776867
-133
-0.00287009
-11
-0.000237376
522
0.0112646
193
0.00416487
-171
-0.00369012
66
0.00142426
66
0.00142426
-297
-0.00640915
-96
-0.00207164
-235
-0.00507121
340
0.00733707
390
0.00841606
43
0.000927924
-107
-0.00230902
-254
-0.00548123
98
0.0021148
-1527
-0.0329521
2
4.31593e-05
-349
-0.00753129
83
0.00179111
-284
-0.00612861
86
0.00185585
122
0.00263271
-109
-0.00235218
228
0.00492016
-116
-0.00250324
598
0.0129046
-93
-0.00200691
1163
0.0250971
-261
-0.00563228
576
0.0124299
95
0.00205006
206
0.0044454
-26
-0.00056107
-605
-0.0130557
-313
-0.00675442
-630
-0.0135952
-54
-0.0011653
801
0.0172853
167
0.0036038
462
0.00996979
-322
-0.00694864
-312
-0.00673284
194
0.00418645
710
0.0153215
-333
-0.00718602
178
0.00384117
-119
-0.00256798
841
0.0181485
158
0.00340958
-142
-0.00306431
-61
-0.00131636
-331
-0.00714286
-223
-0.00481226
818
0.0176521
-260
-0.0056107
-344
-0.00742339
-40
-0.000863185
-157
-0.003388
-200
-0.00431593
-182
-0.00392749
84
0.00181269
-344
-0.00742339
-130
-0.00280535
423
0.00912818
-181
-0.00390591
593
0.0127967
227
0.00489858
-935
-0.020177
-169
-0.00364696
119
0.00256798
0
0
174
0.00375486
-21
-0.000453172
249
0.00537333
-288
-0.00621493
40
0.000863185
148
0.00319379
-195
-0.00420803
323
0.00697022
411
0.00886923
-80
-0.00172637
-962
-0.0207596
109
0.00235218
-1026
-0.0221407
-506
-0.0109193
290
0.00625809
-346
-0.00746655
244
0.00526543
78
0.00168321
313
0.00675442
-61
-0.00131636
526
0.0113509
368
0.0079413
122
0.00263271
127
0.00274061
-308
-0.00664653
-207
-0.00446698
-1053
-0.0227233
-252
-0.00543807
771
0.0166379
-405
-0.00873975
-52
-0.00112214
167
0.0036038
177
0.00381959
94
0.00202849
-189
-0.00407855
-321
-0.00692706
-386
-0.00832974
-409
-0.00882607
-383
-0.008265
169
0.00364696
80
0.00172637
-129
-0.00278377
376
0.00811394
191
0.00412171
-85
-0.00183427
188
0.00405697
370
0.00798446
400
0.00863185
290
0.00625809
-44
-0.000949504
-211
-0.0045533
156
0.00336642
-243
-0.00524385
-239
-0.00515753
97
0.00209322
-212
-0.00457488
639
0.0137894
-481
-0.0103798
-634
-0.0136815
87
0.00187743
364
0.00785498
38
0.000820026
28
0.00060423
-211
-0.0045533
375
0.00809236
-84
-0.00181269
-561
-0.0121062
327
0.00705654
332
0.00716444
-396
-0.00854553
560
0.0120846
244
0.00526543
336
0.00725076
-415
-0.00895555
201
0.00433751
-3
-6.47389e-05
-31
-0.000668968
-207
-0.00446698
-602
-0.0129909
-256
-0.00552438
-719
-0.0155158
-209
-0.00451014
539
0.0116314
-465
-0.0100345
-302
-0.00651705
-303
-0.00653863
1045
0.0225507
-311
-0.00671126
-12
-0.000258956
229
0.00494174
706
0.0152352
166
0.00358222
431
0.00930082
-370
-0.00798446
-231
-0.00498489
-134
-0.00289167
-286
-0.00617177
-191
-0.00412171
-222
-0.00479068
-208
-0.00448856
684
0.0147605
-248
-0.00535175
-435
-0.00938714
-276
-0.00595598
-486
-0.0104877
64
0.0013811
-161
-0.00347432
-54
-0.0011653
633
0.0136599
183
0.00394907
-370
-0.00798446
310
0.00668968
-708
-0.0152784
186
0.00401381
262
0.00565386
-40
-0.000863185
-315
-0.00679758
86
0.00185585
-451
-0.00973241
-251
-0.00541649
-246
-0.00530859
-219
-0.00472594
-396
-0.00854553
130
0.00280535
-494
-0.0106603
153
0.00330168
59
0.0012732
3
6.47389e-05
-932
-0.0201122
62
0.00133794
209
0.00451014
143
0.00308589
-406
-0.00876133
49
0.0010574
184
0.00397065
0
0
-222
-0.00479068
72
0.00155373
-199
-0.00429435
227
0.00489858
-446
-0.00962451
125
0.00269745
204
0.00440224
30
0.000647389
-547
-0.0118041
110
0.00237376
519
0.0111998
261
0.00563228
-95
-0.00205006
313
0.00675442
974
0.0210186
-234
-0.00504963
-1304
-0.0281398
55
0.00118688
-51
-0.00110056
176
0.00379801
-522
-0.0112646
26
0.00056107
176
0.00379801
-8
-0.000172637
324
0.0069918
148
0.00319379
-148
-0.00319379
341
0.00735865
645
0.0139189
197
0.00425119
1271
0.0274277
312
0.00673284
-266
-0.00574018
-337
-0.00727233
113
0.0024385
-7
-0.000151057
1143
0.0246655
10
0.000215796
-548
-0.0118256
-249
-0.00537333
233
0.00502805
137
0.00295641
-61
-0.00131636
-209
-0.00451014
-80
-0.00172637
-80
-0.00172637
716
0.015451
-242
-0.00522227
-111
-0.00239534
-66
-0.00142426
-628
-0.013552
-91
-0.00196375
75
0.00161847
-293
-0.00632283
738
0.0159258
-29
-0.000625809
123
0.00265429
-15
-0.000323694
-426
-0.00919292
-6
-0.000129478
103
0.0022227
214
0.00461804
1229
0.0265214
-383
-0.008265
-27
-0.00058265
274
0.00591282
769
0.0165947
14
0.000302115
839
0.0181053
101
0.00217954
679
0.0146526
62
0.00133794
-183
-0.00394907
52
0.00112214
320
0.00690548
62
0.00133794
-414
-0.00893397
-147
-0.00317221
271
0.00584808
93
0.00200691
-714
-0.0154079
-85
-0.00183427
375
0.00809236
176
0.00379801
-597
-0.012883
153
0.00330168
261
0.00563228
220
0.00474752
-1150
-0.0248166
284
0.00612861
886
0.0191196
1
2.15796e-05
758
0.0163574
74
0.00159689
1145
0.0247087
-239
-0.00515753
180
0.00388433
188
0.00405697
-201
-0.00433751
-230
-0.00496331
899
0.0194001
93
0.00200691
-262
-0.00565386
-235
-0.00507121
227
0.00489858
132
0.00284851
302
0.00651705
177
0.00381959
213
0.00459646
27
0.00058265
384
0.00828658
59
0.0012732
-611
-0.0131852
-77
-0.00166163
-133
-0.00287009
123
0.00265429
1188
0.0256366
-421
-0.00908502
-130
-0.00280535
-9
-0.000194217
257
0.00554596
-7
-0.000151057
563
0.0121493
177
0.00381959
-301
-0.00649547
166
0.00358222
602
0.0129909
-78
-0.00168321
-705
-0.0152136
-57
-0.00123004
-470
-0.0101424
48
0.00103582
-54
-0.0011653
56
0.00120846
923
0.019918
-172
-0.0037117
-30
-0.000647389
-156
-0.00336642
1225
0.026435
234
0.00504963
-782
-0.0168753
122
0.00263271
-597
-0.012883
-172
-0.0037117
1321
0.0285067
88
0.00189901
15
0.000323694
210
0.00453172
299
0.00645231
-298
-0.00643073
957
0.0206517
77
0.00166163
-363
-0.00783341
45
0.000971083
-223
-0.00481226
-100
-0.00215796
-520
-0.0112214
-141
-0.00304273
-342
-0.00738023
-8
-0.000172637
-267
-0.00576176
175
0.00377644
-453
-0.00977557
122
0.00263271
1049
0.022637
35
0.000755287
-825
-0.0178032
48
0.00103582
168
0.00362538
-170
-0.00366854
381
0.00822184
84
0.00181269
-52
-0.00112214
-36
-0.000776867
-829
-0.0178895
104
0.00224428
-705
-0.0152136
514
0.0110919
538
0.0116098
-232
-0.00500647
-106
-0.00228744
-340
-0.00733707
-284
-0.00612861
387
0.00835132
-413
-0.00891239
-85
-0.00183427
88
0.00189901
-14
-0.000302115
-271
-0.00584808
-498
-0.0107467
380
0.00820026
123
0.00265429
-232
-0.00500647
-49
-0.0010574
-56
-0.00120846
-320
-0.00690548
314
0.006776
-19
-0.000410013
35
0.000755287
85
0.00183427
162
0.0034959
-20
-0.000431593
933
0.0201338
-36
-0.000776867
-554
-0.0119551
-164
-0.00353906
485
0.0104661
100
0.00215796
1429
0.0308373
437
0.0094303
-240
-0.00517911
-64
-0.0013811
-909
-0.0196159
193
0.00416487
704
0.0151921
186
0.00401381
-73
-0.00157531
67
0.00144584
-740
-0.0159689
-62
-0.00133794
150
0.00323694
177
0.00381959
7
0.000151057
10
0.000215796
-192
-0.00414329
46
0.000992663
251
0.00541649
18
0.000388433
75
0.00161847
109
0.00235218
623
0.0134441
120
0.00258956
830
0.0179111
-139
-0.00299957
-951
-0.0205222
287
0.00619335
-645
-0.0139189
-7
-0.000151057
9
0.000194217
-193
-0.00416487
163
0.00351748
292
0.00630125
-476
-0.0102719
-193
-0.00416487
623
0.0134441
110
0.00237376
-275
-0.0059344
-104
-0.00224428
874
0.0188606
1
2.15796e-05
162
0.0034959
-244
-0.00526543
-75
-0.00161847
274
0.00591282
42
0.000906344
-183
-0.00394907
-68
-0.00146741
159
0.00343116
240
0.00517911
-156
-0.00336642
402
0.00867501
130
0.00280535
-1251
-0.0269961
-33
-0.000712128
-1362
-0.0293915
167
0.0036038
-168
-0.00362538
-97
-0.00209322
227
0.00489858
-35
-0.000755287
-1308
-0.0282262
-194
-0.00418645
-476
-0.0102719
-81
-0.00174795
-256
-0.00552438
-131
-0.00282693
-255
-0.00550281
-35
-0.000755287
523
0.0112861
-207
-0.00446698
-844
-0.0182132
162
0.0034959
56
0.00120846
-164
-0.00353906
384
0.00828658
-292
-0.00630125
107
0.00230902
-9
-0.000194217
-655
-0.0141347
-227
-0.00489858
114
0.00246008
154
0.00332326
26
0.00056107
104
0.00224428
952
0.0205438
-25
-0.000539491
288
0.00621493
33
0.000712128
542
0.0116962
50
0.00107898
1391
0.0300173
-173
-0.00373328
-205
-0.00442382
282
0.00608546
54
0.0011653
-304
-0.00656021
124
0.00267587
-195
-0.00420803
-677
-0.0146094
192
0.00414329
-609
-0.013142
75
0.00161847
1362
0.0293915
42
0.000906344
-542
-0.0116962
36
0.000776867
-467
-0.0100777
317
0.00684074
-462
-0.00996979
-174
-0.00375486
-396
-0.00854553
-209
-0.00451014
-1338
-0.0288735
-196
-0.00422961
765
0.0165084
218
0.00470436
511
0.0110272
-205
-0.00442382
140
0.00302115
157
0.003388
-938
-0.0202417
236
0.00509279
804
0.01735
-156
-0.00336642
-1049
-0.022637
55
0.00118688
795
0.0171558
-76
-0.00164005
-624
-0.0134657
-92
-0.00198533
595
0.0128399
62
0.00133794
997
0.0215149
41
0.000884765
212
0.00457488
-10
-0.000215796
-910
-0.0196375
-101
-0.00217954
58
0.00125162
3
6.47389e-05
-1156
-0.0249461
61
0.00131636
-1100
-0.0237376
199
0.00429435
486
0.0104877
-86
-0.00185585
-678
-0.014631
-101
-0.00217954
802
0.0173069
-111
-0.00239534
626
0.0135088
58
0.00125162
4
8.63185e-05
311
0.00671126
538
0.0116098
18
0.000388433
341
0.00735865
296
0.00638757
524
0.0113077
108
0.0023306
138
0.00297799
84
0.00181269
446
0.00962451
-235
-0.00507121
-135
-0.00291325
-342
-0.00738023
-617
-0.0133146
-135
-0.00291325
-921
-0.0198748
-28
-0.00060423
1256
0.027104
-155
-0.00334484
-911
-0.019659
220
0.00474752
485
0.0104661
-228
-0.00492016
-431
-0.00930082
-96
-0.00207164
10
0.000215796
-34
-0.000733707
-80
-0.00172637
28
0.00060423
444
0.00958136
-108
-0.0023306
-335
-0.00722918
-22
-0.000474752
-253
-0.00545965
-282
-0.00608546
240
0.00517911
-84
-0.00181269
-349
-0.00753129
-539
-0.0116314
169
0.00364696
162
0.0034959
445
0.00960293
406
0.00876133
685
0.014782
90
0.00194217
313
0.00675442
-506
-0.0109193
569
0.0122788
266
0.00574018
-733
-0.0158179
124
0.00267587
574
0.0123867
-3
-6.47389e-05
-387
-0.00835132
-153
-0.00330168
852
0.0183858
347
0.00748813
-400
-0.00863185
-64
-0.0013811
936
0.0201985
272
0.00586966
-659
-0.014221
226
0.004877
747
0.01612
43
0.000927924
517
0.0111567
87
0.00187743
-174
-0.00375486
202
0.00435909
-553
-0.0119335
-236
-0.00509279
214
0.00461804
455
0.00981873
77
0.00166163
133
0.00287009
639
0.0137894
433
0.00934398
-329
-0.0070997
184
0.00397065
-160
-0.00345274
-44
-0.000949504
399
0.00861027
352
0.00759603
-90
-0.00194217
-76
-0.00164005
-327
-0.00705654
130
0.00280535
965
0.0208243
-122
-0.00263271
925
0.0199612
275
0.0059344
20
0.000431593
383
0.008265
331
0.00714286
-109
-0.00235218
181
0.00390591
122
0.00263271
-325
-0.00701338
-315
-0.00679758
87
0.00187743
-85
-0.00183427
-40
-0.000863185
62
0.00133794
565
0.0121925
221
0.0047691
467
0.0100777
173
0.00373328
-220
-0.00474752
-164
-0.00353906
1066
0.0230039
399
0.00861027
26
0.00056107
-4
-8.63185e-05
655
0.0141347
42
0.000906344
315
0.00679758
-112
-0.00241692
-1239
-0.0267372
-37
-0.000798446
540
0.011653
106
0.00228744
-143
-0.00308589
374
0.00807078
-884
-0.0190764
-69
-0.00148899
-526
-0.0113509
446
0.00962451
554
0.0119551
-16
-0.000345274
-471
-0.010164
-77
-0.00166163
178
0.00384117
-194
-0.00418645
-412
-0.00889081
243
0.00524385
-833
-0.0179758
434
0.00936556
-1099
-0.023716
-30
-0.000647389
276
0.00595598
35
0.000755287
-223
-0.00481226
87
0.00187743
-223
-0.00481226
298
0.00643073
-629
-0.0135736
214
0.00461804
833
0.0179758
60
0.00129478
-439
-0.00947346
-125
-0.00269745
-290
-0.00625809
213
0.00459646
-1516
-0.0327147
-114
-0.00246008
-164
-0.00353906
48
0.00103582
-384
-0.00828658
77
0.00166163
27
0.00058265
-245
-0.00528701
-233
-0.00502805
-258
-0.00556754
621
0.0134009
14
0.000302115
916
0.0197669
126
0.00271903
753
0.0162495
27
0.00058265
-1015
-0.0219033
-139
-0.00299957
-801
-0.0172853
-295
-0.00636599
-412
-0.00889081
-83
-0.00179111
-119
-0.00256798
177
0.00381959
-149
-0.00321536
155
0.00334484
452
0.00975399
64
0.0013811
-182
-0.00392749
211
0.0045533
-477
-0.0102935
-32
-0.000690548
698
0.0150626
109
0.00235218
-73
-0.00157531
214
0.00461804
-500
-0.0107898
-1
-2.15796e-05
167
0.0036038
-69
-0.00148899
-476
-0.0102719
120
0.00258956
545
0.0117609
328
0.00707812
1345
0.0290246
-210
-0.00453172
612
0.0132067
-24
-0.000517911
-443
-0.00955978
-39
-0.000841606
-873
-0.018839
-323
-0.00697022
-329
-0.0070997
-89
-0.00192059
753
0.0162495
88
0.00189901
-222
-0.00479068
-310
-0.00668968
213
0.00459646
-134
-0.00289167
371
0.00800604
3
6.47389e-05
917
0.0197885
84
0.00181269
41
0.000884765
-12
-0.000258956
-39
-0.000841606
76
0.00164005
261
0.00563228
-143
-0.00308589
955
0.0206085
438
0.00945188
-449
-0.00968925
134
0.00289167
763
0.0164653
233
0.00502805
918
0.0198101
231
0.00498489
318
0.00686232
-53
-0.00114372
414
0.00893397
-166
-0.00358222
757
0.0163358
-15
-0.000323694
708
0.0152784
85
0.00183427
-620
-0.0133794
-16
-0.000345274
-408
-0.00880449
136
0.00293483
-170
-0.00366854
-234
-0.00504963
-434
-0.00936556
23
0.000496331
93
0.00200691
62
0.00133794
172
0.0037117
23
0.000496331
-898
-0.0193785
-119
-0.00256798
-327
-0.00705654
62
0.00133794
342
0.00738023
493
0.0106388
108
0.0023306
114
0.00246008
-196
-0.00422961
-112
-0.00241692
-415
-0.00895555
-188
-0.00405697
109
0.00235218
-9
-0.000194217
370
0.00798446
-217
-0.00468278
-496
-0.0107035
-142
-0.00306431
432
0.0093224
269
0.00580492
-121
-0.00261114
-1
-2.15796e-05
418
0.00902028
116
0.00250324
-542
-0.0116962
77
0.00166163
220
0.00474752
-313
-0.00675442
30
0.000647389
-144
-0.00310747
-359
-0.00774709
-161
-0.00347432
-556
-0.0119983
203
0.00438066
1262
0.0272335
174
0.00375486
-581
-0.0125378
-309
-0.00666811
-192
-0.00414329
93
0.00200691
115
0.00248166
238
0.00513595
666
0.014372
48
0.00103582
-338
-0.00729391
-87
-0.00187743
-806
-0.0173932
110
0.00237376
29
0.000625809
-168
-0.00362538
-1254
-0.0270609
129
0.00278377
-591
-0.0127536
164
0.00353906
170
0.00366854
-38
-0.000820026
417
0.00899871
-174
-0.00375486
-111
-0.00239534
-62
-0.00133794
-418
-0.00902028
-554
-0.0119551
-162
-0.0034959
-154
-0.00332326
433
0.00934398
-46
-0.000992663
-56
-0.00120846
758
0.0163574
-772
-0.0166595
-135
-0.00291325
11
0.000237376
31
0.000668968
415
0.00895555
-134
-0.00289167
-177
-0.00381959
-152
-0.0032801
132
0.00284851
-145
-0.00312905
-15
-0.000323694
148
0.00319379
1506
0.0324989
-346
-0.00746655
-66
-0.00142426
35
0.000755287
-377
-0.00813552
-112
-0.00241692
-722
-0.0155805
-400
-0.00863185
-223
-0.00481226
5
0.000107898
-500
-0.0107898
-81
-0.00174795
259
0.00558912
253
0.00545965
690
0.0148899
-52
-0.00112214
-677
-0.0146094
568
0.0122572
-466
-0.0100561
274
0.00591282
-454
-0.00979715
172
0.0037117
-255
-0.00550281
63
0.00135952
449
0.00968925
-46
-0.000992663
90
0.00194217
112
0.00241692
-372
-0.00802762
119
0.00256798
136
0.00293483
-47
-0.00101424
-905
-0.0195296
254
0.00548123
528
0.011394
69
0.00148899
548
0.0118256
152
0.0032801
651
0.0140483
247
0.00533017
1149
0.024795
-65
-0.00140268
-41
-0.000884765
194
0.00418645
122
0.00263271
109
0.00235218
488
0.0105309
18
0.000388433
-1122
-0.0242123
-250
-0.00539491
-761
-0.0164221
-20
-0.000431593
-320
-0.00690548
-37
-0.000798446
-860
-0.0185585
-79
-0.00170479
1614
0.0348295
150
0.00323694
1077
0.0232413
-104
-0.00224428
-200
-0.00431593
-240
-0.00517911
409
0.00882607
-223
-0.00481226
-964
-0.0208028
33
0.000712128
147
0.00317221
-355
-0.00766077
-113
-0.0024385
-121
-0.00261114
-66
-0.00142426
-108
-0.0023306
-514
-0.0110919
-73
-0.00157531
-948
-0.0204575
-109
-0.00235218
-1189
-0.0256582
-449
-0.00968925
591
0.0127536
194
0.00418645
-29
-0.000625809
357
0.00770393
85
0.00183427
-136
-0.00293483
470
0.0101424
174
0.00375486
762
0.0164437
116
0.00250324
223
0.00481226
317
0.00684074
174
0.00375486
-174
-0.00375486
-466
-0.0100561
130
0.00280535
-95
-0.00205006
-189
-0.00407855
425
0.00917134
-244
-0.00526543
-431
-0.00930082
-21
-0.000453172
498
0.0107467
-148
-0.00319379
762
0.0164437
-255
-0.00550281
299
0.00645231
-13
-0.000280535
185
0.00399223
27
0.00058265
-1410
-0.0304273
69
0.00148899
-312
-0.00673284
-111
-0.00239534
-917
-0.0197885
-40
-0.000863185
-1156
-0.0249461
-228
-0.00492016
-1052
-0.0227018
300
0.00647389
620
0.0133794
213
0.00459646
-1138
-0.0245576
-275
-0.0059344
368
0.0079413
39
0.000841606
-700
-0.0151057
-44
-0.000949504
-493
-0.0106388
-138
-0.00297799
182
0.00392749
-29
-0.000625809
-702
-0.0151489
-245
-0.00528701
-899
-0.0194001
-51
-0.00110056
777
0.0167674
268
0.00578334
-634
-0.0136815
-242
-0.00522227
-525
-0.0113293
81
0.00174795
-343
-0.00740181
121
0.00261114
-824
-0.0177816
-199
-0.00429435
598
0.0129046
-162
-0.0034959
933
0.0201338
-77
-0.00166163
432
0.0093224
21
0.000453172
920
0.0198533
176
0.00379801
-87
-0.00187743
78
0.00168321
1107
0.0238886
-211
-0.0045533
416
0.00897713
139
0.00299957
-506
-0.0109193
-1
-2.15796e-05
71
0.00153215
63
0.00135952
-11
-0.000237376
133
0.00287009
1659
0.0358006
-2
-4.31593e-05
254
0.00548123
93
0.00200691
316
0.00681916
-201
-0.00433751
245
0.00528701
134
0.00289167
1124
0.0242555
-34
-0.000733707
735
0.015861
-197
-0.00425119
857
0.0184937
180
0.00388433
-155
-0.00334484
-323
-0.00697022
376
0.00811394
182
0.00392749
152
0.0032801
-233
-0.00502805
-477
-0.0102935
147
0.00317221
-708
-0.0152784
-368
-0.0079413
-533
-0.0115019
277
0.00597756
-593
-0.0127967
74
0.00159689
587
0.0126672
208
0.00448856
-824
-0.0177816
-40
-0.000863185
-201
-0.00433751
36
0.000776867
-16
-0.000345274
-35
-0.000755287
197
0.00425119
128
0.00276219
766
0.01653
-22
-0.000474752
16
0.000345274
-15
-0.000323694
315
0.00679758
-63
-0.00135952
689
0.0148684
-17
-0.000366854
-18
-0.000388433
-294
-0.00634441
-559
-0.012063
-123
-0.00265429
706
0.0152352
-34
-0.000733707
355
0.00766077
76
0.00164005
-1040
-0.0224428
-83
-0.00179111
413
0.00891239
52
0.00112214
1024
0.0220975
126
0.00271903
-96
-0.00207164
434
0.00936556
-1166
-0.0251618
-387
-0.00835132
-458
-0.00988347
43
0.000927924
240
0.00517911
48
0.00103582
-552
-0.011912
-103
-0.0022227
69
0.00148899
-489
-0.0105524
-627
-0.0135304
-113
-0.0024385
468
0.0100993
-316
-0.00681916
505
0.0108977
65
0.00140268
-1200
-0.0258956
-37
-0.000798446
-800
-0.0172637
8
0.000172637
-839
-0.0181053
-77
-0.00166163
-479
-0.0103366
190
0.00410013
573
0.0123651
-64
-0.0013811
489
0.0105524
-171
-0.00369012
562
0.0121278
139
0.00299957
294
0.00634441
256
0.00552438
-969
-0.0209107
-240
-0.00517911
-406
-0.00876133
88
0.00189901
-523
-0.0112861
-168
-0.00362538
312
0.00673284
-423
-0.00912818
-240
-0.00517911
-60
-0.00129478
-823
-0.01776
359
0.00774709
643
0.0138757
-419
-0.00904186
-37
-0.000798446
149
0.00321536
365
0.00787656
-51
-0.00110056
155
0.00334484
473
0.0102072
-534
-0.0115235
-55
-0.00118688
-165
-0.00356064
1
2.15796e-05
9
0.000194217
-42
-0.000906344
375
0.00809236
21
0.000453172
16
0.000345274
-138
-0.00297799
292
0.00630125
-155
-0.00334484
-544
-0.0117393
31
0.000668968
102
0.00220112
-120
-0.00258956
552
0.011912
195
0.00420803
623
0.0134441
304
0.00656021
-188
-0.00405697
-336
-0.00725076
-1524
-0.0328874
-66
-0.00142426
-563
-0.0121493
-192
-0.00414329
-945
-0.0203927
118
0.0025464
629
0.0135736
26
0.00056107
150
0.00323694
-133
-0.00287009
175
0.00377644
86
0.00185585
-150
-0.00323694
-168
-0.00362538
122
0.00263271
-249
-0.00537333
751
0.0162063
453
0.00977557
724
0.0156237
-164
-0.00353906
-717
-0.0154726
-112
-0.00241692
-72
-0.00155373
-97
-0.00209322
264
0.00569702
3
6.47389e-05
841
0.0181485
2
4.31593e-05
56
0.00120846
202
0.00435909
903
0.0194864
236
0.00509279
-951
-0.0205222
133
0.00287009
1427
0.0307941
72
0.00155373
-127
-0.00274061
20
0.000431593
-698
-0.0150626
134
0.00289167
-148
-0.00319379
247
0.00533017
-200
-0.00431593
308
0.00664653
-571
-0.012322
104
0.00224428
-169
-0.00364696
19
0.000410013
11
0.000237376
13
0.000280535
35
0.000755287
2
4.31593e-05
570
0.0123004
318
0.00686232
-1289
-0.0278161
-122
-0.00263271
609
0.013142
-44
-0.000949504
477
0.0102935
-274
-0.00591282
332
0.00716444
-4
-8.63185e-05
-125
-0.00269745
85
0.00183427
-373
-0.0080492
-185
-0.00399223
-771
-0.0166379
12
0.000258956
781
0.0168537
93
0.00200691
864
0.0186448
204
0.00440224
366
0.00789814
-453
-0.00977557
-389
-0.00839448
95
0.00205006
-898
-0.0193785
413
0.00891239
-518
-0.0111782
277
0.00597756
50
0.00107898
141
0.00304273
-790
-0.0170479
-211
-0.0045533
-98
-0.0021148
253
0.00545965
-366
-0.00789814
-262
-0.00565386
246
0.00530859
-195
-0.00420803
1834
0.039577
-10
-0.000215796
-804
-0.01735
123
0.00265429
842
0.01817
-214
-0.00461804
606
0.0130773
100
0.00215796
-1421
-0.0306647
-87
-0.00187743
-947
-0.0204359
-65
-0.00140268
209
0.00451014
-156
-0.00336642
-623
-0.0134441
-103
-0.0022227
-814
-0.0175658
-122
-0.00263271
-386
-0.00832974
176
0.00379801
387
0.00835132
528
0.011394
780
0.0168321
289
0.00623651
-518
-0.0111782
320
0.00690548
864
0.0186448
229
0.00494174
918
0.0198101
-53
-0.00114372
-570
-0.0123004
108
0.0023306
234
0.00504963
128
0.00276219
-100
-0.00215796
-222
-0.00479068
387
0.00835132
28
0.00060423
56
0.00120846
-145
-0.00312905
-458
-0.00988347
61
0.00131636
-405
-0.00873975
120
0.00258956
-743
-0.0160337
-236
-0.00509279
1205
0.0260035
-164
-0.00353906
620
0.0133794
-62
-0.00133794
-61
-0.00131636
-26
-0.00056107
361
0.00779025
114
0.00246008
-970
-0.0209322
103
0.0022227
-1104
-0.0238239
276
0.00595598
-225
-0.00485542
131
0.00282693
-228
-0.00492016
-297
-0.00640915
-609
-0.013142
-300
-0.00647389
-322
-0.00694864
29
0.000625809
-83
-0.00179111
150
0.00323694
268
0.00578334
323
0.00697022
148
0.00319379
287
0.00619335
-188
-0.00405697
21
0.000453172
-1066
-0.0230039
-30
-0.000647389
-484
-0.0104445
392
0.00845921
-696
-0.0150194
-226
-0.004877
290
0.00625809
56
0.00120846
-55
-0.00118688
142
0.00306431
-790
-0.0170479
-48
-0.00103582
-433
-0.00934398
274
0.00591282
1037
0.0223781
450
0.00971083
341
0.00735865
-82
-0.00176953
1642
0.0354338
-111
-0.00239534
385
0.00830816
-626
-0.0135088
581
0.0125378
-83
-0.00179111
515
0.0111135
148
0.00319379
-263
-0.00567544
-110
-0.00237376
583
0.0125809
-81
-0.00174795
356
0.00768235
-119
-0.00256798
801
0.0172853
132
0.00284851
-451
-0.00973241
-98
-0.0021148
-1132
-0.0244281
-184
-0.00397065
25
0.000539491
329
0.0070997
333
0.00718602
-158
-0.00340958
948
0.0204575
669
0.0144368
-474
-0.0102287
-33
-0.000712128
139
0.00299957
40
0.000863185
-194
-0.00418645
52
0.00112214
801
0.0172853
-166
-0.00358222
490
0.010574
107
0.00230902
267
0.00576176
413
0.00891239
-633
-0.0136599
62
0.00133794
-637
-0.0137462
185
0.00399223
815
0.0175874
-425
-0.00917134
-731
-0.0157747
406
0.00876133
424
0.00914976
-149
-0.00321536
1250
0.0269745
275
0.0059344
721
0.0155589
50
0.00107898
148
0.00319379
-101
-0.00217954
517
0.0111567
-66
-0.00142426
-663
-0.0143073
85
0.00183427
526
0.0113509
-203
-0.00438066
-743
-0.0160337
168
0.00362538
-212
-0.00457488
109
0.00235218
243
0.00524385
117
0.00252482
-976
-0.0210617
-134
-0.00289167
-287
-0.00619335
119
0.00256798
-287
-0.00619335
29
0.000625809
-88
-0.00189901
47
0.00101424
183
0.00394907
-205
-0.00442382
690
0.0148899
53
0.00114372
-77
-0.00166163
-166
-0.00358222
-439
-0.00947346
-124
-0.00267587
-250
-0.00539491
314
0.006776
103
0.0022227
49
0.0010574
1461
0.0315278
-121
-0.00261114
351
0.00757445
-9
-0.000194217
-605
-0.0130557
-133
-0.00287009
-603
-0.0130125
-126
-0.00271903
21
0.000453172
-9
-0.000194217
-769
-0.0165947
449
0.00968925
-235
-0.00507121
-194
-0.00418645
-361
-0.00779025
70
0.00151057
-854
-0.018429
109
0.00235218
500
0.0107898
-40
-0.000863185
211
0.0045533
-264
-0.00569702
-671
-0.0144799
-158
-0.00340958
-758
-0.0163574
126
0.00271903
1127
0.0243202
-235
-0.00507121
120
0.00258956
243
0.00524385
297
0.00640915
-141
-0.00304273
727
0.0156884
83
0.00179111
481
0.0103798
53
0.00114372
-492
-0.0106172
142
0.00306431
88
0.00189901
-63
-0.00135952
-506
-0.0109193
375
0.00809236
-1006
-0.0217091
-254
-0.00548123
512
0.0110488
7
0.000151057
-584
-0.0126025
155
0.00334484
-141
-0.00304273
-38
-0.000820026
729
0.0157315
230
0.00496331
732
0.0157963
-161
-0.00347432
380
0.00820026
-353
-0.00761761
-218
-0.00470436
-360
-0.00776867
-335
-0.00722918
-16
-0.000345274
55
0.00118688
-174
-0.00375486
-83
-0.00179111
430
0.00927924
-108
-0.0023306
59
0.0012732
-40
-0.000863185
-71
-0.00153215
1015
0.0219033
-270
-0.0058265
-101
-0.00217954
233
0.00502805
-183
-0.00394907
254
0.00548123
-686
-0.0148036
-358
-0.00772551
-909
-0.0196159
-208
-0.00448856
1419
0.0306215
155
0.00334484
615
0.0132715
24
0.000517911
390
0.00841606
103
0.0022227
-332
-0.00716444
146
0.00315063
-40
-0.000863185
-50
-0.00107898
398
0.00858869
-279
-0.00602072
-175
-0.00377644
21
0.000453172
141
0.00304273
235
0.00507121
554
0.0119551
63
0.00135952
416
0.00897713
101
0.00217954
689
0.0148684
-18
-0.000388433
-382
-0.00824342
101
0.00217954
-1519
-0.0327795
186
0.00401381
327
0.00705654
87
0.00187743
1424
0.0307294
-18
-0.000388433
19
0.000410013
291
0.00627967
104
0.00224428
106
0.00228744
-59
-0.0012732
234
0.00504963
-385
-0.00830816
241
0.00520069
-596
-0.0128615
-403
-0.00869659
-1326
-0.0286146
-305
-0.00658179
-981
-0.0211696
-224
-0.00483384
619
0.0133578
-103
-0.0022227
-57
-0.00123004
-134
-0.00289167
-1169
-0.0252266
2
4.31593e-05
-67
-0.00144584
-190
-0.00410013
-149
-0.00321536
207
0.00446698
345
0.00744497
294
0.00634441
-330
-0.00712128
289
0.00623651
581
0.0125378
-155
-0.00334484
-334
-0.0072076
258
0.00556754
311
0.00671126
200
0.00431593
473
0.0102072
-168
-0.00362538
-749
-0.0161631
435
0.00938714
-248
-0.00535175
81
0.00174795
1021
0.0220328
-103
-0.0022227
177
0.00381959
84
0.00181269
-1425
-0.030751
-378
-0.0081571
-50
-0.00107898
306
0.00660337
-1161
-0.0250539
-55
-0.00118688
-497
-0.0107251
102
0.00220112
-382
-0.00824342
-62
-0.00133794
-741
-0.0159905
86
0.00185585
451
0.00973241
23
0.000496331
521
0.011243
-70
-0.00151057
932
0.0201122
-150
-0.00323694
-889
-0.0191843
57
0.00123004
184
0.00397065
93
0.00200691
276
0.00595598
68
0.00146741
-941
-0.0203064
-183
-0.00394907
-605
-0.0130557
98
0.0021148
806
0.0173932
-3
-6.47389e-05
940
0.0202849
103
0.0022227
-57
-0.00123004
385
0.00830816
534
0.0115235
-244
-0.00526543
-371
-0.00800604
-187
-0.00403539
-11
-0.000237376
3
6.47389e-05
-523
-0.0112861
-10
-0.000215796
44
0.000949504
-70
-0.00151057
648
0.0139836
-42
-0.000906344
706
0.0152352
199
0.00429435
-1249
-0.026953
-213
-0.00459646
200
0.00431593
-173
-0.00373328
-1030
-0.022227
211
0.0045533
802
0.0173069
-122
-0.00263271
-180
-0.00388433
-275
-0.0059344
353
0.00761761
-67
-0.00144584
536
0.0115667
167
0.0036038
-55
-0.00118688
-15
-0.000323694
-727
-0.0156884
139
0.00299957
684
0.0147605
-110
-0.00237376
42
0.000906344
0
0
-444
-0.00958136
-10
-0.000215796
-306
-0.00660337
-122
-0.00263271
-1857
-0.0400734
313
0.00675442
21
0.000453172
103
0.0022227
460
0.00992663
349
0.00753129
798
0.0172205
-26
-0.00056107
1292
0.0278809
-18
-0.000388433
-511
-0.0110272
-241
-0.00520069
25
0.000539491
208
0.00448856
291
0.00627967
15
0.000323694
1121
0.0241908
82
0.00176953
580
0.0125162
11
0.000237376
756
0.0163142
46
0.000992663
285
0.00615019
91
0.00196375
-127
-0.00274061
-252
-0.00543807
-50
-0.00107898
288
0.00621493
-862
-0.0186016
217
0.00468278
420
0.00906344
135
0.00291325
-1299
-0.0280319
55
0.00118688
-667
-0.0143936
-101
-0.00217954
-16
-0.000345274
-178
-0.00384117
50
0.00107898
99
0.00213638
596
0.0128615
-213
-0.00459646
53
0.00114372
46
0.000992663
-374
-0.00807078
-418
-0.00902028
-13
-0.000280535
-332
-0.00716444
1111
0.023975
-71
-0.00153215
182
0.00392749
104
0.00224428
768
0.0165732
-142
-0.00306431
-1568
-0.0338369
91
0.00196375
726
0.0156668
-126
-0.00271903
-393
-0.00848079
83
0.00179111
-487
-0.0105093
293
0.00632283
-479
-0.0103366
78
0.00168321
-298
-0.00643073
228
0.00492016
-512
-0.0110488
-121
-0.00261114
592
0.0127751
246
0.00530859
-1677
-0.036189
162
0.0034959
985
0.0212559
-147
-0.00317221
549
0.0118472
18
0.000388433
367
0.00791972
118
0.0025464
10
0.000215796
-129
-0.00278377
-501
-0.0108114
86
0.00185585
-858
-0.0185153
248
0.00535175
854
0.018429
-115
-0.00248166
525
0.0113293
-106
-0.00228744
799
0.0172421
-97
-0.00209322
896
0.0193353
-80
-0.00172637
223
0.00481226
-255
-0.00550281
-301
-0.00649547
-49
-0.0010574
-265
-0.0057186
424
0.00914976
6
0.000129478
-346
-0.00746655
-23
-0.000496331
-230
-0.00496331
743
0.0160337
-10
-0.000215796
108
0.0023306
193
0.00416487
-412
-0.00889081
268
0.00578334
324
0.0069918
555
0.0119767
-195
-0.00420803
-200
-0.00431593
-668
-0.0144152
-342
-0.00738023
1429
0.0308373
-18
-0.000388433
-680
-0.0146741
-79
-0.00170479
-925
-0.0199612
-71
-0.00153215
298
0.00643073
-64
-0.0013811
35
0.000755287
1
2.15796e-05
-1205
-0.0260035
-147
-0.00317221
-7
-0.000151057
-323
-0.00697022
141
0.00304273
44
0.000949504
-265
-0.0057186
376
0.00811394
-875
-0.0188822
-151
-0.00325852
-1329
-0.0286793
220
0.00474752
574
0.0123867
53
0.00114372
609
0.013142
-443
-0.00955978
-1259
-0.0271688
64
0.0013811
56
0.00120846
-16
-0.000345274
-20
-0.000431593
235
0.00507121
-663
-0.0143073
180
0.00388433
300
0.00647389
278
0.00599914
-327
-0.00705654
-217
-0.00468278
741
0.0159905
118
0.0025464
1009
0.0217738
-302
-0.00651705
-449
-0.00968925
248
0.00535175
-510
-0.0110056
14
0.000302115
561
0.0121062
-66
-0.00142426
495
0.0106819
-69
-0.00148899
207
0.00446698
211
0.0045533
257
0.00554596
-73
-0.00157531
-599
-0.0129262
112
0.00241692
-250
-0.00539491
60
0.00129478
81
0.00174795
-87
-0.00187743
-107
-0.00230902
4
8.63185e-05
-354
-0.00763919
66
0.00142426
-924
-0.0199396
-62
-0.00133794
458
0.00988347
-301
-0.00649547
-62
-0.00133794
-91
-0.00196375
650
0.0140268
165
0.00356064
-203
-0.00438066
-79
-0.00170479
-372
-0.00802762
-22
-0.000474752
587
0.0126672
118
0.0025464
390
0.00841606
-136
-0.00293483
-853
-0.0184074
9
0.000194217
-24
-0.000517911
217
0.00468278
689
0.0148684
350
0.00755287
-1012
-0.0218386
-320
-0.00690548
491
0.0105956
52
0.00112214
621
0.0134009
-193
-0.00416487
-348
-0.00750971
17
0.000366854
-615
-0.0132715
-110
-0.00237376
-447
-0.00964609
-176
-0.00379801
1012
0.0218386
-56
-0.00120846
-515
-0.0111135
448
0.00966767
29
0.000625809
137
0.00295641
-339
-0.00731549
-74
-0.00159689
-420
-0.00906344
265
0.0057186
564
0.0121709
95
0.00205006
-146
-0.00315063
-155
-0.00334484
825
0.0178032
-320
-0.00690548
-532
-0.0114804
177
0.00381959
1372
0.0296073
39
0.000841606
-617
-0.0133146
-231
-0.00498489
96
0.00207164
115
0.00248166
-152
-0.0032801
232
0.00500647
1367
0.0294994
-470
-0.0101424
-121
-0.00261114
-118
-0.0025464
472
0.0101856
-20
-0.000431593
97
0.00209322
-262
-0.00565386
657
0.0141778
186
0.00401381
-161
-0.00347432
15
0.000323694
-400
-0.00863185
-407
-0.00878291
-634
-0.0136815
-109
-0.00235218
-246
-0.00530859
145
0.00312905
-75
-0.00161847
2
4.31593e-05
-3
-6.47389e-05
169
0.00364696
417
0.00899871
-64
-0.0013811
363
0.00783341
126
0.00271903
-1360
-0.0293483
-189
-0.00407855
469
0.0101208
-169
-0.00364696
169
0.00364696
1
2.15796e-05
-645
-0.0139189
-63
-0.00135952
643
0.0138757
-150
-0.00323694
747
0.01612
173
0.00373328
702
0.0151489
52
0.00112214
-1068
-0.023047
-117
-0.00252482
936
0.0201985
-344
-0.00742339
90
0.00194217
-97
-0.00209322
598
0.0129046
191
0.00412171
-125
-0.00269745
122
0.00263271
607
0.0130988
83
0.00179111
1121
0.0241908
34
0.000733707
-699
-0.0150842
70
0.00151057
-1235
-0.0266508
-59
-0.0012732
-290
-0.00625809
20
0.000431593
-544
-0.0117393
168
0.00362538
391
0.00843763
-54
-0.0011653
-116
-0.00250324
133
0.00287009
655
0.0141347
-137
-0.00295641
-703
-0.0151705
-229
-0.00494174
-718
-0.0154942
-189
-0.00407855
1017
0.0219465
85
0.00183427
279
0.00602072
-759
-0.0163789
603
0.0130125
-178
-0.00384117
-1375
-0.029672
-5
-0.000107898
260
0.0056107
-341
-0.00735865
-111
-0.00239534
-364
-0.00785498
132
0.00284851
-111
-0.00239534
1052
0.0227018
197
0.00425119
421
0.00908502
2
4.31593e-05
3
6.47389e-05
70
0.00151057
986
0.0212775
35
0.000755287
1021
0.0220328
-115
-0.00248166
1458
0.0314631
208
0.00448856
-171
-0.00369012
-303
-0.00653863
351
0.00757445
-53
-0.00114372
508
0.0109625
57
0.00123004
387
0.00835132
-266
-0.00574018
552
0.011912
-126
-0.00271903
793
0.0171126
-117
-0.00252482
-456
-0.00984031
-119
-0.00256798
369
0.00796288
71
0.00153215
183
0.00394907
51
0.00110056
38
0.000820026
-205
-0.00442382
-118
-0.0025464
-292
-0.00630125
-120
-0.00258956
-147
-0.00317221
495
0.0106819
107
0.00230902
6
0.000129478
-120
-0.00258956
-795
-0.0171558
192
0.00414329
274
0.00591282
237
0.00511437
-608
-0.0131204
106
0.00228744
65
0.00140268
-240
-0.00517911
7
0.000151057
-194
-0.00418645
759
0.0163789
181
0.00390591
323
0.00697022
-136
-0.00293483
-332
-0.00716444
494
0.0106603
-233
-0.00502805
48
0.00103582
-854
-0.018429
148
0.00319379
804
0.01735
-172
-0.0037117
-788
-0.0170047
-183
-0.00394907
-1538
-0.0331895
-141
-0.00304273
327
0.00705654
-89
-0.00192059
-1119
-0.0241476
191
0.00412171
150
0.00323694
36
0.000776867
-510
-0.0110056
-83
-0.00179111
-470
-0.0101424
22
0.000474752
22
0.000474752
-281
-0.00606388
552
0.011912
239
0.00515753
484
0.0104445
-71
-0.00153215
-74
-0.00159689
-97
-0.00209322
584
0.0126025
-418
-0.00902028
-62
-0.00133794
-137
-0.00295641
-18
-0.000388433
83
0.00179111
-696
-0.0150194
267
0.00576176
-1109
-0.0239318
-38
-0.000820026
-861
-0.0185801
-586
-0.0126457
-515
-0.0111135
-105
-0.00226586
209
0.00451014
27
0.00058265
-1425
-0.030751
-23
-0.000496331
7
0.000151057
-368
-0.0079413
700
0.0151057
395
0.00852395
-751
-0.0162063
77
0.00166163
-288
-0.00621493
20
0.000431593
-1111
-0.023975
-89
-0.00192059
580
0.0125162
-460
-0.00992663
6
0.000129478
100
0.00215796
-308
-0.00664653
-285
-0.00615019
-2
-4.31593e-05
-124
-0.00267587
-313
-0.00675442
-56
-0.00120846
-77
-0.00166163
-81
-0.00174795
-732
-0.0157963
-121
-0.00261114
1136
0.0245145
-282
-0.00608546
665
0.0143505
3
6.47389e-05
1312
0.0283125
184
0.00397065
-549
-0.0118472
-49
-0.0010574
446
0.00962451
63
0.00135952
822
0.0177385
-345
-0.00744497
-46
-0.000992663
320
0.00690548
-52
-0.00112214
25
0.000539491
-264
-0.00569702
114
0.00246008
459
0.00990505
189
0.00407855
213
0.00459646
-200
-0.00431593
27
0.00058265
199
0.00429435
-1492
-0.0321968
286
0.00617177
-169
-0.00364696
107
0.00230902
-235
-0.00507121
-189
-0.00407855
442
0.0095382
-290
-0.00625809
-489
-0.0105524
30
0.000647389
-92
-0.00198533
-188
-0.00405697
589
0.0127104
272
0.00586966
-91
-0.00196375
-116
-0.00250324
509
0.010984
-60
-0.00129478
379
0.00817868
115
0.00248166
-254
-0.00548123
-43
-0.000927924
-602
-0.0129909
-22
-0.000474752
-186
-0.00401381
-468
-0.0100993
626
0.0135088
370
0.00798446
259
0.00558912
-260
-0.0056107
-294
-0.00634441
-178
-0.00384117
-247
-0.00533017
-15
-0.000323694
930
0.0200691
87
0.00187743
-194
-0.00418645
240
0.00517911
-831
-0.0179327
-69
-0.00148899
1470
0.0317221
-384
-0.00828658
864
0.0186448
536
0.0115667
327
0.00705654
-6
-0.000129478
50
0.00107898
-503
-0.0108546
-430
-0.00927924
145
0.00312905
1907
0.0411524
-141
-0.00304273
-1030
-0.022227
176
0.00379801
-235
-0.00507121
7
0.000151057
130
0.00280535
98
0.0021148
-789
-0.0170263
29
0.000625809
793
0.0171126
-252
-0.00543807
-326
-0.00703496
-63
-0.00135952
-548
-0.0118256
-236
-0.00509279
170
0.00366854
64
0.0013811
58
0.00125162
179
0.00386275
272
0.00586966
205
0.00442382
-481
-0.0103798
-265
-0.0057186
39
0.000841606
-47
-0.00101424
-489
-0.0105524
35
0.000755287
629
0.0135736
-92
-0.00198533
839
0.0181053
-55
-0.00118688
217
0.00468278
125
0.00269745
-226
-0.004877
-50
-0.00107898
-912
-0.0196806
-42
-0.000906344
-467
-0.0100777
-38
-0.000820026
355
0.00766077
-53
-0.00114372
384
0.00828658
-64
-0.0013811
277
0.00597756
-208
-0.00448856
-525
-0.0113293
-126
-0.00271903
955
0.0206085
-307
-0.00662495
-407
-0.00878291
111
0.00239534
965
0.0208243
-43
-0.000927924
-587
-0.0126672
2
4.31593e-05
-189
-0.00407855
139
0.00299957
-1021
-0.0220328
168
0.00362538
-670
-0.0144584
274
0.00591282
-664
-0.0143289
-401
-0.00865343
-1213
-0.0261761
174
0.00375486
-1388
-0.0299525
192
0.00414329
423
0.00912818
125
0.00269745
-807
-0.0174148
-268
-0.00578334
-297
-0.00640915
108
0.0023306
-678
-0.014631
-490
-0.010574
416
0.00897713
80
0.00172637
605
0.0130557
-110
-0.00237376
733
0.0158179
20
0.000431593
-430
-0.00927924
360
0.00776867
34
0.000733707
157
0.003388
500
0.0107898
125
0.00269745
-383
-0.008265
163
0.00351748
772
0.0166595
-11
-0.000237376
375
0.00809236
314
0.006776
-293
-0.00632283
-62
-0.00133794
579
0.0124946
156
0.00336642
-420
-0.00906344
-142
-0.00306431
-212
-0.00457488
-28
-0.00060423
-78
-0.00168321
202
0.00435909
202
0.00435909
-161
-0.00347432
-48
-0.00103582
80
0.00172637
295
0.00636599
-120
-0.00258956
-296
-0.00638757
-217
-0.00468278
-108
-0.0023306
37
0.000798446
459
0.00990505
-198
-0.00427277
-144
-0.00310747
90
0.00194217
46
0.000992663
133
0.00287009
-241
-0.00520069
79
0.00170479
710
0.0153215
66
0.00142426
518
0.0111782
-111
-0.00239534
-1136
-0.0245145
211
0.0045533
57
0.00123004
26
0.00056107
596
0.0128615
-59
-0.0012732
-6
-0.000129478
-249
-0.00537333
-45
-0.000971083
207
0.00446698
-474
-0.0102287
184
0.00397065
264
0.00569702
33
0.000712128
597
0.012883
2
4.31593e-05
399
0.00861027
115
0.00248166
927
0.0200043
-34
-0.000733707
-222
-0.00479068
-223
-0.00481226
-545
-0.0117609
-80
-0.00172637
-449
-0.00968925
120
0.00258956
468
0.0100993
-68
-0.00146741
816
0.017609
-3
-6.47389e-05
-191
-0.00412171
144
0.00310747
55
0.00118688
90
0.00194217
192
0.00414329
-100
-0.00215796
-1285
-0.0277298
234
0.00504963
-315
-0.00679758
-158
-0.00340958
-355
-0.00766077
31
0.000668968
346
0.00746655
178
0.00384117
-1
-2.15796e-05
-142
-0.00306431
349
0.00753129
-31
-0.000668968
-480
-0.0103582
-44
-0.000949504
-602
-0.0129909
104
0.00224428
-975
-0.0210401
97
0.00209322
-1364
-0.0294346
180
0.00388433
839
0.0181053
77
0.00166163
234
0.00504963
52
0.00112214
-643
-0.0138757
-131
-0.00282693
511
0.0110272
-279
-0.00602072
-221
-0.0047691
394
0.00850237
-598
-0.0129046
-254
-0.00548123
-96
-0.00207164
-98
-0.0021148
330
0.00712128
45
0.000971083
-819
-0.0176737
-181
-0.00390591
-429
-0.00925766
-12
-0.000258956
828
0.0178679
86
0.00185585
-783
-0.0168968
-41
-0.000884765
69
0.00148899
-125
-0.00269745
1337
0.028852
-176
-0.00379801
-609
-0.013142
-80
-0.00172637
466
0.0100561
170
0.00366854
-185
-0.00399223
-91
-0.00196375
-112
-0.00241692
-47
-0.00101424
-727
-0.0156884
66
0.00142426
-1438
-0.0310315
103
0.0022227
-522
-0.0112646
123
0.00265429
-422
-0.0091066
-466
-0.0100561
66
0.00142426
-291
-0.00627967
1279
0.0276003
195
0.00420803
111
0.00239534
-42
-0.000906344
615
0.0132715
-137
-0.00295641
1024
0.0220975
250
0.00539491
-462
-0.00996979
237
0.00511437
783
0.0168968
-68
-0.00146741
875
0.0188822
-31
-0.000668968
313
0.00675442
-75
-0.00161847
133
0.00287009
534
0.0115235
-665
-0.0143505
151
0.00325852
415
0.00895555
18
0.000388433
111
0.00239534
168
0.00362538
155
0.00334484
37
0.000798446
-788
-0.0170047
-229
-0.00494174
819
0.0176737
-253
-0.00545965
-757
-0.0163358
-43
-0.000927924
-608
-0.0131204
-100
-0.00215796
-934
-0.0201554
-15
-0.000323694
33
0.000712128
-163
-0.00351748
-193
-0.00416487
226
0.004877
395
0.00852395
-290
-0.00625809
196
0.00422961
230
0.00496331
295
0.00636599
79
0.00170479
882
0.0190332
103
0.0022227
421
0.00908502
456
0.00984031
-117
-0.00252482
-281
-0.00606388
-1588
-0.0342685
102
0.00220112
469
0.0101208
9
0.000194217
-504
-0.0108761
-316
-0.00681916
202
0.00435909
-272
-0.00586966
633
0.0136599
-228
-0.00492016
499
0.0107682
431
0.00930082
-1282
-0.0276651
170
0.00366854
-899
-0.0194001
77
0.00166163
153
0.00330168
37
0.000798446
591
0.0127536
-376
-0.00811394
552
0.011912
215
0.00463962
187
0.00403539
187
0.00403539
801
0.0172853
287
0.00619335
526
0.0113509
-144
-0.00310747
-936
-0.0201985
-648
-0.0139836
21
0.000453172
-127
-0.00274061
-1029
-0.0222054
151
0.00325852
1105
0.0238455
-65
-0.00140268
-166
-0.00358222
95
0.00205006
-418
-0.00902028
405
0.00873975
451
0.00973241
-287
-0.00619335
310
0.00668968
53
0.00114372
-1
-2.15796e-05
-44
-0.000949504
387
0.00835132
-9
-0.000194217
380
0.00820026
-424
-0.00914976
459
0.00990505
1
2.15796e-05
-511
-0.0110272
79
0.00170479
199
0.00429435
-368
-0.0079413
148
0.00319379
152
0.0032801
198
0.00427277
283
0.00610703
-922
-0.0198964
131
0.00282693
-67
-0.00144584
226
0.004877
-412
-0.00889081
25
0.000539491
-220
-0.00474752
171
0.00369012
-92
-0.00198533
110
0.00237376
-42
-0.000906344
121
0.00261114
-268
-0.00578334
-172
-0.0037117
150
0.00323694
143
0.00308589
1386
0.0299094
-25
-0.000539491
-530
-0.0114372
-31
-0.000668968
1023
0.022076
224
0.00483384
-187
-0.00403539
-342
-0.00738023
-325
-0.00701338
-201
-0.00433751
-258
-0.00556754
-100
-0.00215796
-257
-0.00554596
-143
-0.00308589
183
0.00394907
-54
-0.0011653
-765
-0.0165084
159
0.00343116
-592
-0.0127751
-124
-0.00267587
471
0.010164
-38
-0.000820026
-226
-0.004877
14
0.000302115
55
0.00118688
95
0.00205006
1398
0.0301683
-413
-0.00891239
-598
-0.0129046
21
0.000453172
-85
-0.00183427
60
0.00129478
-304
-0.00656021
146
0.00315063
396
0.00854553
-16
-0.000345274
-42
-0.000906344
-147
-0.00317221
251
0.00541649
-305
-0.00658179
