65
0.0448895
-7
-0.00483425
-12
-0.00828729
35
0.0241713
52
0.0359116
9
0.00621547
-75
-0.0517956
-35
-0.0241713
-16
-0.0110497
-22
-0.0151934
-13
-0.0089779
24
0.0165746
6
0.00414365
-7
-0.00483425
-19
-0.0131215
41
0.0283149
-30
-0.0207182
71
0.0490331
50
0.0345304
21
0.0145028
4
0.00276243
27
0.0186464
-35
-0.0241713
6
0.00414365
90
0.0621547
11
0.00759669
-52
-0.0359116
-12
-0.00828729
-34
-0.0234807
0
0
-13
-0.0089779
1
0.000690608
3
0.00207182
-14
-0.00966851
-30
-0.0207182
61
0.0421271
-24
-0.0165746
-29
-0.0200276
-13
-0.0089779
-56
-0.038674
16
0.0110497
-25
-0.0172652
-69
-0.0476519
17
0.0117403
-3
-0.00207182
62
0.0428177
-35
-0.0241713
-2
-0.00138122
8
0.00552486
-39
-0.0269337
24
0.0165746
-23
-0.015884
9
0.00621547
38
0.0262431
47
0.0324586
-45
-0.0310773
25
0.0172652
10
0.00690608
-46
-0.031768
-51
-0.035221
60
0.0414365
86
0.0593923
11
0.00759669
12
0.00828729
31
0.0214088
1
0.000690608
-21
-0.0145028
50
0.0345304
49
0.0338398
-21
-0.0145028
-53
-0.0366022
7
0.00483425
-3
-0.00207182
-20
-0.0138122
-47
-0.0324586
50
0.0345304
33
0.0227901
-9
-0.00621547
-10
-0.00690608
-36
-0.0248619
-31
-0.0214088
-24
-0.0165746
3
0.00207182
23
0.015884
18
0.0124309
18
0.0124309
51
0.035221
5
0.00345304
42
0.0290055
23
0.015884
27
0.0186464
39
0.0269337
-90
-0.0621547
9
0.00621547
22
0.0151934
-43
-0.0296961
-23
-0.015884
1
0.000690608
-48
-0.0331492
-1
-0.000690608
8
0.00552486
19
0.0131215
45
0.0310773
13
0.0089779
49
0.0338398
25
0.0172652
17
0.0117403
3
0.00207182
-93
-0.0642265
21
0.0145028
-56
-0.038674
4
0.00276243
-32
-0.0220994
34
0.0234807
19
0.0131215
57
0.0393646
-14
-0.00966851
34
0.0234807
0
0
3
0.00207182
36
0.0248619
48
0.0331492
-58
-0.0400552
24
0.0165746
3
0.00207182
-23
-0.015884
-28
-0.019337
19
0.0131215
36
0.0248619
37
0.0255525
-32
-0.0220994
1
0.000690608
-20
-0.0138122
11
0.00759669
2
0.00138122
15
0.0103591
37
0.0255525
-13
-0.0089779
15
0.0103591
-14
-0.00966851
-9
-0.00621547
11
0.00759669
-11
-0.00759669
4
0.00276243
-54
-0.0372928
-3
-0.00207182
-22
-0.0151934
22
0.0151934
1
0.000690608
19
0.0131215
-23
-0.015884
14
0.00966851
6
0.00414365
-3
-0.00207182
27
0.0186464
79
0.054558
-61
-0.0421271
35
0.0241713
33
0.0227901
-58
-0.0400552
48
0.0331492
65
0.0448895
-33
-0.0227901
-36
-0.0248619
42
0.0290055
26
0.0179558
29
0.0200276
-8
-0.00552486
-5
-0.00345304
-50
-0.0345304
37
0.0255525
25
0.0172652
-6
-0.00414365
17
0.0117403
-98
-0.0676796
17
0.0117403
-10
-0.00690608
34
0.0234807
22
0.0151934
-10
-0.00690608
28
0.019337
0
0
51
0.035221
-11
-0.00759669
15
0.0103591
8
0.00552486
13
0.0089779
-36
-0.0248619
-28
-0.019337
61
0.0421271
53
0.0366022
17
0.0117403
-23
-0.015884
8
0.00552486
33
0.0227901
8
0.00552486
49
0.0338398
10
0.00690608
-16
-0.0110497
-24
-0.0165746
-21
-0.0145028
-52
-0.0359116
47
0.0324586
-3
-0.00207182
-12
-0.00828729
-11
-0.00759669
36
0.0248619
23
0.015884
-30
-0.0207182
74
0.051105
58
0.0400552
7
0.00483425
-58
-0.0400552
41
0.0283149
33
0.0227901
-60
-0.0414365
-36
-0.0248619
-23
-0.015884
-47
-0.0324586
-16
-0.0110497
27
0.0186464
10
0.00690608
17
0.0117403
60
0.0414365
-29
-0.0200276
57
0.0393646
-11
-0.00759669
39
0.0269337
-1
-0.000690608
8
0.00552486
24
0.0165746
-45
-0.0310773
-25
-0.0172652
-3
-0.00207182
29
0.0200276
20
0.0138122
29
0.0200276
-16
-0.0110497
2
0.00138122
-20
-0.0138122
-3
-0.00207182
-23
-0.015884
26
0.0179558
49
0.0338398
52
0.0359116
-13
-0.0089779
53
0.0366022
63
0.0435083
35
0.0241713
-38
-0.0262431
11
0.00759669
0
0
-24
-0.0165746
24
0.0165746
9
0.00621547
20
0.0138122
9
0.00621547
-13
-0.0089779
-41
-0.0283149
52
0.0359116
-4
-0.00276243
-29
-0.0200276
22
0.0151934
55
0.0379834
-17
-0.0117403
-24
-0.0165746
9
0.00621547
-68
-0.0469613
-5
-0.00345304
0
0
-17
-0.0117403
5
0.00345304
-18
-0.0124309
-39
-0.0269337
-65
-0.0448895
31
0.0214088
44
0.0303867
-40
-0.0276243
17
0.0117403
43
0.0296961
-44
-0.0303867
-11
-0.00759669
-45
-0.0310773
6
0.00414365
-4
-0.00276243
-48
-0.0331492
33
0.0227901
-7
-0.00483425
7
0.00483425
-59
-0.0407459
-4
-0.00276243
33
0.0227901
-34
-0.0234807
-4
-0.00276243
-59
-0.0407459
11
0.00759669
-35
-0.0241713
19
0.0131215
-2
-0.00138122
15
0.0103591
37
0.0255525
-13
-0.0089779
-32
-0.0220994
56
0.038674
23
0.015884
-29
-0.0200276
-5
-0.00345304
10
0.00690608
17
0.0117403
19
0.0131215
-39
-0.0269337
-31
-0.0214088
-12
-0.00828729
19
0.0131215
34
0.0234807
-40
-0.0276243
59
0.0407459
-5
-0.00345304
-6
-0.00414365
86
0.0593923
-29
-0.0200276
32
0.0220994
28
0.019337
37
0.0255525
37
0.0255525
7
0.00483425
-56
-0.038674
94
0.0649171
-15
-0.0103591
19
0.0131215
-45
-0.0310773
12
0.00828729
-29
-0.0200276
17
0.0117403
82
0.0566298
-18
-0.0124309
47
0.0324586
21
0.0145028
-48
-0.0331492
-15
-0.0103591
-68
-0.0469613
4
0.00276243
37
0.0255525
-51
-0.035221
-3
-0.00207182
39
0.0269337
-16
-0.0110497
-42
-0.0290055
18
0.0124309
-12
-0.00828729
98
0.0676796
-58
-0.0400552
48
0.0331492
-31
-0.0214088
5
0.00345304
40
0.0276243
-13
-0.0089779
-59
-0.0407459
-11
-0.00759669
19
0.0131215
-49
-0.0338398
44
0.0303867
41
0.0283149
37
0.0255525
67
0.0462707
-3
-0.00207182
45
0.0310773
-30
-0.0207182
9
0.00621547
-56
-0.038674
-39
-0.0269337
-3
-0.00207182
32
0.0220994
-70
-0.0483425
-16
-0.0110497
-15
-0.0103591
-46
-0.031768
27
0.0186464
-23
-0.015884
46
0.031768
-38
-0.0262431
-12
-0.00828729
57
0.0393646
-20
-0.0138122
8
0.00552486
11
0.00759669
-23
-0.015884
52
0.0359116
-8
-0.00552486
-17
-0.0117403
-3
-0.00207182
-49
-0.0338398
38
0.0262431
-53
-0.0366022
-35
-0.0241713
-28
-0.019337
-80
-0.0552486
-13
-0.0089779
76
0.0524862
10
0.00690608
-41
-0.0283149
-13
-0.0089779
-12
-0.00828729
-29
-0.0200276
38
0.0262431
-32
-0.0220994
22
0.0151934
6
0.00414365
49
0.0338398
-19
-0.0131215
-33
-0.0227901
21
0.0145028
-46
-0.031768
24
0.0165746
7
0.00483425
-3
-0.00207182
48
0.0331492
35
0.0241713
11
0.00759669
-20
-0.0138122
-11
-0.00759669
-15
-0.0103591
3
0.00207182
44
0.0303867
-39
-0.0269337
8
0.00552486
-87
-0.0600829
-19
-0.0131215
-33
-0.0227901
-10
-0.00690608
10
0.00690608
9
0.00621547
48
0.0331492
-2
-0.00138122
-23
-0.015884
19
0.0131215
40
0.0276243
10
0.00690608
43
0.0296961
-4
-0.00276243
-43
-0.0296961
1
0.000690608
-72
-0.0497238
24
0.0165746
-27
-0.0186464
30
0.0207182
62
0.0428177
-51
-0.035221
84
0.058011
-12
-0.00828729
24
0.0165746
-35
-0.0241713
48
0.0331492
18
0.0124309
34
0.0234807
-7
-0.00483425
16
0.0110497
-51
-0.035221
-42
-0.0290055
-44
-0.0303867
-43
-0.0296961
-41
-0.0283149
10
0.00690608
-26
-0.0179558
87
0.0600829
-14
-0.00966851
-19
-0.0131215
49
0.0338398
3
0.00207182
-17
-0.0117403
-14
-0.00966851
7
0.00483425
-15
-0.0103591
-11
-0.00759669
-8
-0.00552486
-21
-0.0145028
-50
-0.0345304
31
0.0214088
28
0.019337
-3
-0.00207182
-53
-0.0366022
-11
-0.00759669
28
0.019337
-44
-0.0303867
-9
-0.00621547
-58
-0.0400552
4
0.00276243
-2
-0.00138122
8
0.00552486
34
0.0234807
33
0.0227901
39
0.0269337
-14
-0.00966851
-2
-0.00138122
-49
-0.0338398
22
0.0151934
-1
-0.000690608
-61
-0.0421271
77
0.0531768
-15
-0.0103591
76
0.0524862
-57
-0.0393646
-5
-0.00345304
38
0.0262431
-48
-0.0331492
27
0.0186464
-50
-0.0345304
1
0.000690608
-14
-0.00966851
-17
-0.0117403
11
0.00759669
14
0.00966851
7
0.00483425
27
0.0186464
-10
-0.00690608
14
0.00966851
29
0.0200276
42
0.0290055
70
0.0483425
-13
-0.0089779
-31
-0.0214088
10
0.00690608
-17
-0.0117403
24
0.0165746
8
0.00552486
9
0.00621547
83
0.0573204
2
0.00138122
-39
-0.0269337
18
0.0124309
26
0.0179558
-11
-0.00759669
-5
-0.00345304
-4
-0.00276243
-13
-0.0089779
-37
-0.0255525
24
0.0165746
6
0.00414365
56
0.038674
-29
-0.0200276
-22
-0.0151934
48
0.0331492
-6
-0.00414365
46
0.031768
-6
-0.00414365
24
0.0165746
-26
-0.0179558
-43
-0.0296961
-18
-0.0124309
-13
-0.0089779
67
0.0462707
27
0.0186464
20
0.0138122
5
0.00345304
4
0.00276243
68
0.0469613
16
0.0110497
33
0.0227901
12
0.00828729
60
0.0414365
1
0.000690608
5
0.00345304
43
0.0296961
8
0.00552486
11
0.00759669
-37
-0.0255525
64
0.0441989
2
0.00138122
-69
-0.0476519
35
0.0241713
23
0.015884
47
0.0324586
43
0.0296961
-51
-0.035221
14
0.00966851
-1
-0.000690608
1
0.000690608
-1
-0.000690608
-22
-0.0151934
40
0.0276243
-62
-0.0428177
-19
-0.0131215
-35
-0.0241713
34
0.0234807
-7
-0.00483425
-24
-0.0165746
-40
-0.0276243
-4
-0.00276243
66
0.0455801
-6
-0.00414365
-9
-0.00621547
-20
-0.0138122
68
0.0469613
13
0.0089779
72
0.0497238
47
0.0324586
-89
-0.0614641
-4
-0.00276243
-12
-0.00828729
-2
-0.00138122
31
0.0214088
61
0.0421271
-3
-0.00207182
-4
-0.00276243
-11
-0.00759669
-22
-0.0151934
-32
-0.0220994
38
0.0262431
37
0.0255525
1
0.000690608
-11
-0.00759669
54
0.0372928
11
0.00759669
-4
-0.00276243
-4
-0.00276243
-3
-0.00207182
53
0.0366022
-46
-0.031768
-20
-0.0138122
16
0.0110497
61
0.0421271
43
0.0296961
-28
-0.019337
-79
-0.054558
-36
-0.0248619
-53
-0.0366022
60
0.0414365
7
0.00483425
30
0.0207182
-36
-0.0248619
41
0.0283149
-11
-0.00759669
44
0.0303867
62
0.0428177
22
0.0151934
22
0.0151934
-17
-0.0117403
-38
-0.0262431
-23
-0.015884
-55
-0.0379834
10
0.00690608
-66
-0.0455801
13
0.0089779
53
0.0366022
32
0.0220994
-25
-0.0172652
1
0.000690608
50
0.0345304
33
0.0227901
-4
-0.00276243
33
0.0227901
-8
-0.00552486
69
0.0476519
59
0.0407459
-5
-0.00345304
57
0.0393646
29
0.0200276
33
0.0227901
-38
-0.0262431
24
0.0165746
-6
-0.00414365
-27
-0.0186464
31
0.0214088
27
0.0186464
-4
-0.00276243
-8
-0.00552486
-15
-0.0103591
10
0.00690608
15
0.0103591
-48
-0.0331492
-43
-0.0296961
40
0.0276243
-109
-0.0752762
6
0.00414365
-22
-0.0151934
14
0.00966851
-28
-0.019337
-18
-0.0124309
-15
-0.0103591
24
0.0165746
-5
-0.00345304
-42
-0.0290055
-63
-0.0435083
-11
-0.00759669
-1
-0.000690608
4
0.00276243
-30
-0.0207182
-16
-0.0110497
51
0.035221
57
0.0393646
76
0.0524862
19
0.0131215
17
0.0117403
-46
-0.031768
-87
-0.0600829
-3
-0.00207182
2
0.00138122
30
0.0207182
6
0.00414365
13
0.0089779
-24
-0.0165746
7
0.00483425
17
0.0117403
-9
-0.00621547
32
0.0220994
8
0.00552486
18
0.0124309
-21
-0.0145028
32
0.0220994
-16
-0.0110497
49
0.0338398
-11
-0.00759669
22
0.0151934
4
0.00276243
-21
-0.0145028
-25
-0.0172652
-3
-0.00207182
28
0.019337
21
0.0145028
-5
-0.00345304
17
0.0117403
-41
-0.0283149
-16
-0.0110497
-4
-0.00276243
4
0.00276243
31
0.0214088
70
0.0483425
25
0.0172652
-52
-0.0359116
-49
-0.0338398
42
0.0290055
6
0.00414365
36
0.0248619
-10
-0.00690608
64
0.0441989
26
0.0179558
-87
-0.0600829
28
0.019337
19
0.0131215
-1
-0.000690608
-54
-0.0372928
-36
-0.0248619
0
0
-11
-0.00759669
-58
-0.0400552
-28
-0.019337
32
0.0220994
-16
-0.0110497
29
0.0200276
24
0.0165746
2
0.00138122
8
0.00552486
-8
-0.00552486
-32
-0.0220994
57
0.0393646
18
0.0124309
-10
-0.00690608
69
0.0476519
-53
-0.0366022
14
0.00966851
30
0.0207182
-23
-0.015884
22
0.0151934
-17
-0.0117403
-21
-0.0145028
7
0.00483425
84
0.058011
-31
-0.0214088
-43
-0.0296961
-35
-0.0241713
0
0
-10
-0.00690608
20
0.0138122
-51
-0.035221
-42
-0.0290055
-47
-0.0324586
9
0.00621547
-6
-0.00414365
-75
-0.0517956
18
0.0124309
-87
-0.0600829
-17
-0.0117403
-82
-0.0566298
1
0.000690608
27
0.0186464
5
0.00345304
37
0.0255525
28
0.019337
-23
-0.015884
-3
-0.00207182
-36
-0.0248619
-4
-0.00276243
50
0.0345304
-1
-0.000690608
0
0
32
0.0220994
39
0.0269337
44
0.0303867
-13
-0.0089779
-11
-0.00759669
17
0.0117403
-7
-0.00483425
-55
-0.0379834
-12
-0.00828729
148
0.10221
101
0.0697514
8
0.00552486
-13
-0.0089779
-24
-0.0165746
-12
-0.00828729
34
0.0234807
14
0.00966851
-58
-0.0400552
-27
-0.0186464
-36
-0.0248619
0
0
-5
-0.00345304
-21
-0.0145028
10
0.00690608
7
0.00483425
-18
-0.0124309
7
0.00483425
4
0.00276243
-2
-0.00138122
18
0.0124309
3
0.00207182
-27
-0.0186464
3
0.00207182
-36
-0.0248619
-40
-0.0276243
-16
-0.0110497
17
0.0117403
-16
-0.0110497
45
0.0310773
-16
-0.0110497
-14
-0.00966851
60
0.0414365
13
0.0089779
1
0.000690608
-36
-0.0248619
-5
-0.00345304
-50
-0.0345304
-20
-0.0138122
-58
-0.0400552
43
0.0296961
-10
-0.00690608
38
0.0262431
-43
-0.0296961
-42
-0.0290055
6
0.00414365
32
0.0220994
-38
-0.0262431
-29
-0.0200276
-32
-0.0220994
-99
-0.0683702
-8
-0.00552486
-22
-0.0151934
-31
-0.0214088
-6
-0.00414365
37
0.0255525
6
0.00414365
9
0.00621547
-22
-0.0151934
12
0.00828729
5
0.00345304
0
0
-37
-0.0255525
25
0.0172652
5
0.00345304
-18
-0.0124309
29
0.0200276
30
0.0207182
-44
-0.0303867
30
0.0207182
13
0.0089779
-21
-0.0145028
29
0.0200276
12
0.00828729
-32
-0.0220994
-16
-0.0110497
16
0.0110497
18
0.0124309
6
0.00414365
20
0.0138122
-29
-0.0200276
26
0.0179558
-69
-0.0476519
39
0.0269337
-47
-0.0324586
-18
-0.0124309
-85
-0.0587017
-25
-0.0172652
-8
-0.00552486
-5
-0.00345304
21
0.0145028
22
0.0151934
-1
-0.000690608
19
0.0131215
-37
-0.0255525
-25
-0.0172652
21
0.0145028
52
0.0359116
46
0.031768
-19
-0.0131215
-57
-0.0393646
-3
-0.00207182
42
0.0290055
40
0.0276243
-4
-0.00276243
-3
-0.00207182
-38
-0.0262431
-11
-0.00759669
-44
-0.0303867
11
0.00759669
-30
-0.0207182
-4
-0.00276243
-21
-0.0145028
-22
-0.0151934
-40
-0.0276243
-3
-0.00207182
49
0.0338398
-1
-0.000690608
-15
-0.0103591
-16
-0.0110497
-13
-0.0089779
-1
-0.000690608
13
0.0089779
-32
-0.0220994
2
0.00138122
11
0.00759669
54
0.0372928
13
0.0089779
-58
-0.0400552
-46
-0.031768
-10
-0.00690608
-3
-0.00207182
-23
-0.015884
-2
-0.00138122
14
0.00966851
-25
-0.0172652
-21
-0.0145028
-25
-0.0172652
20
0.0138122
40
0.0276243
9
0.00621547
39
0.0269337
-11
-0.00759669
33
0.0227901
-50
-0.0345304
-37
-0.0255525
42
0.0290055
6
0.00414365
6
0.00414365
-18
-0.0124309
-3
-0.00207182
46
0.031768
56
0.038674
20
0.0138122
-12
-0.00828729
-26
-0.0179558
-3
-0.00207182
-33
-0.0227901
12
0.00828729
9
0.00621547
-43
-0.0296961
46
0.031768
-20
-0.0138122
-33
-0.0227901
30
0.0207182
40
0.0276243
-6
-0.00414365
9
0.00621547
20
0.0138122
42
0.0290055
46
0.031768
16
0.0110497
45
0.0310773
-28
-0.019337
-61
-0.0421271
-66
-0.0455801
29
0.0200276
-31
-0.0214088
2
0.00138122
25
0.0172652
-19
-0.0131215
-58
-0.0400552
5
0.00345304
-5
-0.00345304
52
0.0359116
48
0.0331492
-42
-0.0290055
-63
-0.0435083
15
0.0103591
34
0.0234807
32
0.0220994
56
0.038674
-93
-0.0642265
32
0.0220994
45
0.0310773
-16
-0.0110497
-24
-0.0165746
-25
-0.0172652
-26
-0.0179558
-80
-0.0552486
47
0.0324586
-24
-0.0165746
-13
-0.0089779
-26
-0.0179558
59
0.0407459
29
0.0200276
7
0.00483425
-21
-0.0145028
109
0.0752762
23
0.015884
13
0.0089779
2
0.00138122
-11
-0.00759669
-19
-0.0131215
-9
-0.00621547
-46
-0.031768
-5
-0.00345304
13
0.0089779
-27
-0.0186464
24
0.0165746
-13
-0.0089779
41
0.0283149
-28
-0.019337
24
0.0165746
-61
-0.0421271
-15
-0.0103591
-37
-0.0255525
2
0.00138122
-31
-0.0214088
-46
-0.031768
62
0.0428177
-56
-0.038674
-19
-0.0131215
16
0.0110497
-3
-0.00207182
-53
-0.0366022
7
0.00483425
-26
-0.0179558
-3
-0.00207182
-8
-0.00552486
18
0.0124309
31
0.0214088
33
0.0227901
14
0.00966851
31
0.0214088
31
0.0214088
-15
-0.0103591
-72
-0.0497238
-25
-0.0172652
-29
-0.0200276
-86
-0.0593923
32
0.0220994
-37
-0.0255525
-11
-0.00759669
-32
-0.0220994
46
0.031768
-18
-0.0124309
7
0.00483425
-79
-0.054558
-38
-0.0262431
30
0.0207182
-1
-0.000690608
53
0.0366022
-29
-0.0200276
-6
-0.00414365
49
0.0338398
35
0.0241713
10
0.00690608
-2
-0.00138122
-2
-0.00138122
107
0.073895
-42
-0.0290055
19
0.0131215
-2
-0.00138122
-33
-0.0227901
-16
-0.0110497
-16
-0.0110497
-13
-0.0089779
-31
-0.0214088
14
0.00966851
-21
-0.0145028
25
0.0172652
9
0.00621547
39
0.0269337
11
0.00759669
7
0.00483425
-15
-0.0103591
-18
-0.0124309
-16
-0.0110497
8
0.00552486
51
0.035221
1
0.000690608
-1
-0.000690608
-18
-0.0124309
-16
-0.0110497
-46
-0.031768
-5
-0.00345304
19
0.0131215
-30
-0.0207182
-63
-0.0435083
-3
-0.00207182
12
0.00828729
8
0.00552486
-79
-0.054558
-37
-0.0255525
86
0.0593923
7
0.00483425
6
0.00414365
-1
-0.000690608
-16
-0.0110497
50
0.0345304
40
0.0276243
-21
-0.0145028
-2
-0.00138122
41
0.0283149
7
0.00483425
-29
-0.0200276
52
0.0359116
-17
-0.0117403
6
0.00414365
-21
-0.0145028
19
0.0131215
-41
-0.0283149
12
0.00828729
6
0.00414365
-32
-0.0220994
-3
-0.00207182
-18
-0.0124309
5
0.00345304
29
0.0200276
-9
-0.00621547
-26
-0.0179558
41
0.0283149
-38
-0.0262431
47
0.0324586
-12
-0.00828729
-49
-0.0338398
15
0.0103591
-3
-0.00207182
19
0.0131215
13
0.0089779
35
0.0241713
27
0.0186464
-28
-0.019337
-29
-0.0200276
-27
-0.0186464
-61
-0.0421271
-13
-0.0089779
22
0.0151934
-24
-0.0165746
-34
-0.0234807
-5
-0.00345304
-42
-0.0290055
57
0.0393646
7
0.00483425
9
0.00621547
19
0.0131215
8
0.00552486
-48
-0.0331492
-2
-0.00138122
-24
-0.0165746
43
0.0296961
16
0.0110497
-8
-0.00552486
-44
-0.0303867
17
0.0117403
-44
-0.0303867
64
0.0441989
-33
-0.0227901
45
0.0310773
17
0.0117403
-102
-0.070442
-8
-0.00552486
-41
-0.0283149
10
0.00690608
-50
-0.0345304
1
0.000690608
-48
-0.0331492
25
0.0172652
15
0.0103591
-2
-0.00138122
-6
-0.00414365
17
0.0117403
17
0.0117403
-6
-0.00414365
30
0.0207182
33
0.0227901
-31
-0.0214088
-5
-0.00345304
35
0.0241713
-25
-0.0172652
73
0.0504144
53
0.0366022
-36
-0.0248619
-85
-0.0587017
9
0.00621547
1
0.000690608
-20
-0.0138122
-28
-0.019337
3
0.00207182
9
0.00621547
44
0.0303867
0
0
24
0.0165746
47
0.0324586
16
0.0110497
-36
-0.0248619
21
0.0145028
5
0.00345304
1
0.000690608
25
0.0172652
42
0.0290055
16
0.0110497
-24
-0.0165746
-5
-0.00345304
23
0.015884
19
0.0131215
-58
-0.0400552
4
0.00276243
65
0.0448895
-38
-0.0262431
97
0.066989
-34
-0.0234807
10
0.00690608
19
0.0131215
32
0.0220994
-26
-0.0179558
-3
-0.00207182
-20
-0.0138122
-15
-0.0103591
-10
-0.00690608
35
0.0241713
49
0.0338398
21
0.0145028
-72
-0.0497238
45
0.0310773
-21
-0.0145028
21
0.0145028
-62
-0.0428177
-14
-0.00966851
28
0.019337
1
0.000690608
-16
-0.0110497
-39
-0.0269337
-30
-0.0207182
-3
-0.00207182
-65
-0.0448895
36
0.0248619
-64
-0.0441989
-24
-0.0165746
-1
-0.000690608
-20
-0.0138122
11
0.00759669
-9
-0.00621547
-21
-0.0145028
-36
-0.0248619
20
0.0138122
-42
-0.0290055
43
0.0296961
-109
-0.0752762
-35
-0.0241713
19
0.0131215
-3
-0.00207182
-28
-0.019337
43
0.0296961
22
0.0151934
-35
-0.0241713
2
0.00138122
3
0.00207182
31
0.0214088
20
0.0138122
-28
-0.019337
21
0.0145028
66
0.0455801
73
0.0504144
-11
-0.00759669
-13
-0.0089779
54
0.0372928
27
0.0186464
3
0.00207182
-20
-0.0138122
-41
-0.0283149
53
0.0366022
-40
-0.0276243
32
0.0220994
-3
-0.00207182
-35
-0.0241713
-6
-0.00414365
-23
-0.015884
36
0.0248619
75
0.0517956
-27
-0.0186464
-25
-0.0172652
6
0.00414365
11
0.00759669
-22
-0.0151934
30
0.0207182
-7
-0.00483425
37
0.0255525
-27
-0.0186464
-51
-0.035221
-12
-0.00828729
-10
-0.00690608
77
0.0531768
-31
-0.0214088
-6
-0.00414365
-44
-0.0303867
-20
-0.0138122
-7
-0.00483425
18
0.0124309
-28
-0.019337
47
0.0324586
-4
-0.00276243
-31
-0.0214088
10
0.00690608
-32
-0.0220994
-26
-0.0179558
-42
-0.0290055
-6
-0.00414365
9
0.00621547
-47
-0.0324586
-23
-0.015884
-55
-0.0379834
-29
-0.0200276
-8
-0.00552486
15
0.0103591
-49
-0.0338398
58
0.0400552
-26
-0.0179558
4
0.00276243
3
0.00207182
5
0.00345304
13
0.0089779
34
0.0234807
-17
-0.0117403
19
0.0131215
-3
-0.00207182
14
0.00966851
-49
-0.0338398
-24
-0.0165746
-32
-0.0220994
-29
-0.0200276
-27
-0.0186464
-37
-0.0255525
-28
-0.019337
35
0.0241713
-2
-0.00138122
1
0.000690608
34
0.0234807
-68
-0.0469613
23
0.015884
-31
-0.0214088
30
0.0207182
15
0.0103591
65
0.0448895
-14
-0.00966851
30
0.0207182
31
0.0214088
-20
-0.0138122
33
0.0227901
-59
-0.0407459
5
0.00345304
15
0.0103591
-5
-0.00345304
41
0.0283149
-12
-0.00828729
-43
-0.0296961
-35
-0.0241713
-33
-0.0227901
16
0.0110497
-15
-0.0103591
-12
-0.00828729
44
0.0303867
-1
-0.000690608
9
0.00621547
15
0.0103591
16
0.0110497
12
0.00828729
-39
-0.0269337
-41
-0.0283149
-35
-0.0241713
-61
-0.0421271
-32
-0.0220994
16
0.0110497
68
0.0469613
-33
-0.0227901
41
0.0283149
-14
-0.00966851
65
0.0448895
6
0.00414365
7
0.00483425
-14
-0.00966851
-15
-0.0103591
9
0.00621547
65
0.0448895
7
0.00483425
-29
-0.0200276
36
0.0248619
-45
-0.0310773
22
0.0151934
-13
-0.0089779
-37
-0.0255525
-19
-0.0131215
-34
-0.0234807
19
0.0131215
-43
-0.0296961
70
0.0483425
-22
-0.0151934
25
0.0172652
-8
-0.00552486
33
0.0227901
-48
-0.0331492
-61
-0.0421271
-27
-0.0186464
27
0.0186464
-49
-0.0338398
23
0.015884
-13
-0.0089779
57
0.0393646
-28
-0.019337
-26
-0.0179558
-8
-0.00552486
-67
-0.0462707
-51
-0.035221
60
0.0414365
20
0.0138122
74
0.051105
14
0.00966851
-28
-0.019337
-1
-0.000690608
-8
-0.00552486
11
0.00759669
-2
-0.00138122
35
0.0241713
22
0.0151934
-31
-0.0214088
-5
-0.00345304
32
0.0220994
11
0.00759669
19
0.0131215
-16
-0.0110497
37
0.0255525
6
0.00414365
-22
-0.0151934
-63
-0.0435083
-23
-0.015884
-36
-0.0248619
2
0.00138122
17
0.0117403
-34
-0.0234807
19
0.0131215
-1
-0.000690608
23
0.015884
35
0.0241713
-52
-0.0359116
76
0.0524862
-32
-0.0220994
-31
-0.0214088
-2
-0.00138122
-32
-0.0220994
27
0.0186464
-1
-0.000690608
18
0.0124309
29
0.0200276
12
0.00828729
-14
-0.00966851
9
0.00621547
-34
-0.0234807
14
0.00966851
48
0.0331492
-49
-0.0338398
21
0.0145028
-3
-0.00207182
44
0.0303867
-30
-0.0207182
-24
-0.0165746
-27
-0.0186464
-10
-0.00690608
-49
-0.0338398
13
0.0089779
-3
-0.00207182
0
0
-14
-0.00966851
0
0
11
0.00759669
6
0.00414365
0
0
8
0.00552486
0
0
30
0.0207182
13
0.0089779
-17
-0.0117403
-1
-0.000690608
49
0.0338398
-32
-0.0220994
-10
-0.00690608
-47
-0.0324586
20
0.0138122
-9
-0.00621547
34
0.0234807
-17
-0.0117403
-5
-0.00345304
-11
-0.00759669
-14
-0.00966851
-5
-0.00345304
56
0.038674
-79
-0.054558
32
0.0220994
46
0.031768
-42
-0.0290055
-56
-0.038674
29
0.0200276
-6
-0.00414365
43
0.0296961
-38
-0.0262431
34
0.0234807
46
0.031768
-39
-0.0269337
-60
-0.0414365
-6
-0.00414365
-68
-0.0469613
-21
-0.0145028
42
0.0290055
33
0.0227901
-20
-0.0138122
6
0.00414365
36
0.0248619
57
0.0393646
-84
-0.058011
-53
-0.0366022
38
0.0262431
-37
-0.0255525
-82
-0.0566298
-36
-0.0248619
9
0.00621547
31
0.0214088
-14
-0.00966851
-56
-0.038674
-79
-0.054558
-78
-0.0538674
-24
-0.0165746
14
0.00966851
-6
-0.00414365
50
0.0345304
33
0.0227901
-63
-0.0435083
-73
-0.0504144
11
0.00759669
-24
-0.0165746
70
0.0483425
11
0.00759669
5
0.00345304
6
0.00414365
13
0.0089779
50
0.0345304
-14
-0.00966851
-42
-0.0290055
10
0.00690608
-39
-0.0269337
-4
-0.00276243
-61
-0.0421271
3
0.00207182
13
0.0089779
6
0.00414365
-20
-0.0138122
34
0.0234807
9
0.00621547
48
0.0331492
-20
-0.0138122
4
0.00276243
-9
-0.00621547
-21
-0.0145028
-21
-0.0145028
35
0.0241713
3
0.00207182
1
0.000690608
20
0.0138122
-48
-0.0331492
-3
-0.00207182
-21
-0.0145028
-26
-0.0179558
75
0.0517956
-36
-0.0248619
11
0.00759669
2
0.00138122
-25
-0.0172652
26
0.0179558
-40
-0.0276243
47
0.0324586
-31
-0.0214088
-60
-0.0414365
16
0.0110497
-8
-0.00552486
-14
-0.00966851
19
0.0131215
-43
-0.0296961
2
0.00138122
-84
-0.058011
-49
-0.0338398
-46
-0.031768
6
0.00414365
29
0.0200276
1
0.000690608
19
0.0131215
-90
-0.0621547
-48
-0.0331492
6
0.00414365
26
0.0179558
-56
-0.038674
-32
-0.0220994
13
0.0089779
19
0.0131215
-24
-0.0165746
18
0.0124309
-42
-0.0290055
18
0.0124309
-14
-0.00966851
-7
-0.00483425
35
0.0241713
20
0.0138122
-45
-0.0310773
65
0.0448895
-10
-0.00690608
-13
-0.0089779
-13
-0.0089779
41
0.0283149
-11
-0.00759669
-33
-0.0227901
-22
-0.0151934
-38
-0.0262431
61
0.0421271
-26
-0.0179558
27
0.0186464
-12
-0.00828729
-15
-0.0103591
48
0.0331492
-52
-0.0359116
62
0.0428177
-49
-0.0338398
-19
-0.0131215
-28
-0.019337
30
0.0207182
46
0.031768
19
0.0131215
1
0.000690608
-58
-0.0400552
-25
-0.0172652
-32
-0.0220994
-13
-0.0089779
-2
-0.00138122
-17
-0.0117403
19
0.0131215
-10
-0.00690608
-16
-0.0110497
-3
-0.00207182
26
0.0179558
63
0.0435083
-56
-0.038674
50
0.0345304
-2
-0.00138122
34
0.0234807
4
0.00276243
-7
-0.00483425
-14
-0.00966851
-14
-0.00966851
-1
-0.000690608
25
0.0172652
37
0.0255525
37
0.0255525
-15
-0.0103591
11
0.00759669
11
0.00759669
44
0.0303867
-9
-0.00621547
-24
-0.0165746
-3
-0.00207182
24
0.0165746
8
0.00552486
11
0.00759669
-14
-0.00966851
34
0.0234807
-15
-0.0103591
-28
-0.019337
55
0.0379834
7
0.00483425
-1
-0.000690608
-58
-0.0400552
57
0.0393646
52
0.0359116
34
0.0234807
-6
-0.00414365
-13
-0.0089779
-42
-0.0290055
-13
-0.0089779
-36
-0.0248619
-51
-0.035221
21
0.0145028
19
0.0131215
-18
-0.0124309
73
0.0504144
-6
-0.00414365
-12
-0.00828729
1
0.000690608
13
0.0089779
-35
-0.0241713
13
0.0089779
16
0.0110497
-48
-0.0331492
-64
-0.0441989
-9
-0.00621547
24
0.0165746
38
0.0262431
-46
-0.031768
60
0.0414365
29
0.0200276
-6
-0.00414365
32
0.0220994
41
0.0283149
-42
-0.0290055
30
0.0207182
-10
-0.00690608
-12
-0.00828729
53
0.0366022
48
0.0331492
-19
-0.0131215
16
0.0110497
58
0.0400552
-18
-0.0124309
52
0.0359116
1
0.000690608
-20
-0.0138122
-17
-0.0117403
-30
-0.0207182
1
0.000690608
-10
-0.00690608
-51
-0.035221
21
0.0145028
66
0.0455801
-17
-0.0117403
65
0.0448895
21
0.0145028
-24
-0.0165746
21
0.0145028
18
0.0124309
-14
-0.00966851
3
0.00207182
15
0.0103591
16
0.0110497
31
0.0214088
46
0.031768
25
0.0172652
-28
-0.019337
-15
-0.0103591
-26
-0.0179558
-19
-0.0131215
13
0.0089779
-9
-0.00621547
61
0.0421271
6
0.00414365
-28
-0.019337
-26
-0.0179558
-67
-0.0462707
5
0.00345304
36
0.0248619
-29
-0.0200276
23
0.015884
-36
-0.0248619
44
0.0303867
24
0.0165746
-1
-0.000690608
10
0.00690608
-25
-0.0172652
48
0.0331492
44
0.0303867
-93
-0.0642265
3
0.00207182
-20
-0.0138122
18
0.0124309
75
0.0517956
64
0.0441989
29
0.0200276
-22
-0.0151934
-2
-0.00138122
25
0.0172652
22
0.0151934
-14
-0.00966851
-95
-0.0656077
-9
-0.00621547
7
0.00483425
3
0.00207182
6
0.00414365
5
0.00345304
11
0.00759669
-32
-0.0220994
-62
-0.0428177
19
0.0131215
15
0.0103591
4
0.00276243
-14
-0.00966851
-35
-0.0241713
87
0.0600829
-35
-0.0241713
-21
-0.0145028
12
0.00828729
-62
-0.0428177
-37
-0.0255525
9
0.00621547
-17
-0.0117403
-56
-0.038674
41
0.0283149
-59
-0.0407459
12
0.00828729
-38
-0.0262431
-58
-0.0400552
8
0.00552486
47
0.0324586
87
0.0600829
-11
-0.00759669
9
0.00621547
5
0.00345304
45
0.0310773
-5
-0.00345304
51
0.035221
69
0.0476519
-51
-0.035221
42
0.0290055
71
0.0490331
70
0.0483425
30
0.0207182
-4
-0.00276243
19
0.0131215
16
0.0110497
-57
-0.0393646
-3
-0.00207182
-11
-0.00759669
40
0.0276243
-12
-0.00828729
-26
-0.0179558
11
0.00759669
-48
-0.0331492
27
0.0186464
-27
-0.0186464
75
0.0517956
-25
-0.0172652
44
0.0303867
-14
-0.00966851
-3
-0.00207182
25
0.0172652
55
0.0379834
-61
-0.0421271
38
0.0262431
3
0.00207182
-31
-0.0214088
-79
-0.054558
-47
-0.0324586
-49
-0.0338398
60
0.0414365
1
0.000690608
-89
-0.0614641
17
0.0117403
-8
-0.00552486
-46
-0.031768
43
0.0296961
3
0.00207182
28
0.019337
-22
-0.0151934
54
0.0372928
3
0.00207182
15
0.0103591
-2
-0.00138122
-15
-0.0103591
21
0.0145028
23
0.015884
19
0.0131215
-79
-0.054558
-18
-0.0124309
0
0
-1
-0.000690608
-27
-0.0186464
-18
-0.0124309
-49
-0.0338398
-44
-0.0303867
-32
-0.0220994
-22
-0.0151934
-40
-0.0276243
11
0.00759669
38
0.0262431
-5
-0.00345304
-53
-0.0366022
45
0.0310773
-31
-0.0214088
20
0.0138122
41
0.0283149
-8
-0.00552486
-7
-0.00483425
30
0.0207182
33
0.0227901
-67
-0.0462707
99
0.0683702
-4
-0.00276243
-17
-0.0117403
26
0.0179558
10
0.00690608
-55
-0.0379834
27
0.0186464
39
0.0269337
-19
-0.0131215
4
0.00276243
-49
-0.0338398
14
0.00966851
4
0.00276243
26
0.0179558
-75
-0.0517956
12
0.00828729
-48
-0.0331492
-35
-0.0241713
23
0.015884
60
0.0414365
-37
-0.0255525
21
0.0145028
46
0.031768
7
0.00483425
56
0.038674
17
0.0117403
-14
-0.00966851
-22
-0.0151934
-59
-0.0407459
53
0.0366022
4
0.00276243
-42
-0.0290055
-15
-0.0103591
-79
-0.054558
-41
-0.0283149
28
0.019337
-49
-0.0338398
-23
-0.015884
46
0.031768
32
0.0220994
-22
-0.0151934
3
0.00207182
-4
-0.00276243
-3
-0.00207182
3
0.00207182
7
0.00483425
45
0.0310773
14
0.00966851
-44
-0.0303867
14
0.00966851
-74
-0.051105
13
0.0089779
5
0.00345304
39
0.0269337
30
0.0207182
-23
-0.015884
48
0.0331492
15
0.0103591
-15
-0.0103591
49
0.0338398
-47
-0.0324586
-13
-0.0089779
-22
-0.0151934
-11
-0.00759669
59
0.0407459
-28
-0.019337
22
0.0151934
15
0.0103591
-39
-0.0269337
59
0.0407459
52
0.0359116
-48
-0.0331492
68
0.0469613
-24
-0.0165746
-33
-0.0227901
40
0.0276243
10
0.00690608
33
0.0227901
36
0.0248619
8
0.00552486
-17
-0.0117403
-73
-0.0504144
23
0.015884
9
0.00621547
-82
-0.0566298
3
0.00207182
3
0.00207182
33
0.0227901
23
0.015884
-6
-0.00414365
61
0.0421271
22
0.0151934
-9
-0.00621547
-45
-0.0310773
13
0.0089779
16
0.0110497
6
0.00414365
-3
-0.00207182
-9
-0.00621547
-16
-0.0110497
5
0.00345304
23
0.015884
-8
-0.00552486
-43
-0.0296961
-45
-0.0310773
-28
-0.019337
-64
-0.0441989
7
0.00483425
7
0.00483425
-27
-0.0186464
-18
-0.0124309
23
0.015884
-38
-0.0262431
-3
-0.00207182
56
0.038674
-16
-0.0110497
-40
-0.0276243
24
0.0165746
49
0.0338398
0
0
-17
-0.0117403
-20
-0.0138122
35
0.0241713
8
0.00552486
-55
-0.0379834
14
0.00966851
-86
-0.0593923
10
0.00690608
-23
-0.015884
22
0.0151934
-13
-0.0089779
35
0.0241713
13
0.0089779
24
0.0165746
-8
-0.00552486
33
0.0227901
15
0.0103591
20
0.0138122
-29
-0.0200276
-27
-0.0186464
-3
-0.00207182
16
0.0110497
3
0.00207182
13
0.0089779
31
0.0214088
-37
-0.0255525
23
0.015884
57
0.0393646
13
0.0089779
-3
-0.00207182
1
0.000690608
7
0.00483425
-8
-0.00552486
-34
-0.0234807
-40
-0.0276243
-27
-0.0186464
-20
-0.0138122
-21
-0.0145028
-32
-0.0220994
52
0.0359116
-20
-0.0138122
-33
-0.0227901
44
0.0303867
-43
-0.0296961
-20
-0.0138122
18
0.0124309
14
0.00966851
38
0.0262431
18
0.0124309
-1
-0.000690608
-17
-0.0117403
1
0.000690608
-86
-0.0593923
6
0.00414365
45
0.0310773
7
0.00483425
-68
-0.0469613
-31
-0.0214088
12
0.00828729
8
0.00552486
-58
-0.0400552
-4
-0.00276243
-14
-0.00966851
39
0.0269337
-54
-0.0372928
14
0.00966851
26
0.0179558
40
0.0276243
106
0.0732044
-13
-0.0089779
-21
-0.0145028
-67
-0.0462707
-20
-0.0138122
-1
-0.000690608
-6
-0.00414365
-12
-0.00828729
17
0.0117403
-33
-0.0227901
4
0.00276243
1
0.000690608
-10
-0.00690608
18
0.0124309
72
0.0497238
-11
-0.00759669
-7
-0.00483425
-21
-0.0145028
-10
-0.00690608
26
0.0179558
-5
-0.00345304
-27
-0.0186464
32
0.0220994
54
0.0372928
3
0.00207182
12
0.00828729
-24
-0.0165746
24
0.0165746
70
0.0483425
11
0.00759669
120
0.0828729
16
0.0110497
28
0.019337
-45
-0.0310773
-43
-0.0296961
-7
-0.00483425
15
0.0103591
-24
-0.0165746
-17
-0.0117403
-29
-0.0200276
-10
-0.00690608
-4
-0.00276243
40
0.0276243
22
0.0151934
-2
-0.00138122
-12
-0.00828729
-8
-0.00552486
-45
-0.0310773
-14
-0.00966851
55
0.0379834
-71
-0.0490331
-24
-0.0165746
66
0.0455801
8
0.00552486
24
0.0165746
26
0.0179558
-31
-0.0214088
27
0.0186464
47
0.0324586
-10
-0.00690608
56
0.038674
-15
-0.0103591
-48
-0.0331492
-1
-0.000690608
30
0.0207182
-23
-0.015884
-20
-0.0138122
-54
-0.0372928
22
0.0151934
33
0.0227901
42
0.0290055
-52
-0.0359116
-18
-0.0124309
-49
-0.0338398
56
0.038674
-29
-0.0200276
-40
-0.0276243
24
0.0165746
-12
-0.00828729
20
0.0138122
-2
-0.00138122
19
0.0131215
13
0.0089779
-38
-0.0262431
38
0.0262431
-26
-0.0179558
-29
-0.0200276
-11
-0.00759669
-8
-0.00552486
16
0.0110497
9
0.00621547
-28
-0.019337
4
0.00276243
-20
-0.0138122
11
0.00759669
30
0.0207182
8
0.00552486
-10
-0.00690608
39
0.0269337
-20
-0.0138122
51
0.035221
-14
-0.00966851
42
0.0290055
14
0.00966851
-15
-0.0103591
-15
-0.0103591
-63
-0.0435083
-43
-0.0296961
7
0.00483425
36
0.0248619
-12
-0.00828729
-48
-0.0331492
-8
-0.00552486
-67
-0.0462707
-21
-0.0145028
61
0.0421271
24
0.0165746
25
0.0172652
-4
-0.00276243
-67
-0.0462707
12
0.00828729
31
0.0214088
-95
-0.0656077
4
0.00276243
-10
-0.00690608
-38
-0.0262431
20
0.0138122
-32
-0.0220994
-100
-0.0690608
-50
-0.0345304
-39
-0.0269337
15
0.0103591
-9
-0.00621547
74
0.051105
-33
-0.0227901
4
0.00276243
54
0.0372928
28
0.019337
51
0.035221
6
0.00414365
-1
-0.000690608
-17
-0.0117403
-76
-0.0524862
14
0.00966851
63
0.0435083
6
0.00414365
40
0.0276243
39
0.0269337
3
0.00207182
5
0.00345304
-12
-0.00828729
47
0.0324586
30
0.0207182
-55
-0.0379834
-56
-0.038674
-49
-0.0338398
15
0.0103591
39
0.0269337
-17
-0.0117403
-50
-0.0345304
-20
-0.0138122
10
0.00690608
19
0.0131215
54
0.0372928
-4
-0.00276243
1
0.000690608
-97
-0.066989
20
0.0138122
-44
-0.0303867
17
0.0117403
28
0.019337
-62
-0.0428177
2
0.00138122
25
0.0172652
-84
-0.058011
48
0.0331492
92
0.0635359
-26
-0.0179558
-7
-0.00483425
-39
-0.0269337
19
0.0131215
34
0.0234807
3
0.00207182
-11
-0.00759669
-19
-0.0131215
18
0.0124309
-75
-0.0517956
42
0.0290055
54
0.0372928
31
0.0214088
45
0.0310773
24
0.0165746
59
0.0407459
-9
-0.00621547
-4
-0.00276243
16
0.0110497
7
0.00483425
-8
-0.00552486
13
0.0089779
-35
-0.0241713
-4
-0.00276243
33
0.0227901
5
0.00345304
61
0.0421271
27
0.0186464
22
0.0151934
81
0.0559392
-10
-0.00690608
3
0.00207182
12
0.00828729
-86
-0.0593923
37
0.0255525
46
0.031768
7
0.00483425
22
0.0151934
45
0.0310773
4
0.00276243
84
0.058011
-1
-0.000690608
72
0.0497238
-35
-0.0241713
-49
-0.0338398
40
0.0276243
-34
-0.0234807
49
0.0338398
-9
-0.00621547
-20
-0.0138122
26
0.0179558
-7
-0.00483425
-26
-0.0179558
34
0.0234807
15
0.0103591
-1
-0.000690608
48
0.0331492
-12
-0.00828729
-69
-0.0476519
5
0.00345304
8
0.00552486
7
0.00483425
-15
-0.0103591
46
0.031768
46
0.031768
43
0.0296961
-31
-0.0214088
7
0.00483425
-2
-0.00138122
88
0.0607735
23
0.015884
68
0.0469613
-15
-0.0103591
42
0.0290055
-23
-0.015884
63
0.0435083
44
0.0303867
-10
-0.00690608
-13
-0.0089779
47
0.0324586
24
0.0165746
-20
-0.0138122
-19
-0.0131215
-38
-0.0262431
-34
-0.0234807
-9
-0.00621547
67
0.0462707
20
0.0138122
-40
-0.0276243
-90
-0.0621547
28
0.019337
-8
-0.00552486
18
0.0124309
33
0.0227901
7
0.00483425
14
0.00966851
-32
-0.0220994
19
0.0131215
-35
-0.0241713
4
0.00276243
32
0.0220994
-59
-0.0407459
0
0
14
0.00966851
39
0.0269337
-26
-0.0179558
-34
-0.0234807
56
0.038674
-98
-0.0676796
28
0.019337
-29
-0.0200276
-38
-0.0262431
64
0.0441989
-36
-0.0248619
-17
-0.0117403
41
0.0283149
16
0.0110497
-37
-0.0255525
-26
-0.0179558
32
0.0220994
13
0.0089779
-21
-0.0145028
57
0.0393646
42
0.0290055
-23
-0.015884
-32
-0.0220994
-34
-0.0234807
35
0.0241713
54
0.0372928
-13
-0.0089779
-4
-0.00276243
-46
-0.031768
35
0.0241713
7
0.00483425
-17
-0.0117403
7
0.00483425
23
0.015884
-13
-0.0089779
-12
-0.00828729
-12
-0.00828729
48
0.0331492
23
0.015884
-54
-0.0372928
10
0.00690608
45
0.0310773
1
0.000690608
-14
-0.00966851
3
0.00207182
-3
-0.00207182
42
0.0290055
31
0.0214088
-11
-0.00759669
36
0.0248619
-16
-0.0110497
-17
-0.0117403
18
0.0124309
-84
-0.058011
-85
-0.0587017
11
0.00759669
-18
-0.0124309
1
0.000690608
2
0.00138122
47
0.0324586
-29
-0.0200276
-26
-0.0179558
25
0.0172652
-7
-0.00483425
6
0.00414365
48
0.0331492
-15
-0.0103591
10
0.00690608
31
0.0214088
42
0.0290055
-41
-0.0283149
13
0.0089779
18
0.0124309
-24
-0.0165746
-3
-0.00207182
-18
-0.0124309
-3
-0.00207182
27
0.0186464
-79
-0.054558
-2
-0.00138122
-82
-0.0566298
5
0.00345304
-51
-0.035221
2
0.00138122
-8
-0.00552486
10
0.00690608
-47
-0.0324586
-16
-0.0110497
-32
-0.0220994
4
0.00276243
82
0.0566298
6
0.00414365
5
0.00345304
14
0.00966851
-115
-0.0794199
13
0.0089779
17
0.0117403
-3
-0.00207182
-10
-0.00690608
-52
-0.0359116
-14
-0.00966851
76
0.0524862
-2
-0.00138122
19
0.0131215
-64
-0.0441989
25
0.0172652
78
0.0538674
-29
-0.0200276
24
0.0165746
42
0.0290055
-48
-0.0331492
-12
-0.00828729
-20
-0.0138122
10
0.00690608
54
0.0372928
-47
-0.0324586
55
0.0379834
-31
-0.0214088
-19
-0.0131215
-29
-0.0200276
-21
-0.0145028
1
0.000690608
-33
-0.0227901
56
0.038674
-71
-0.0490331
30
0.0207182
9
0.00621547
12
0.00828729
-28
-0.019337
-20
-0.0138122
22
0.0151934
9
0.00621547
5
0.00345304
-1
-0.000690608
23
0.015884
-21
-0.0145028
1
0.000690608
3
0.00207182
32
0.0220994
-6
-0.00414365
-26
-0.0179558
-37
-0.0255525
38
0.0262431
3
0.00207182
-12
-0.00828729
19
0.0131215
-59
-0.0407459
39
0.0269337
33
0.0227901
-45
-0.0310773
13
0.0089779
-14
-0.00966851
24
0.0165746
16
0.0110497
39
0.0269337
41
0.0283149
41
0.0283149
-8
-0.00552486
-52
-0.0359116
-22
-0.0151934
28
0.019337
2
0.00138122
48
0.0331492
1
0.000690608
21
0.0145028
5
0.00345304
13
0.0089779
4
0.00276243
-65
-0.0448895
33
0.0227901
28
0.019337
19
0.0131215
-6
-0.00414365
-24
-0.0165746
-2
-0.00138122
-25
-0.0172652
-32
-0.0220994
-20
-0.0138122
27
0.0186464
88
0.0607735
15
0.0103591
10
0.00690608
-21
-0.0145028
-24
-0.0165746
14
0.00966851
-1
-0.000690608
-36
-0.0248619
14
0.00966851
-63
-0.0435083
102
0.070442
27
0.0186464
-3
-0.00207182
-53
-0.0366022
24
0.0165746
-28
-0.019337
-19
-0.0131215
66
0.0455801
-91
-0.0628453
-16
-0.0110497
1
0.000690608
35
0.0241713
11
0.00759669
-19
-0.0131215
7
0.00483425
-28
-0.019337
-21
-0.0145028
16
0.0110497
49
0.0338398
-40
-0.0276243
20
0.0138122
57
0.0393646
-4
-0.00276243
-31
-0.0214088
-56
-0.038674
32
0.0220994
-1
-0.000690608
28
0.019337
1
0.000690608
24
0.0165746
-49
-0.0338398
-13
-0.0089779
0
0
-13
-0.0089779
-46
-0.031768
-10
-0.00690608
-13
-0.0089779
19
0.0131215
-23
-0.015884
9
0.00621547
22
0.0151934
0
0
-8
-0.00552486
-3
-0.00207182
17
0.0117403
-7
-0.00483425
-2
-0.00138122
-15
-0.0103591
42
0.0290055
40
0.0276243
18
0.0124309
6
0.00414365
8
0.00552486
-31
-0.0214088
-37
-0.0255525
4
0.00276243
43
0.0296961
-36
-0.0248619
39
0.0269337
-32
-0.0220994
-30
-0.0207182
-21
-0.0145028
2
0.00138122
35
0.0241713
48
0.0331492
-21
-0.0145028
20
0.0138122
44
0.0303867
-22
-0.0151934
5
0.00345304
39
0.0269337
30
0.0207182
31
0.0214088
-15
-0.0103591
-17
-0.0117403
-4
-0.00276243
5
0.00345304
-44
-0.0303867
36
0.0248619
38
0.0262431
12
0.00828729
-12
-0.00828729
21
0.0145028
9
0.00621547
-27
-0.0186464
-46
-0.031768
5
0.00345304
-6
-0.00414365
10
0.00690608
47
0.0324586
-10
-0.00690608
6
0.00414365
-43
-0.0296961
15
0.0103591
-5
-0.00345304
-59
-0.0407459
7
0.00483425
7
0.00483425
0
0
-75
-0.0517956
38
0.0262431
-27
-0.0186464
-20
-0.0138122
1
0.000690608
-22
-0.0151934
133
0.0918508
13
0.0089779
-14
-0.00966851
-5
-0.00345304
23
0.015884
38
0.0262431
19
0.0131215
-13
-0.0089779
22
0.0151934
-45
-0.0310773
15
0.0103591
16
0.0110497
-3
-0.00207182
-35
-0.0241713
111
0.0766575
35
0.0241713
-7
-0.00483425
-35
-0.0241713
34
0.0234807
49
0.0338398
11
0.00759669
-52
-0.0359116
-14
-0.00966851
37
0.0255525
1
0.000690608
1
0.000690608
-59
-0.0407459
52
0.0359116
4
0.00276243
-14
-0.00966851
59
0.0407459
20
0.0138122
6
0.00414365
-28
-0.019337
-46
-0.031768
-12
-0.00828729
-33
-0.0227901
15
0.0103591
-27
-0.0186464
45
0.0310773
9
0.00621547
11
0.00759669
-15
-0.0103591
-6
-0.00414365
-25
-0.0172652
-45
-0.0310773
-25
-0.0172652
27
0.0186464
-7
-0.00483425
32
0.0220994
-11
-0.00759669
-29
-0.0200276
-59
-0.0407459
20
0.0138122
-21
-0.0145028
-11
-0.00759669
-40
-0.0276243
-55
-0.0379834
7
0.00483425
-32
-0.0220994
70
0.0483425
33
0.0227901
31
0.0214088
-15
-0.0103591
-2
-0.00138122
16
0.0110497
-67
-0.0462707
17
0.0117403
-8
-0.00552486
44
0.0303867
-31
-0.0214088
-29
-0.0200276
28
0.019337
85
0.0587017
74
0.051105
-31
-0.0214088
91
0.0628453
-50
-0.0345304
70
0.0483425
42
0.0290055
27
0.0186464
16
0.0110497
-64
-0.0441989
12
0.00828729
-30
-0.0207182
48
0.0331492
18
0.0124309
-18
-0.0124309
78
0.0538674
35
0.0241713
-35
-0.0241713
2
0.00138122
11
0.00759669
1
0.000690608
-14
-0.00966851
-18
-0.0124309
-57
-0.0393646
-33
-0.0227901
-23
-0.015884
-2
-0.00138122
-3
-0.00207182
11
0.00759669
0
0
-19
-0.0131215
10
0.00690608
-14
-0.00966851
47
0.0324586
-27
-0.0186464
-34
-0.0234807
19
0.0131215
-42
-0.0290055
-18
-0.0124309
45
0.0310773
-9
-0.00621547
18
0.0124309
23
0.015884
-20
-0.0138122
-27
-0.0186464
-23
-0.015884
22
0.0151934
80
0.0552486
6
0.00414365
29
0.0200276
43
0.0296961
6
0.00414365
3
0.00207182
0
0
-22
-0.0151934
-64
-0.0441989
49
0.0338398
0
0
-3
-0.00207182
-45
-0.0310773
-11
-0.00759669
-19
-0.0131215
-16
-0.0110497
-4
-0.00276243
15
0.0103591
20
0.0138122
47
0.0324586
11
0.00759669
24
0.0165746
12
0.00828729
45
0.0310773
-28
-0.019337
0
0
-40
-0.0276243
24
0.0165746
22
0.0151934
-71
-0.0490331
-44
-0.0303867
-60
-0.0414365
27
0.0186464
32
0.0220994
-33
-0.0227901
-18
-0.0124309
9
0.00621547
-3
-0.00207182
1
0.000690608
7
0.00483425
15
0.0103591
31
0.0214088
17
0.0117403
13
0.0089779
58
0.0400552
51
0.035221
35
0.0241713
30
0.0207182
-6
-0.00414365
5
0.00345304
-88
-0.0607735
-43
-0.0296961
48
0.0331492
2
0.00138122
-60
-0.0414365
4
0.00276243
17
0.0117403
-57
-0.0393646
-11
-0.00759669
9
0.00621547
40
0.0276243
-14
-0.00966851
28
0.019337
-46
-0.031768
24
0.0165746
-6
-0.00414365
-45
-0.0310773
-13
-0.0089779
-19
-0.0131215
-10
-0.00690608
-11
-0.00759669
-17
-0.0117403
-44
-0.0303867
34
0.0234807
-13
-0.0089779
1
0.000690608
-53
-0.0366022
9
0.00621547
-47
-0.0324586
-35
-0.0241713
-13
-0.0089779
34
0.0234807
53
0.0366022
-10
-0.00690608
-8
-0.00552486
34
0.0234807
-9
-0.00621547
-2
-0.00138122
-7
-0.00483425
33
0.0227901
61
0.0421271
-29
-0.0200276
-34
-0.0234807
-5
-0.00345304
33
0.0227901
16
0.0110497
-39
-0.0269337
6
0.00414365
-26
-0.0179558
9
0.00621547
17
0.0117403
-15
-0.0103591
-19
-0.0131215
-9
-0.00621547
-17
-0.0117403
54
0.0372928
24
0.0165746
17
0.0117403
17
0.0117403
5
0.00345304
55
0.0379834
9
0.00621547
-15
-0.0103591
35
0.0241713
-10
-0.00690608
-5
-0.00345304
-59
-0.0407459
-20
-0.0138122
39
0.0269337
-17
-0.0117403
46
0.031768
3
0.00207182
18
0.0124309
-25
-0.0172652
-39
-0.0269337
-38
-0.0262431
59
0.0407459
-50
-0.0345304
2
0.00138122
-1
-0.000690608
16
0.0110497
31
0.0214088
79
0.054558
0
0
-41
-0.0283149
38
0.0262431
81
0.0559392
-8
-0.00552486
-28
-0.019337
36
0.0248619
-26
-0.0179558
-19
-0.0131215
-20
-0.0138122
-49
-0.0338398
6
0.00414365
28
0.019337
-47
-0.0324586
-13
-0.0089779
12
0.00828729
-43
-0.0296961
22
0.0151934
-26
-0.0179558
-22
-0.0151934
-3
-0.00207182
-43
-0.0296961
-4
-0.00276243
-10
-0.00690608
-13
-0.0089779
6
0.00414365
2
0.00138122
-20
-0.0138122
-10
-0.00690608
0
0
-6
-0.00414365
16
0.0110497
70
0.0483425
-1
-0.000690608
-1
-0.000690608
10
0.00690608
-45
-0.0310773
-8
-0.00552486
-49
-0.0338398
4
0.00276243
5
0.00345304
26
0.0179558
-82
-0.0566298
26
0.0179558
17
0.0117403
-56
-0.038674
-40
-0.0276243
16
0.0110497
42
0.0290055
19
0.0131215
-16
-0.0110497
-7
-0.00483425
16
0.0110497
-30
-0.0207182
60
0.0414365
-17
-0.0117403
-21
-0.0145028
-25
-0.0172652
-38
-0.0262431
20
0.0138122
-4
-0.00276243
8
0.00552486
-54
-0.0372928
18
0.0124309
16
0.0110497
-13
-0.0089779
8
0.00552486
-7
-0.00483425
24
0.0165746
-67
-0.0462707
49
0.0338398
0
0
-26
-0.0179558
-47
-0.0324586
-35
-0.0241713
-16
-0.0110497
-13
-0.0089779
10
0.00690608
-13
-0.0089779
-27
-0.0186464
31
0.0214088
-37
-0.0255525
75
0.0517956
-9
-0.00621547
-6
-0.00414365
7
0.00483425
-28
-0.019337
88
0.0607735
-23
-0.015884
-28
-0.019337
-5
-0.00345304
3
0.00207182
-47
-0.0324586
0
0
20
0.0138122
-40
-0.0276243
34
0.0234807
71
0.0490331
51
0.035221
-32
-0.0220994
-15
-0.0103591
41
0.0283149
12
0.00828729
-45
-0.0310773
41
0.0283149
-38
-0.0262431
-29
-0.0200276
31
0.0214088
29
0.0200276
-1
-0.000690608
-15
-0.0103591
2
0.00138122
-49
-0.0338398
6
0.00414365
-6
-0.00414365
30
0.0207182
18
0.0124309
-39
-0.0269337
47
0.0324586
-24
-0.0165746
-4
-0.00276243
19
0.0131215
15
0.0103591
-55
-0.0379834
-23
-0.015884
31
0.0214088
10
0.00690608
-56
-0.038674
59
0.0407459
-6
-0.00414365
-12
-0.00828729
-52
-0.0359116
-19
-0.0131215
-58
-0.0400552
-1
-0.000690608
52
0.0359116
23
0.015884
42
0.0290055
-20
-0.0138122
36
0.0248619
-37
-0.0255525
47
0.0324586
-62
-0.0428177
-42
-0.0290055
21
0.0145028
-20
-0.0138122
-20
-0.0138122
-5
-0.00345304
10
0.00690608
25
0.0172652
-57
-0.0393646
-55
-0.0379834
-13
-0.0089779
9
0.00621547
-15
-0.0103591
-11
-0.00759669
-61
-0.0421271
-105
-0.0725138
15
0.0103591
53
0.0366022
33
0.0227901
28
0.019337
-29
-0.0200276
-30
-0.0207182
30
0.0207182
4
0.00276243
-33
-0.0227901
10
0.00690608
31
0.0214088
-6
-0.00414365
-2
-0.00138122
-14
-0.00966851
48
0.0331492
25
0.0172652
52
0.0359116
5
0.00345304
17
0.0117403
-23
-0.015884
12
0.00828729
-12
-0.00828729
-47
-0.0324586
81
0.0559392
-4
-0.00276243
-37
-0.0255525
-16
-0.0110497
7
0.00483425
14
0.00966851
-15
-0.0103591
37
0.0255525
-1
-0.000690608
25
0.0172652
-12
-0.00828729
-21
-0.0145028
51
0.035221
-27
-0.0186464
-62
-0.0428177
-11
-0.00759669
6
0.00414365
-21
-0.0145028
1
0.000690608
42
0.0290055
10
0.00690608
25
0.0172652
37
0.0255525
-41
-0.0283149
20
0.0138122
-10
-0.00690608
-48
-0.0331492
-3
-0.00207182
-42
-0.0290055
-29
-0.0200276
-8
-0.00552486
0
0
-27
-0.0186464
43
0.0296961
21
0.0145028
4
0.00276243
-26
-0.0179558
-39
-0.0269337
-25
-0.0172652
3
0.00207182
5
0.00345304
-13
-0.0089779
8
0.00552486
-51
-0.035221
16
0.0110497
-50
-0.0345304
-25
-0.0172652
-23
-0.015884
-31
-0.0214088
87
0.0600829
-35
-0.0241713
7
0.00483425
6
0.00414365
-33
-0.0227901
47
0.0324586
49
0.0338398
43
0.0296961
8
0.00552486
-42
-0.0290055
18
0.0124309
-1
-0.000690608
22
0.0151934
0
0
-34
-0.0234807
-75
-0.0517956
13
0.0089779
-25
-0.0172652
49
0.0338398
98
0.0676796
73
0.0504144
5
0.00345304
25
0.0172652
-78
-0.0538674
30
0.0207182
35
0.0241713
-3
-0.00207182
14
0.00966851
-37
-0.0255525
-8
-0.00552486
63
0.0435083
34
0.0234807
-23
-0.015884
41
0.0283149
-9
-0.00621547
-55
-0.0379834
19
0.0131215
34
0.0234807
29
0.0200276
15
0.0103591
5
0.00345304
-18
-0.0124309
67
0.0462707
10
0.00690608
39
0.0269337
-11
-0.00759669
34
0.0234807
30
0.0207182
1
0.000690608
-16
-0.0110497
-20
-0.0138122
-24
-0.0165746
-17
-0.0117403
-43
-0.0296961
8
0.00552486
21
0.0145028
-22
-0.0151934
-8
-0.00552486
-33
-0.0227901
31
0.0214088
-23
-0.015884
7
0.00483425
-48
-0.0331492
-26
-0.0179558
46
0.031768
51
0.035221
-19
-0.0131215
-69
-0.0476519
-23
-0.015884
-30
-0.0207182
-49
-0.0338398
-72
-0.0497238
18
0.0124309
-38
-0.0262431
10
0.00690608
14
0.00966851
-14
-0.00966851
41
0.0283149
-71
-0.0490331
8
0.00552486
59
0.0407459
14
0.00966851
11
0.00759669
21
0.0145028
-22
-0.0151934
45
0.0310773
17
0.0117403
-40
-0.0276243
7
0.00483425
-19
-0.0131215
-40
-0.0276243
-13
-0.0089779
39
0.0269337
32
0.0220994
3
0.00207182
62
0.0428177
52
0.0359116
59
0.0407459
-3
-0.00207182
-21
-0.0145028
28
0.019337
5
0.00345304
-12
-0.00828729
-49
-0.0338398
63
0.0435083
-10
-0.00690608
-17
-0.0117403
-35
-0.0241713
-7
-0.00483425
-40
-0.0276243
47
0.0324586
45
0.0310773
-10
-0.00690608
-19
-0.0131215
-2
-0.00138122
-40
-0.0276243
-14
-0.00966851
-32
-0.0220994
-38
-0.0262431
100
0.0690608
-5
-0.00345304
44
0.0303867
13
0.0089779
-16
-0.0110497
-17
-0.0117403
21
0.0145028
-74
-0.051105
-7
-0.00483425
4
0.00276243
-28
-0.019337
-38
-0.0262431
-78
-0.0538674
29
0.0200276
-36
-0.0248619
24
0.0165746
28
0.019337
-20
-0.0138122
-4
-0.00276243
-25
-0.0172652
57
0.0393646
-5
-0.00345304
-80
-0.0552486
-10
-0.00690608
26
0.0179558
-15
-0.0103591
-49
-0.0338398
34
0.0234807
0
0
10
0.00690608
36
0.0248619
-46
-0.031768
-26
-0.0179558
-37
-0.0255525
-19
-0.0131215
55
0.0379834
5
0.00345304
-50
-0.0345304
27
0.0186464
-49
-0.0338398
-21
-0.0145028
-2
-0.00138122
-10
-0.00690608
-36
-0.0248619
-16
-0.0110497
-29
-0.0200276
-55
-0.0379834
20
0.0138122
20
0.0138122
63
0.0435083
-3
-0.00207182
18
0.0124309
-11
-0.00759669
-4
-0.00276243
15
0.0103591
-30
-0.0207182
5
0.00345304
-19
-0.0131215
-117
-0.0808011
-7
-0.00483425
32
0.0220994
-39
-0.0269337
-64
-0.0441989
15
0.0103591
13
0.0089779
21
0.0145028
-21
-0.0145028
70
0.0483425
-38
-0.0262431
5
0.00345304
27
0.0186464
42
0.0290055
21
0.0145028
15
0.0103591
14
0.00966851
48
0.0331492
31
0.0214088
21
0.0145028
-16
-0.0110497
-39
-0.0269337
49
0.0338398
18
0.0124309
6
0.00414365
7
0.00483425
7
0.00483425
46
0.031768
-22
-0.0151934
-61
-0.0421271
29
0.0200276
38
0.0262431
63
0.0435083
-53
-0.0366022
64
0.0441989
2
0.00138122
-27
-0.0186464
35
0.0241713
74
0.051105
-77
-0.0531768
-41
-0.0283149
11
0.00759669
28
0.019337
8
0.00552486
17
0.0117403
-4
-0.00276243
64
0.0441989
-28
-0.019337
-14
-0.00966851
23
0.015884
35
0.0241713
-10
-0.00690608
-23
-0.015884
16
0.0110497
14
0.00966851
2
0.00138122
-12
-0.00828729
50
0.0345304
99
0.0683702
-23
-0.015884
87
0.0600829
7
0.00483425
-31
-0.0214088
20
0.0138122
52
0.0359116
-68
-0.0469613
-2
-0.00138122
-16
-0.0110497
-69
-0.0476519
-44
-0.0303867
-74
-0.051105
20
0.0138122
-37
-0.0255525
-12
-0.00828729
-44
-0.0303867
42
0.0290055
55
0.0379834
0
0
21
0.0145028
58
0.0400552
4
0.00276243
63
0.0435083
72
0.0497238
-30
-0.0207182
3
0.00207182
23
0.015884
-37
-0.0255525
-65
-0.0448895
35
0.0241713
-23
-0.015884
14
0.00966851
91
0.0628453
52
0.0359116
26
0.0179558
11
0.00759669
43
0.0296961
13
0.0089779
-25
-0.0172652
-25
-0.0172652
-34
-0.0234807
25
0.0172652
-3
-0.00207182
-80
-0.0552486
-31
-0.0214088
-52
-0.0359116
-60
-0.0414365
34
0.0234807
3
0.00207182
-68
-0.0469613
-54
-0.0372928
76
0.0524862
-65
-0.0448895
-57
-0.0393646
24
0.0165746
1
0.000690608
48
0.0331492
-50
-0.0345304
45
0.0310773
-27
-0.0186464
-26
-0.0179558
15
0.0103591
-2
-0.00138122
-34
-0.0234807
-42
-0.0290055
25
0.0172652
40
0.0276243
-2
-0.00138122
76
0.0524862
-46
-0.031768
40
0.0276243
-12
-0.00828729
-37
-0.0255525
-66
-0.0455801
9
0.00621547
-1
-0.000690608
12
0.00828729
-21
-0.0145028
38
0.0262431
-89
-0.0614641
-13
-0.0089779
-3
-0.00207182
10
0.00690608
30
0.0207182
68
0.0469613
-68
-0.0469613
-6
-0.00414365
25
0.0172652
20
0.0138122
-43
-0.0296961
32
0.0220994
-4
-0.00276243
-30
-0.0207182
-36
-0.0248619
-66
-0.0455801
13
0.0089779
-72
-0.0497238
2
0.00138122
60
0.0414365
-10
-0.00690608
-6
-0.00414365
50
0.0345304
-15
-0.0103591
-25
-0.0172652
6
0.00414365
13
0.0089779
15
0.0103591
41
0.0283149
15
0.0103591
11
0.00759669
67
0.0462707
15
0.0103591
-6
-0.00414365
24
0.0165746
27
0.0186464
24
0.0165746
14
0.00966851
-9
-0.00621547
17
0.0117403
-5
-0.00345304
-16
-0.0110497
-18
-0.0124309
46
0.031768
34
0.0234807
-20
-0.0138122
-43
-0.0296961
2
0.00138122
33
0.0227901
0
0
-4
-0.00276243
-16
-0.0110497
-30
-0.0207182
-45
-0.0310773
-22
-0.0151934
-30
-0.0207182
-53
-0.0366022
-71
-0.0490331
-32
-0.0220994
1
0.000690608
-7
-0.00483425
-12
-0.00828729
-48
-0.0331492
60
0.0414365
-12
-0.00828729
-4
-0.00276243
-27
-0.0186464
-12
-0.00828729
-48
-0.0331492
-18
-0.0124309
-31
-0.0214088
-26
-0.0179558
-1
-0.000690608
-62
-0.0428177
61
0.0421271
27
0.0186464
-38
-0.0262431
-40
-0.0276243
2
0.00138122
12
0.00828729
22
0.0151934
6
0.00414365
29
0.0200276
-13
-0.0089779
-81
-0.0559392
18
0.0124309
-10
-0.00690608
-23
-0.015884
3
0.00207182
-40
-0.0276243
6
0.00414365
4
0.00276243
-10
-0.00690608
45
0.0310773
100
0.0690608
21
0.0145028
-43
-0.0296961
-44
-0.0303867
1
0.000690608
-54
-0.0372928
-3
-0.00207182
-15
-0.0103591
40
0.0276243
17
0.0117403
15
0.0103591
18
0.0124309
-62
-0.0428177
36
0.0248619
-42
-0.0290055
-9
-0.00621547
3
0.00207182
86
0.0593923
69
0.0476519
-61
-0.0421271
23
0.015884
-9
-0.00621547
-5
-0.00345304
5
0.00345304
4
0.00276243
-28
-0.019337
27
0.0186464
7
0.00483425
71
0.0490331
-36
-0.0248619
-28
-0.019337
8
0.00552486
54
0.0372928
49
0.0338398
-53
-0.0366022
-31
-0.0214088
-32
-0.0220994
19
0.0131215
-22
-0.0151934
66
0.0455801
-51
-0.035221
-24
-0.0165746
65
0.0448895
-17
-0.0117403
24
0.0165746
-33
-0.0227901
-29
-0.0200276
-3
-0.00207182
2
0.00138122
38
0.0262431
-24
-0.0165746
-63
-0.0435083
-15
-0.0103591
-9
-0.00621547
-35
-0.0241713
9
0.00621547
-21
-0.0145028
-46
-0.031768
-29
-0.0200276
-74
-0.051105
36
0.0248619
40
0.0276243
-33
-0.0227901
-15
-0.0103591
35
0.0241713
-37
-0.0255525
-73
-0.0504144
-23
-0.015884
-26
-0.0179558
-30
-0.0207182
37
0.0255525
25
0.0172652
-35
-0.0241713
13
0.0089779
52
0.0359116
-23
-0.015884
-43
-0.0296961
-23
-0.015884
-29
-0.0200276
34
0.0234807
-29
-0.0200276
3
0.00207182
40
0.0276243
-12
-0.00828729
-13
-0.0089779
-18
-0.0124309
-54
-0.0372928
-24
-0.0165746
7
0.00483425
41
0.0283149
27
0.0186464
-39
-0.0269337
-34
-0.0234807
17
0.0117403
-73
-0.0504144
-20
-0.0138122
-19
-0.0131215
10
0.00690608
-16
-0.0110497
-27
-0.0186464
-30
-0.0207182
-6
-0.00414365
53
0.0366022
30
0.0207182
-15
-0.0103591
-7
-0.00483425
5
0.00345304
-21
-0.0145028
16
0.0110497
-22
-0.0151934
15
0.0103591
-18
-0.0124309
22
0.0151934
-24
-0.0165746
-36
-0.0248619
20
0.0138122
32
0.0220994
-15
-0.0103591
-4
-0.00276243
-25
-0.0172652
-2
-0.00138122
-23
-0.015884
-30
-0.0207182
-7
-0.00483425
-63
-0.0435083
-18
-0.0124309
-58
-0.0400552
5
0.00345304
-19
-0.0131215
-17
-0.0117403
41
0.0283149
-22
-0.0151934
50
0.0345304
-11
-0.00759669
110
0.0759669
40
0.0276243
-50
-0.0345304
45
0.0310773
34
0.0234807
-4
-0.00276243
-25
-0.0172652
29
0.0200276
4
0.00276243
11
0.00759669
-7
-0.00483425
20
0.0138122
-12
-0.00828729
6
0.00414365
44
0.0303867
21
0.0145028
-52
-0.0359116
38
0.0262431
-57
-0.0393646
-21
-0.0145028
-16
-0.0110497
24
0.0165746
16
0.0110497
-12
-0.00828729
-31
-0.0214088
-41
-0.0283149
6
0.00414365
-8
-0.00552486
-20
-0.0138122
7
0.00483425
-19
-0.0131215
-32
-0.0220994
9
0.00621547
48
0.0331492
13
0.0089779
52
0.0359116
-25
-0.0172652
-30
-0.0207182
-10
-0.00690608
-32
-0.0220994
20
0.0138122
-18
-0.0124309
43
0.0296961
-21
-0.0145028
-12
-0.00828729
22
0.0151934
29
0.0200276
-63
-0.0435083
-10
-0.00690608
26
0.0179558
-26
-0.0179558
45
0.0310773
5
0.00345304
26
0.0179558
30
0.0207182
16
0.0110497
68
0.0469613
-48
-0.0331492
2
0.00138122
9
0.00621547
-41
-0.0283149
113
0.0780387
23
0.015884
-1
-0.000690608
-38
-0.0262431
5
0.00345304
79
0.054558
10
0.00690608
-78
-0.0538674
21
0.0145028
-34
-0.0234807
-24
-0.0165746
6
0.00414365
-59
-0.0407459
-21
-0.0145028
5
0.00345304
-25
-0.0172652
15
0.0103591
-31
-0.0214088
9
0.00621547
-22
-0.0151934
-2
-0.00138122
-5
-0.00345304
-43
-0.0296961
-99
-0.0683702
-25
-0.0172652
57
0.0393646
-29
-0.0200276
16
0.0110497
17
0.0117403
9
0.00621547
23
0.015884
18
0.0124309
38
0.0262431
-5
-0.00345304
-4
-0.00276243
10
0.00690608
-51
-0.035221
0
0
-35
-0.0241713
-38
-0.0262431
-20
-0.0138122
-8
-0.00552486
31
0.0214088
14
0.00966851
8
0.00552486
51
0.035221
51
0.035221
82
0.0566298
-19
-0.0131215
16
0.0110497
-16
-0.0110497
-30
-0.0207182
0
0
-22
-0.0151934
-5
-0.00345304
8
0.00552486
-16
-0.0110497
-10
-0.00690608
-26
-0.0179558
43
0.0296961
-36
-0.0248619
-12
-0.00828729
-69
-0.0476519
16
0.0110497
34
0.0234807
-10
-0.00690608
-28
-0.019337
4
0.00276243
-118
-0.0814917
-24
-0.0165746
-3
-0.00207182
67
0.0462707
17
0.0117403
90
0.0621547
-34
-0.0234807
-2
-0.00138122
-75
-0.0517956
43
0.0296961
-32
-0.0220994
-9
-0.00621547
2
0.00138122
-16
-0.0110497
-4
-0.00276243
21
0.0145028
63
0.0435083
-17
-0.0117403
-21
-0.0145028
-62
-0.0428177
20
0.0138122
-41
-0.0283149
0
0
-12
-0.00828729
-7
-0.00483425
-87
-0.0600829
-39
-0.0269337
-17
-0.0117403
20
0.0138122
-13
-0.0089779
19
0.0131215
-58
-0.0400552
15
0.0103591
-61
-0.0421271
4
0.00276243
24
0.0165746
-5
-0.00345304
-5
-0.00345304
20
0.0138122
-62
-0.0428177
61
0.0421271
-10
-0.00690608
58
0.0400552
-22
-0.0151934
-1
-0.000690608
-23
-0.015884
-27
-0.0186464
-10
-0.00690608
-27
-0.0186464
47
0.0324586
18
0.0124309
20
0.0138122
7
0.00483425
-36
-0.0248619
11
0.00759669
44
0.0303867
19
0.0131215
-28
-0.019337
-11
-0.00759669
-18
-0.0124309
-3
-0.00207182
-45
-0.0310773
-7
-0.00483425
-87
-0.0600829
28
0.019337
13
0.0089779
29
0.0200276
-36
-0.0248619
3
0.00207182
-27
-0.0186464
-41
-0.0283149
88
0.0607735
18
0.0124309
-1
-0.000690608
-10
-0.00690608
-29
-0.0200276
-6
-0.00414365
-1
-0.000690608
51
0.035221
38
0.0262431
-56
-0.038674
-8
-0.00552486
-59
-0.0407459
-42
-0.0290055
-21
-0.0145028
6
0.00414365
-21
-0.0145028
38
0.0262431
69
0.0476519
-9
-0.00621547
-17
-0.0117403
-11
-0.00759669
43
0.0296961
-18
-0.0124309
10
0.00690608
77
0.0531768
-41
-0.0283149
-5
-0.00345304
25
0.0172652
26
0.0179558
-36
-0.0248619
-4
-0.00276243
16
0.0110497
13
0.0089779
-41
-0.0283149
-13
-0.0089779
-10
-0.00690608
22
0.0151934
6
0.00414365
49
0.0338398
17
0.0117403
16
0.0110497
-70
-0.0483425
16
0.0110497
-64
-0.0441989
7
0.00483425
-11
-0.00759669
29
0.0200276
-105
-0.0725138
-38
-0.0262431
27
0.0186464
-55
-0.0379834
1
0.000690608
13
0.0089779
13
0.0089779
25
0.0172652
31
0.0214088
-16
-0.0110497
-62
-0.0428177
31
0.0214088
58
0.0400552
-30
-0.0207182
-6
-0.00414365
-2
-0.00138122
27
0.0186464
32
0.0220994
-7
-0.00483425
-28
-0.019337
28
0.019337
-95
-0.0656077
2
0.00138122
21
0.0145028
21
0.0145028
37
0.0255525
4
0.00276243
-46
-0.031768
-17
-0.0117403
2
0.00138122
31
0.0214088
0
0
53
0.0366022
49
0.0338398
30
0.0207182
36
0.0248619
24
0.0165746
-2
-0.00138122
-17
-0.0117403
19
0.0131215
46
0.031768
0
0
18
0.0124309
5
0.00345304
-23
-0.015884
-51
-0.035221
46
0.031768
10
0.00690608
47
0.0324586
-38
-0.0262431
-21
-0.0145028
3
0.00207182
70
0.0483425
-38
-0.0262431
33
0.0227901
19
0.0131215
-23
-0.015884
9
0.00621547
-11
-0.00759669
0
0
9
0.00621547
58
0.0400552
44
0.0303867
