243
0.00741577
148
0.0045166
145
0.00442505
-150
-0.00457764
-622
-0.0189819
268
0.00817871
-848
-0.0258789
3
9.15527e-05
-295
-0.00900269
127
0.00387573
235
0.00717163
-90
-0.00274658
839
0.0256042
43
0.00131226
263
0.00802612
-219
-0.00668335
-726
-0.0221558
-262
-0.00799561
-495
-0.0151062
-144
-0.00439453
-583
-0.0177917
252
0.00769043
-754
-0.0230103
-179
-0.00546265
-62
-0.00189209
137
0.00418091
161
0.00491333
-106
-0.00323486
358
0.0109253
-155
-0.00473022
-102
-0.00311279
145
0.00442505
393
0.0119934
-182
-0.0055542
-39
-0.00119019
-37
-0.00112915
153
0.00466919
-335
-0.0102234
193
0.00588989
-5
-0.000152588
377
0.0115051
-57
-0.0017395
-667
-0.0203552
168
0.00512695
-264
-0.00805664
-5
-0.000152588
120
0.00366211
129
0.00393677
-644
-0.0196533
46
0.00140381
-17
-0.000518799
-186
-0.00567627
333
0.0101624
-27
-0.000823975
41
0.00125122
114
0.003479
-10
-0.000305176
26
0.000793457
-518
-0.0158081
215
0.00656128
-537
-0.0163879
25
0.000762939
184
0.00561523
135
0.00411987
-459
-0.0140076
-300
-0.00915527
-660
-0.0201416
-46
-0.00140381
610
0.0186157
8
0.000244141
189
0.00576782
-74
-0.0022583
22
0.000671387
31
0.000946045
-607
-0.0185242
-322
-0.00982666
-11
-0.000335693
-151
-0.00460815
102
0.00311279
-45
-0.00137329
766
0.0233765
166
0.00506592
1274
0.0388794
-33
-0.00100708
101
0.00308228
-252
-0.00769043
-232
-0.00708008
-27
-0.000823975
372
0.0113525
-213
-0.00650024
-200
-0.00610352
36
0.00109863
-141
-0.00430298
145
0.00442505
365
0.0111389
228
0.00695801
-13
-0.000396729
-13
-0.000396729
306
0.00933838
-262
-0.00799561
818
0.0249634
9
0.000274658
-61
-0.00186157
-42
-0.00128174
-53
-0.00161743
-73
-0.00222778
407
0.0124207
-28
-0.000854492
1006
0.0307007
62
0.00189209
-833
-0.0254211
-132
-0.00402832
65
0.00198364
14
0.000427246
617
0.0188293
65
0.00198364
335
0.0102234
-218
-0.00665283
123
0.00375366
38
0.00115967
109
0.00332642
275
0.00839233
412
0.0125732
4
0.00012207
508
0.0155029
-144
-0.00439453
68
0.0020752
48
0.00146484
-337
-0.0102844
61
0.00186157
-54
-0.00164795
106
0.00323486
-66
-0.00201416
4
0.00012207
265
0.00808716
-150
-0.00457764
-267
-0.00814819
-24
-0.000732422
-286
-0.00872803
-171
-0.00521851
445
0.0135803
-183
-0.00558472
-153
-0.00466919
43
0.00131226
-926
-0.0282593
-33
-0.00100708
155
0.00473022
125
0.0038147
-216
-0.0065918
32
0.000976562
-7
-0.000213623
301
0.00918579
172
0.00524902
368
0.0112305
-533
-0.0162659
60
0.00183105
120
0.00366211
-64
-0.00195312
-151
-0.00460815
-247
-0.00753784
851
0.0259705
93
0.00283813
-709
-0.021637
62
0.00189209
-430
-0.0131226
-80
-0.00244141
-643
-0.0196228
128
0.00390625
-259
-0.00790405
135
0.00411987
-78
-0.00238037
17
0.000518799
558
0.0170288
-1
-3.05176e-05
68
0.0020752
122
0.00372314
-605
-0.0184631
-78
-0.00238037
-103
-0.00314331
-143
-0.00436401
438
0.0133667
-24
-0.000732422
-400
-0.012207
-181
-0.00552368
275
0.00839233
-120
-0.00366211
-175
-0.00534058
-26
-0.000793457
-121
-0.00369263
-72
-0.00219727
342
0.010437
-61
-0.00186157
-362
-0.0110474
-107
-0.00326538
569
0.0173645
-110
-0.00335693
-201
-0.00613403
-252
-0.00769043
33
0.00100708
-298
-0.00909424
-181
-0.00552368
117
0.00357056
386
0.0117798
-250
-0.00762939
-21
-0.000640869
30
0.000915527
-46
-0.00140381
-100
-0.00305176
223
0.00680542
-73
-0.00222778
-519
-0.0158386
-90
-0.00274658
56
0.00170898
-344
-0.010498
-522
-0.0159302
-394
-0.0120239
-82
-0.00250244
-144
-0.00439453
722
0.0220337
-79
-0.00241089
426
0.0130005
-251
-0.00765991
403
0.0122986
24
0.000732422
-586
-0.0178833
-40
-0.0012207
288
0.00878906
380
0.0115967
454
0.013855
-314
-0.00958252
399
0.0121765
80
0.00244141
-24
-0.000732422
23
0.000701904
109
0.00332642
-93
-0.00283813
-212
-0.00646973
193
0.00588989
-623
-0.0190125
-304
-0.00927734
62
0.00189209
-25
-0.000762939
-57
-0.0017395
154
0.00469971
-1
-3.05176e-05
42
0.00128174
192
0.00585938
64
0.00195312
596
0.0181885
35
0.00106812
230
0.00701904
-47
-0.00143433
238
0.00726318
-284
-0.00866699
84
0.00256348
-133
-0.00405884
-688
-0.0209961
37
0.00112915
264
0.00805664
129
0.00393677
717
0.0218811
72
0.00219727
133
0.00405884
-366
-0.0111694
-458
-0.0139771
-336
-0.0102539
255
0.00778198
153
0.00466919
838
0.0255737
-138
-0.00421143
130
0.00396729
34
0.0010376
-688
-0.0209961
-84
-0.00256348
683
0.0208435
108
0.0032959
129
0.00393677
160
0.00488281
-454
-0.013855
5
0.000152588
432
0.0131836
-43
-0.00131226
256
0.0078125
-223
-0.00680542
-68
-0.0020752
186
0.00567627
-514
-0.015686
299
0.00912476
-406
-0.0123901
55
0.00167847
272
0.00830078
-136
-0.00415039
-514
-0.015686
73
0.00222778
807
0.0246277
-223
-0.00680542
174
0.00531006
45
0.00137329
-549
-0.0167542
118
0.00360107
411
0.0125427
102
0.00311279
-160
-0.00488281
-160
-0.00488281
171
0.00521851
214
0.00653076
216
0.0065918
1
3.05176e-05
277
0.00845337
165
0.0050354
-590
-0.0180054
-238
-0.00726318
-7
-0.000213623
-171
-0.00521851
1234
0.0376587
-108
-0.0032959
-384
-0.0117188
-123
-0.00375366
200
0.00610352
-109
-0.00332642
-49
-0.00149536
-194
-0.00592041
422
0.0128784
187
0.00570679
610
0.0186157
-251
-0.00765991
9
0.000274658
150
0.00457764
338
0.0103149
171
0.00521851
704
0.0214844
39
0.00119019
621
0.0189514
-291
-0.00888062
-187
-0.00570679
-182
-0.0055542
19
0.000579834
94
0.00286865
-710
-0.0216675
-126
-0.00384521
35
0.00106812
15
0.000457764
283
0.00863647
-50
-0.00152588
-973
-0.0296936
129
0.00393677
-523
-0.0159607
56
0.00170898
-538
-0.0164185
447
0.0136414
-750
-0.0228882
185
0.00564575
1
3.05176e-05
-70
-0.00213623
168
0.00512695
17
0.000518799
-270
-0.00823975
-23
-0.000701904
-369
-0.011261
-230
-0.00701904
-109
-0.00332642
75
0.00228882
-1125
-0.0343323
-320
-0.00976562
-745
-0.0227356
59
0.00180054
-215
-0.00656128
114
0.003479
519
0.0158386
401
0.0122375
632
0.0192871
-43
-0.00131226
141
0.00430298
-51
-0.0015564
201
0.00613403
-129
-0.00393677
-793
-0.0242004
-108
-0.0032959
25
0.000762939
-56
-0.00170898
-185
-0.00564575
-12
-0.000366211
29
0.00088501
-189
-0.00576782
515
0.0157166
-135
-0.00411987
469
0.0143127
-156
-0.00476074
1058
0.0322876
-79
-0.00241089
392
0.0119629
21
0.000640869
306
0.00933838
-186
-0.00567627
383
0.0116882
229
0.00698853
1108
0.0338135
-132
-0.00402832
331
0.0101013
-86
-0.00262451
385
0.0117493
-60
-0.00183105
-208
-0.00634766
-38
-0.00115967
166
0.00506592
234
0.00714111
196
0.00598145
256
0.0078125
443
0.0135193
164
0.00500488
-812
-0.0247803
-18
-0.000549316
482
0.0147095
34
0.0010376
700
0.0213623
-51
-0.0015564
146
0.00445557
247
0.00753784
-172
-0.00524902
162
0.00494385
327
0.00997925
316
0.00964355
-670
-0.0204468
110
0.00335693
-641
-0.0195618
64
0.00195312
-541
-0.01651
-116
-0.00354004
-68
-0.0020752
372
0.0113525
-212
-0.00646973
-75
-0.00228882
-96
-0.00292969
-6
-0.000183105
552
0.0168457
89
0.00271606
-546
-0.0166626
58
0.00177002
538
0.0164185
-70
-0.00213623
44
0.00134277
98
0.00299072
-227
-0.00692749
-68
-0.0020752
-841
-0.0256653
-95
-0.00289917
-85
-0.00259399
81
0.00247192
-907
-0.0276794
185
0.00564575
316
0.00964355
49
0.00149536
-297
-0.00906372
124
0.00378418
-517
-0.0157776
-55
-0.00167847
-133
-0.00405884
-15
-0.000457764
-609
-0.0185852
201
0.00613403
670
0.0204468
285
0.00869751
-396
-0.012085
194
0.00592041
-316
-0.00964355
113
0.00344849
264
0.00805664
44
0.00134277
-46
-0.00140381
-8
-0.000244141
-815
-0.0248718
-7
-0.000213623
-358
-0.0109253
269
0.00820923
-111
-0.00338745
-66
-0.00201416
-364
-0.0111084
196
0.00598145
-617
-0.0188293
-85
-0.00259399
-510
-0.015564
248
0.00756836
-61
-0.00186157
157
0.00479126
625
0.0190735
51
0.0015564
157
0.00479126
141
0.00430298
-267
-0.00814819
168
0.00512695
736
0.0224609
-93
-0.00283813
-227
-0.00692749
-152
-0.00463867
212
0.00646973
401
0.0122375
-163
-0.00497437
-82
-0.00250244
-247
-0.00753784
-251
-0.00765991
-164
-0.00500488
-13
-0.000396729
-312
-0.00952148
-204
-0.00622559
328
0.0100098
206
0.00628662
-466
-0.0142212
5
0.000152588
-860
-0.0262451
-148
-0.0045166
5
0.000152588
-31
-0.000946045
401
0.0122375
244
0.00744629
-268
-0.00817871
-6
-0.000183105
749
0.0228577
-170
-0.00518799
-356
-0.0108643
113
0.00344849
-613
-0.0187073
-392
-0.0119629
254
0.00775146
57
0.0017395
196
0.00598145
60
0.00183105
-86
-0.00262451
-63
-0.00192261
463
0.0141296
-124
-0.00378418
-146
-0.00445557
276
0.00842285
54
0.00164795
-45
-0.00137329
-141
-0.00430298
-233
-0.0071106
463
0.0141296
-96
-0.00292969
375
0.0114441
207
0.00631714
-176
-0.00537109
102
0.00311279
-875
-0.0267029
4
0.00012207
249
0.00759888
143
0.00436401
1025
0.0312805
463
0.0141296
-95
-0.00289917
-176
-0.00537109
652
0.0198975
-21
-0.000640869
450
0.0137329
241
0.00735474
443
0.0135193
167
0.00509644
-345
-0.0105286
50
0.00152588
299
0.00912476
84
0.00256348
-414
-0.0126343
18
0.000549316
-495
-0.0151062
89
0.00271606
635
0.0193787
77
0.00234985
392
0.0119629
-110
-0.00335693
334
0.0101929
369
0.011261
-380
-0.0115967
126
0.00384521
-262
-0.00799561
6
0.000183105
-111
-0.00338745
-184
-0.00561523
432
0.0131836
-15
-0.000457764
-334
-0.0101929
337
0.0102844
355
0.0108337
-18
-0.000549316
1092
0.0333252
-178
-0.00543213
395
0.0120544
17
0.000518799
-65
-0.00198364
-105
-0.00320435
-40
-0.0012207
-120
-0.00366211
250
0.00762939
-379
-0.0115662
-624
-0.019043
121
0.00369263
254
0.00775146
-160
-0.00488281
-4
-0.00012207
-377
-0.0115051
-304
-0.00927734
66
0.00201416
-369
-0.011261
67
0.00204468
-715
-0.0218201
53
0.00161743
58
0.00177002
-128
-0.00390625
171
0.00521851
120
0.00366211
72
0.00219727
-24
-0.000732422
198
0.00604248
77
0.00234985
24
0.000732422
-131
-0.0039978
-401
-0.0122375
227
0.00692749
781
0.0238342
86
0.00262451
-754
-0.0230103
230
0.00701904
190
0.00579834
94
0.00286865
808
0.0246582
40
0.0012207
-460
-0.0140381
-99
-0.00302124
-215
-0.00656128
151
0.00460815
-774
-0.0236206
-2
-6.10352e-05
-79
-0.00241089
-91
-0.0027771
-574
-0.0175171
-59
-0.00180054
536
0.0163574
-38
-0.00115967
-683
-0.0208435
-88
-0.00268555
699
0.0213318
-273
-0.0083313
395
0.0120544
-294
-0.00897217
170
0.00518799
86
0.00262451
677
0.0206604
240
0.00732422
-381
-0.0116272
-123
-0.00375366
300
0.00915527
-12
-0.000366211
262
0.00799561
-208
-0.00634766
341
0.0104065
46
0.00140381
300
0.00915527
-69
-0.00210571
466
0.0142212
-248
-0.00756836
481
0.014679
106
0.00323486
-57
-0.0017395
34
0.0010376
239
0.0072937
-117
-0.00357056
-281
-0.00857544
129
0.00393677
-453
-0.0138245
90
0.00274658
-851
-0.0259705
-10
-0.000305176
-16
-0.000488281
-38
-0.00115967
781
0.0238342
149
0.00454712
-381
-0.0116272
36
0.00109863
-205
-0.0062561
-133
-0.00405884
-251
-0.00765991
74
0.0022583
-411
-0.0125427
125
0.0038147
-101
-0.00308228
148
0.0045166
-561
-0.0171204
-291
-0.00888062
-114
-0.003479
-176
-0.00537109
427
0.013031
10
0.000305176
198
0.00604248
121
0.00369263
-113
-0.00344849
-155
-0.00473022
-227
-0.00692749
59
0.00180054
257
0.00784302
121
0.00369263
485
0.014801
220
0.00671387
22
0.000671387
-22
-0.000671387
-295
-0.00900269
-44
-0.00134277
261
0.00796509
-297
-0.00906372
171
0.00521851
112
0.00341797
-13
-0.000396729
187
0.00570679
101
0.00308228
192
0.00585938
-376
-0.0114746
123
0.00375366
235
0.00717163
323
0.00985718
180
0.00549316
166
0.00506592
424
0.0129395
-42
-0.00128174
-883
-0.026947
59
0.00180054
-117
-0.00357056
244
0.00744629
273
0.0083313
-10
-0.000305176
-545
-0.0166321
-16
-0.000488281
-514
-0.015686
-179
-0.00546265
7
0.000213623
-188
-0.0057373
531
0.0162048
-286
-0.00872803
-860
-0.0262451
213
0.00650024
643
0.0196228
-159
-0.00485229
452
0.0137939
-126
-0.00384521
-489
-0.0149231
-124
-0.00378418
875
0.0267029
-63
-0.00192261
213
0.00650024
25
0.000762939
497
0.0151672
145
0.00442505
-387
-0.0118103
-174
-0.00531006
-416
-0.0126953
-285
-0.00869751
-561
-0.0171204
-247
-0.00753784
-1197
-0.0365295
-250
-0.00762939
-218
-0.00665283
-72
-0.00219727
68
0.0020752
-101
-0.00308228
1075
0.0328064
-96
-0.00292969
-38
-0.00115967
-85
-0.00259399
622
0.0189819
187
0.00570679
-64
-0.00195312
159
0.00485229
181
0.00552368
-5
-0.000152588
709
0.021637
18
0.000549316
359
0.0109558
-362
-0.0110474
89
0.00271606
-24
-0.000732422
277
0.00845337
-73
-0.00222778
464
0.0141602
39
0.00119019
297
0.00906372
-78
-0.00238037
346
0.0105591
214
0.00653076
436
0.0133057
13
0.000396729
302
0.00921631
-76
-0.00231934
176
0.00537109
25
0.000762939
-376
-0.0114746
-84
-0.00256348
-368
-0.0112305
-258
-0.00787354
-507
-0.0154724
-28
-0.000854492
-352
-0.0107422
-23
-0.000701904
85
0.00259399
125
0.0038147
-568
-0.017334
344
0.010498
155
0.00473022
83
0.00253296
-554
-0.0169067
62
0.00189209
-193
-0.00588989
72
0.00219727
503
0.0153503
46
0.00140381
650
0.0198364
249
0.00759888
-670
-0.0204468
-114
-0.003479
54
0.00164795
-96
-0.00292969
206
0.00628662
58
0.00177002
-1472
-0.0449219
-54
-0.00164795
-698
-0.0213013
113
0.00344849
314
0.00958252
99
0.00302124
1222
0.0372925
-122
-0.00372314
-549
-0.0167542
2
6.10352e-05
-535
-0.0163269
127
0.00387573
-70
-0.00213623
-182
-0.0055542
570
0.017395
175
0.00534058
-271
-0.00827026
196
0.00598145
299
0.00912476
-93
-0.00283813
56
0.00170898
28
0.000854492
-249
-0.00759888
-255
-0.00778198
-398
-0.012146
-136
-0.00415039
-643
-0.0196228
-299
-0.00912476
-312
-0.00952148
-26
-0.000793457
637
0.0194397
-17
-0.000518799
-161
-0.00491333
-63
-0.00192261
-252
-0.00769043
125
0.0038147
352
0.0107422
210
0.00640869
387
0.0118103
331
0.0101013
250
0.00762939
1
3.05176e-05
354
0.0108032
-131
-0.0039978
-156
-0.00476074
-97
-0.00296021
265
0.00808716
-76
-0.00231934
-340
-0.010376
-100
-0.00305176
-640
-0.0195312
14
0.000427246
619
0.0188904
67
0.00204468
-629
-0.0191956
-274
-0.00836182
1080
0.032959
99
0.00302124
654
0.0199585
-149
-0.00454712
-108
-0.0032959
26
0.000793457
-189
-0.00576782
88
0.00268555
-102
-0.00311279
218
0.00665283
-596
-0.0181885
-89
-0.00271606
-496
-0.0151367
244
0.00744629
-517
-0.0157776
174
0.00531006
133
0.00405884
-171
-0.00521851
-95
-0.00289917
-32
-0.000976562
-363
-0.0110779
137
0.00418091
148
0.0045166
224
0.00683594
-45
-0.00137329
-178
-0.00543213
362
0.0110474
-30
-0.000915527
-259
-0.00790405
-12
-0.000366211
-655
-0.019989
193
0.00588989
-108
-0.0032959
-82
-0.00250244
-552
-0.0168457
146
0.00445557
-241
-0.00735474
-252
-0.00769043
54
0.00164795
60
0.00183105
437
0.0133362
47
0.00143433
273
0.0083313
94
0.00286865
-206
-0.00628662
-44
-0.00134277
-243
-0.00741577
276
0.00842285
-317
-0.00967407
-140
-0.00427246
-275
-0.00839233
-214
-0.00653076
156
0.00476074
-368
-0.0112305
-203
-0.00619507
-19
-0.000579834
-1000
-0.0305176
-41
-0.00125122
152
0.00463867
-174
-0.00531006
132
0.00402832
133
0.00405884
-382
-0.0116577
163
0.00497437
167
0.00509644
77
0.00234985
-216
-0.0065918
335
0.0102234
-322
-0.00982666
-86
-0.00262451
35
0.00106812
-92
-0.00280762
147
0.00448608
31
0.000946045
344
0.010498
-42
-0.00128174
43
0.00131226
-161
-0.00491333
-999
-0.0304871
-77
-0.00234985
187
0.00570679
72
0.00219727
-787
-0.0240173
252
0.00769043
375
0.0114441
138
0.00421143
0
0
-85
-0.00259399
1122
0.0342407
-211
-0.00643921
-139
-0.00424194
-176
-0.00537109
-347
-0.0105896
-31
-0.000946045
5
0.000152588
201
0.00613403
438
0.0133667
-55
-0.00167847
-159
-0.00485229
35
0.00106812
-417
-0.0127258
6
0.000183105
-82
-0.00250244
-236
-0.00720215
143
0.00436401
-349
-0.0106506
619
0.0188904
0
0
162
0.00494385
57
0.0017395
268
0.00817871
-46
-0.00140381
159
0.00485229
285
0.00869751
-921
-0.0281067
-147
-0.00448608
604
0.0184326
16
0.000488281
541
0.01651
19
0.000579834
198
0.00604248
-127
-0.00387573
24
0.000732422
-216
-0.0065918
160
0.00488281
362
0.0110474
-117
-0.00357056
-122
-0.00372314
-1030
-0.0314331
5
0.000152588
-52
-0.00158691
-52
-0.00158691
-148
-0.0045166
326
0.00994873
256
0.0078125
-146
-0.00445557
-116
-0.00354004
94
0.00286865
250
0.00762939
189
0.00576782
438
0.0133667
-2
-6.10352e-05
-186
-0.00567627
105
0.00320435
906
0.0276489
-307
-0.0093689
-455
-0.0138855
-23
-0.000701904
-327
-0.00997925
-206
-0.00628662
-395
-0.0120544
72
0.00219727
-29
-0.00088501
40
0.0012207
280
0.00854492
181
0.00552368
196
0.00598145
-184
-0.00561523
-283
-0.00863647
-4
-0.00012207
-370
-0.0112915
191
0.00582886
-482
-0.0147095
-192
-0.00585938
100
0.00305176
-239
-0.0072937
957
0.0292053
-354
-0.0108032
421
0.0128479
-44
-0.00134277
-483
-0.01474
123
0.00375366
-843
-0.0257263
153
0.00466919
-261
-0.00796509
175
0.00534058
-258
-0.00787354
-313
-0.009552
-598
-0.0182495
-185
-0.00564575
542
0.0165405
47
0.00143433
275
0.00839233
92
0.00280762
-222
-0.0067749
-8
-0.000244141
-179
-0.00546265
-75
-0.00228882
-202
-0.00616455
307
0.0093689
-1008
-0.0307617
159
0.00485229
147
0.00448608
-154
-0.00469971
361
0.0110168
104
0.00317383
-690
-0.0210571
123
0.00375366
-449
-0.0137024
-29
-0.00088501
394
0.0120239
-166
-0.00506592
502
0.0153198
236
0.00720215
291
0.00888062
6
0.000183105
736
0.0224609
-35
-0.00106812
440
0.0134277
-141
-0.00430298
-39
-0.00119019
7
0.000213623
479
0.0146179
-172
-0.00524902
-39
-0.00119019
-14
-0.000427246
-55
-0.00167847
60
0.00183105
288
0.00878906
-8
-0.000244141
228
0.00695801
140
0.00427246
7
0.000213623
-167
-0.00509644
828
0.0252686
-189
-0.00576782
453
0.0138245
412
0.0125732
423
0.0129089
-268
-0.00817871
-506
-0.0154419
215
0.00656128
215
0.00656128
31
0.000946045
-620
-0.0189209
84
0.00256348
-424
-0.0129395
-32
-0.000976562
-348
-0.0106201
31
0.000946045
-1211
-0.0369568
285
0.00869751
114
0.003479
101
0.00308228
-649
-0.0198059
-11
-0.000335693
109
0.00332642
151
0.00460815
391
0.0119324
53
0.00161743
-122
-0.00372314
151
0.00460815
292
0.00891113
-38
-0.00115967
-334
-0.0101929
-146
-0.00445557
-119
-0.00363159
-174
-0.00531006
436
0.0133057
125
0.0038147
316
0.00964355
114
0.003479
615
0.0187683
-212
-0.00646973
171
0.00521851
7
0.000213623
117
0.00357056
-48
-0.00146484
246
0.00750732
-71
-0.00216675
687
0.0209656
-160
-0.00488281
25
0.000762939
266
0.00811768
75
0.00228882
-128
-0.00390625
-71
-0.00216675
-335
-0.0102234
301
0.00918579
132
0.00402832
1038
0.0316772
-66
-0.00201416
-291
-0.00888062
362
0.0110474
-335
-0.0102234
-148
-0.0045166
-28
-0.000854492
221
0.00674438
-156
-0.00476074
-50
-0.00152588
471
0.0143738
414
0.0126343
499
0.0152283
-59
-0.00180054
-339
-0.0103455
-23
-0.000701904
346
0.0105591
-70
-0.00213623
11
0.000335693
-160
-0.00488281
-902
-0.0275269
-122
-0.00372314
176
0.00537109
82
0.00250244
70
0.00213623
-55
-0.00167847
-135
-0.00411987
56
0.00170898
-637
-0.0194397
-62
-0.00189209
-143
-0.00436401
-145
-0.00442505
-1133
-0.0345764
-152
-0.00463867
-19
-0.000579834
139
0.00424194
316
0.00964355
141
0.00430298
223
0.00680542
-76
-0.00231934
253
0.00772095
73
0.00222778
-261
-0.00796509
-282
-0.00860596
408
0.0124512
66
0.00201416
443
0.0135193
7
0.000213623
-235
-0.00717163
9
0.000274658
-524
-0.0159912
-5
-0.000152588
-394
-0.0120239
38
0.00115967
305
0.00930786
134
0.00408936
500
0.0152588
-269
-0.00820923
118
0.00360107
148
0.0045166
-949
-0.0289612
-249
-0.00759888
-605
-0.0184631
129
0.00393677
-79
-0.00241089
114
0.003479
33
0.00100708
-113
-0.00344849
-317
-0.00967407
-105
-0.00320435
180
0.00549316
59
0.00180054
391
0.0119324
-126
-0.00384521
-387
-0.0118103
135
0.00411987
-319
-0.00973511
8
0.000244141
562
0.0171509
-32
-0.000976562
431
0.0131531
-115
-0.00350952
-195
-0.00595093
264
0.00805664
445
0.0135803
-28
-0.000854492
-104
-0.00317383
190
0.00579834
-409
-0.0124817
310
0.00946045
17
0.000518799
95
0.00289917
472
0.0144043
-122
-0.00372314
-788
-0.0240479
210
0.00640869
-127
-0.00387573
-30
-0.000915527
-467
-0.0142517
8
0.000244141
-360
-0.0109863
-134
-0.00408936
-924
-0.0281982
-28
-0.000854492
246
0.00750732
-313
-0.009552
-453
-0.0138245
36
0.00109863
-880
-0.0268555
-168
-0.00512695
-281
-0.00857544
-127
-0.00387573
-28
-0.000854492
-106
-0.00323486
187
0.00570679
-182
-0.0055542
888
0.0270996
-175
-0.00534058
280
0.00854492
21
0.000640869
-254
-0.00775146
-27
-0.000823975
-721
-0.0220032
10
0.000305176
325
0.00991821
-318
-0.00970459
-448
-0.0136719
-19
-0.000579834
-82
-0.00250244
-132
-0.00402832
240
0.00732422
-387
-0.0118103
-162
-0.00494385
-101
-0.00308228
-208
-0.00634766
46
0.00140381
-212
-0.00646973
37
0.00112915
117
0.00357056
15
0.000457764
266
0.00811768
17
0.000518799
-475
-0.0144958
108
0.0032959
-779
-0.0237732
357
0.0108948
-593
-0.0180969
-421
-0.0128479
-776
-0.0236816
1
3.05176e-05
-672
-0.0205078
73
0.00222778
289
0.00881958
-403
-0.0122986
20
0.000610352
288
0.00878906
-615
-0.0187683
257
0.00784302
-209
-0.00637817
-9
-0.000274658
1064
0.0324707
-170
-0.00518799
185
0.00564575
-75
-0.00228882
396
0.012085
103
0.00314331
-549
-0.0167542
144
0.00439453
1103
0.0336609
312
0.00952148
134
0.00408936
57
0.0017395
50
0.00152588
-66
-0.00201416
94
0.00286865
-63
-0.00192261
-155
-0.00473022
-105
-0.00320435
-13
-0.000396729
161
0.00491333
127
0.00387573
214
0.00653076
-472
-0.0144043
102
0.00311279
-229
-0.00698853
280
0.00854492
136
0.00415039
154
0.00469971
320
0.00976562
-416
-0.0126953
414
0.0126343
342
0.010437
1106
0.0337524
128
0.00390625
-393
-0.0119934
-220
-0.00671387
-827
-0.025238
118
0.00360107
-493
-0.0150452
-25
-0.000762939
118
0.00360107
-58
-0.00177002
273
0.0083313
-218
-0.00665283
134
0.00408936
74
0.0022583
-117
-0.00357056
52
0.00158691
-105
-0.00320435
165
0.0050354
1013
0.0309143
242
0.00738525
-47
-0.00143433
31
0.000946045
-143
-0.00436401
-78
-0.00238037
133
0.00405884
-381
-0.0116272
-446
-0.0136108
101
0.00308228
-303
-0.00924683
55
0.00167847
-143
-0.00436401
-134
-0.00408936
40
0.0012207
-71
-0.00216675
549
0.0167542
-62
-0.00189209
354
0.0108032
12
0.000366211
-178
-0.00543213
204
0.00622559
-235
-0.00717163
87
0.00265503
-180
-0.00549316
18
0.000549316
-330
-0.0100708
460
0.0140381
-370
-0.0112915
260
0.00793457
-624
-0.019043
79
0.00241089
-46
-0.00140381
-251
-0.00765991
527
0.0160828
365
0.0111389
175
0.00534058
-104
-0.00317383
121
0.00369263
149
0.00454712
119
0.00363159
-270
-0.00823975
58
0.00177002
232
0.00708008
-14
-0.000427246
108
0.0032959
-31
-0.000946045
226
0.00689697
-318
-0.00970459
-338
-0.0103149
247
0.00753784
206
0.00628662
-701
-0.0213928
3
9.15527e-05
-266
-0.00811768
-118
-0.00360107
-182
-0.0055542
371
0.011322
-474
-0.0144653
242
0.00738525
-465
-0.0141907
13
0.000396729
463
0.0141296
11
0.000335693
114
0.003479
221
0.00674438
-685
-0.0209045
128
0.00390625
192
0.00585938
69
0.00210571
94
0.00286865
100
0.00305176
-145
-0.00442505
299
0.00912476
165
0.0050354
299
0.00912476
-848
-0.0258789
-113
-0.00344849
-253
-0.00772095
130
0.00396729
272
0.00830078
36
0.00109863
202
0.00616455
222
0.0067749
229
0.00698853
82
0.00250244
-74
-0.0022583
134
0.00408936
-568
-0.017334
369
0.011261
-972
-0.0296631
109
0.00332642
158
0.00482178
-15
-0.000457764
-14
-0.000427246
130
0.00396729
466
0.0142212
272
0.00830078
297
0.00906372
259
0.00790405
-136
-0.00415039
-89
-0.00271606
-597
-0.018219
-23
-0.000701904
-748
-0.0228271
192
0.00585938
336
0.0102539
297
0.00906372
296
0.0090332
-143
-0.00436401
438
0.0133667
163
0.00497437
711
0.021698
-157
-0.00479126
112
0.00341797
-278
-0.00848389
341
0.0104065
97
0.00296021
-415
-0.0126648
112
0.00341797
-119
-0.00363159
-45
-0.00137329
207
0.00631714
-21
-0.000640869
16
0.000488281
320
0.00976562
-928
-0.0283203
-227
-0.00692749
-70
-0.00213623
64
0.00195312
316
0.00964355
-57
-0.0017395
339
0.0103455
-253
-0.00772095
709
0.021637
145
0.00442505
-150
-0.00457764
-211
-0.00643921
517
0.0157776
201
0.00613403
466
0.0142212
101
0.00308228
210
0.00640869
-250
-0.00762939
-478
-0.0145874
219
0.00668335
-666
-0.0203247
11
0.000335693
-529
-0.0161438
-26
-0.000793457
-30
-0.000915527
-299
-0.00912476
-63
-0.00192261
-150
-0.00457764
135
0.00411987
88
0.00268555
-106
-0.00323486
-215
-0.00656128
104
0.00317383
-159
-0.00485229
-9
-0.000274658
-210
-0.00640869
-251
-0.00765991
16
0.000488281
493
0.0150452
-255
-0.00778198
393
0.0119934
200
0.00610352
-408
-0.0124512
-123
-0.00375366
48
0.00146484
-183
-0.00558472
274
0.00836182
-12
-0.000366211
73
0.00222778
-155
-0.00473022
183
0.00558472
114
0.003479
779
0.0237732
-163
-0.00497437
-199
-0.006073
-99
-0.00302124
796
0.024292
74
0.0022583
76
0.00231934
0
0
-721
-0.0220032
-79
-0.00241089
-139
-0.00424194
327
0.00997925
149
0.00454712
-164
-0.00500488
-162
-0.00494385
-67
-0.00204468
-301
-0.00918579
-140
-0.00427246
-213
-0.00650024
289
0.00881958
112
0.00341797
74
0.0022583
-141
-0.00430298
-351
-0.0107117
-46
-0.00140381
-200
-0.00610352
153
0.00466919
-320
-0.00976562
-727
-0.0221863
161
0.00491333
-428
-0.0130615
107
0.00326538
-467
-0.0142517
-441
-0.0134583
431
0.0131531
159
0.00485229
812
0.0247803
-13
-0.000396729
-282
-0.00860596
84
0.00256348
-583
-0.0177917
-4
-0.00012207
-41
-0.00125122
182
0.0055542
-487
-0.0148621
-170
-0.00518799
143
0.00436401
222
0.0067749
-527
-0.0160828
135
0.00411987
583
0.0177917
-37
-0.00112915
-544
-0.0166016
316
0.00964355
-729
-0.0222473
-81
-0.00247192
454
0.013855
28
0.000854492
-735
-0.0224304
-20
-0.000610352
-221
-0.00674438
-68
-0.0020752
93
0.00283813
-78
-0.00238037
547
0.0166931
13
0.000396729
94
0.00286865
-136
-0.00415039
-295
-0.00900269
-10
-0.000305176
793
0.0242004
-215
-0.00656128
4
0.00012207
-323
-0.00985718
-208
-0.00634766
101
0.00308228
-709
-0.021637
55
0.00167847
-578
-0.0176392
-62
-0.00189209
-54
-0.00164795
-117
-0.00357056
-173
-0.00527954
15
0.000457764
-164
-0.00500488
-37
-0.00112915
471
0.0143738
-30
-0.000915527
-710
-0.0216675
203
0.00619507
-91
-0.0027771
-134
-0.00408936
58
0.00177002
39
0.00119019
179
0.00546265
-174
-0.00531006
214
0.00653076
-298
-0.00909424
773
0.0235901
53
0.00161743
77
0.00234985
38
0.00115967
395
0.0120544
-47
-0.00143433
-257
-0.00784302
-77
-0.00234985
251
0.00765991
-21
-0.000640869
396
0.012085
-178
-0.00543213
-508
-0.0155029
205
0.0062561
-434
-0.0132446
430
0.0131226
202
0.00616455
103
0.00314331
147
0.00448608
-228
-0.00695801
62
0.00189209
-225
-0.00686646
-223
-0.00680542
-6
-0.000183105
149
0.00454712
-214
-0.00653076
-32
-0.000976562
295
0.00900269
86
0.00262451
31
0.000946045
132
0.00402832
123
0.00375366
272
0.00830078
113
0.00344849
-508
-0.0155029
33
0.00100708
590
0.0180054
-219
-0.00668335
37
0.00112915
-149
-0.00454712
729
0.0222473
-110
-0.00335693
-454
-0.013855
56
0.00170898
-202
-0.00616455
-58
-0.00177002
161
0.00491333
161
0.00491333
17
0.000518799
-95
-0.00289917
-72
-0.00219727
286
0.00872803
364
0.0111084
-84
-0.00256348
534
0.0162964
95
0.00289917
-373
-0.0113831
-348
-0.0106201
-424
-0.0129395
130
0.00396729
238
0.00726318
-54
-0.00164795
768
0.0234375
-4
-0.00012207
-135
-0.00411987
-110
-0.00335693
48
0.00146484
-11
-0.000335693
-220
-0.00671387
-151
-0.00460815
-197
-0.00601196
-293
-0.00894165
-15
-0.000457764
218
0.00665283
479
0.0146179
-99
-0.00302124
86
0.00262451
163
0.00497437
-53
-0.00161743
-194
-0.00592041
177
0.00540161
-113
-0.00344849
-718
-0.0219116
-135
-0.00411987
-691
-0.0210876
70
0.00213623
176
0.00537109
0
0
-111
-0.00338745
-75
-0.00228882
-22
-0.000671387
170
0.00518799
496
0.0151367
354
0.0108032
260
0.00793457
115
0.00350952
-547
-0.0166931
48
0.00146484
297
0.00906372
51
0.0015564
-208
-0.00634766
-200
-0.00610352
-56
-0.00170898
-161
-0.00491333
191
0.00582886
22
0.000671387
327
0.00997925
174
0.00531006
-810
-0.0247192
81
0.00247192
-386
-0.0117798
-42
-0.00128174
-222
-0.0067749
85
0.00259399
-231
-0.00704956
-21
-0.000640869
-533
-0.0162659
-433
-0.0132141
296
0.0090332
18
0.000549316
312
0.00952148
180
0.00549316
234
0.00714111
-8
-0.000244141
203
0.00619507
-79
-0.00241089
-502
-0.0153198
-59
-0.00180054
434
0.0132446
-147
-0.00448608
317
0.00967407
78
0.00238037
-187
-0.00570679
11
0.000335693
-100
-0.00305176
-83
-0.00253296
-160
-0.00488281
159
0.00485229
30
0.000915527
316
0.00964355
31
0.000946045
-253
-0.00772095
-283
-0.00863647
68
0.0020752
560
0.0170898
68
0.0020752
1
3.05176e-05
-168
-0.00512695
402
0.0122681
102
0.00311279
637
0.0194397
0
0
36
0.00109863
81
0.00247192
145
0.00442505
-354
-0.0108032
254
0.00775146
117
0.00357056
-118
-0.00360107
150
0.00457764
136
0.00415039
-285
-0.00869751
397
0.0121155
-186
-0.00567627
212
0.00646973
-136
-0.00415039
-334
-0.0101929
-264
-0.00805664
-657
-0.02005
341
0.0104065
532
0.0162354
-90
-0.00274658
-123
-0.00375366
-245
-0.00747681
101
0.00308228
-75
-0.00228882
-591
-0.0180359
-97
-0.00296021
36
0.00109863
-218
-0.00665283
-208
-0.00634766
-34
-0.0010376
481
0.014679
87
0.00265503
105
0.00320435
270
0.00823975
55
0.00167847
-5
-0.000152588
551
0.0168152
347
0.0105896
185
0.00564575
-99
-0.00302124
818
0.0249634
164
0.00500488
-71
-0.00216675
-184
-0.00561523
7
0.000213623
-65
-0.00198364
1016
0.0310059
96
0.00292969
-410
-0.0125122
69
0.00210571
-45
-0.00137329
119
0.00363159
-329
-0.0100403
105
0.00320435
-355
-0.0108337
-121
-0.00369263
313
0.009552
145
0.00442505
-86
-0.00262451
302
0.00921631
969
0.0295715
161
0.00491333
-568
-0.017334
-225
-0.00686646
-852
-0.026001
113
0.00344849
753
0.0229797
194
0.00592041
397
0.0121155
-29
-0.00088501
36
0.00109863
33
0.00100708
782
0.0238647
107
0.00326538
-411
-0.0125427
-18
-0.000549316
-266
-0.00811768
-251
-0.00765991
342
0.010437
57
0.0017395
-176
-0.00537109
-313
-0.009552
-582
-0.0177612
-3
-9.15527e-05
525
0.0160217
142
0.0043335
557
0.0169983
104
0.00317383
313
0.009552
-153
-0.00466919
194
0.00592041
-36
-0.00109863
337
0.0102844
-46
-0.00140381
283
0.00863647
-192
-0.00585938
181
0.00552368
-82
-0.00250244
-142
-0.0043335
-125
-0.0038147
88
0.00268555
-43
-0.00131226
403
0.0122986
46
0.00140381
-935
-0.0285339
-64
-0.00195312
-158
-0.00482178
-123
-0.00375366
276
0.00842285
-112
-0.00341797
-639
-0.0195007
113
0.00344849
-968
-0.029541
438
0.0133667
-1134
-0.0346069
-53
-0.00161743
241
0.00735474
-327
-0.00997925
19
0.000579834
76
0.00231934
258
0.00787354
-204
-0.00622559
-247
-0.00753784
-49
-0.00149536
-617
-0.0188293
296
0.0090332
116
0.00354004
313
0.009552
535
0.0163269
173
0.00527954
82
0.00250244
-202
-0.00616455
-142
-0.0043335
69
0.00210571
127
0.00387573
170
0.00518799
335
0.0102234
-182
-0.0055542
-101
-0.00308228
-133
-0.00405884
90
0.00274658
-127
-0.00387573
-484
-0.0147705
223
0.00680542
-482
-0.0147095
-24
-0.000732422
-580
-0.0177002
62
0.00189209
414
0.0126343
36
0.00109863
-385
-0.0117493
285
0.00869751
-279
-0.0085144
-103
-0.00314331
56
0.00170898
215
0.00656128
408
0.0124512
175
0.00534058
-65
-0.00198364
-192
-0.00585938
168
0.00512695
119
0.00363159
245
0.00747681
150
0.00457764
-125
-0.0038147
-107
-0.00326538
170
0.00518799
-83
-0.00253296
677
0.0206604
73
0.00222778
2
6.10352e-05
-77
-0.00234985
514
0.015686
-169
-0.00515747
193
0.00588989
-33
-0.00100708
508
0.0155029
61
0.00186157
423
0.0129089
-33
-0.00100708
22
0.000671387
-63
-0.00192261
-104
-0.00317383
129
0.00393677
-123
-0.00375366
16
0.000488281
-226
-0.00689697
16
0.000488281
-206
-0.00628662
-187
-0.00570679
-254
-0.00775146
-238
-0.00726318
326
0.00994873
34
0.0010376
92
0.00280762
-217
-0.00662231
131
0.0039978
-119
-0.00363159
-691
-0.0210876
-143
-0.00436401
24
0.000732422
-106
-0.00323486
-493
-0.0150452
159
0.00485229
429
0.013092
100
0.00305176
65
0.00198364
-40
-0.0012207
-180
-0.00549316
197
0.00601196
127
0.00387573
198
0.00604248
117
0.00357056
161
0.00491333
-54
-0.00164795
150
0.00457764
-489
-0.0149231
81
0.00247192
-192
-0.00585938
-13
-0.000396729
104
0.00317383
-195
-0.00595093
-3
-9.15527e-05
148
0.0045166
-613
-0.0187073
32
0.000976562
1257
0.0383606
-1
-3.05176e-05
266
0.00811768
-259
-0.00790405
328
0.0100098
-300
-0.00915527
288
0.00878906
-33
-0.00100708
-621
-0.0189514
232
0.00708008
-161
-0.00491333
327
0.00997925
664
0.0202637
62
0.00189209
-147
-0.00448608
-187
-0.00570679
-196
-0.00598145
42
0.00128174
140
0.00427246
231
0.00704956
284
0.00866699
-65
-0.00198364
-499
-0.0152283
-52
-0.00158691
45
0.00137329
-20
-0.000610352
439
0.0133972
32
0.000976562
-252
-0.00769043
-1
-3.05176e-05
-630
-0.0192261
163
0.00497437
-659
-0.0201111
98
0.00299072
-639
-0.0195007
82
0.00250244
-784
-0.0239258
151
0.00460815
-302
-0.00921631
-36
-0.00109863
272
0.00830078
126
0.00384521
71
0.00216675
119
0.00363159
-251
-0.00765991
-65
-0.00198364
-95
-0.00289917
16
0.000488281
-154
-0.00469971
43
0.00131226
-277
-0.00845337
-232
-0.00708008
53
0.00161743
59
0.00180054
-39
-0.00119019
-3
-9.15527e-05
-431
-0.0131531
-94
-0.00286865
-1023
-0.0312195
-250
-0.00762939
432
0.0131836
-107
-0.00326538
455
0.0138855
58
0.00177002
-99
-0.00302124
131
0.0039978
-369
-0.011261
20
0.000610352
488
0.0148926
253
0.00772095
235
0.00717163
-80
-0.00244141
584
0.0178223
-3
-9.15527e-05
-140
-0.00427246
-315
-0.00961304
-144
-0.00439453
-137
-0.00418091
-564
-0.0172119
303
0.00924683
-33
-0.00100708
31
0.000946045
459
0.0140076
100
0.00305176
-97
-0.00296021
-60
-0.00183105
194
0.00592041
102
0.00311279
-134
-0.00408936
-197
-0.00601196
-13
-0.000396729
434
0.0132446
-609
-0.0185852
142
0.0043335
-116
-0.00354004
223
0.00680542
396
0.012085
88
0.00268555
-1067
-0.0325623
40
0.0012207
-1027
-0.0313416
-217
-0.00662231
-41
-0.00125122
-6
-0.000183105
123
0.00375366
-66
-0.00201416
207
0.00631714
-81
-0.00247192
-81
-0.00247192
-13
-0.000396729
-1109
-0.033844
-176
-0.00537109
-384
-0.0117188
-76
-0.00231934
167
0.00509644
-151
-0.00460815
458
0.0139771
-3
-9.15527e-05
-28
-0.000854492
18
0.000549316
-292
-0.00891113
367
0.0112
89
0.00271606
126
0.00384521
-31
-0.000946045
153
0.00466919
-209
-0.00637817
-235
-0.00717163
552
0.0168457
-163
-0.00497437
108
0.0032959
35
0.00106812
159
0.00485229
-147
-0.00448608
-327
-0.00997925
-62
-0.00189209
-658
-0.0200806
120
0.00366211
30
0.000915527
-65
-0.00198364
199
0.006073
-78
-0.00238037
-326
-0.00994873
-10
-0.000305176
-143
-0.00436401
-340
-0.010376
129
0.00393677
73
0.00222778
839
0.0256042
207
0.00631714
-145
-0.00442505
-201
-0.00613403
192
0.00585938
-147
-0.00448608
151
0.00460815
206
0.00628662
-403
-0.0122986
-304
-0.00927734
70
0.00213623
-325
-0.00991821
-857
-0.0261536
-399
-0.0121765
-394
-0.0120239
82
0.00250244
-89
-0.00271606
-212
-0.00646973
-88
-0.00268555
50
0.00152588
-183
-0.00558472
-213
-0.00650024
-542
-0.0165405
-7
-0.000213623
411
0.0125427
214
0.00653076
-595
-0.018158
-120
-0.00366211
-832
-0.0253906
-146
-0.00445557
61
0.00186157
-184
-0.00561523
127
0.00387573
200
0.00610352
-43
-0.00131226
230
0.00701904
-51
-0.0015564
-25
-0.000762939
81
0.00247192
-268
-0.00817871
-681
-0.0207825
-510
-0.015564
153
0.00466919
141
0.00430298
105
0.00320435
-340
-0.010376
-643
-0.0196228
-108
-0.0032959
320
0.00976562
-241
-0.00735474
639
0.0195007
268
0.00817871
356
0.0108643
-71
-0.00216675
-530
-0.0161743
366
0.0111694
111
0.00338745
-409
-0.0124817
-226
-0.00689697
-146
-0.00445557
-359
-0.0109558
63
0.00192261
-222
-0.0067749
168
0.00512695
-104
-0.00317383
-71
-0.00216675
-92
-0.00280762
-56
-0.00170898
113
0.00344849
-21
-0.000640869
-413
-0.0126038
85
0.00259399
-690
-0.0210571
-89
-0.00271606
-660
-0.0201416
63
0.00192261
-228
-0.00695801
-103
-0.00314331
-301
-0.00918579
-37
-0.00112915
-407
-0.0124207
28
0.000854492
-45
-0.00137329
126
0.00384521
112
0.00341797
-81
-0.00247192
-219
-0.00668335
52
0.00158691
-1035
-0.0315857
101
0.00308228
-97
-0.00296021
-44
-0.00134277
-211
-0.00643921
-72
-0.00219727
-310
-0.00946045
-139
-0.00424194
-145
-0.00442505
0
0
-420
-0.0128174
23
0.000701904
-333
-0.0101624
20
0.000610352
-414
-0.0126343
31
0.000946045
393
0.0119934
6
0.000183105
-304
-0.00927734
-39
-0.00119019
-487
-0.0148621
-81
-0.00247192
295
0.00900269
-67
-0.00204468
1080
0.032959
-8
-0.000244141
853
0.0260315
110
0.00335693
-608
-0.0185547
3
9.15527e-05
98
0.00299072
166
0.00506592
-323
-0.00985718
-14
-0.000427246
-981
-0.0299377
-119
-0.00363159
437
0.0133362
12
0.000366211
963
0.0293884
61
0.00186157
-224
-0.00683594
156
0.00476074
405
0.0123596
-200
-0.00610352
245
0.00747681
-21
-0.000640869
-122
-0.00372314
315
0.00961304
-537
-0.0163879
-85
-0.00259399
404
0.0123291
49
0.00149536
-412
-0.0125732
106
0.00323486
-341
-0.0104065
539
0.016449
67
0.00204468
-150
-0.00457764
225
0.00686646
76
0.00231934
201
0.00613403
-50
-0.00152588
-708
-0.0216064
244
0.00744629
-237
-0.00723267
-117
-0.00357056
-245
-0.00747681
25
0.000762939
-163
-0.00497437
-202
-0.00616455
886
0.0270386
69
0.00210571
22
0.000671387
0
0
-435
-0.0132751
-91
-0.0027771
379
0.0115662
92
0.00280762
-713
-0.021759
-118
-0.00360107
-621
-0.0189514
-59
-0.00180054
-207
-0.00631714
-76
-0.00231934
-636
-0.0194092
-192
-0.00585938
-268
-0.00817871
150
0.00457764
84
0.00256348
102
0.00311279
-51
-0.0015564
47
0.00143433
-88
-0.00268555
275
0.00839233
-332
-0.0101318
97
0.00296021
-449
-0.0137024
-83
-0.00253296
600
0.0183105
29
0.00088501
-563
-0.0171814
192
0.00585938
289
0.00881958
-12
-0.000366211
264
0.00805664
-114
-0.003479
-425
-0.01297
-78
-0.00238037
504
0.0153809
-338
-0.0103149
-243
-0.00741577
-116
-0.00354004
-73
-0.00222778
0
0
4
0.00012207
-6
-0.000183105
359
0.0109558
65
0.00198364
57
0.0017395
-205
-0.0062561
239
0.0072937
61
0.00186157
289
0.00881958
-177
-0.00540161
-141
-0.00430298
107
0.00326538
-1070
-0.0326538
-56
-0.00170898
-425
-0.01297
71
0.00216675
428
0.0130615
159
0.00485229
-264
-0.00805664
164
0.00500488
132
0.00402832
-297
-0.00906372
-471
-0.0143738
2
6.10352e-05
-83
-0.00253296
67
0.00204468
929
0.0283508
218
0.00665283
-139
-0.00424194
-134
-0.00408936
-364
-0.0111084
-8
-0.000244141
-372
-0.0113525
-117
-0.00357056
-164
-0.00500488
-6
-0.000183105
-10
-0.000305176
-167
-0.00509644
394
0.0120239
-63
-0.00192261
762
0.0232544
94
0.00286865
317
0.00967407
284
0.00866699
-153
-0.00466919
-146
-0.00445557
195
0.00595093
-190
-0.00579834
-54
-0.00164795
-57
-0.0017395
355
0.0108337
163
0.00497437
549
0.0167542
-147
-0.00448608
24
0.000732422
-174
-0.00531006
-264
-0.00805664
-248
-0.00756836
-236
-0.00720215
-165
-0.0050354
225
0.00686646
31
0.000946045
-436
-0.0133057
-499
-0.0152283
-479
-0.0146179
-177
-0.00540161
-270
-0.00823975
217
0.00662231
-49
-0.00149536
146
0.00445557
243
0.00741577
140
0.00427246
-475
-0.0144958
7
0.000213623
115
0.00350952
43
0.00131226
-2
-6.10352e-05
92
0.00280762
-507
-0.0154724
-163
-0.00497437
-683
-0.0208435
39
0.00119019
64
0.00195312
101
0.00308228
410
0.0125122
173
0.00527954
-135
-0.00411987
1
3.05176e-05
-768
-0.0234375
317
0.00967407
536
0.0163574
67
0.00204468
-257
-0.00784302
99
0.00302124
413
0.0126038
-29
-0.00088501
-258
-0.00787354
43
0.00131226
144
0.00439453
-159
-0.00485229
-246
-0.00750732
-117
-0.00357056
-341
-0.0104065
-214
-0.00653076
649
0.0198059
-141
-0.00430298
-477
-0.0145569
-42
-0.00128174
567
0.0173035
276
0.00842285
514
0.015686
-18
-0.000549316
-180
-0.00549316
-44
-0.00134277
-573
-0.0174866
-275
-0.00839233
393
0.0119934
188
0.0057373
-34
-0.0010376
105
0.00320435
253
0.00772095
-27
-0.000823975
-24
-0.000732422
-27
-0.000823975
162
0.00494385
-55
-0.00167847
198
0.00604248
-296
-0.0090332
-137
-0.00418091
413
0.0126038
295
0.00900269
-76
-0.00231934
429
0.013092
-6
-0.000183105
222
0.0067749
137
0.00418091
724
0.0220947
352
0.0107422
13
0.000396729
187
0.00570679
-6
-0.000183105
-102
-0.00311279
-56
-0.00170898
63
0.00192261
674
0.0205688
20
0.000610352
540
0.0164795
68
0.0020752
316
0.00964355
29
0.00088501
-457
-0.0139465
-55
-0.00167847
-404
-0.0123291
269
0.00820923
169
0.00515747
112
0.00341797
-638
-0.0194702
-1
-3.05176e-05
-19
-0.000579834
-26
-0.000793457
-459
-0.0140076
269
0.00820923
-235
-0.00717163
199
0.006073
-223
-0.00680542
28
0.000854492
638
0.0194702
-299
-0.00912476
-79
-0.00241089
-192
-0.00585938
523
0.0159607
-233
-0.0071106
778
0.0237427
261
0.00796509
686
0.0209351
249
0.00759888
-443
-0.0135193
83
0.00253296
-274
-0.00836182
-318
-0.00970459
863
0.0263367
-8
-0.000244141
31
0.000946045
-233
-0.0071106
601
0.0183411
-341
-0.0104065
91
0.0027771
-241
-0.00735474
-105
-0.00320435
-32
-0.000976562
705
0.0215149
91
0.0027771
250
0.00762939
80
0.00244141
840
0.0256348
225
0.00686646
-371
-0.011322
232
0.00708008
857
0.0261536
62
0.00189209
182
0.0055542
247
0.00753784
189
0.00576782
74
0.0022583
620
0.0189209
-127
-0.00387573
-786
-0.0239868
54
0.00164795
-23
-0.000701904
-31
-0.000946045
594
0.0181274
299
0.00912476
-101
-0.00308228
-36
-0.00109863
342
0.010437
-70
-0.00213623
482
0.0147095
-277
-0.00845337
-45
-0.00137329
205
0.0062561
294
0.00897217
113
0.00344849
-380
-0.0115967
87
0.00265503
-931
-0.0284119
71
0.00216675
-323
-0.00985718
-117
-0.00357056
-573
-0.0174866
-48
-0.00146484
-67
-0.00204468
67
0.00204468
553
0.0168762
-116
-0.00354004
14
0.000427246
12
0.000366211
-394
-0.0120239
-142
-0.0043335
-701
-0.0213928
258
0.00787354
-131
-0.0039978
100
0.00305176
-651
-0.0198669
-243
-0.00741577
-834
-0.0254517
-260
-0.00793457
600
0.0183105
-104
-0.00317383
284
0.00866699
-16
-0.000488281
5
0.000152588
206
0.00628662
-44
-0.00134277
243
0.00741577
12
0.000366211
36
0.00109863
-372
-0.0113525
-203
-0.00619507
-212
-0.00646973
-88
-0.00268555
537
0.0163879
46
0.00140381
345
0.0105286
-168
-0.00512695
613
0.0187073
-225
-0.00686646
148
0.0045166
340
0.010376
474
0.0144653
293
0.00894165
-571
-0.0174255
-131
-0.0039978
288
0.00878906
116
0.00354004
-942
-0.0287476
-76
-0.00231934
-129
-0.00393677
44
0.00134277
121
0.00369263
177
0.00540161
689
0.0210266
111
0.00338745
59
0.00180054
-123
-0.00375366
-352
-0.0107422
173
0.00527954
-107
-0.00326538
-165
-0.0050354
-163
-0.00497437
21
0.000640869
-4
-0.00012207
-153
-0.00466919
-256
-0.0078125
-469
-0.0143127
127
0.00387573
173
0.00527954
393
0.0119934
59
0.00180054
-296
-0.0090332
-5
-0.000152588
-123
-0.00375366
2
6.10352e-05
-538
-0.0164185
186
0.00567627
223
0.00680542
-151
-0.00460815
-482
-0.0147095
63
0.00192261
-1092
-0.0333252
-20
-0.000610352
-825
-0.025177
-318
-0.00970459
-210
-0.00640869
-227
-0.00692749
-491
-0.0149841
-44
-0.00134277
607
0.0185242
54
0.00164795
177
0.00540161
195
0.00595093
-117
-0.00357056
-126
-0.00384521
687
0.0209656
114
0.003479
207
0.00631714
-393
-0.0119934
-384
-0.0117188
205
0.0062561
-42
-0.00128174
-247
-0.00753784
410
0.0125122
-77
-0.00234985
-298
-0.00909424
-359
-0.0109558
-403
-0.0122986
-28
-0.000854492
403
0.0122986
-44
-0.00134277
-241
-0.00735474
-144
-0.00439453
-67
-0.00204468
237
0.00723267
780
0.0238037
267
0.00814819
-1026
-0.031311
-6
-0.000183105
-161
-0.00491333
-64
-0.00195312
-424
-0.0129395
109
0.00332642
-66
-0.00201416
-74
-0.0022583
204
0.00622559
116
0.00354004
63
0.00192261
115
0.00350952
-1080
-0.032959
-45
-0.00137329
335
0.0102234
-443
-0.0135193
-232
-0.00708008
54
0.00164795
-105
-0.00320435
-23
-0.000701904
290
0.0088501
80
0.00244141
360
0.0109863
-355
-0.0108337
81
0.00247192
-190
-0.00579834
-470
-0.0143433
-267
-0.00814819
-243
-0.00741577
31
0.000946045
-341
-0.0104065
156
0.00476074
-363
-0.0110779
-29
-0.00088501
-416
-0.0126953
-21
-0.000640869
-280
-0.00854492
-34
-0.0010376
642
0.0195923
156
0.00476074
-18
-0.000549316
-59
-0.00180054
-79
-0.00241089
-279
-0.0085144
444
0.0135498
46
0.00140381
-79
-0.00241089
-381
-0.0116272
-81
-0.00247192
188
0.0057373
-45
-0.00137329
0
0
-207
-0.00631714
-53
-0.00161743
-483
-0.01474
72
0.00219727
305
0.00930786
-111
-0.00338745
1042
0.0317993
-307
-0.0093689
-30
-0.000915527
-194
-0.00592041
-753
-0.0229797
-148
-0.0045166
231
0.00704956
307
0.0093689
-252
-0.00769043
-140
-0.00427246
-712
-0.0217285
-38
-0.00115967
21
0.000640869
-30
-0.000915527
705
0.0215149
189
0.00576782
-471
-0.0143738
-170
-0.00518799
383
0.0116882
-293
-0.00894165
1090
0.0332642
199
0.006073
-394
-0.0120239
-48
-0.00146484
-317
-0.00967407
-15
-0.000457764
-474
-0.0144653
-182
-0.0055542
99
0.00302124
111
0.00338745
718
0.0219116
244
0.00744629
670
0.0204468
67
0.00204468
522
0.0159302
215
0.00656128
-734
-0.0223999
-172
-0.00524902
-163
-0.00497437
-305
-0.00930786
115
0.00350952
-250
-0.00762939
-567
-0.0173035
-31
-0.000946045
-770
-0.0234985
92
0.00280762
-224
-0.00683594
-386
-0.0117798
-114
-0.003479
42
0.00128174
1139
0.0347595
63
0.00192261
-827
-0.025238
62
0.00189209
-145
-0.00442505
148
0.0045166
894
0.0272827
90
0.00274658
-393
-0.0119934
90
0.00274658
-500
-0.0152588
71
0.00216675
73
0.00222778
337
0.0102844
-504
-0.0153809
-2
-6.10352e-05
-296
-0.0090332
176
0.00537109
-841
-0.0256653
78
0.00238037
-123
-0.00375366
-156
-0.00476074
-181
-0.00552368
118
0.00360107
-48
-0.00146484
-164
-0.00500488
-65
-0.00198364
328
0.0100098
-165
-0.0050354
-45
-0.00137329
-351
-0.0107117
-456
-0.013916
-498
-0.0151978
17
0.000518799
68
0.0020752
177
0.00540161
-236
-0.00720215
182
0.0055542
419
0.0127869
-69
-0.00210571
690
0.0210571
262
0.00799561
-47
-0.00143433
-258
-0.00787354
-687
-0.0209656
286
0.00872803
369
0.011261
269
0.00820923
735
0.0224304
-15
-0.000457764
10
0.000305176
-191
-0.00582886
706
0.0215454
-271
-0.00827026
-9
-0.000274658
-177
-0.00540161
199
0.006073
-255
-0.00778198
-331
-0.0101013
-70
-0.00213623
203
0.00619507
63
0.00192261
60
0.00183105
-88
-0.00268555
622
0.0189819
-127
-0.00387573
66
0.00201416
22
0.000671387
-115
-0.00350952
152
0.00463867
-132
-0.00402832
247
0.00753784
-436
-0.0133057
249
0.00759888
-175
-0.00534058
73
0.00222778
-293
-0.00894165
-169
-0.00515747
-184
-0.00561523
-6
-0.000183105
-639
-0.0195007
-158
-0.00482178
380
0.0115967
97
0.00296021
882
0.0269165
-47
-0.00143433
31
0.000946045
-24
-0.000732422
-246
-0.00750732
-213
-0.00650024
555
0.0169373
-161
-0.00491333
36
0.00109863
166
0.00506592
33
0.00100708
-201
-0.00613403
-503
-0.0153503
-221
-0.00674438
567
0.0173035
-150
-0.00457764
57
0.0017395
87
0.00265503
-15
-0.000457764
63
0.00192261
452
0.0137939
-85
-0.00259399
254
0.00775146
10
0.000305176
53
0.00161743
-47
-0.00143433
-608
-0.0185547
-85
-0.00259399
-349
-0.0106506
101
0.00308228
-357
-0.0108948
179
0.00546265
154
0.00469971
84
0.00256348
-466
-0.0142212
-60
-0.00183105
489
0.0149231
232
0.00708008
226
0.00689697
114
0.003479
-42
-0.00128174
85
0.00259399
719
0.0219421
145
0.00442505
-246
-0.00750732
44
0.00134277
-9
-0.000274658
-12
-0.000366211
491
0.0149841
25
0.000762939
35
0.00106812
-288
-0.00878906
-133
-0.00405884
-60
-0.00183105
-158
-0.00482178
-5
-0.000152588
-74
-0.0022583
-10
-0.000305176
332
0.0101318
143
0.00436401
-34
-0.0010376
56
0.00170898
731
0.0223083
-40
-0.0012207
340
0.010376
102
0.00311279
340
0.010376
-289
-0.00881958
-134
-0.00408936
-2
-6.10352e-05
-81
-0.00247192
226
0.00689697
-516
-0.0157471
0
0
-107
-0.00326538
-75
-0.00228882
305
0.00930786
97
0.00296021
502
0.0153198
155
0.00473022
336
0.0102539
-255
-0.00778198
-427
-0.013031
60
0.00183105
376
0.0114746
51
0.0015564
-929
-0.0283508
-25
-0.000762939
449
0.0137024
-232
-0.00708008
92
0.00280762
108
0.0032959
399
0.0121765
-49
-0.00149536
406
0.0123901
259
0.00790405
-243
-0.00741577
-100
-0.00305176
538
0.0164185
47
0.00143433
-858
-0.0261841
-373
-0.0113831
-747
-0.0227966
34
0.0010376
-360
-0.0109863
49
0.00149536
-285
-0.00869751
54
0.00164795
94
0.00286865
165
0.0050354
462
0.0140991
-93
-0.00283813
-415
-0.0126648
-93
-0.00283813
-318
-0.00970459
418
0.0127563
587
0.0179138
-26
-0.000793457
444
0.0135498
98
0.00299072
-112
-0.00341797
137
0.00418091
309
0.00942993
-46
-0.00140381
-390
-0.0119019
-184
-0.00561523
-41
-0.00125122
377
0.0115051
3
9.15527e-05
225
0.00686646
135
0.00411987
-47
-0.00143433
206
0.00628662
-8
-0.000244141
-88
-0.00268555
-121
-0.00369263
44
0.00134277
-135
-0.00411987
321
0.00979614
108
0.0032959
953
0.0290833
199
0.006073
69
0.00210571
303
0.00924683
233
0.0071106
130
0.00396729
109
0.00332642
114
0.003479
604
0.0184326
64
0.00195312
718
0.0219116
-42
-0.00128174
701
0.0213928
247
0.00753784
127
0.00387573
-186
-0.00567627
-258
-0.00787354
27
0.000823975
-367
-0.0112
-336
-0.0102539
330
0.0100708
98
0.00299072
-343
-0.0104675
48
0.00146484
-306
-0.00933838
60
0.00183105
-325
-0.00991821
-25
-0.000762939
216
0.0065918
-187
-0.00570679
225
0.00686646
-139
-0.00424194
378
0.0115356
-67
-0.00204468
-519
-0.0158386
-13
-0.000396729
658
0.0200806
-205
-0.0062561
-166
-0.00506592
-85
-0.00259399
-219
-0.00668335
69
0.00210571
-74
-0.0022583
111
0.00338745
-28
-0.000854492
-75
-0.00228882
-247
-0.00753784
271
0.00827026
209
0.00637817
135
0.00411987
392
0.0119629
11
0.000335693
512
0.015625
-161
-0.00491333
-305
-0.00930786
58
0.00177002
483
0.01474
213
0.00650024
-135
-0.00411987
-6
-0.000183105
97
0.00296021
90
0.00274658
-676
-0.0206299
114
0.003479
601
0.0183411
40
0.0012207
-192
-0.00585938
-227
-0.00692749
-206
-0.00628662
-231
-0.00704956
-917
-0.0279846
31
0.000946045
-592
-0.0180664
158
0.00482178
-252
-0.00769043
-96
-0.00292969
359
0.0109558
59
0.00180054
128
0.00390625
63
0.00192261
423
0.0129089
-55
-0.00167847
230
0.00701904
-109
-0.00332642
-236
-0.00720215
243
0.00741577
23
0.000701904
298
0.00909424
857
0.0261536
391
0.0119324
-19
-0.000579834
-43
-0.00131226
75
0.00228882
-62
-0.00189209
-236
-0.00720215
-106
-0.00323486
-675
-0.0205994
-196
-0.00598145
-112
-0.00341797
-18
-0.000549316
-918
-0.0280151
-199
-0.006073
-82
-0.00250244
153
0.00466919
-381
-0.0116272
-225
-0.00686646
-142
-0.0043335
34
0.0010376
-394
-0.0120239
84
0.00256348
575
0.0175476
-166
-0.00506592
-43
-0.00131226
99
0.00302124
-40
-0.0012207
7
0.000213623
345
0.0105286
125
0.0038147
218
0.00665283
-20
-0.000610352
570
0.017395
53
0.00161743
-200
-0.00610352
-115
-0.00350952
-513
-0.0156555
-65
-0.00198364
630
0.0192261
-122
-0.00372314
-147
-0.00448608
-3
-9.15527e-05
6
0.000183105
-38
-0.00115967
74
0.0022583
29
0.00088501
396
0.012085
48
0.00146484
830
0.0253296
-53
-0.00161743
-81
-0.00247192
182
0.0055542
32
0.000976562
-170
-0.00518799
4
0.00012207
139
0.00424194
653
0.019928
-98
-0.00299072
-46
-0.00140381
-117
-0.00357056
-486
-0.0148315
-9
-0.000274658
338
0.0103149
3
9.15527e-05
-610
-0.0186157
226
0.00689697
-616
-0.0187988
227
0.00692749
626
0.019104
-121
-0.00369263
-179
-0.00546265
162
0.00494385
84
0.00256348
-63
-0.00192261
390
0.0119019
-177
-0.00540161
178
0.00543213
381
0.0116272
-82
-0.00250244
-91
-0.0027771
62
0.00189209
-98
-0.00299072
-676
-0.0206299
-136
-0.00415039
-103
-0.00314331
-169
-0.00515747
52
0.00158691
85
0.00259399
-30
-0.000915527
-203
-0.00619507
-536
-0.0163574
6
0.000183105
-340
-0.010376
174
0.00531006
65
0.00198364
-7
-0.000213623
-105
-0.00320435
176
0.00537109
365
0.0111389
133
0.00405884
-150
-0.00457764
-71
-0.00216675
326
0.00994873
-44
-0.00134277
552
0.0168457
108
0.0032959
-349
-0.0106506
-230
-0.00701904
292
0.00891113
-115
-0.00350952
-260
-0.00793457
-61
-0.00186157
335
0.0102234
136
0.00415039
245
0.00747681
-173
-0.00527954
35
0.00106812
-78
-0.00238037
-38
-0.00115967
-214
-0.00653076
-90
-0.00274658
-17
-0.000518799
19
0.000579834
61
0.00186157
302
0.00921631
-125
-0.0038147
-117
-0.00357056
-19
-0.000579834
-142
-0.0043335
137
0.00418091
-524
-0.0159912
-284
-0.00866699
749
0.0228577
44
0.00134277
775
0.0236511
103
0.00314331
-191
-0.00582886
-159
-0.00485229
-66
-0.00201416
-81
-0.00247192
644
0.0196533
-141
-0.00430298
610
0.0186157
192
0.00585938
-325
-0.00991821
-108
-0.0032959
-133
-0.00405884
-134
-0.00408936
-155
-0.00473022
-59
-0.00180054
384
0.0117188
-93
-0.00283813
-1147
-0.0350037
-297
-0.00906372
147
0.00448608
255
0.00778198
-590
-0.0180054
304
0.00927734
231
0.00704956
-118
-0.00360107
-317
-0.00967407
-204
-0.00622559
76
0.00231934
7
0.000213623
-60
-0.00183105
348
0.0106201
890
0.0271606
170
0.00518799
787
0.0240173
94
0.00286865
-663
-0.0202332
82
0.00250244
-217
-0.00662231
-3
-9.15527e-05
63
0.00192261
251
0.00765991
-161
-0.00491333
83
0.00253296
416
0.0126953
194
0.00592041
-26
-0.000793457
-37
-0.00112915
-350
-0.0106812
-110
-0.00335693
-405
-0.0123596
256
0.0078125
47
0.00143433
-56
-0.00170898
-170
-0.00518799
278
0.00848389
-374
-0.0114136
-54
-0.00164795
464
0.0141602
-410
-0.0125122
419
0.0127869
64
0.00195312
-400
-0.012207
223
0.00680542
253
0.00772095
144
0.00439453
-172
-0.00524902
127
0.00387573
72
0.00219727
117
0.00357056
-659
-0.0201111
-300
-0.00915527
-293
-0.00894165
278
0.00848389
336
0.0102539
191
0.00582886
-344
-0.010498
-3
-9.15527e-05
282
0.00860596
1
3.05176e-05
442
0.0134888
68
0.0020752
-103
-0.00314331
141
0.00430298
343
0.0104675
-52
-0.00158691
507
0.0154724
305
0.00930786
-215
-0.00656128
589
0.0179749
1031
0.0314636
350
0.0106812
-56
-0.00170898
-90
-0.00274658
384
0.0117188
-61
-0.00186157
-251
-0.00765991
108
0.0032959
-568
-0.017334
-76
-0.00231934
380
0.0115967
92
0.00280762
-75
-0.00228882
13
0.000396729
-536
-0.0163574
-142
-0.0043335
238
0.00726318
52
0.00158691
-719
-0.0219421
76
0.00231934
755
0.0230408
99
0.00302124
181
0.00552368
-34
-0.0010376
254
0.00775146
-8
-0.000244141
191
0.00582886
29
0.00088501
50
0.00152588
-240
-0.00732422
191
0.00582886
-156
-0.00476074
179
0.00546265
-74
-0.0022583
-78
-0.00238037
-114
-0.003479
113
0.00344849
-184
-0.00561523
857
0.0261536
20
0.000610352
540
0.0164795
-158
-0.00482178
-508
-0.0155029
-178
-0.00543213
-813
-0.0248108
-132
-0.00402832
259
0.00790405
-40
-0.0012207
-121
-0.00369263
61
0.00186157
-1
-3.05176e-05
359
0.0109558
180
0.00549316
-66
-0.00201416
-70
-0.00213623
120
0.00366211
-213
-0.00650024
198
0.00604248
-68
-0.0020752
-26
-0.000793457
427
0.013031
-36
-0.00109863
543
0.016571
-87
-0.00265503
358
0.0109253
-113
-0.00344849
-419
-0.0127869
27
0.000823975
464
0.0141602
39
0.00119019
-226
-0.00689697
-34
-0.0010376
697
0.0212708
-384
-0.0117188
-562
-0.0171509
22
0.000671387
169
0.00515747
242
0.00738525
181
0.00552368
-195
-0.00595093
60
0.00183105
201
0.00613403
-322
-0.00982666
-105
-0.00320435
-321
-0.00979614
-50
-0.00152588
-274
-0.00836182
-109
-0.00332642
-289
-0.00881958
-65
-0.00198364
-84
-0.00256348
-190
-0.00579834
-49
-0.00149536
149
0.00454712
-289
-0.00881958
151
0.00460815
-142
-0.0043335
-10
-0.000305176
333
0.0101624
-9
-0.000274658
122
0.00372314
-206
-0.00628662
775
0.0236511
137
0.00418091
313
0.009552
-148
-0.0045166
481
0.014679
-110
-0.00335693
360
0.0109863
199
0.006073
-161
-0.00491333
-209
-0.00637817
-389
-0.0118713
-2
-6.10352e-05
94
0.00286865
10
0.000305176
331
0.0101013
-70
-0.00213623
-438
-0.0133667
-86
-0.00262451
-419
-0.0127869
169
0.00515747
643
0.0196228
-214
-0.00653076
34
0.0010376
51
0.0015564
-122
-0.00372314
283
0.00863647
115
0.00350952
192
0.00585938
965
0.0294495
-15
-0.000457764
-151
-0.00460815
61
0.00186157
-153
-0.00466919
-56
-0.00170898
-546
-0.0166626
58
0.00177002
-94
-0.00286865
-93
-0.00283813
109
0.00332642
-65
-0.00198364
54
0.00164795
39
0.00119019
77
0.00234985
9
0.000274658
531
0.0162048
-89
-0.00271606
-222
-0.0067749
0
0
306
0.00933838
-27
-0.000823975
380
0.0115967
82
0.00250244
-336
-0.0102539
16
0.000488281
-183
-0.00558472
9
0.000274658
-251
-0.00765991
281
0.00857544
182
0.0055542
-52
-0.00158691
10
0.000305176
22
0.000671387
19
0.000579834
108
0.0032959
-197
-0.00601196
-67
-0.00204468
614
0.0187378
-138
-0.00421143
-558
-0.0170288
-16
-0.000488281
-376
-0.0114746
-39
-0.00119019
965
0.0294495
-47
-0.00143433
-312
-0.00952148
72
0.00219727
-529
-0.0161438
-25
-0.000762939
-536
-0.0163574
-99
-0.00302124
965
0.0294495
217
0.00662231
-6
-0.000183105
187
0.00570679
-355
-0.0108337
22
0.000671387
146
0.00445557
-282
-0.00860596
-388
-0.0118408
-77
-0.00234985
339
0.0103455
-241
-0.00735474
355
0.0108337
65
0.00198364
-145
-0.00442505
28
0.000854492
56
0.00170898
44
0.00134277
54
0.00164795
210
0.00640869
274
0.00836182
172
0.00524902
499
0.0152283
-85
-0.00259399
334
0.0101929
-393
-0.0119934
-118
-0.00360107
109
0.00332642
18
0.000549316
-12
-0.000366211
335
0.0102234
-51
-0.0015564
305
0.00930786
50
0.00152588
53
0.00161743
8
0.000244141
25
0.000762939
-40
-0.0012207
508
0.0155029
111
0.00338745
-558
-0.0170288
-167
-0.00509644
573
0.0174866
-119
-0.00363159
755
0.0230408
116
0.00354004
153
0.00466919
199
0.006073
-2
-6.10352e-05
52
0.00158691
374
0.0114136
-47
-0.00143433
105
0.00320435
89
0.00271606
-476
-0.0145264
0
0
651
0.0198669
-254
-0.00775146
-649
-0.0198059
90
0.00274658
78
0.00238037
51
0.0015564
241
0.00735474
-184
-0.00561523
606
0.0184937
235
0.00717163
338
0.0103149
100
0.00305176
110
0.00335693
-161
-0.00491333
-403
-0.0122986
70
0.00213623
-368
-0.0112305
76
0.00231934
-496
-0.0151367
-1
-3.05176e-05
-86
-0.00262451
-22
-0.000671387
656
0.0200195
-124
-0.00378418
-33
-0.00100708
-224
-0.00683594
616
0.0187988
-137
-0.00418091
37
0.00112915
87
0.00265503
-76
-0.00231934
172
0.00524902
419
0.0127869
-12
-0.000366211
-342
-0.010437
301
0.00918579
211
0.00643921
-90
-0.00274658
141
0.00430298
19
0.000579834
229
0.00698853
-116
-0.00354004
298
0.00909424
133
0.00405884
648
0.0197754
53
0.00161743
246
0.00750732
-253
-0.00772095
-538
-0.0164185
39
0.00119019
440
0.0134277
-152
-0.00463867
99
0.00302124
136
0.00415039
306
0.00933838
79
0.00241089
-225
-0.00686646
-304
-0.00927734
-389
-0.0118713
-284
-0.00866699
-476
-0.0145264
-15
-0.000457764
150
0.00457764
113
0.00344849
461
0.0140686
-180
-0.00549316
818
0.0249634
172
0.00524902
45
0.00137329
-12
-0.000366211
469
0.0143127
-264
-0.00805664
-545
-0.0166321
316
0.00964355
595
0.018158
286
0.00872803
157
0.00479126
-109
-0.00332642
179
0.00546265
-115
-0.00350952
-268
-0.00817871
-89
-0.00271606
-260
-0.00793457
-169
-0.00515747
-214
-0.00653076
80
0.00244141
-360
-0.0109863
264
0.00805664
-216
-0.0065918
-246
-0.00750732
-369
-0.011261
-195
-0.00595093
274
0.00836182
-45
-0.00137329
-504
-0.0153809
-369
-0.011261
154
0.00469971
-77
-0.00234985
155
0.00473022
-195
-0.00595093
-602
-0.0183716
-92
-0.00280762
671
0.0204773
-300
-0.00915527
-990
-0.0302124
11
0.000335693
-403
-0.0122986
-260
-0.00793457
644
0.0196533
239
0.0072937
48
0.00146484
64
0.00195312
-660
-0.0201416
-24
-0.000732422
-363
-0.0110779
-58
-0.00177002
-255
-0.00778198
-123
-0.00375366
108
0.0032959
15
0.000457764
-319
-0.00973511
-10
-0.000305176
-145
-0.00442505
-154
-0.00469971
62
0.00189209
40
0.0012207
-986
-0.0300903
-192
-0.00585938
-276
-0.00842285
76
0.00231934
89
0.00271606
-232
-0.00708008
-25
-0.000762939
-57
-0.0017395
381
0.0116272
66
0.00201416
324
0.0098877
-41
-0.00125122
-44
-0.00134277
108
0.0032959
-283
-0.00863647
259
0.00790405
-42
-0.00128174
-65
-0.00198364
206
0.00628662
146
0.00445557
-423
-0.0129089
-216
-0.0065918
-534
-0.0162964
7
0.000213623
21
0.000640869
20
0.000610352
-79
-0.00241089
273
0.0083313
-161
-0.00491333
-20
-0.000610352
232
0.00708008
-130
-0.00396729
-45
-0.00137329
-54
-0.00164795
-173
-0.00527954
-23
-0.000701904
-598
-0.0182495
50
0.00152588
-516
-0.0157471
26
0.000793457
250
0.00762939
-93
-0.00283813
78
0.00238037
96
0.00292969
-272
-0.00830078
-302
-0.00921631
389
0.0118713
132
0.00402832
-193
-0.00588989
-257
-0.00784302
671
0.0204773
-5
-0.000152588
603
0.0184021
101
0.00308228
90
0.00274658
-295
-0.00900269
-363
-0.0110779
217
0.00662231
378
0.0115356
32
0.000976562
-318
-0.00970459
132
0.00402832
-218
-0.00665283
-120
-0.00366211
262
0.00799561
204
0.00622559
-564
-0.0172119
-4
-0.00012207
-7
-0.000213623
-139
-0.00424194
-412
-0.0125732
1
3.05176e-05
-444
-0.0135498
-163
-0.00497437
-119
-0.00363159
113
0.00344849
68
0.0020752
-20
-0.000610352
-155
-0.00473022
173
0.00527954
-719
-0.0219421
-64
-0.00195312
597
0.018219
127
0.00387573
741
0.0226135
52
0.00158691
18
0.000549316
-194
-0.00592041
411
0.0125427
184
0.00561523
852
0.026001
104
0.00317383
-449
-0.0137024
-209
-0.00637817
585
0.0178528
150
0.00457764
-145
-0.00442505
-153
-0.00466919
54
0.00164795
-47
-0.00143433
51
0.0015564
-40
-0.0012207
619
0.0188904
175
0.00534058
130
0.00396729
-70
-0.00213623
631
0.0192566
75
0.00228882
395
0.0120544
120
0.00366211
-142
-0.0043335
-95
-0.00289917
-66
-0.00201416
-31
-0.000946045
-895
-0.0273132
147
0.00448608
1011
0.0308533
77
0.00234985
-469
-0.0143127
-140
-0.00427246
28
0.000854492
-53
-0.00161743
859
0.0262146
-292
-0.00891113
-572
-0.0174561
-169
-0.00515747
76
0.00231934
-94
-0.00286865
102
0.00311279
61
0.00186157
777
0.0237122
-218
-0.00665283
404
0.0123291
219
0.00668335
-103
-0.00314331
3
9.15527e-05
2
6.10352e-05
74
0.0022583
383
0.0116882
-142
-0.0043335
-494
-0.0150757
-7
-0.000213623
35
0.00106812
2
6.10352e-05
-48
-0.00146484
145
0.00442505
207
0.00631714
-87
-0.00265503
70
0.00213623
123
0.00375366
-156
-0.00476074
28
0.000854492
-666
-0.0203247
-265
-0.00808716
521
0.0158997
60
0.00183105
-227
-0.00692749
-99
-0.00302124
266
0.00811768
8
0.000244141
36
0.00109863
88
0.00268555
165
0.0050354
-181
-0.00552368
118
0.00360107
64
0.00195312
53
0.00161743
32
0.000976562
8
0.000244141
242
0.00738525
604
0.0184326
-128
-0.00390625
454
0.013855
-150
-0.00457764
-282
-0.00860596
243
0.00741577
69
0.00210571
-326
-0.00994873
-566
-0.0172729
-7
-0.000213623
146
0.00445557
178
0.00543213
-59
-0.00180054
411
0.0125427
-1322
-0.0403442
-156
-0.00476074
362
0.0110474
-333
-0.0101624
1400
0.0427246
-83
-0.00253296
-1329
-0.0405579
-158
-0.00482178
579
0.0176697
115
0.00350952
-100
-0.00305176
-154
-0.00469971
-232
-0.00708008
68
0.0020752
548
0.0167236
223
0.00680542
43
0.00131226
-348
-0.0106201
666
0.0203247
-75
-0.00228882
-403
-0.0122986
-65
-0.00198364
578
0.0176392
-290
-0.0088501
-28
-0.000854492
-174
-0.00531006
560
0.0170898
339
0.0103455
78
0.00238037
54
0.00164795
626
0.019104
-95
-0.00289917
-517
-0.0157776
-405
-0.0123596
-467
-0.0142517
136
0.00415039
-492
-0.0150146
-115
-0.00350952
30
0.000915527
237
0.00723267
-1058
-0.0322876
-54
-0.00164795
-293
-0.00894165
148
0.0045166
-232
-0.00708008
-242
-0.00738525
532
0.0162354
252
0.00769043
-94
-0.00286865
241
0.00735474
-438
-0.0133667
-383
-0.0116882
778
0.0237427
-89
-0.00271606
-420
-0.0128174
-74
-0.0022583
-268
-0.00817871
-83
-0.00253296
782
0.0238647
-46
-0.00140381
94
0.00286865
-13
-0.000396729
-271
-0.00827026
-157
-0.00479126
-527
-0.0160828
-15
-0.000457764
7
0.000213623
-126
-0.00384521
-1082
-0.03302
68
0.0020752
67
0.00204468
205
0.0062561
31
0.000946045
-267
-0.00814819
543
0.016571
-165
-0.0050354
-479
-0.0146179
237
0.00723267
-158
-0.00482178
-1
-3.05176e-05
-106
-0.00323486
-164
-0.00500488
-82
-0.00250244
153
0.00466919
1033
0.0315247
63
0.00192261
99
0.00302124
8
0.000244141
205
0.0062561
-76
-0.00231934
-170
-0.00518799
157
0.00479126
-139
-0.00424194
247
0.00753784
-131
-0.0039978
30
0.000915527
