-262
-0.0159912
-191
-0.0116577
-232
-0.0141602
-165
-0.0100708
143
0.00872803
-18
-0.00109863
-134
-0.00817871
10
0.000610352
65
0.00396729
100
0.00610352
-4
-0.000244141
-41
-0.00250244
136
0.00830078
-116
-0.00708008
-117
-0.00714111
115
0.00701904
-515
-0.0314331
-23
-0.00140381
-386
-0.0235596
103
0.00628662
-335
-0.0204468
-30
-0.00183105
-229
-0.0139771
144
0.00878906
-515
-0.0314331
150
0.00915527
226
0.0137939
149
0.00909424
-186
-0.0113525
-231
-0.0140991
-321
-0.0195923
187
0.0114136
130
0.00793457
-47
-0.00286865
117
0.00714111
-200
-0.012207
479
0.0292358
-17
-0.0010376
68
0.00415039
92
0.00561523
-98
-0.00598145
-76
-0.00463867
-8
-0.000488281
-139
-0.00848389
-276
-0.0168457
51
0.00311279
-170
-0.010376
35
0.00213623
8
0.000488281
31
0.00189209
93
0.00567627
43
0.00262451
-344
-0.0209961
-47
-0.00286865
98
0.00598145
-16
-0.000976562
-275
-0.0167847
-25
-0.00152588
341
0.020813
2
0.00012207
-20
-0.0012207
33
0.00201416
-106
-0.00646973
-29
-0.00177002
-578
-0.0352783
-22
-0.00134277
-277
-0.0169067
-161
-0.00982666
-486
-0.0296631
-24
-0.00146484
-176
-0.0107422
-117
-0.00714111
190
0.0115967
-100
-0.00610352
12
0.000732422
-29
-0.00177002
-284
-0.017334
58
0.00354004
492
0.0300293
13
0.000793457
-40
-0.00244141
-41
-0.00250244
-263
-0.0160522
49
0.00299072
179
0.0109253
165
0.0100708
-258
-0.0157471
-175
-0.0106812
95
0.00579834
25
0.00152588
118
0.00720215
158
0.00964355
-69
-0.00421143
-171
-0.010437
438
0.0267334
-97
-0.00592041
408
0.0249023
-91
-0.0055542
-221
-0.0134888
-75
-0.00457764
192
0.0117188
280
0.0170898
-206
-0.0125732
-111
-0.0067749
82
0.00500488
-121
-0.00738525
-113
-0.00689697
-6
-0.000366211
101
0.00616455
58
0.00354004
-344
-0.0209961
174
0.0106201
181
0.0110474
-84
-0.00512695
83
0.00506592
-59
-0.00360107
-9
-0.000549316
-17
-0.0010376
217
0.0132446
-236
-0.0144043
189
0.0115356
74
0.0045166
204
0.0124512
-6
-0.000366211
196
0.0119629
-63
-0.00384521
-312
-0.019043
103
0.00628662
-499
-0.0304565
-60
-0.00366211
118
0.00720215
4
0.000244141
369
0.022522
-12
-0.000732422
108
0.0065918
122
0.00744629
-54
-0.0032959
102
0.00622559
112
0.00683594
-120
-0.00732422
63
0.00384521
109
0.00665283
-24
-0.00146484
117
0.00714111
-100
-0.00610352
-246
-0.0150146
-90
-0.00549316
-73
-0.00445557
239
0.0145874
116
0.00708008
115
0.00701904
-57
-0.003479
-4
-0.000244141
34
0.0020752
-73
-0.00445557
38
0.00231934
-54
-0.0032959
-81
-0.00494385
184
0.0112305
-232
-0.0141602
599
0.0365601
266
0.0162354
161
0.00982666
178
0.0108643
545
0.0332642
106
0.00646973
-220
-0.0134277
25
0.00152588
-110
-0.00671387
-210
-0.0128174
-737
-0.0449829
24
0.00146484
264
0.0161133
80
0.00488281
150
0.00915527
-20
-0.0012207
189
0.0115356
-45
-0.00274658
-92
-0.00561523
304
0.0185547
244
0.0148926
-6
-0.000366211
-287
-0.0175171
155
0.00946045
210
0.0128174
8
0.000488281
409
0.0249634
-40
-0.00244141
464
0.0283203
96
0.00585938
46
0.00280762
44
0.00268555
-23
-0.00140381
69
0.00421143
-144
-0.00878906
8
0.000488281
-145
-0.0088501
-7
-0.000427246
-184
-0.0112305
93
0.00567627
-528
-0.0322266
52
0.00317383
-10
-0.000610352
182
0.0111084
-245
-0.0149536
16
0.000976562
154
0.00939941
-50
-0.00305176
-278
-0.0169678
29
0.00177002
545
0.0332642
58
0.00354004
207
0.0126343
28
0.00170898
-92
-0.00561523
-58
-0.00354004
17
0.0010376
151
0.00921631
110
0.00671387
115
0.00701904
425
0.0259399
-299
-0.0182495
69
0.00421143
-110
-0.00671387
51
0.00311279
-113
-0.00689697
-111
-0.0067749
-16
-0.000976562
371
0.022644
-10
-0.000610352
-156
-0.00952148
48
0.00292969
424
0.0258789
-224
-0.0136719
-355
-0.0216675
3
0.000183105
-482
-0.0294189
-94
-0.0057373
-575
-0.0350952
-107
-0.00653076
72
0.00439453
22
0.00134277
-583
-0.0355835
144
0.00878906
47
0.00286865
-114
-0.00695801
163
0.00994873
-111
-0.0067749
82
0.00500488
-190
-0.0115967
252
0.0153809
-25
-0.00152588
46
0.00280762
-98
-0.00598145
-74
-0.0045166
67
0.00408936
-402
-0.0245361
-153
-0.00933838
-390
-0.0238037
-34
-0.0020752
-135
-0.00823975
171
0.010437
-463
-0.0282593
-131
-0.00799561
-341
-0.020813
-92
-0.00561523
-178
-0.0108643
-114
-0.00695801
-296
-0.0180664
145
0.0088501
503
0.0307007
-95
-0.00579834
-100
-0.00610352
-5
-0.000305176
-198
-0.012085
250
0.0152588
-153
-0.00933838
-84
-0.00512695
381
0.0232544
-92
-0.00561523
-197
-0.0120239
85
0.00518799
-221
-0.0134888
25
0.00152588
131
0.00799561
78
0.00476074
110
0.00671387
-39
-0.00238037
137
0.00836182
24
0.00146484
-82
-0.00500488
180
0.0109863
131
0.00799561
19
0.00115967
262
0.0159912
-27
-0.00164795
193
0.0117798
-48
-0.00292969
-372
-0.0227051
36
0.00219727
-263
-0.0160522
-5
-0.000305176
214
0.0130615
159
0.00970459
159
0.00970459
231
0.0140991
-42
-0.00256348
150
0.00915527
-228
-0.013916
-113
-0.00689697
325
0.0198364
84
0.00512695
68
0.00415039
-125
-0.00762939
14
0.000854492
69
0.00421143
-290
-0.0177002
59
0.00360107
-198
-0.012085
-88
-0.00537109
-87
-0.00531006
-209
-0.0127563
90
0.00549316
-237
-0.0144653
67
0.00408936
-6
-0.000366211
16
0.000976562
-3
-0.000183105
-224
-0.0136719
50
0.00305176
-114
-0.00695801
-112
-0.00683594
305
0.0186157
307
0.0187378
-200
-0.012207
130
0.00793457
379
0.0231323
-2
-0.00012207
-56
-0.00341797
-133
-0.00811768
280
0.0170898
-68
-0.00415039
5
0.000305176
71
0.0043335
22
0.00134277
147
0.00897217
-178
-0.0108643
57
0.003479
40
0.00244141
7
0.000427246
-248
-0.0151367
29
0.00177002
-10
-0.000610352
-29
-0.00177002
-214
-0.0130615
54
0.0032959
82
0.00500488
39
0.00238037
-297
-0.0181274
22
0.00134277
174
0.0106201
201
0.0122681
438
0.0267334
-75
-0.00457764
259
0.0158081
-51
-0.00311279
130
0.00793457
247
0.0150757
-367
-0.0223999
70
0.00427246
-39
-0.00238037
-22
-0.00134277
-371
-0.022644
-153
-0.00933838
-291
-0.0177612
-209
-0.0127563
-188
-0.0114746
-198
-0.012085
-177
-0.0108032
-59
-0.00360107
-55
-0.00335693
196
0.0119629
3
0.000183105
34
0.0020752
-107
-0.00653076
-102
-0.00622559
337
0.0205688
-37
-0.0022583
250
0.0152588
59
0.00360107
304
0.0185547
-151
-0.00921631
-148
-0.0090332
43
0.00262451
-224
-0.0136719
-70
-0.00427246
-205
-0.0125122
-57
-0.003479
15
0.000915527
78
0.00476074
-63
-0.00384521
31
0.00189209
-313
-0.019104
-199
-0.012146
-15
-0.000915527
168
0.0102539
-177
-0.0108032
-375
-0.0228882
-39
-0.00238037
56
0.00341797
177
0.0108032
-68
-0.00415039
-265
-0.0161743
98
0.00598145
109
0.00665283
-99
-0.00604248
309
0.0188599
-104
-0.00634766
-15
-0.000915527
42
0.00256348
-253
-0.0154419
-45
-0.00274658
26
0.00158691
128
0.0078125
-442
-0.0269775
-52
-0.00317383
-289
-0.0176392
-108
-0.0065918
142
0.00866699
34
0.0020752
-111
-0.0067749
3
0.000183105
151
0.00921631
-2
-0.00012207
-114
-0.00695801
141
0.00860596
151
0.00921631
-63
-0.00384521
106
0.00646973
225
0.0137329
-52
-0.00317383
-24
-0.00146484
312
0.019043
174
0.0106201
286
0.0174561
33
0.00201416
32
0.00195312
3
0.000183105
-217
-0.0132446
-114
-0.00695801
-426
-0.026001
-357
-0.0217896
-158
-0.00964355
61
0.00372314
-162
-0.0098877
-119
-0.00726318
267
0.0162964
163
0.00994873
201
0.0122681
108
0.0065918
105
0.00640869
-126
-0.00769043
-255
-0.015564
-17
-0.0010376
-72
-0.00439453
-40
-0.00244141
-373
-0.0227661
-136
-0.00830078
418
0.0255127
37
0.0022583
-301
-0.0183716
-30
-0.00183105
-267
-0.0162964
125
0.00762939
329
0.0200806
168
0.0102539
-184
-0.0112305
-161
-0.00982666
-112
-0.00683594
-11
-0.000671387
-88
-0.00537109
-231
-0.0140991
-251
-0.0153198
-49
-0.00299072
-232
-0.0141602
49
0.00299072
81
0.00494385
-6
-0.000366211
-397
-0.024231
-13
-0.000793457
117
0.00714111
33
0.00201416
-35
-0.00213623
-52
-0.00317383
283
0.0172729
334
0.0203857
351
0.0214233
115
0.00701904
668
0.0407715
-29
-0.00177002
-40
-0.00244141
-8
-0.000488281
240
0.0146484
-37
-0.0022583
204
0.0124512
79
0.00482178
434
0.0264893
-92
-0.00561523
211
0.0128784
136
0.00830078
16
0.000976562
-333
-0.0203247
-207
-0.0126343
-105
-0.00640869
166
0.0101318
-27
-0.00164795
-89
-0.00543213
221
0.0134888
45
0.00274658
-63
-0.00384521
-352
-0.0214844
94
0.0057373
-233
-0.0142212
71
0.0043335
-136
-0.00830078
-270
-0.0164795
23
0.00140381
89
0.00543213
24
0.00146484
31
0.00189209
-321
-0.0195923
-90
-0.00549316
-110
-0.00671387
-217
-0.0132446
-158
-0.00964355
41
0.00250244
-58
-0.00354004
76
0.00463867
146
0.00891113
-71
-0.0043335
-143
-0.00872803
-49
-0.00299072
195
0.0119019
81
0.00494385
-328
-0.0200195
29
0.00177002
42
0.00256348
-39
-0.00238037
-189
-0.0115356
35
0.00213623
196
0.0119629
3
0.000183105
30
0.00183105
-26
-0.00158691
-265
-0.0161743
-42
-0.00256348
-626
-0.038208
-43
-0.00262451
-221
-0.0134888
36
0.00219727
-130
-0.00793457
202
0.0123291
18
0.00109863
-110
-0.00671387
456
0.027832
-232
-0.0141602
269
0.0164185
249
0.0151978
-47
-0.00286865
130
0.00793457
-91
-0.0055542
-16
-0.000976562
-221
-0.0134888
-84
-0.00512695
407
0.0248413
172
0.010498
-61
-0.00372314
-52
-0.00317383
60
0.00366211
120
0.00732422
385
0.0234985
136
0.00830078
242
0.0147705
-46
-0.00280762
357
0.0217896
-45
-0.00274658
-294
-0.0179443
239
0.0145874
2
0.00012207
-117
-0.00714111
-124
-0.00756836
133
0.00811768
-191
-0.0116577
80
0.00488281
-21
-0.00128174
-77
-0.00469971
-94
-0.0057373
-63
-0.00384521
138
0.00842285
-92
-0.00561523
-201
-0.0122681
-82
-0.00500488
261
0.0159302
59
0.00360107
-583
-0.0355835
-44
-0.00268555
42
0.00256348
-33
-0.00201416
454
0.02771
-78
-0.00476074
-28
-0.00170898
-55
-0.00335693
78
0.00476074
119
0.00726318
-61
-0.00372314
-3
-0.000183105
18
0.00109863
51
0.00311279
76
0.00463867
52
0.00317383
271
0.0165405
45
0.00274658
126
0.00769043
10
0.000610352
272
0.0166016
-15
-0.000915527
-96
-0.00585938
-277
-0.0169067
-131
-0.00799561
-51
-0.00311279
176
0.0107422
146
0.00891113
-313
-0.019104
368
0.0224609
-35
-0.00213623
54
0.0032959
161
0.00982666
57
0.003479
-12
-0.000732422
-90
-0.00549316
71
0.0043335
99
0.00604248
174
0.0106201
23
0.00140381
-12
-0.000732422
-57
-0.003479
-82
-0.00500488
34
0.0020752
-487
-0.0297241
122
0.00744629
-244
-0.0148926
183
0.0111694
48
0.00292969
78
0.00476074
314
0.019165
133
0.00811768
-199
-0.012146
-13
-0.000793457
161
0.00982666
-91
-0.0055542
-238
-0.0145264
-203
-0.0123901
263
0.0160522
125
0.00762939
-215
-0.0131226
-66
-0.00402832
-104
-0.00634766
-6
-0.000366211
-287
-0.0175171
59
0.00360107
4
0.000244141
81
0.00494385
544
0.0332031
74
0.0045166
-198
-0.012085
-74
-0.0045166
-365
-0.0222778
-58
-0.00354004
70
0.00427246
63
0.00384521
-168
-0.0102539
79
0.00482178
128
0.0078125
-102
-0.00622559
457
0.0278931
145
0.0088501
20
0.0012207
-5
-0.000305176
165
0.0100708
-137
-0.00836182
243
0.0148315
34
0.0020752
-215
-0.0131226
-52
-0.00317383
33
0.00201416
133
0.00811768
-156
-0.00952148
160
0.00976562
402
0.0245361
89
0.00543213
-8
-0.000488281
35
0.00213623
268
0.0163574
61
0.00372314
-258
-0.0157471
-105
-0.00640869
-282
-0.0172119
-105
-0.00640869
21
0.00128174
-163
-0.00994873
-36
-0.00219727
-40
-0.00244141
-309
-0.0188599
-10
-0.000610352
-258
-0.0157471
-7
-0.000427246
36
0.00219727
159
0.00970459
-64
-0.00390625
53
0.00323486
-159
-0.00970459
-174
-0.0106201
-84
-0.00512695
-128
-0.0078125
137
0.00836182
62
0.00378418
113
0.00689697
-16
-0.000976562
220
0.0134277
21
0.00128174
225
0.0137329
-16
-0.000976562
-101
-0.00616455
194
0.0118408
85
0.00518799
89
0.00543213
-514
-0.0313721
15
0.000915527
39
0.00238037
-52
-0.00317383
-175
-0.0106812
-102
-0.00622559
-232
-0.0141602
-176
-0.0107422
-152
-0.00927734
-101
-0.00616455
-67
-0.00408936
144
0.00878906
133
0.00811768
-56
-0.00341797
79
0.00482178
18
0.00109863
154
0.00939941
-103
-0.00628662
-59
-0.00360107
-127
-0.00775146
-355
-0.0216675
150
0.00915527
298
0.0181885
-15
-0.000915527
-119
-0.00726318
-20
-0.0012207
-105
-0.00640869
93
0.00567627
310
0.0189209
-58
-0.00354004
168
0.0102539
-99
-0.00604248
-143
-0.00872803
-113
-0.00689697
-23
-0.00140381
-102
-0.00622559
89
0.00543213
50
0.00305176
-15
-0.000915527
42
0.00256348
541
0.03302
-195
-0.0119019
-92
-0.00561523
-35
-0.00213623
68
0.00415039
-70
-0.00427246
16
0.000976562
109
0.00665283
-147
-0.00897217
-277
-0.0169067
-120
-0.00732422
-114
-0.00695801
229
0.0139771
-234
-0.0142822
-64
-0.00390625
-229
-0.0139771
215
0.0131226
34
0.0020752
-58
-0.00354004
-15
-0.000915527
-296
-0.0180664
181
0.0110474
-322
-0.0196533
-58
-0.00354004
430
0.0262451
146
0.00891113
-100
-0.00610352
-56
-0.00341797
65
0.00396729
-124
-0.00756836
-267
-0.0162964
1
6.10352e-05
-175
-0.0106812
95
0.00579834
-152
-0.00927734
-28
-0.00170898
172
0.010498
199
0.012146
-123
-0.00750732
313
0.019104
18
0.00109863
161
0.00982666
151
0.00921631
49
0.00299072
175
0.0106812
-125
-0.00762939
336
0.0205078
218
0.0133057
218
0.0133057
-7
-0.000427246
-637
-0.0388794
14
0.000854492
21
0.00128174
11
0.000671387
157
0.00958252
65
0.00396729
261
0.0159302
-24
-0.00146484
-562
-0.0343018
-44
-0.00268555
-23
-0.00140381
33
0.00201416
34
0.0020752
204
0.0124512
-189
-0.0115356
-146
-0.00891113
-188
-0.0114746
127
0.00775146
43
0.00262451
219
0.0133667
-255
-0.015564
87
0.00531006
-32
-0.00195312
287
0.0175171
34
0.0020752
-192
-0.0117188
47
0.00286865
27
0.00164795
396
0.0241699
121
0.00738525
-208
-0.0126953
-131
-0.00799561
-19
-0.00115967
13
0.000793457
92
0.00561523
65
0.00396729
383
0.0233765
47
0.00286865
253
0.0154419
-55
-0.00335693
-143
-0.00872803
-38
-0.00231934
-135
-0.00823975
-15
-0.000915527
302
0.0184326
16
0.000976562
385
0.0234985
-59
-0.00360107
227
0.013855
-78
-0.00476074
-217
-0.0132446
40
0.00244141
-143
-0.00872803
-106
-0.00646973
-294
-0.0179443
-22
-0.00134277
-54
-0.0032959
221
0.0134888
-129
-0.00787354
203
0.0123901
-83
-0.00506592
11
0.000671387
-5
-0.000305176
102
0.00622559
222
0.0135498
-12
-0.000732422
41
0.00250244
13
0.000793457
-501
-0.0305786
-101
-0.00616455
-342
-0.020874
57
0.003479
-190
-0.0115967
-106
-0.00646973
12
0.000732422
175
0.0106812
121
0.00738525
-39
-0.00238037
-174
-0.0106201
28
0.00170898
4
0.000244141
201
0.0122681
-43
-0.00262451
-174
-0.0106201
-174
-0.0106201
295
0.0180054
43
0.00262451
-90
-0.00549316
8
0.000488281
-61
-0.00372314
361
0.0220337
-65
-0.00396729
127
0.00775146
-44
-0.00268555
-283
-0.0172729
-62
-0.00378418
64
0.00390625
14
0.000854492
169
0.0103149
-135
-0.00823975
209
0.0127563
278
0.0169678
159
0.00970459
-97
-0.00592041
-23
-0.00140381
81
0.00494385
-322
-0.0196533
-39
-0.00238037
-60
-0.00366211
124
0.00756836
84
0.00512695
59
0.00360107
-201
-0.0122681
41
0.00250244
-95
-0.00579834
-82
-0.00500488
47
0.00286865
-219
-0.0133667
-447
-0.0272827
39
0.00238037
11
0.000671387
3
0.000183105
456
0.027832
54
0.0032959
386
0.0235596
-36
-0.00219727
98
0.00598145
-139
-0.00848389
-78
-0.00476074
-7
-0.000427246
-183
-0.0111694
8
0.000488281
-276
-0.0168457
-113
-0.00689697
7
0.000427246
152
0.00927734
-6
-0.000366211
-10
-0.000610352
-40
-0.00244141
54
0.0032959
-25
-0.00152588
-62
-0.00378418
-44
-0.00268555
73
0.00445557
-184
-0.0112305
-102
-0.00622559
403
0.0245972
-131
-0.00799561
122
0.00744629
-55
-0.00335693
73
0.00445557
-38
-0.00231934
141
0.00860596
-19
-0.00115967
208
0.0126953
235
0.0143433
-70
-0.00427246
13
0.000793457
-234
-0.0142822
26
0.00158691
-368
-0.0224609
45
0.00274658
95
0.00579834
62
0.00378418
-272
-0.0166016
-22
-0.00134277
-88
-0.00537109
188
0.0114746
-133
-0.00811768
2
0.00012207
-32
-0.00195312
160
0.00976562
-168
-0.0102539
38
0.00231934
334
0.0203857
-6
-0.000366211
223
0.0136108
-2
-0.00012207
-229
-0.0139771
-5
-0.000305176
-19
-0.00115967
-192
-0.0117188
198
0.012085
-9
-0.000549316
-37
-0.0022583
133
0.00811768
190
0.0115967
-256
-0.015625
-55
-0.00335693
-20
-0.0012207
212
0.0129395
201
0.0122681
-225
-0.0137329
29
0.00177002
-176
-0.0107422
-190
-0.0115967
348
0.0212402
211
0.0128784
-58
-0.00354004
47
0.00286865
-152
-0.00927734
-301
-0.0183716
204
0.0124512
90
0.00549316
-342
-0.020874
-9
-0.000549316
8
0.000488281
70
0.00427246
471
0.0287476
-113
-0.00689697
-125
-0.00762939
86
0.00524902
-84
-0.00512695
-79
-0.00482178
174
0.0106201
40
0.00244141
-104
-0.00634766
96
0.00585938
13
0.000793457
-61
-0.00372314
-681
-0.0415649
98
0.00598145
330
0.0201416
21
0.00128174
-312
-0.019043
123
0.00750732
229
0.0139771
-88
-0.00537109
247
0.0150757
-105
-0.00640869
-226
-0.0137939
-41
-0.00250244
-41
-0.00250244
130
0.00793457
172
0.010498
-33
-0.00201416
69
0.00421143
25
0.00152588
451
0.0275269
6
0.000366211
-447
-0.0272827
-39
-0.00238037
155
0.00946045
-47
-0.00286865
-225
-0.0137329
-28
-0.00170898
328
0.0200195
-58
-0.00354004
-384
-0.0234375
155
0.00946045
22
0.00134277
52
0.00317383
42
0.00256348
-39
-0.00238037
-244
-0.0148926
72
0.00439453
-57
-0.003479
38
0.00231934
188
0.0114746
-72
-0.00439453
266
0.0162354
-64
-0.00390625
-112
-0.00683594
-39
-0.00238037
379
0.0231323
-21
-0.00128174
-65
-0.00396729
116
0.00708008
220
0.0134277
-39
-0.00238037
175
0.0106812
21
0.00128174
-65
-0.00396729
191
0.0116577
458
0.0279541
70
0.00427246
45
0.00274658
124
0.00756836
264
0.0161133
-72
-0.00439453
97
0.00592041
-55
-0.00335693
369
0.022522
-219
-0.0133667
6
0.000366211
-10
-0.000610352
-455
-0.027771
6
0.000366211
257
0.015686
45
0.00274658
88
0.00537109
58
0.00354004
61
0.00372314
-46
-0.00280762
255
0.015564
153
0.00933838
-328
-0.0200195
-215
-0.0131226
41
0.00250244
-204
-0.0124512
91
0.0055542
-56
-0.00341797
329
0.0200806
-94
-0.0057373
-127
-0.00775146
43
0.00262451
-118
-0.00720215
-211
-0.0128784
-103
-0.00628662
134
0.00817871
103
0.00628662
44
0.00268555
497
0.0303345
-35
-0.00213623
-163
-0.00994873
93
0.00567627
516
0.0314941
-9
-0.000549316
-336
-0.0205078
-26
-0.00158691
-194
-0.0118408
-71
-0.0043335
234
0.0142822
-23
-0.00140381
36
0.00219727
465
0.0283813
-1
-6.10352e-05
-205
-0.0125122
-310
-0.0189209
-152
-0.00927734
-363
-0.0221558
152
0.00927734
59
0.00360107
17
0.0010376
120
0.00732422
94
0.0057373
282
0.0172119
-95
-0.00579834
-118
-0.00720215
180
0.0109863
-352
-0.0214844
26
0.00158691
-93
-0.00567627
-15
-0.000915527
5
0.000305176
-37
-0.0022583
-55
-0.00335693
48
0.00292969
16
0.000976562
-12
-0.000732422
-20
-0.0012207
48
0.00292969
-222
-0.0135498
-63
-0.00384521
59
0.00360107
5
0.000305176
46
0.00280762
-243
-0.0148315
-344
-0.0209961
2
0.00012207
-661
-0.0403442
47
0.00286865
-316
-0.0192871
-155
-0.00946045
484
0.029541
214
0.0130615
184
0.0112305
185
0.0112915
121
0.00738525
32
0.00195312
-156
-0.00952148
87
0.00531006
90
0.00549316
-82
-0.00500488
371
0.022644
-85
-0.00518799
-222
-0.0135498
32
0.00195312
182
0.0111084
12
0.000732422
90
0.00549316
155
0.00946045
323
0.0197144
106
0.00646973
402
0.0245361
13
0.000793457
-173
-0.0105591
39
0.00238037
301
0.0183716
-81
-0.00494385
-218
-0.0133057
-106
-0.00646973
-112
-0.00683594
169
0.0103149
-466
-0.0284424
76
0.00463867
-203
-0.0123901
-149
-0.00909424
-19
-0.00115967
-85
-0.00518799
65
0.00396729
-76
-0.00463867
21
0.00128174
-110
-0.00671387
-79
-0.00482178
47
0.00286865
-72
-0.00439453
132
0.00805664
-400
-0.0244141
44
0.00268555
151
0.00921631
74
0.0045166
-418
-0.0255127
-107
-0.00653076
301
0.0183716
-70
-0.00427246
561
0.0342407
7
0.000427246
-112
-0.00683594
28
0.00170898
235
0.0143433
-28
-0.00170898
-207
-0.0126343
157
0.00958252
180
0.0109863
84
0.00512695
112
0.00683594
200
0.012207
354
0.0216064
156
0.00952148
140
0.00854492
-77
-0.00469971
295
0.0180054
-114
-0.00695801
-429
-0.0261841
-46
-0.00280762
-326
-0.0198975
105
0.00640869
-67
-0.00408936
173
0.0105591
271
0.0165405
-186
-0.0113525
2
0.00012207
185
0.0112915
424
0.0258789
-65
-0.00396729
-57
-0.003479
89
0.00543213
-111
-0.0067749
8
0.000488281
-37
-0.0022583
32
0.00195312
148
0.0090332
31
0.00189209
-48
-0.00292969
-12
-0.000732422
170
0.010376
82
0.00500488
392
0.0239258
-129
-0.00787354
86
0.00524902
-20
-0.0012207
262
0.0159912
-68
-0.00415039
-13
-0.000793457
-221
-0.0134888
271
0.0165405
-38
-0.00231934
249
0.0151978
75
0.00457764
-125
-0.00762939
30
0.00183105
394
0.0240479
71
0.0043335
228
0.013916
119
0.00726318
433
0.0264282
35
0.00213623
95
0.00579834
39
0.00238037
-155
-0.00946045
12
0.000732422
204
0.0124512
-43
-0.00262451
85
0.00518799
-32
-0.00195312
221
0.0134888
106
0.00646973
-221
-0.0134888
68
0.00415039
-170
-0.010376
-46
-0.00280762
39
0.00238037
17
0.0010376
-156
-0.00952148
69
0.00421143
281
0.0171509
-74
-0.0045166
399
0.024353
120
0.00732422
58
0.00354004
74
0.0045166
314
0.019165
-38
-0.00231934
-227
-0.013855
79
0.00482178
138
0.00842285
25
0.00152588
385
0.0234985
67
0.00408936
-327
-0.0199585
207
0.0126343
59
0.00360107
-147
-0.00897217
385
0.0234985
-63
-0.00384521
189
0.0115356
50
0.00305176
141
0.00860596
30
0.00183105
-377
-0.0230103
50
0.00305176
36
0.00219727
-80
-0.00488281
199
0.012146
90
0.00549316
-26
-0.00158691
-14
-0.000854492
-290
-0.0177002
118
0.00720215
-38
-0.00231934
7
0.000427246
412
0.0251465
-63
-0.00384521
-204
-0.0124512
-11
-0.000671387
-137
-0.00836182
-58
-0.00354004
-315
-0.0192261
-19
-0.00115967
-93
-0.00567627
28
0.00170898
-102
-0.00622559
53
0.00323486
-341
-0.020813
167
0.0101929
306
0.0186768
-79
-0.00482178
7
0.000427246
-179
-0.0109253
-134
-0.00817871
43
0.00262451
170
0.010376
109
0.00665283
205
0.0125122
-1
-6.10352e-05
-487
-0.0297241
86
0.00524902
106
0.00646973
122
0.00744629
699
0.0426636
72
0.00439453
-23
-0.00140381
51
0.00311279
35
0.00213623
-48
-0.00292969
92
0.00561523
-69
-0.00421143
181
0.0110474
-94
-0.0057373
190
0.0115967
-71
-0.0043335
41
0.00250244
-224
-0.0136719
286
0.0174561
-124
-0.00756836
-442
-0.0269775
-76
-0.00463867
-51
-0.00311279
74
0.0045166
58
0.00354004
-116
-0.00708008
166
0.0101318
140
0.00854492
-300
-0.0183105
-51
-0.00311279
-246
-0.0150146
-244
-0.0148926
-242
-0.0147705
57
0.003479
-71
-0.0043335
124
0.00756836
99
0.00604248
-219
-0.0133667
-71
-0.0043335
3
0.000183105
-281
-0.0171509
106
0.00646973
-175
-0.0106812
-335
-0.0204468
225
0.0137329
189
0.0115356
-363
-0.0221558
-4
-0.000244141
4
0.000244141
-56
-0.00341797
-15
-0.000915527
128
0.0078125
-174
-0.0106201
45
0.00274658
89
0.00543213
-111
-0.0067749
131
0.00799561
98
0.00598145
-437
-0.0266724
144
0.00878906
20
0.0012207
-40
-0.00244141
-184
-0.0112305
-77
-0.00469971
86
0.00524902
-100
-0.00610352
61
0.00372314
135
0.00823975
115
0.00701904
-9
-0.000549316
-263
-0.0160522
7
0.000427246
-389
-0.0237427
-171
-0.010437
161
0.00982666
44
0.00268555
421
0.0256958
54
0.0032959
121
0.00738525
-115
-0.00701904
-162
-0.0098877
-1
-6.10352e-05
-33
-0.00201416
-8
-0.000488281
84
0.00512695
-124
-0.00756836
162
0.0098877
232
0.0141602
-470
-0.0286865
-13
-0.000793457
-236
-0.0144043
-91
-0.0055542
96
0.00585938
-33
-0.00201416
118
0.00720215
20
0.0012207
195
0.0119019
43
0.00262451
-19
-0.00115967
87
0.00531006
-23
-0.00140381
85
0.00518799
-116
-0.00708008
20
0.0012207
-27
-0.00164795
-137
-0.00836182
340
0.020752
-43
-0.00262451
91
0.0055542
30
0.00183105
-340
-0.020752
137
0.00836182
121
0.00738525
-191
-0.0116577
-445
-0.0271606
163
0.00994873
353
0.0215454
-147
-0.00897217
11
0.000671387
-47
-0.00286865
18
0.00109863
-181
-0.0110474
106
0.00646973
23
0.00140381
-76
-0.00463867
-119
-0.00726318
494
0.0301514
14
0.000854492
-396
-0.0241699
-250
-0.0152588
-27
-0.00164795
119
0.00726318
-199
-0.012146
-62
-0.00378418
-11
-0.000671387
-168
-0.0102539
-313
-0.019104
-208
-0.0126953
-367
-0.0223999
-3
-0.000183105
-92
-0.00561523
153
0.00933838
257
0.015686
94
0.0057373
-74
-0.0045166
115
0.00701904
13
0.000793457
-75
-0.00457764
320
0.0195312
-226
-0.0137939
8
0.000488281
132
0.00805664
-9
-0.000549316
50
0.00305176
-139
-0.00848389
101
0.00616455
332
0.0202637
-164
-0.0100098
509
0.0310669
-107
-0.00653076
225
0.0137329
72
0.00439453
3
0.000183105
23
0.00140381
125
0.00762939
197
0.0120239
-172
-0.010498
26
0.00158691
377
0.0230103
20
0.0012207
172
0.010498
10
0.000610352
50
0.00305176
-216
-0.0131836
-283
-0.0172729
-165
-0.0100708
-91
-0.0055542
-63
-0.00384521
-50
-0.00305176
-120
-0.00732422
277
0.0169067
33
0.00201416
-242
-0.0147705
-2
-0.00012207
95
0.00579834
-21
-0.00128174
-346
-0.0211182
123
0.00750732
240
0.0146484
-27
-0.00164795
-150
-0.00915527
46
0.00280762
1
6.10352e-05
-40
-0.00244141
66
0.00402832
-93
-0.00567627
497
0.0303345
-38
-0.00231934
-108
-0.0065918
-160
-0.00976562
-147
-0.00897217
22
0.00134277
143
0.00872803
-233
-0.0142212
-183
-0.0111694
110
0.00671387
-129
-0.00787354
47
0.00286865
-299
-0.0182495
160
0.00976562
265
0.0161743
-171
-0.010437
-299
-0.0182495
-65
-0.00396729
327
0.0199585
163
0.00994873
262
0.0159912
-86
-0.00524902
140
0.00854492
186
0.0113525
-160
-0.00976562
-256
-0.015625
106
0.00646973
25
0.00152588
-131
-0.00799561
22
0.00134277
-149
-0.00909424
-149
-0.00909424
-108
-0.0065918
-182
-0.0111084
-205
-0.0125122
113
0.00689697
-79
-0.00482178
120
0.00732422
1
6.10352e-05
-179
-0.0109253
-211
-0.0128784
60
0.00366211
-139
-0.00848389
120
0.00732422
174
0.0106201
50
0.00305176
-416
-0.0253906
117
0.00714111
356
0.0217285
-58
-0.00354004
-261
-0.0159302
-59
-0.00360107
31
0.00189209
-108
-0.0065918
-303
-0.0184937
30
0.00183105
-283
-0.0172729
42
0.00256348
300
0.0183105
-52
-0.00317383
-134
-0.00817871
-79
-0.00482178
-403
-0.0245972
89
0.00543213
-289
-0.0176392
2
0.00012207
53
0.00323486
126
0.00769043
-36
-0.00219727
-209
-0.0127563
55
0.00335693
209
0.0127563
-218
-0.0133057
-130
-0.00793457
99
0.00604248
136
0.00830078
-217
-0.0132446
-97
-0.00592041
138
0.00842285
88
0.00537109
71
0.0043335
-2
-0.00012207
63
0.00384521
-127
-0.00775146
-108
-0.0065918
6
0.000366211
262
0.0159912
-107
-0.00653076
-359
-0.0219116
-13
-0.000793457
437
0.0266724
22
0.00134277
418
0.0255127
-61
-0.00372314
243
0.0148315
131
0.00799561
27
0.00164795
-78
-0.00476074
-11
-0.000671387
306
0.0186768
540
0.032959
28
0.00170898
130
0.00793457
-1
-6.10352e-05
-159
-0.00970459
272
0.0166016
-49
-0.00299072
209
0.0127563
-299
-0.0182495
-18
-0.00109863
316
0.0192871
169
0.0103149
431
0.0263062
-98
-0.00598145
-60
-0.00366211
-110
-0.00671387
-362
-0.0220947
101
0.00616455
-266
-0.0162354
-147
-0.00897217
-151
-0.00921631
-12
-0.000732422
319
0.0194702
50
0.00305176
431
0.0263062
43
0.00262451
54
0.0032959
-115
-0.00701904
84
0.00512695
7
0.000427246
-284
-0.017334
-175
-0.0106812
173
0.0105591
60
0.00366211
154
0.00939941
140
0.00854492
-112
-0.00683594
103
0.00628662
287
0.0175171
-45
-0.00274658
81
0.00494385
-98
-0.00598145
80
0.00488281
8
0.000488281
179
0.0109253
175
0.0106812
152
0.00927734
110
0.00671387
-294
-0.0179443
-7
-0.000427246
-16
-0.000976562
27
0.00164795
-243
-0.0148315
55
0.00335693
-262
-0.0159912
-75
-0.00457764
-414
-0.0252686
-54
-0.0032959
-78
-0.00476074
-67
-0.00408936
141
0.00860596
90
0.00549316
258
0.0157471
85
0.00518799
-136
-0.00830078
-16
-0.000976562
503
0.0307007
30
0.00183105
627
0.038269
-4
-0.000244141
329
0.0200806
71
0.0043335
184
0.0112305
58
0.00354004
117
0.00714111
-11
-0.000671387
-81
-0.00494385
-35
-0.00213623
19
0.00115967
-107
-0.00653076
-110
-0.00671387
124
0.00756836
197
0.0120239
152
0.00927734
319
0.0194702
-244
-0.0148926
-239
-0.0145874
-93
-0.00567627
38
0.00231934
-13
-0.000793457
-93
-0.00567627
17
0.0010376
92
0.00561523
82
0.00500488
49
0.00299072
177
0.0108032
-289
-0.0176392
47
0.00286865
-245
-0.0149536
59
0.00360107
-423
-0.0258179
40
0.00244141
17
0.0010376
-176
-0.0107422
590
0.0360107
-175
-0.0106812
472
0.0288086
-51
-0.00311279
132
0.00805664
100
0.00610352
-63
-0.00384521
-60
-0.00366211
20
0.0012207
74
0.0045166
404
0.0246582
112
0.00683594
-279
-0.0170288
-57
-0.003479
-83
-0.00506592
-82
-0.00500488
298
0.0181885
24
0.00146484
-373
-0.0227661
-120
-0.00732422
-129
-0.00787354
-58
-0.00354004
-40
-0.00244141
53
0.00323486
-349
-0.0213013
-241
-0.0147095
234
0.0142822
72
0.00439453
42
0.00256348
93
0.00567627
-176
-0.0107422
-167
-0.0101929
97
0.00592041
-32
-0.00195312
269
0.0164185
351
0.0214233
206
0.0125732
17
0.0010376
-97
-0.00592041
-133
-0.00811768
-110
-0.00671387
-101
-0.00616455
65
0.00396729
0
0
-91
-0.0055542
60
0.00366211
212
0.0129395
-125
-0.00762939
-219
-0.0133667
-73
-0.00445557
34
0.0020752
4
0.000244141
147
0.00897217
-22
-0.00134277
-28
-0.00170898
-100
-0.00610352
92
0.00561523
-22
-0.00134277
-255
-0.015564
-5
-0.000305176
268
0.0163574
-132
-0.00805664
-76
-0.00463867
154
0.00939941
-108
-0.0065918
104
0.00634766
-327
-0.0199585
-18
-0.00109863
-100
-0.00610352
112
0.00683594
-73
-0.00445557
-138
-0.00842285
-210
-0.0128174
173
0.0105591
-88
-0.00537109
-79
-0.00482178
56
0.00341797
-162
-0.0098877
75
0.00457764
-237
-0.0144653
383
0.0233765
135
0.00823975
-36
-0.00219727
-34
-0.0020752
-28
-0.00170898
2
0.00012207
199
0.012146
-1
-6.10352e-05
324
0.0197754
-64
-0.00390625
217
0.0132446
-65
-0.00396729
-34
-0.0020752
-8
-0.000488281
461
0.0281372
-11
-0.000671387
355
0.0216675
13
0.000793457
-180
-0.0109863
15
0.000915527
-76
-0.00463867
78
0.00476074
697
0.0425415
101
0.00616455
563
0.0343628
-26
-0.00158691
338
0.0206299
-2
-0.00012207
-118
-0.00720215
-36
-0.00219727
-20
-0.0012207
155
0.00946045
-37
-0.0022583
-100
-0.00610352
-1
-6.10352e-05
113
0.00689697
-22
-0.00134277
29
0.00177002
201
0.0122681
51
0.00311279
-305
-0.0186157
-208
-0.0126953
215
0.0131226
-28
-0.00170898
11
0.000671387
11
0.000671387
-207
-0.0126343
92
0.00561523
252
0.0153809
-110
-0.00671387
147
0.00897217
89
0.00543213
-310
-0.0189209
23
0.00140381
20
0.0012207
201
0.0122681
150
0.00915527
-97
-0.00592041
248
0.0151367
63
0.00384521
-562
-0.0343018
73
0.00445557
-144
-0.00878906
77
0.00469971
78
0.00476074
22
0.00134277
-195
-0.0119019
-170
-0.010376
-28
-0.00170898
-23
-0.00140381
-60
-0.00366211
106
0.00646973
368
0.0224609
-91
-0.0055542
-34
-0.0020752
-28
-0.00170898
-262
-0.0159912
67
0.00408936
84
0.00512695
-298
-0.0181885
-47
-0.00286865
144
0.00878906
-87
-0.00531006
-27
-0.00164795
331
0.0202026
-106
-0.00646973
-310
-0.0189209
-39
-0.00238037
115
0.00701904
-32
-0.00195312
108
0.0065918
-118
-0.00720215
-163
-0.00994873
83
0.00506592
583
0.0355835
-14
-0.000854492
-331
-0.0202026
112
0.00683594
-165
-0.0100708
-45
-0.00274658
113
0.00689697
-2
-0.00012207
-91
-0.0055542
-194
-0.0118408
158
0.00964355
176
0.0107422
130
0.00793457
-52
-0.00317383
-261
-0.0159302
-73
-0.00445557
218
0.0133057
-38
-0.00231934
-26
-0.00158691
-105
-0.00640869
-416
-0.0253906
177
0.0108032
-43
-0.00262451
-1
-6.10352e-05
181
0.0110474
46
0.00280762
-341
-0.020813
-114
-0.00695801
-303
-0.0184937
-69
-0.00421143
22
0.00134277
-94
-0.0057373
-350
-0.0213623
325
0.0198364
-197
-0.0120239
97
0.00592041
117
0.00714111
-174
-0.0106201
7
0.000427246
-170
-0.010376
375
0.0228882
70
0.00427246
500
0.0305176
-120
-0.00732422
-98
-0.00598145
-142
-0.00866699
146
0.00891113
169
0.0103149
156
0.00952148
-148
-0.0090332
397
0.024231
18
0.00109863
364
0.0222168
122
0.00744629
369
0.022522
-104
-0.00634766
119
0.00726318
-198
-0.012085
96
0.00585938
255
0.015564
-557
-0.0339966
39
0.00238037
226
0.0137939
66
0.00402832
-141
-0.00860596
-34
-0.0020752
80
0.00488281
-3
-0.000183105
-32
-0.00195312
-80
-0.00488281
159
0.00970459
19
0.00115967
-148
-0.0090332
-110
-0.00671387
35
0.00213623
5
0.000305176
-526
-0.0321045
-4
-0.000244141
73
0.00445557
176
0.0107422
169
0.0103149
75
0.00457764
-72
-0.00439453
108
0.0065918
-252
-0.0153809
142
0.00866699
-262
-0.0159912
222
0.0135498
9
0.000549316
-50
-0.00305176
38
0.00231934
-106
-0.00646973
-59
-0.00360107
-2
-0.00012207
219
0.0133667
128
0.0078125
140
0.00854492
76
0.00463867
-184
-0.0112305
102
0.00622559
103
0.00628662
11
0.000671387
-19
-0.00115967
111
0.0067749
-325
-0.0198364
153
0.00933838
-248
-0.0151367
-26
-0.00158691
-174
-0.0106201
-18
-0.00109863
-294
-0.0179443
173
0.0105591
487
0.0297241
152
0.00927734
182
0.0111084
67
0.00408936
3
0.000183105
-294
-0.0179443
-135
-0.00823975
-172
-0.010498
54
0.0032959
218
0.0133057
-448
-0.0273438
-206
-0.0125732
-146
-0.00891113
-53
-0.00323486
-109
-0.00665283
85
0.00518799
-213
-0.0130005
-16
-0.000976562
237
0.0144653
-116
-0.00708008
-152
-0.00927734
5
0.000305176
57
0.003479
-158
-0.00964355
-104
-0.00634766
38
0.00231934
-268
-0.0163574
-35
-0.00213623
-13
-0.000793457
96
0.00585938
102
0.00622559
-18
-0.00109863
100
0.00610352
-12
-0.000732422
256
0.015625
106
0.00646973
-280
-0.0170898
-249
-0.0151978
-106
-0.00646973
20
0.0012207
-70
-0.00427246
-77
-0.00469971
-89
-0.00543213
-3
-0.000183105
40
0.00244141
27
0.00164795
75
0.00457764
139
0.00848389
-82
-0.00500488
183
0.0111694
254
0.0155029
47
0.00286865
-351
-0.0214233
-42
-0.00256348
-139
-0.00848389
144
0.00878906
-86
-0.00524902
69
0.00421143
462
0.0281982
-100
-0.00610352
139
0.00848389
-47
-0.00286865
44
0.00268555
122
0.00744629
218
0.0133057
-60
-0.00366211
-328
-0.0200195
193
0.0117798
-31
-0.00189209
-14
-0.000854492
78
0.00476074
-190
-0.0115967
-198
-0.012085
-147
-0.00897217
-16
-0.000976562
123
0.00750732
32
0.00195312
129
0.00787354
-204
-0.0124512
30
0.00183105
-282
-0.0172119
-3
-0.000183105
-250
-0.0152588
-127
-0.00775146
-189
-0.0115356
8
0.000488281
-42
-0.00256348
-175
-0.0106812
-171
-0.010437
-40
-0.00244141
136
0.00830078
229
0.0139771
-286
-0.0174561
-24
-0.00146484
-537
-0.0327759
50
0.00305176
278
0.0169678
-26
-0.00158691
-34
-0.0020752
110
0.00671387
342
0.020874
101
0.00616455
320
0.0195312
139
0.00848389
106
0.00646973
-179
-0.0109253
341
0.020813
105
0.00640869
-61
-0.00372314
172
0.010498
-607
-0.0370483
-196
-0.0119629
-313
-0.019104
-249
-0.0151978
252
0.0153809
93
0.00567627
35
0.00213623
45
0.00274658
-142
-0.00866699
-262
-0.0159912
103
0.00628662
-161
-0.00982666
191
0.0116577
-126
-0.00769043
-87
-0.00531006
85
0.00518799
-405
-0.0247192
87
0.00531006
283
0.0172729
-10
-0.000610352
-152
-0.00927734
129
0.00787354
-161
-0.00982666
203
0.0123901
-133
-0.00811768
-125
-0.00762939
177
0.0108032
84
0.00512695
-85
-0.00518799
71
0.0043335
385
0.0234985
16
0.000976562
-222
-0.0135498
104
0.00634766
-20
-0.0012207
75
0.00457764
-79
-0.00482178
-29
-0.00177002
46
0.00280762
-42
-0.00256348
-367
-0.0223999
-81
-0.00494385
-266
-0.0162354
18
0.00109863
-45
-0.00274658
-99
-0.00604248
-456
-0.027832
202
0.0123291
-246
-0.0150146
-78
-0.00476074
80
0.00488281
11
0.000671387
258
0.0157471
78
0.00476074
-95
-0.00579834
-58
-0.00354004
284
0.017334
-128
-0.0078125
86
0.00524902
28
0.00170898
-34
-0.0020752
20
0.0012207
105
0.00640869
124
0.00756836
-36
-0.00219727
125
0.00762939
-112
-0.00683594
3
0.000183105
-77
-0.00469971
225
0.0137329
-53
-0.00323486
223
0.0136108
84
0.00512695
-43
-0.00262451
-18
-0.00109863
205
0.0125122
54
0.0032959
-20
-0.0012207
-98
-0.00598145
-83
-0.00506592
-61
-0.00372314
-27
-0.00164795
-133
-0.00811768
-128
-0.0078125
313
0.019104
-242
-0.0147705
271
0.0165405
45
0.00274658
-432
-0.0263672
77
0.00469971
217
0.0132446
-103
-0.00628662
-371
-0.022644
-99
-0.00604248
77
0.00469971
183
0.0111694
111
0.0067749
-191
-0.0116577
-106
-0.00646973
33
0.00201416
-325
-0.0198364
7
0.000427246
-136
-0.00830078
-199
-0.012146
63
0.00384521
-49
-0.00299072
202
0.0123291
56
0.00341797
6
0.000366211
-193
-0.0117798
339
0.0206909
-48
-0.00292969
137
0.00836182
-32
-0.00195312
-98
-0.00598145
-133
-0.00811768
301
0.0183716
-218
-0.0133057
-253
-0.0154419
-139
-0.00848389
8
0.000488281
31
0.00189209
-280
-0.0170898
54
0.0032959
221
0.0134888
78
0.00476074
-167
-0.0101929
-171
-0.010437
122
0.00744629
-146
-0.00891113
-141
-0.00860596
-96
-0.00585938
-150
-0.00915527
157
0.00958252
-202
-0.0123291
185
0.0112915
-365
-0.0222778
13
0.000793457
-133
-0.00811768
-7
-0.000427246
326
0.0198975
0
0
-339
-0.0206909
-16
-0.000976562
-44
-0.00268555
-219
-0.0133667
91
0.0055542
-69
-0.00421143
-526
-0.0321045
123
0.00750732
395
0.0241089
-147
-0.00897217
107
0.00653076
79
0.00482178
265
0.0161743
121
0.00738525
-281
-0.0171509
19
0.00115967
281
0.0171509
-41
-0.00250244
225
0.0137329
-49
-0.00299072
123
0.00750732
2
0.00012207
-209
-0.0127563
-117
-0.00714111
562
0.0343018
150
0.00915527
-281
-0.0171509
164
0.0100098
375
0.0228882
10
0.000610352
-133
-0.00811768
65
0.00396729
86
0.00524902
5
0.000305176
0
0
-225
-0.0137329
-102
-0.00622559
-104
-0.00634766
-360
-0.0219727
-121
-0.00738525
50
0.00305176
-171
-0.010437
10
0.000610352
87
0.00531006
-498
-0.0303955
-160
-0.00976562
98
0.00598145
-42
-0.00256348
221
0.0134888
24
0.00146484
-258
-0.0157471
156
0.00952148
129
0.00787354
-279
-0.0170288
288
0.0175781
-38
-0.00231934
-43
-0.00262451
161
0.00982666
160
0.00976562
170
0.010376
92
0.00561523
-169
-0.0103149
349
0.0213013
-20
-0.0012207
142
0.00866699
43
0.00262451
-13
-0.000793457
67
0.00408936
-8
-0.000488281
26
0.00158691
-72
-0.00439453
61
0.00372314
170
0.010376
-167
-0.0101929
-177
-0.0108032
-98
-0.00598145
-29
-0.00177002
15
0.000915527
1
6.10352e-05
137
0.00836182
70
0.00427246
118
0.00720215
-475
-0.0289917
222
0.0135498
141
0.00860596
47
0.00286865
197
0.0120239
13
0.000793457
130
0.00793457
11
0.000671387
236
0.0144043
-58
-0.00354004
-138
-0.00842285
-42
-0.00256348
352
0.0214844
-176
-0.0107422
-302
-0.0184326
109
0.00665283
-356
-0.0217285
136
0.00830078
-47
-0.00286865
205
0.0125122
133
0.00811768
-29
-0.00177002
-175
-0.0106812
394
0.0240479
6
0.000366211
100
0.00610352
438
0.0267334
35
0.00213623
-247
-0.0150757
-51
-0.00311279
79
0.00482178
-121
-0.00738525
452
0.0275879
-47
-0.00286865
97
0.00592041
65
0.00396729
-9
-0.000549316
-186
-0.0113525
-72
-0.00439453
-10
-0.000610352
-195
-0.0119019
-23
-0.00140381
53
0.00323486
78
0.00476074
-334
-0.0203857
6
0.000366211
258
0.0157471
-136
-0.00830078
915
0.0558472
-33
-0.00201416
-518
-0.0316162
44
0.00268555
44
0.00268555
-30
-0.00183105
15
0.000915527
-123
-0.00750732
-46
-0.00280762
-227
-0.013855
255
0.015564
-203
-0.0123901
-68
-0.00415039
-66
-0.00402832
-91
-0.0055542
24
0.00146484
-52
-0.00317383
213
0.0130005
79
0.00482178
-98
-0.00598145
49
0.00299072
-163
-0.00994873
-180
-0.0109863
2
0.00012207
255
0.015564
15
0.000915527
74
0.0045166
-208
-0.0126953
183
0.0111694
-432
-0.0263672
24
0.00146484
-37
-0.0022583
-53
-0.00323486
20
0.0012207
-68
-0.00415039
72
0.00439453
-376
-0.0229492
-133
-0.00811768
127
0.00775146
-136
-0.00830078
263
0.0160522
10
0.000610352
-163
-0.00994873
-60
-0.00366211
-1
-6.10352e-05
72
0.00439453
281
0.0171509
106
0.00646973
246
0.0150146
-76
-0.00463867
-186
-0.0113525
39
0.00238037
15
0.000915527
61
0.00372314
136
0.00830078
-161
-0.00982666
99
0.00604248
56
0.00341797
-32
-0.00195312
-121
-0.00738525
-287
-0.0175171
-6
-0.000366211
-77
-0.00469971
156
0.00952148
-293
-0.0178833
-13
-0.000793457
-31
-0.00189209
-186
-0.0113525
203
0.0123901
82
0.00500488
-295
-0.0180054
81
0.00494385
9
0.000549316
108
0.0065918
-351
-0.0214233
-91
-0.0055542
157
0.00958252
-18
-0.00109863
202
0.0123291
-108
-0.0065918
278
0.0169678
-45
-0.00274658
179
0.0109253
-109
-0.00665283
-262
-0.0159912
-102
-0.00622559
-301
-0.0183716
112
0.00683594
-12
-0.000732422
103
0.00628662
364
0.0222168
-241
-0.0147095
-250
-0.0152588
31
0.00189209
-286
-0.0174561
-74
-0.0045166
-265
-0.0161743
32
0.00195312
-280
-0.0170898
-213
-0.0130005
-29
-0.00177002
153
0.00933838
38
0.00231934
59
0.00360107
-139
-0.00848389
-68
-0.00415039
-112
-0.00683594
63
0.00384521
18
0.00109863
4
0.000244141
-315
-0.0192261
-45
-0.00274658
-338
-0.0206299
-98
-0.00598145
-518
-0.0316162
79
0.00482178
-292
-0.0178223
-155
-0.00946045
-51
-0.00311279
-71
-0.0043335
-345
-0.0210571
3
0.000183105
1
6.10352e-05
-7
-0.000427246
158
0.00964355
78
0.00476074
54
0.0032959
-10
-0.000610352
-465
-0.0283813
-26
-0.00158691
-126
-0.00769043
11
0.000671387
-299
-0.0182495
240
0.0146484
-335
-0.0204468
-145
-0.0088501
312
0.019043
174
0.0106201
-152
-0.00927734
-79
-0.00482178
-86
-0.00524902
-248
-0.0151367
372
0.0227051
-71
-0.0043335
-61
-0.00372314
-178
-0.0108643
-338
-0.0206299
107
0.00653076
-339
-0.0206909
85
0.00518799
102
0.00622559
184
0.0112305
-67
-0.00408936
141
0.00860596
82
0.00500488
-12
-0.000732422
-12
-0.000732422
165
0.0100708
116
0.00708008
101
0.00616455
72
0.00439453
-8
-0.000488281
-74
-0.0045166
60
0.00366211
-458
-0.0279541
-193
-0.0117798
-193
-0.0117798
20
0.0012207
148
0.0090332
28
0.00170898
-138
-0.00842285
-133
-0.00811768
259
0.0158081
-43
-0.00262451
168
0.0102539
12
0.000732422
-34
-0.0020752
132
0.00805664
162
0.0098877
-68
-0.00415039
314
0.019165
-83
-0.00506592
-193
-0.0117798
16
0.000976562
67
0.00408936
185
0.0112915
3
0.000183105
87
0.00531006
260
0.0158691
-232
-0.0141602
-68
-0.00415039
45
0.00274658
474
0.0289307
-76
-0.00463867
217
0.0132446
97
0.00592041
24
0.00146484
-71
-0.0043335
-55
-0.00335693
-191
-0.0116577
-114
-0.00695801
-57
-0.003479
-89
-0.00543213
130
0.00793457
-130
-0.00793457
-126
-0.00769043
18
0.00109863
-65
-0.00396729
-134
-0.00817871
-86
-0.00524902
144
0.00878906
-101
-0.00616455
-4
-0.000244141
-30
-0.00183105
26
0.00158691
-34
-0.0020752
66
0.00402832
-157
-0.00958252
-77
-0.00469971
40
0.00244141
192
0.0117188
-146
-0.00891113
-161
-0.00982666
55
0.00335693
-316
-0.0192871
-33
-0.00201416
-1
-6.10352e-05
-63
-0.00384521
-294
-0.0179443
-80
-0.00488281
21
0.00128174
4
0.000244141
58
0.00354004
100
0.00610352
127
0.00775146
26
0.00158691
-41
-0.00250244
200
0.012207
199
0.012146
-119
-0.00726318
-105
-0.00640869
122
0.00744629
152
0.00927734
7
0.000427246
-78
-0.00476074
-23
-0.00140381
-555
-0.0338745
104
0.00634766
-205
-0.0125122
0
0
-73
-0.00445557
-16
-0.000976562
43
0.00262451
124
0.00756836
-279
-0.0170288
0
0
-76
-0.00463867
-87
-0.00531006
166
0.0101318
122
0.00744629
136
0.00830078
-80
-0.00488281
123
0.00750732
-217
-0.0132446
-210
-0.0128174
28
0.00170898
-22
-0.00134277
72
0.00439453
-102
-0.00622559
-174
-0.0106201
63
0.00384521
-181
-0.0110474
-212
-0.0129395
76
0.00463867
62
0.00378418
137
0.00836182
69
0.00421143
-81
-0.00494385
146
0.00891113
-15
-0.000915527
257
0.015686
25
0.00152588
241
0.0147095
133
0.00811768
279
0.0170288
98
0.00598145
224
0.0136719
58
0.00354004
-12
-0.000732422
-173
-0.0105591
423
0.0258179
-100
-0.00610352
-49
-0.00299072
75
0.00457764
-190
-0.0115967
-129
-0.00787354
-451
-0.0275269
-167
-0.0101929
130
0.00793457
-72
-0.00439453
332
0.0202637
87
0.00531006
-179
-0.0109253
-51
-0.00311279
-174
-0.0106201
-181
-0.0110474
-275
-0.0167847
75
0.00457764
195
0.0119019
16
0.000976562
-370
-0.022583
-101
-0.00616455
-15
-0.000915527
-69
-0.00421143
-8
-0.000488281
11
0.000671387
116
0.00708008
250
0.0152588
671
0.0409546
33
0.00201416
245
0.0149536
-68
-0.00415039
-3
-0.000183105
-12
-0.000732422
-319
-0.0194702
-149
-0.00909424
174
0.0106201
-98
-0.00598145
-309
-0.0188599
-7
-0.000427246
99
0.00604248
97
0.00592041
310
0.0189209
51
0.00311279
320
0.0195312
-158
-0.00964355
-66
-0.00402832
121
0.00738525
-261
-0.0159302
-158
-0.00964355
-148
-0.0090332
-66
-0.00402832
323
0.0197144
-102
-0.00622559
116
0.00708008
4
0.000244141
328
0.0200195
-82
-0.00500488
-37
-0.0022583
111
0.0067749
547
0.0333862
-21
-0.00128174
266
0.0162354
70
0.00427246
342
0.020874
-154
-0.00939941
-124
-0.00756836
-40
-0.00244141
59
0.00360107
-62
-0.00378418
178
0.0108643
-29
-0.00177002
92
0.00561523
40
0.00244141
-96
-0.00585938
163
0.00994873
-267
-0.0162964
44
0.00268555
149
0.00909424
-20
-0.0012207
-553
-0.0337524
53
0.00323486
0
0
-207
-0.0126343
-315
-0.0192261
228
0.013916
-38
-0.00231934
-46
-0.00280762
116
0.00708008
-120
-0.00732422
41
0.00250244
58
0.00354004
-188
-0.0114746
25
0.00152588
-237
-0.0144653
-29
-0.00177002
-456
-0.027832
-226
-0.0137939
-191
-0.0116577
225
0.0137329
-16
-0.000976562
24
0.00146484
113
0.00689697
102
0.00622559
-89
-0.00543213
249
0.0151978
186
0.0113525
108
0.0065918
28
0.00170898
299
0.0182495
34
0.0020752
158
0.00964355
257
0.015686
78
0.00476074
62
0.00378418
43
0.00262451
334
0.0203857
83
0.00506592
-39
-0.00238037
101
0.00616455
468
0.0285645
17
0.0010376
20
0.0012207
193
0.0117798
346
0.0211182
155
0.00946045
-443
-0.0270386
7
0.000427246
65
0.00396729
71
0.0043335
199
0.012146
-230
-0.0140381
280
0.0170898
31
0.00189209
229
0.0139771
-178
-0.0108643
-358
-0.0218506
29
0.00177002
180
0.0109863
-33
-0.00201416
-46
-0.00280762
54
0.0032959
60
0.00366211
-44
-0.00268555
97
0.00592041
35
0.00213623
98
0.00598145
9
0.000549316
-547
-0.0333862
8
0.000488281
225
0.0137329
119
0.00726318
-67
-0.00408936
-101
-0.00616455
4
0.000244141
154
0.00939941
23
0.00140381
-82
-0.00500488
327
0.0199585
197
0.0120239
41
0.00250244
67
0.00408936
-89
-0.00543213
4
0.000244141
-13
-0.000793457
-51
-0.00311279
-96
-0.00585938
-123
-0.00750732
-181
-0.0110474
-120
-0.00732422
-79
-0.00482178
-129
-0.00787354
320
0.0195312
43
0.00262451
13
0.000793457
-56
-0.00341797
164
0.0100098
-29
-0.00177002
82
0.00500488
-20
-0.0012207
-82
-0.00500488
-150
-0.00915527
46
0.00280762
185
0.0112915
-268
-0.0163574
158
0.00964355
-292
-0.0178223
81
0.00494385
-498
-0.0303955
-14
-0.000854492
-104
-0.00634766
-91
-0.0055542
147
0.00897217
21
0.00128174
148
0.0090332
81
0.00494385
-50
-0.00305176
13
0.000793457
-224
-0.0136719
168
0.0102539
74
0.0045166
29
0.00177002
254
0.0155029
-69
-0.00421143
71
0.0043335
268
0.0163574
66
0.00402832
-14
-0.000854492
-250
-0.0152588
42
0.00256348
-220
-0.0134277
-268
-0.0163574
75
0.00457764
212
0.0129395
-32
-0.00195312
4
0.000244141
-2
-0.00012207
2
0.00012207
81
0.00494385
-86
-0.00524902
4
0.000244141
-162
-0.0098877
-130
-0.00793457
-21
-0.00128174
-119
-0.00726318
66
0.00402832
50
0.00305176
-124
-0.00756836
115
0.00701904
29
0.00177002
-16
-0.000976562
-13
-0.000793457
7
0.000427246
-76
-0.00463867
-92
-0.00561523
-276
-0.0168457
-184
-0.0112305
5
0.000305176
275
0.0167847
-92
-0.00561523
135
0.00823975
197
0.0120239
-4
-0.000244141
162
0.0098877
-116
-0.00708008
69
0.00421143
-440
-0.0268555
-21
-0.00128174
16
0.000976562
54
0.0032959
-81
-0.00494385
-110
-0.00671387
-122
-0.00744629
-37
-0.0022583
132
0.00805664
74
0.0045166
185
0.0112915
69
0.00421143
211
0.0128784
68
0.00415039
205
0.0125122
124
0.00756836
-136
-0.00830078
170
0.010376
-128
-0.0078125
-23
-0.00140381
-134
-0.00817871
82
0.00500488
-299
-0.0182495
13
0.000793457
38
0.00231934
-207
-0.0126343
-97
-0.00592041
-153
-0.00933838
47
0.00286865
-80
-0.00488281
218
0.0133057
240
0.0146484
127
0.00775146
-49
-0.00299072
-475
-0.0289917
-37
-0.0022583
-493
-0.0300903
-151
-0.00921631
-177
-0.0108032
-96
-0.00585938
325
0.0198364
-125
-0.00762939
225
0.0137329
89
0.00543213
-65
-0.00396729
-102
-0.00622559
353
0.0215454
104
0.00634766
-321
-0.0195923
-114
-0.00695801
-158
-0.00964355
-39
-0.00238037
507
0.0309448
92
0.00561523
69
0.00421143
216
0.0131836
221
0.0134888
185
0.0112915
239
0.0145874
195
0.0119019
280
0.0170898
-12
-0.000732422
-260
-0.0158691
90
0.00549316
81
0.00494385
-209
-0.0127563
144
0.00878906
26
0.00158691
-46
-0.00280762
-77
-0.00469971
333
0.0203247
-200
-0.012207
-476
-0.0290527
202
0.0123291
257
0.015686
-95
-0.00579834
-279
-0.0170288
75
0.00457764
40
0.00244141
19
0.00115967
213
0.0130005
-75
-0.00457764
-263
-0.0160522
-201
-0.0122681
213
0.0130005
211
0.0128784
77
0.00469971
-104
-0.00634766
447
0.0272827
20
0.0012207
-353
-0.0215454
-50
-0.00305176
253
0.0154419
-81
-0.00494385
171
0.010437
-298
-0.0181885
-213
-0.0130005
186
0.0113525
-82
-0.00500488
-69
-0.00421143
-48
-0.00292969
170
0.010376
-137
-0.00836182
-14
-0.000854492
151
0.00921631
-62
-0.00378418
-90
-0.00549316
181
0.0110474
50
0.00305176
75
0.00457764
-131
-0.00799561
-49
-0.00299072
319
0.0194702
-99
-0.00604248
-233
-0.0142212
28
0.00170898
343
0.0209351
36
0.00219727
57
0.003479
-69
-0.00421143
66
0.00402832
208
0.0126953
-47
-0.00286865
-212
-0.0129395
-174
-0.0106201
104
0.00634766
-413
-0.0252075
3
0.000183105
51
0.00311279
-32
-0.00195312
211
0.0128784
74
0.0045166
-266
-0.0162354
-50
-0.00305176
156
0.00952148
0
0
406
0.0247803
80
0.00488281
-201
-0.0122681
-43
-0.00262451
185
0.0112915
-183
-0.0111694
133
0.00811768
99
0.00604248
49
0.00299072
166
0.0101318
-247
-0.0150757
-36
-0.00219727
-108
-0.0065918
158
0.00964355
49
0.00299072
-56
-0.00341797
124
0.00756836
104
0.00634766
289
0.0176392
234
0.0142822
-111
-0.0067749
134
0.00817871
17
0.0010376
-81
-0.00494385
30
0.00183105
0
0
7
0.000427246
-68
-0.00415039
93
0.00567627
-184
-0.0112305
-168
-0.0102539
101
0.00616455
-388
-0.0236816
-163
-0.00994873
-241
-0.0147095
259
0.0158081
-6
-0.000366211
119
0.00726318
-241
-0.0147095
136
0.00830078
-176
-0.0107422
-42
-0.00256348
273
0.0166626
-84
-0.00512695
287
0.0175171
160
0.00976562
-248
-0.0151367
59
0.00360107
-18
-0.00109863
172
0.010498
92
0.00561523
-93
-0.00567627
-314
-0.019165
59
0.00360107
-27
-0.00164795
-51
-0.00311279
-316
-0.0192871
208
0.0126953
58
0.00354004
-105
-0.00640869
-252
-0.0153809
-3
-0.000183105
-27
-0.00164795
-5
-0.000305176
38
0.00231934
60
0.00366211
14
0.000854492
-44
-0.00268555
355
0.0216675
166
0.0101318
-733
-0.0447388
-180
-0.0109863
-110
-0.00671387
53
0.00323486
-107
-0.00653076
-127
-0.00775146
358
0.0218506
145
0.0088501
40
0.00244141
57
0.003479
-80
-0.00488281
-132
-0.00805664
71
0.0043335
11
0.000671387
192
0.0117188
-108
-0.0065918
69
0.00421143
95
0.00579834
89
0.00543213
-15
-0.000915527
211
0.0128784
-13
-0.000793457
251
0.0153198
-83
-0.00506592
50
0.00305176
30
0.00183105
-284
-0.017334
109
0.00665283
54
0.0032959
85
0.00518799
-119
-0.00726318
87
0.00531006
477
0.0291138
-49
-0.00299072
-13
-0.000793457
251
0.0153198
-421
-0.0256958
-23
-0.00140381
-281
-0.0171509
-22
-0.00134277
206
0.0125732
-27
-0.00164795
-268
-0.0163574
-122
-0.00744629
34
0.0020752
-50
-0.00305176
-308
-0.0187988
7
0.000427246
-191
-0.0116577
-88
-0.00537109
62
0.00378418
58
0.00354004
329
0.0200806
-63
-0.00384521
-29
-0.00177002
-50
-0.00305176
-174
-0.0106201
92
0.00561523
306
0.0186768
-8
-0.000488281
-62
-0.00378418
94
0.0057373
48
0.00292969
25
0.00152588
-97
-0.00592041
-40
-0.00244141
-224
-0.0136719
7
0.000427246
174
0.0106201
14
0.000854492
-82
-0.00500488
111
0.0067749
-127
-0.00775146
65
0.00396729
-191
-0.0116577
26
0.00158691
-67
-0.00408936
-148
-0.0090332
436
0.0266113
132
0.00805664
63
0.00384521
-15
-0.000915527
-217
-0.0132446
30
0.00183105
-25
-0.00152588
60
0.00366211
42
0.00256348
82
0.00500488
-209
-0.0127563
-13
-0.000793457
-423
-0.0258179
-24
-0.00146484
172
0.010498
16
0.000976562
-25
-0.00152588
-135
-0.00823975
342
0.020874
57
0.003479
-192
-0.0117188
180
0.0109863
530
0.0323486
-100
-0.00610352
-25
-0.00152588
-51
-0.00311279
233
0.0142212
103
0.00628662
-249
-0.0151978
26
0.00158691
-25
-0.00152588
-222
-0.0135498
-115
-0.00701904
-137
-0.00836182
164
0.0100098
-21
-0.00128174
2
0.00012207
199
0.012146
100
0.00610352
28
0.00170898
239
0.0145874
-226
-0.0137939
148
0.0090332
-180
-0.0109863
212
0.0129395
-38
-0.00231934
-638
-0.0389404
249
0.0151978
-317
-0.0193481
41
0.00250244
-459
-0.0280151
-110
-0.00671387
100
0.00610352
142
0.00866699
356
0.0217285
-68
-0.00415039
485
0.0296021
-146
-0.00891113
-228
-0.013916
-172
-0.010498
-291
-0.0177612
25
0.00152588
-457
-0.0278931
-162
-0.0098877
215
0.0131226
-255
-0.015564
317
0.0193481
-84
-0.00512695
274
0.0167236
-77
-0.00469971
300
0.0183105
166
0.0101318
202
0.0123291
-141
-0.00860596
266
0.0162354
-39
-0.00238037
-122
-0.00744629
85
0.00518799
229
0.0139771
240
0.0146484
119
0.00726318
133
0.00811768
-263
-0.0160522
-122
-0.00744629
-424
-0.0258789
-114
-0.00695801
101
0.00616455
168
0.0102539
-222
-0.0135498
65
0.00396729
-133
-0.00811768
-119
-0.00726318
489
0.0298462
7
0.000427246
59
0.00360107
8
0.000488281
-33
-0.00201416
-73
-0.00445557
7
0.000427246
84
0.00512695
382
0.0233154
-210
-0.0128174
-287
-0.0175171
200
0.012207
3
0.000183105
-62
-0.00378418
-40
-0.00244141
-294
-0.0179443
181
0.0110474
-12
-0.000732422
77
0.00469971
-19
-0.00115967
32
0.00195312
-135
-0.00823975
252
0.0153809
63
0.00384521
67
0.00408936
-36
-0.00219727
-214
-0.0130615
44
0.00268555
293
0.0178833
-5
-0.000305176
-260
-0.0158691
-217
-0.0132446
-540
-0.032959
-75
-0.00457764
369
0.022522
96
0.00585938
-72
-0.00439453
-68
-0.00415039
-378
-0.0230713
3
0.000183105
219
0.0133667
-27
-0.00164795
178
0.0108643
-179
-0.0109253
-176
-0.0107422
57
0.003479
246
0.0150146
-133
-0.00811768
10
0.000610352
65
0.00396729
-260
-0.0158691
-87
-0.00531006
-194
-0.0118408
-76
-0.00463867
70
0.00427246
-280
-0.0170898
303
0.0184937
-15
-0.000915527
89
0.00543213
-3
-0.000183105
264
0.0161133
23
0.00140381
-71
-0.0043335
151
0.00921631
-432
-0.0263672
25
0.00152588
-106
-0.00646973
-126
-0.00769043
377
0.0230103
-87
-0.00531006
-83
-0.00506592
-119
-0.00726318
609
0.0371704
205
0.0125122
-192
-0.0117188
50
0.00305176
-568
-0.034668
73
0.00445557
240
0.0146484
-209
-0.0127563
-295
-0.0180054
130
0.00793457
73
0.00445557
72
0.00439453
22
0.00134277
82
0.00500488
133
0.00811768
190
0.0115967
-43
-0.00262451
30
0.00183105
-301
-0.0183716
-35
-0.00213623
90
0.00549316
95
0.00579834
-54
-0.0032959
24
0.00146484
204
0.0124512
57
0.003479
310
0.0189209
-54
-0.0032959
-113
-0.00689697
-35
-0.00213623
-59
-0.00360107
-12
-0.000732422
-167
-0.0101929
166
0.0101318
118
0.00720215
-81
-0.00494385
-50
-0.00305176
-58
-0.00354004
395
0.0241089
6
0.000366211
-169
-0.0103149
90
0.00549316
-54
-0.0032959
52
0.00317383
-225
-0.0137329
105
0.00640869
-109
-0.00665283
94
0.0057373
-241
-0.0147095
107
0.00653076
265
0.0161743
-4
-0.000244141
-139
-0.00848389
186
0.0113525
48
0.00292969
-82
-0.00500488
59
0.00360107
138
0.00842285
-364
-0.0222168
1
6.10352e-05
-87
-0.00531006
-180
-0.0109863
308
0.0187988
-96
-0.00585938
-166
-0.0101318
45
0.00274658
51
0.00311279
-8
-0.000488281
173
0.0105591
29
0.00177002
-97
-0.00592041
119
0.00726318
252
0.0153809
-170
-0.010376
215
0.0131226
82
0.00500488
-196
-0.0119629
-31
-0.00189209
296
0.0180664
-163
-0.00994873
-251
-0.0153198
-84
-0.00512695
-76
-0.00463867
-16
-0.000976562
-148
-0.0090332
-17
-0.0010376
-148
-0.0090332
-15
-0.000915527
100
0.00610352
-214
-0.0130615
227
0.013855
-79
-0.00482178
-293
-0.0178833
184
0.0112305
-278
-0.0169678
-167
-0.0101929
17
0.0010376
102
0.00622559
-119
-0.00726318
138
0.00842285
-110
-0.00671387
226
0.0137939
-206
-0.0125732
-35
-0.00213623
-9
-0.000549316
104
0.00634766
-7
-0.000427246
-20
-0.0012207
202
0.0123291
-79
-0.00482178
420
0.0256348
148
0.0090332
-118
-0.00720215
103
0.00628662
-167
-0.0101929
58
0.00354004
-109
-0.00665283
177
0.0108032
50
0.00305176
80
0.00488281
225
0.0137329
-99
-0.00604248
17
0.0010376
-141
-0.00860596
225
0.0137329
150
0.00915527
-253
-0.0154419
-8
-0.000488281
-83
-0.00506592
-72
-0.00439453
-50
-0.00305176
-157
-0.00958252
435
0.0265503
13
0.000793457
-6
-0.000366211
-76
-0.00463867
58
0.00354004
18
0.00109863
-268
-0.0163574
-8
-0.000488281
154
0.00939941
41
0.00250244
462
0.0281982
57
0.003479
-385
-0.0234985
125
0.00762939
99
0.00604248
-60
-0.00366211
9
0.000549316
74
0.0045166
85
0.00518799
-72
-0.00439453
-306
-0.0186768
4
0.000244141
44
0.00268555
-221
-0.0134888
-256
-0.015625
-105
-0.00640869
-90
-0.00549316
-28
-0.00170898
266
0.0162354
-14
-0.000854492
-42
-0.00256348
50
0.00305176
54
0.0032959
-64
-0.00390625
-205
-0.0125122
-119
-0.00726318
23
0.00140381
235
0.0143433
299
0.0182495
-86
-0.00524902
478
0.0291748
93
0.00567627
66
0.00402832
-98
-0.00598145
337
0.0205688
-1
-6.10352e-05
-288
-0.0175781
-21
-0.00128174
-40
-0.00244141
39
0.00238037
-180
-0.0109863
287
0.0175171
-35
-0.00213623
-299
-0.0182495
27
0.00164795
110
0.00671387
-394
-0.0240479
82
0.00500488
-343
-0.0209351
-12
-0.000732422
141
0.00860596
105
0.00640869
308
0.0187988
-97
-0.00592041
288
0.0175781
124
0.00756836
-304
-0.0185547
0
0
124
0.00756836
14
0.000854492
-496
-0.0302734
-59
-0.00360107
-89
-0.00543213
126
0.00769043
146
0.00891113
-145
-0.0088501
43
0.00262451
58
0.00354004
-22
-0.00134277
-15
-0.000915527
263
0.0160522
143
0.00872803
-53
-0.00323486
-31
-0.00189209
88
0.00537109
142
0.00866699
285
0.017395
-11
-0.000671387
-1
-6.10352e-05
55
0.00335693
-315
-0.0192261
66
0.00402832
256
0.015625
173
0.0105591
151
0.00921631
129
0.00787354
272
0.0166016
-4
-0.000244141
92
0.00561523
48
0.00292969
85
0.00518799
25
0.00152588
-303
-0.0184937
19
0.00115967
439
0.0267944
-41
-0.00250244
197
0.0120239
-134
-0.00817871
-220
-0.0134277
-176
-0.0107422
-178
-0.0108643
-24
-0.00146484
40
0.00244141
-266
-0.0162354
-85
-0.00518799
-38
-0.00231934
280
0.0170898
40
0.00244141
-209
-0.0127563
-57
-0.003479
-36
-0.00219727
206
0.0125732
-295
-0.0180054
99
0.00604248
-275
-0.0167847
53
0.00323486
-5
-0.000305176
-70
-0.00427246
211
0.0128784
-81
-0.00494385
193
0.0117798
-18
-0.00109863
-65
-0.00396729
-136
-0.00830078
-10
-0.000610352
-256
-0.015625
-41
-0.00250244
-40
-0.00244141
-245
-0.0149536
-117
-0.00714111
-307
-0.0187378
-146
-0.00891113
192
0.0117188
-61
-0.00372314
-66
-0.00402832
-46
-0.00280762
134
0.00817871
48
0.00292969
-160
-0.00976562
-167
-0.0101929
-107
-0.00653076
-115
-0.00701904
-19
-0.00115967
59
0.00360107
52
0.00317383
-151
-0.00921631
190
0.0115967
193
0.0117798
20
0.0012207
42
0.00256348
2
0.00012207
-38
-0.00231934
39
0.00238037
-133
-0.00811768
339
0.0206909
-51
-0.00311279
-85
-0.00518799
-129
-0.00787354
-67
-0.00408936
-81
-0.00494385
82
0.00500488
22
0.00134277
-159
-0.00970459
-32
-0.00195312
142
0.00866699
-3
-0.000183105
22
0.00134277
5
0.000305176
32
0.00195312
-256
-0.015625
239
0.0145874
7
0.000427246
-111
-0.0067749
-115
-0.00701904
62
0.00378418
-29
-0.00177002
-63
-0.00384521
-168
-0.0102539
-36
-0.00219727
-4
-0.000244141
-294
-0.0179443
100
0.00610352
49
0.00299072
12
0.000732422
-158
-0.00964355
-136
-0.00830078
155
0.00946045
-104
-0.00634766
-540
-0.032959
-64
-0.00390625
27
0.00164795
130
0.00793457
-511
-0.031189
25
0.00152588
-108
-0.0065918
-193
-0.0117798
-160
-0.00976562
186
0.0113525
-387
-0.0236206
41
0.00250244
-143
-0.00872803
-135
-0.00823975
-348
-0.0212402
-31
-0.00189209
304
0.0185547
-101
-0.00616455
278
0.0169678
213
0.0130005
193
0.0117798
-28
-0.00170898
380
0.0231934
53
0.00323486
-116
-0.00708008
-141
-0.00860596
141
0.00860596
304
0.0185547
-370
-0.022583
-171
-0.010437
24
0.00146484
-208
-0.0126953
26
0.00158691
-48
-0.00292969
-22
-0.00134277
214
0.0130615
-301
-0.0183716
24
0.00146484
108
0.0065918
54
0.0032959
166
0.0101318
-25
-0.00152588
264
0.0161133
-40
-0.00244141
147
0.00897217
29
0.00177002
-177
-0.0108032
182
0.0111084
42
0.00256348
-244
-0.0148926
12
0.000732422
52
0.00317383
62
0.00378418
57
0.003479
96
0.00585938
12
0.000732422
133
0.00811768
87
0.00531006
-82
-0.00500488
38
0.00231934
-61
-0.00372314
-158
-0.00964355
68
0.00415039
-3
-0.000183105
502
0.0306396
150
0.00915527
-77
-0.00469971
-127
-0.00775146
-82
-0.00500488
32
0.00195312
-63
-0.00384521
200
0.012207
-234
-0.0142822
-82
-0.00500488
30
0.00183105
7
0.000427246
401
0.0244751
-81
-0.00494385
224
0.0136719
-62
-0.00378418
134
0.00817871
294
0.0179443
222
0.0135498
-125
-0.00762939
-29
-0.00177002
-62
-0.00378418
568
0.034668
-89
-0.00543213
-108
-0.0065918
-9
-0.000549316
-274
-0.0167236
-48
-0.00292969
165
0.0100708
258
0.0157471
6
0.000366211
83
0.00506592
-110
-0.00671387
60
0.00366211
-280
-0.0170898
-8
-0.000488281
78
0.00476074
65
0.00396729
-122
-0.00744629
66
0.00402832
-70
-0.00427246
-81
-0.00494385
450
0.0274658
-22
-0.00134277
116
0.00708008
-28
-0.00170898
-118
-0.00720215
-11
-0.000671387
106
0.00646973
103
0.00628662
-146
-0.00891113
-216
-0.0131836
387
0.0236206
-36
-0.00219727
141
0.00860596
58
0.00354004
1
6.10352e-05
-114
-0.00695801
-349
-0.0213013
-75
-0.00457764
-638
-0.0389404
-51
-0.00311279
518
0.0316162
8
0.000488281
-306
-0.0186768
-76
-0.00463867
-4
-0.000244141
-190
-0.0115967
231
0.0140991
134
0.00817871
-69
-0.00421143
-243
-0.0148315
9
0.000549316
-168
-0.0102539
131
0.00799561
-11
-0.000671387
-333
-0.0203247
11
0.000671387
-346
-0.0211182
156
0.00952148
184
0.0112305
8
0.000488281
-91
-0.0055542
46
0.00280762
-5
-0.000305176
187
0.0114136
-32
-0.00195312
87
0.00531006
85
0.00518799
-53
-0.00323486
154
0.00939941
168
0.0102539
347
0.0211792
42
0.00256348
126
0.00769043
-64
-0.00390625
159
0.00970459
167
0.0101929
-485
-0.0296021
-32
-0.00195312
310
0.0189209
-11
-0.000671387
264
0.0161133
-116
-0.00708008
-31
-0.00189209
21
0.00128174
173
0.0105591
-27
-0.00164795
278
0.0169678
17
0.0010376
-281
-0.0171509
-193
-0.0117798
44
0.00268555
-125
-0.00762939
-330
-0.0201416
-131
-0.00799561
-330
-0.0201416
-110
-0.00671387
-72
-0.00439453
-12
-0.000732422
-10
-0.000610352
18
0.00109863
-129
-0.00787354
-68
-0.00415039
-316
-0.0192871
256
0.015625
206
0.0125732
-269
-0.0164185
-195
-0.0119019
-115
-0.00701904
3
0.000183105
13
0.000793457
244
0.0148926
-233
-0.0142212
281
0.0171509
14
0.000854492
-161
-0.00982666
-8
-0.000488281
-235
-0.0143433
-49
-0.00299072
-32
-0.00195312
-30
-0.00183105
36
0.00219727
-42
-0.00256348
-340
-0.020752
-229
-0.0139771
-286
-0.0174561
180
0.0109863
89
0.00543213
32
0.00195312
455
0.027771
-120
-0.00732422
250
0.0152588
67
0.00408936
-162
-0.0098877
-112
-0.00683594
433
0.0264282
-18
-0.00109863
106
0.00646973
-144
-0.00878906
23
0.00140381
-52
-0.00317383
179
0.0109253
-221
-0.0134888
187
0.0114136
-97
-0.00592041
225
0.0137329
-42
-0.00256348
-393
-0.0239868
-62
-0.00378418
-97
-0.00592041
-103
-0.00628662
