101
0.0123291
-13
-0.00158691
-60
-0.00732422
53
0.00646973
1
0.00012207
92
0.0112305
62
0.00756836
-20
-0.00244141
97
0.0118408
55
0.00671387
-83
-0.0101318
-75
-0.00915527
-229
-0.0279541
-65
-0.00793457
-159
-0.0194092
-55
-0.00671387
1
0.00012207
-126
-0.0153809
-82
-0.0100098
-142
-0.017334
51
0.00622559
70
0.00854492
-198
-0.0241699
40
0.00488281
90
0.0109863
-35
-0.00427246
-31
-0.00378418
64
0.0078125
-162
-0.0197754
-23
-0.00280762
-64
-0.0078125
-108
-0.0131836
115
0.0140381
27
0.0032959
-136
-0.0166016
13
0.00158691
23
0.00280762
-102
-0.0124512
-42
-0.00512695
29
0.00354004
100
0.012207
20
0.00244141
-96
-0.0117188
-152
-0.0185547
185
0.022583
-66
-0.00805664
-20
-0.00244141
-20
-0.00244141
121
0.0147705
-1
-0.00012207
-150
-0.0183105
-37
-0.0045166
-75
-0.00915527
-31
-0.00378418
-149
-0.0181885
62
0.00756836
-14
-0.00170898
-15
-0.00183105
64
0.0078125
139
0.0169678
-27
-0.0032959
148
0.0180664
-128
-0.015625
91
0.0111084
-95
-0.0115967
-121
-0.0147705
-48
-0.00585938
-58
-0.00708008
-195
-0.0238037
-41
-0.00500488
-157
-0.019165
-130
-0.0158691
1
0.00012207
-10
-0.0012207
23
0.00280762
-77
-0.00939941
120
0.0146484
168
0.0205078
99
0.012085
-12
-0.00146484
131
0.0159912
44
0.00537109
72
0.00878906
-70
-0.00854492
-7
-0.000854492
12
0.00146484
-92
-0.0112305
37
0.0045166
5
0.000610352
81
0.0098877
-122
-0.0148926
-59
-0.00720215
-16
-0.00195312
-123
-0.0150146
-85
-0.010376
51
0.00622559
-62
-0.00756836
-32
-0.00390625
216
0.0263672
-9
-0.00109863
-135
-0.0164795
38
0.00463867
186
0.0227051
-94
-0.0114746
43
0.00524902
129
0.0157471
-261
-0.0318604
-158
-0.0192871
191
0.0233154
33
0.00402832
-41
-0.00500488
107
0.0130615
27
0.0032959
61
0.00744629
-98
-0.0119629
17
0.0020752
-116
-0.0141602
147
0.0179443
160
0.0195312
-22
-0.00268555
-65
-0.00793457
24
0.00292969
-34
-0.00415039
49
0.00598145
135
0.0164795
12
0.00146484
-45
-0.00549316
-130
-0.0158691
-199
-0.024292
58
0.00708008
-69
-0.00842285
-87
-0.0106201
-38
-0.00463867
99
0.012085
-264
-0.0322266
74
0.0090332
-179
-0.0218506
-165
-0.0201416
128
0.015625
-60
-0.00732422
-304
-0.0371094
32
0.00390625
45
0.00549316
68
0.00830078
-187
-0.0228271
-32
-0.00390625
-303
-0.0369873
3
0.000366211
146
0.0178223
-17
-0.0020752
-16
-0.00195312
43
0.00524902
159
0.0194092
-169
-0.0206299
-112
-0.0136719
-45
-0.00549316
180
0.0219727
-175
-0.0213623
-74
-0.0090332
-120
-0.0146484
16
0.00195312
-59
-0.00720215
-11
-0.00134277
83
0.0101318
-99
-0.012085
-77
-0.00939941
-53
-0.00646973
-97
-0.0118408
-189
-0.0230713
-25
-0.00305176
89
0.0108643
-76
-0.00927734
-6
-0.000732422
7
0.000854492
-128
-0.015625
-108
-0.0131836
-82
-0.0100098
-117
-0.0142822
-155
-0.0189209
-92
-0.0112305
-127
-0.0155029
-72
-0.00878906
-30
-0.00366211
33
0.00402832
-114
-0.013916
-121
-0.0147705
51
0.00622559
-191
-0.0233154
95
0.0115967
-111
-0.0135498
-31
-0.00378418
-13
-0.00158691
3
0.000366211
65
0.00793457
-28
-0.00341797
53
0.00646973
-70
-0.00854492
60
0.00732422
-187
-0.0228271
-2
-0.000244141
46
0.00561523
49
0.00598145
85
0.010376
-7
-0.000854492
68
0.00830078
51
0.00622559
117
0.0142822
-14
-0.00170898
126
0.0153809
97
0.0118408
-27
-0.0032959
25
0.00305176
80
0.00976562
-7
-0.000854492
-28
-0.00341797
-66
-0.00805664
39
0.00476074
54
0.0065918
194
0.0236816
31
0.00378418
225
0.0274658
45
0.00549316
157
0.019165
60
0.00732422
87
0.0106201
109
0.0133057
53
0.00646973
81
0.0098877
113
0.0137939
40
0.00488281
84
0.0102539
26
0.00317383
79
0.00964355
-127
-0.0155029
107
0.0130615
29
0.00354004
-2
-0.000244141
21
0.00256348
-18
-0.00219727
-68
-0.00830078
-69
-0.00842285
-45
-0.00549316
-125
-0.0152588
46
0.00561523
270
0.032959
8
0.000976562
182
0.0222168
-75
-0.00915527
19
0.00231934
41
0.00500488
-39
-0.00476074
8
0.000976562
90
0.0109863
-131
-0.0159912
-2
-0.000244141
5
0.000610352
-284
-0.034668
-15
-0.00183105
3
0.000366211
87
0.0106201
51
0.00622559
-35
-0.00427246
107
0.0130615
4
0.000488281
34
0.00415039
24
0.00292969
-113
-0.0137939
-34
-0.00415039
-246
-0.0300293
66
0.00805664
-12
-0.00146484
-82
-0.0100098
58
0.00708008
93
0.0113525
-297
-0.0362549
-15
-0.00183105
80
0.00976562
-37
-0.0045166
-23
-0.00280762
-88
-0.0107422
-6
-0.000732422
26
0.00317383
11
0.00134277
-23
-0.00280762
70
0.00854492
-3
-0.000366211
-38
-0.00463867
84
0.0102539
-134
-0.0163574
-78
-0.00952148
-70
-0.00854492
-78
-0.00952148
85
0.010376
179
0.0218506
-67
-0.00817871
21
0.00256348
100
0.012207
14
0.00170898
147
0.0179443
99
0.012085
155
0.0189209
16
0.00195312
-113
-0.0137939
55
0.00671387
31
0.00378418
23
0.00280762
25
0.00305176
-105
-0.0128174
64
0.0078125
104
0.0126953
-158
-0.0192871
-24
-0.00292969
78
0.00952148
18
0.00219727
-22
-0.00268555
43
0.00524902
-82
-0.0100098
-10
-0.0012207
-19
-0.00231934
40
0.00488281
-50
-0.00610352
42
0.00512695
-220
-0.0268555
55
0.00671387
456
0.0556641
-49
-0.00598145
-8
-0.000976562
-26
-0.00317383
342
0.041748
-23
-0.00280762
-107
-0.0130615
-39
-0.00476074
-51
-0.00622559
-40
-0.00488281
10
0.0012207
24
0.00292969
-15
-0.00183105
-103
-0.0125732
-73
-0.00891113
15
0.00183105
-61
-0.00744629
-27
-0.0032959
-103
-0.0125732
6
0.000732422
132
0.0161133
61
0.00744629
-30
-0.00366211
228
0.027832
-29
-0.00354004
-2
-0.000244141
99
0.012085
-24
-0.00292969
-138
-0.0168457
47
0.0057373
39
0.00476074
106
0.0129395
18
0.00219727
48
0.00585938
-1
-0.00012207
-69
-0.00842285
-79
-0.00964355
38
0.00463867
48
0.00585938
-74
-0.0090332
-57
-0.00695801
-115
-0.0140381
-123
-0.0150146
-55
-0.00671387
39
0.00476074
27
0.0032959
106
0.0129395
-72
-0.00878906
-74
-0.0090332
-49
-0.00598145
166
0.0202637
79
0.00964355
157
0.019165
-91
-0.0111084
269
0.0328369
-84
-0.0102539
45
0.00549316
14
0.00170898
-29
-0.00354004
56
0.00683594
-247
-0.0301514
63
0.00769043
168
0.0205078
-59
-0.00720215
-137
-0.0167236
-26
-0.00317383
-4
-0.000488281
99
0.012085
-92
-0.0112305
-39
-0.00476074
190
0.0231934
3
0.000366211
76
0.00927734
-129
-0.0157471
-18
-0.00219727
47
0.0057373
-41
-0.00500488
-103
-0.0125732
-78
-0.00952148
-66
-0.00805664
84
0.0102539
-103
-0.0125732
-116
-0.0141602
96
0.0117188
-68
-0.00830078
26
0.00317383
236
0.0288086
-21
-0.00256348
12
0.00146484
59
0.00720215
-175
-0.0213623
77
0.00939941
-49
-0.00598145
107
0.0130615
113
0.0137939
118
0.0144043
-30
-0.00366211
51
0.00622559
100
0.012207
23
0.00280762
128
0.015625
5
0.000610352
-169
-0.0206299
-104
-0.0126953
281
0.0343018
168
0.0205078
-151
-0.0184326
63
0.00769043
100
0.012207
-48
-0.00585938
41
0.00500488
5
0.000610352
-8
-0.000976562
-24
-0.00292969
89
0.0108643
-14
-0.00170898
-49
-0.00598145
-102
-0.0124512
-2
-0.000244141
-40
-0.00488281
16
0.00195312
-48
-0.00585938
-107
-0.0130615
116
0.0141602
-35
-0.00427246
87
0.0106201
230
0.0280762
84
0.0102539
-240
-0.0292969
-186
-0.0227051
299
0.036499
-78
-0.00952148
19
0.00231934
-31
-0.00378418
38
0.00463867
-163
-0.0198975
78
0.00952148
192
0.0234375
38
0.00463867
41
0.00500488
55
0.00671387
-122
-0.0148926
-59
-0.00720215
190
0.0231934
-34
-0.00415039
-84
-0.0102539
211
0.0257568
-21
-0.00256348
53
0.00646973
39
0.00476074
-149
-0.0181885
-68
-0.00830078
-57
-0.00695801
-12
-0.00146484
-2
-0.000244141
64
0.0078125
136
0.0166016
-116
-0.0141602
-126
-0.0153809
-39
-0.00476074
47
0.0057373
-80
-0.00976562
62
0.00756836
117
0.0142822
161
0.0196533
-76
-0.00927734
230
0.0280762
-15
-0.00183105
353
0.0430908
-26
-0.00317383
12
0.00146484
-123
-0.0150146
164
0.0200195
-34
-0.00415039
-148
-0.0180664
-15
-0.00183105
-162
-0.0197754
114
0.013916
-307
-0.0374756
-6
-0.000732422
-22
-0.00268555
-33
-0.00402832
-99
-0.012085
-47
-0.0057373
0
0
-6
-0.000732422
-27
-0.0032959
-74
-0.0090332
-36
-0.00439453
-26
-0.00317383
-114
-0.013916
-31
-0.00378418
-100
-0.012207
-95
-0.0115967
96
0.0117188
19
0.00231934
-221
-0.0269775
-4
-0.000488281
130
0.0158691
-95
-0.0115967
-146
-0.0178223
28
0.00341797
-19
-0.00231934
-5
-0.000610352
-83
-0.0101318
45
0.00549316
-229
-0.0279541
153
0.0186768
74
0.0090332
-216
-0.0263672
-114
-0.013916
-44
-0.00537109
-117
-0.0142822
26
0.00317383
15
0.00183105
-14
-0.00170898
226
0.0275879
23
0.00280762
-260
-0.0317383
29
0.00354004
-48
-0.00585938
-13
-0.00158691
192
0.0234375
-29
-0.00354004
-39
-0.00476074
147
0.0179443
-117
-0.0142822
12
0.00146484
-133
-0.0162354
-53
-0.00646973
90
0.0109863
-128
-0.015625
218
0.0266113
-8
-0.000976562
21
0.00256348
-138
-0.0168457
-100
-0.012207
-73
-0.00891113
-35
-0.00427246
38
0.00463867
18
0.00219727
22
0.00268555
-14
-0.00170898
127
0.0155029
29
0.00354004
38
0.00463867
-58
-0.00708008
-17
-0.0020752
-244
-0.0297852
42
0.00512695
-219
-0.0267334
-57
-0.00695801
72
0.00878906
91
0.0111084
182
0.0222168
-88
-0.0107422
28
0.00341797
-51
-0.00622559
-57
-0.00695801
-107
-0.0130615
-209
-0.0255127
-69
-0.00842285
-91
-0.0111084
20
0.00244141
21
0.00256348
-95
-0.0115967
-29
-0.00354004
65
0.00793457
-109
-0.0133057
-11
-0.00134277
-287
-0.0350342
-209
-0.0255127
-63
-0.00769043
122
0.0148926
-110
-0.0134277
-77
-0.00939941
187
0.0228271
-71
-0.00866699
148
0.0180664
-17
-0.0020752
-5
-0.000610352
-49
-0.00598145
-63
-0.00769043
-67
-0.00817871
-33
-0.00402832
-8
-0.000976562
-130
-0.0158691
97
0.0118408
-121
-0.0147705
-3
-0.000366211
231
0.0281982
48
0.00585938
-290
-0.0354004
160
0.0195312
112
0.0136719
-48
-0.00585938
-81
-0.0098877
4
0.000488281
177
0.0216064
89
0.0108643
-24
-0.00292969
-6
-0.000732422
-38
-0.00463867
-54
-0.0065918
69
0.00842285
18
0.00219727
89
0.0108643
-81
-0.0098877
29
0.00354004
-3
-0.000366211
-56
-0.00683594
144
0.0175781
-98
-0.0119629
-49
-0.00598145
291
0.0355225
42
0.00512695
-142
-0.017334
39
0.00476074
147
0.0179443
18
0.00219727
272
0.0332031
-107
-0.0130615
77
0.00939941
-51
-0.00622559
-274
-0.0334473
-108
-0.0131836
177
0.0216064
4
0.000488281
182
0.0222168
102
0.0124512
-87
-0.0106201
42
0.00512695
-123
-0.0150146
-55
-0.00671387
30
0.00366211
-111
-0.0135498
-150
-0.0183105
-24
-0.00292969
-116
-0.0141602
259
0.0316162
-89
-0.0108643
-68
-0.00830078
-211
-0.0257568
-22
-0.00268555
97
0.0118408
20
0.00244141
12
0.00146484
52
0.00634766
-61
-0.00744629
113
0.0137939
-150
-0.0183105
103
0.0125732
-62
-0.00756836
-103
-0.0125732
-134
-0.0163574
128
0.015625
-48
-0.00585938
-30
-0.00366211
-58
-0.00708008
-52
-0.00634766
-80
-0.00976562
2
0.000244141
59
0.00720215
-42
-0.00512695
-118
-0.0144043
67
0.00817871
-54
-0.0065918
55
0.00671387
89
0.0108643
56
0.00683594
-89
-0.0108643
9
0.00109863
-4
-0.000488281
21
0.00256348
-11
-0.00134277
-57
-0.00695801
117
0.0142822
145
0.0177002
207
0.0252686
-120
-0.0146484
-127
-0.0155029
7
0.000854492
-278
-0.0339355
12
0.00146484
132
0.0161133
131
0.0159912
-58
-0.00708008
21
0.00256348
13
0.00158691
-77
-0.00939941
-26
-0.00317383
-43
-0.00524902
-29
-0.00354004
-40
-0.00488281
99
0.012085
-271
-0.0330811
-73
-0.00891113
-88
-0.0107422
-230
-0.0280762
-100
-0.012207
39
0.00476074
21
0.00256348
67
0.00817871
-1
-0.00012207
69
0.00842285
-33
-0.00402832
-135
-0.0164795
67
0.00817871
12
0.00146484
21
0.00256348
-58
-0.00708008
-62
-0.00756836
10
0.0012207
59
0.00720215
82
0.0100098
-86
-0.010498
59
0.00720215
-30
-0.00366211
-246
-0.0300293
-19
-0.00231934
238
0.0290527
19
0.00231934
1
0.00012207
21
0.00256348
-132
-0.0161133
112
0.0136719
-60
-0.00732422
77
0.00939941
129
0.0157471
35
0.00427246
-5
-0.000610352
-159
-0.0194092
-145
-0.0177002
135
0.0164795
35
0.00427246
138
0.0168457
-9
-0.00109863
-39
-0.00476074
20
0.00244141
65
0.00793457
170
0.020752
-49
-0.00598145
-145
-0.0177002
-82
-0.0100098
-3
-0.000366211
-56
-0.00683594
-50
-0.00610352
29
0.00354004
-126
-0.0153809
-6
-0.000732422
183
0.0223389
134
0.0163574
15
0.00183105
-82
-0.0100098
-185
-0.022583
16
0.00195312
29
0.00354004
-34
-0.00415039
49
0.00598145
8
0.000976562
-152
-0.0185547
-151
-0.0184326
111
0.0135498
17
0.0020752
-83
-0.0101318
125
0.0152588
80
0.00976562
-25
-0.00305176
-209
-0.0255127
57
0.00695801
333
0.0406494
-85
-0.010376
130
0.0158691
-159
-0.0194092
-139
-0.0169678
-26
-0.00317383
21
0.00256348
-141
-0.0172119
-29
-0.00354004
-39
-0.00476074
-151
-0.0184326
7
0.000854492
278
0.0339355
-55
-0.00671387
85
0.010376
140
0.0170898
-104
-0.0126953
23
0.00280762
-36
-0.00439453
-60
-0.00732422
163
0.0198975
-48
-0.00585938
24
0.00292969
71
0.00866699
-224
-0.0273438
-18
-0.00219727
55
0.00671387
-100
-0.012207
-25
-0.00305176
-82
-0.0100098
-147
-0.0179443
171
0.020874
83
0.0101318
-88
-0.0107422
77
0.00939941
80
0.00976562
-44
-0.00537109
82
0.0100098
223
0.0272217
60
0.00732422
7
0.000854492
14
0.00170898
28
0.00341797
201
0.0245361
-87
-0.0106201
65
0.00793457
155
0.0189209
-48
-0.00585938
-59
-0.00720215
18
0.00219727
-190
-0.0231934
-3
-0.000366211
-129
-0.0157471
-50
-0.00610352
170
0.020752
80
0.00976562
-52
-0.00634766
46
0.00561523
-11
-0.00134277
-32
-0.00390625
-82
-0.0100098
-120
-0.0146484
-34
-0.00415039
-49
-0.00598145
102
0.0124512
-159
-0.0194092
81
0.0098877
34
0.00415039
57
0.00695801
131
0.0159912
164
0.0200195
-35
-0.00427246
-140
-0.0170898
32
0.00390625
-8
-0.000976562
41
0.00500488
131
0.0159912
-5
-0.000610352
90
0.0109863
-99
-0.012085
143
0.0174561
54
0.0065918
-95
-0.0115967
-10
-0.0012207
-31
-0.00378418
-64
-0.0078125
58
0.00708008
-36
-0.00439453
-187
-0.0228271
-52
-0.00634766
-93
-0.0113525
210
0.0256348
-18
-0.00219727
81
0.0098877
88
0.0107422
-115
-0.0140381
-50
-0.00610352
-9
-0.00109863
-41
-0.00500488
-31
-0.00378418
83
0.0101318
16
0.00195312
155
0.0189209
106
0.0129395
-60
-0.00732422
62
0.00756836
-92
-0.0112305
177
0.0216064
180
0.0219727
10
0.0012207
-62
-0.00756836
-207
-0.0252686
-140
-0.0170898
-53
-0.00646973
-38
-0.00463867
116
0.0141602
-33
-0.00402832
-118
-0.0144043
-47
-0.0057373
-145
-0.0177002
4
0.000488281
45
0.00549316
66
0.00805664
-126
-0.0153809
43
0.00524902
-88
-0.0107422
57
0.00695801
-27
-0.0032959
76
0.00927734
130
0.0158691
25
0.00305176
-63
-0.00769043
-179
-0.0218506
54
0.0065918
-6
-0.000732422
9
0.00109863
67
0.00817871
-99
-0.012085
-70
-0.00854492
-12
-0.00146484
-104
-0.0126953
-11
-0.00134277
55
0.00671387
-47
-0.0057373
-72
-0.00878906
-120
-0.0146484
-179
-0.0218506
3
0.000366211
-138
-0.0168457
-114
-0.013916
116
0.0141602
-32
-0.00390625
189
0.0230713
99
0.012085
-79
-0.00964355
129
0.0157471
69
0.00842285
3
0.000366211
-202
-0.0246582
-87
-0.0106201
186
0.0227051
-10
-0.0012207
-71
-0.00866699
8
0.000976562
31
0.00378418
-219
-0.0267334
183
0.0223389
-48
-0.00585938
165
0.0201416
190
0.0231934
66
0.00805664
-28
-0.00341797
-121
-0.0147705
-57
-0.00695801
10
0.0012207
10
0.0012207
19
0.00231934
27
0.0032959
24
0.00292969
-3
-0.000366211
-75
-0.00915527
19
0.00231934
61
0.00744629
41
0.00500488
-56
-0.00683594
24
0.00292969
185
0.022583
-16
-0.00195312
143
0.0174561
-69
-0.00842285
83
0.0101318
11
0.00134277
-294
-0.0358887
-47
-0.0057373
52
0.00634766
-45
-0.00549316
193
0.0235596
-8
-0.000976562
-64
-0.0078125
147
0.0179443
-61
-0.00744629
-116
-0.0141602
165
0.0201416
-66
-0.00805664
-121
-0.0147705
-200
-0.0244141
206
0.0251465
8
0.000976562
174
0.0212402
0
0
98
0.0119629
46
0.00561523
201
0.0245361
-89
-0.0108643
23
0.00280762
-44
-0.00537109
-175
-0.0213623
-118
-0.0144043
-199
-0.024292
5
0.000610352
-34
-0.00415039
-105
-0.0128174
-55
-0.00671387
141
0.0172119
5
0.000610352
-93
-0.0113525
-242
-0.029541
-9
-0.00109863
-148
-0.0180664
53
0.00646973
-10
-0.0012207
-12
-0.00146484
-166
-0.0202637
55
0.00671387
-70
-0.00854492
42
0.00512695
153
0.0186768
127
0.0155029
-7
-0.000854492
69
0.00842285
-76
-0.00927734
6
0.000732422
49
0.00598145
102
0.0124512
-227
-0.02771
-17
-0.0020752
147
0.0179443
-64
-0.0078125
120
0.0146484
-5
-0.000610352
-110
-0.0134277
-56
-0.00683594
-131
-0.0159912
-65
-0.00793457
91
0.0111084
-53
-0.00646973
-126
-0.0153809
10
0.0012207
-251
-0.0306396
-33
-0.00402832
31
0.00378418
56
0.00683594
-37
-0.0045166
-100
-0.012207
-94
-0.0114746
-98
-0.0119629
-70
-0.00854492
-152
-0.0185547
-5
-0.000610352
-28
-0.00341797
-200
-0.0244141
145
0.0177002
98
0.0119629
20
0.00244141
109
0.0133057
24
0.00292969
-198
-0.0241699
40
0.00488281
48
0.00585938
162
0.0197754
32
0.00390625
-24
-0.00292969
9
0.00109863
-98
-0.0119629
121
0.0147705
118
0.0144043
-57
-0.00695801
16
0.00195312
149
0.0181885
12
0.00146484
-132
-0.0161133
-35
-0.00427246
-72
-0.00878906
-18
-0.00219727
-18
-0.00219727
161
0.0196533
25
0.00305176
-55
-0.00671387
-129
-0.0157471
44
0.00537109
-144
-0.0175781
-69
-0.00842285
132
0.0161133
34
0.00415039
175
0.0213623
-123
-0.0150146
44
0.00537109
-2
-0.000244141
103
0.0125732
-29
-0.00354004
68
0.00830078
-71
-0.00866699
-94
-0.0114746
-17
-0.0020752
-67
-0.00817871
-110
-0.0134277
-80
-0.00976562
-42
-0.00512695
-237
-0.0289307
-21
-0.00256348
188
0.0229492
17
0.0020752
98
0.0119629
197
0.0240479
-164
-0.0200195
24
0.00292969
-289
-0.0352783
-95
-0.0115967
-151
-0.0184326
87
0.0106201
36
0.00439453
-114
-0.013916
3
0.000366211
125
0.0152588
-201
-0.0245361
153
0.0186768
-148
-0.0180664
49
0.00598145
-79
-0.00964355
-150
-0.0183105
-4
-0.000488281
-67
-0.00817871
-241
-0.0294189
-118
-0.0144043
52
0.00634766
31
0.00378418
-97
-0.0118408
29
0.00354004
181
0.0220947
91
0.0111084
-64
-0.0078125
-84
-0.0102539
-84
-0.0102539
94
0.0114746
-184
-0.0224609
101
0.0123291
69
0.00842285
-47
-0.0057373
-152
-0.0185547
141
0.0172119
-30
-0.00366211
-283
-0.0345459
91
0.0111084
133
0.0162354
43
0.00524902
-9
-0.00109863
-302
-0.0368652
47
0.0057373
-109
-0.0133057
41
0.00500488
-70
-0.00854492
17
0.0020752
11
0.00134277
-38
-0.00463867
175
0.0213623
-48
-0.00585938
-9
-0.00109863
113
0.0137939
94
0.0114746
-4
-0.000488281
-6
-0.000732422
-62
-0.00756836
-205
-0.0250244
94
0.0114746
-10
-0.0012207
-98
-0.0119629
283
0.0345459
171
0.020874
15
0.00183105
-58
-0.00708008
-224
-0.0273438
1
0.00012207
-203
-0.0247803
26
0.00317383
88
0.0107422
70
0.00854492
-103
-0.0125732
-42
-0.00512695
49
0.00598145
93
0.0113525
46
0.00561523
-47
-0.0057373
-36
-0.00439453
103
0.0125732
-192
-0.0234375
-59
-0.00720215
-100
-0.012207
-71
-0.00866699
-12
-0.00146484
48
0.00585938
53
0.00646973
17
0.0020752
188
0.0229492
-36
-0.00439453
126
0.0153809
36
0.00439453
-83
-0.0101318
-22
-0.00268555
-32
-0.00390625
3
0.000366211
-90
-0.0109863
132
0.0161133
-31
-0.00378418
-45
-0.00549316
-74
-0.0090332
20
0.00244141
115
0.0140381
46
0.00561523
36
0.00439453
-129
-0.0157471
-171
-0.020874
82
0.0100098
-34
-0.00415039
-28
-0.00341797
-4
-0.000488281
-37
-0.0045166
-49
-0.00598145
-20
-0.00244141
0
0
81
0.0098877
206
0.0251465
2
0.000244141
-59
-0.00720215
-103
-0.0125732
69
0.00842285
-30
-0.00366211
121
0.0147705
89
0.0108643
-16
-0.00195312
108
0.0131836
-39
-0.00476074
67
0.00817871
97
0.0118408
45
0.00549316
95
0.0115967
4
0.000488281
-37
-0.0045166
-16
-0.00195312
-24
-0.00292969
55
0.00671387
-161
-0.0196533
-66
-0.00805664
148
0.0180664
-259
-0.0316162
-158
-0.0192871
21
0.00256348
196
0.0239258
-105
-0.0128174
-13
-0.00158691
0
0
-29
-0.00354004
-132
-0.0161133
123
0.0150146
65
0.00793457
-266
-0.0324707
-62
-0.00756836
97
0.0118408
-127
-0.0155029
-152
-0.0185547
6
0.000732422
140
0.0170898
-36
-0.00439453
38
0.00463867
-2
-0.000244141
-213
-0.026001
-97
-0.0118408
169
0.0206299
39
0.00476074
-219
-0.0267334
46
0.00561523
-49
-0.00598145
-75
-0.00915527
-218
-0.0266113
-11
-0.00134277
174
0.0212402
-69
-0.00842285
303
0.0369873
96
0.0117188
88
0.0107422
22
0.00268555
-11
-0.00134277
76
0.00927734
-8
-0.000976562
-145
-0.0177002
86
0.010498
-18
-0.00219727
108
0.0131836
5
0.000610352
-102
-0.0124512
-31
-0.00378418
12
0.00146484
-16
-0.00195312
156
0.019043
-43
-0.00524902
5
0.000610352
-70
-0.00854492
-111
-0.0135498
4
0.000488281
-80
-0.00976562
7
0.000854492
-62
-0.00756836
-35
-0.00427246
238
0.0290527
-115
-0.0140381
-35
-0.00427246
-83
-0.0101318
90
0.0109863
164
0.0200195
173
0.0211182
-1
-0.00012207
-142
-0.017334
67
0.00817871
70
0.00854492
-143
-0.0174561
-47
-0.0057373
18
0.00219727
-133
-0.0162354
40
0.00488281
-206
-0.0251465
-155
-0.0189209
10
0.0012207
-32
-0.00390625
-76
-0.00927734
26
0.00317383
112
0.0136719
22
0.00268555
62
0.00756836
85
0.010376
-84
-0.0102539
40
0.00488281
-15
-0.00183105
-169
-0.0206299
-46
-0.00561523
21
0.00256348
-1
-0.00012207
-21
-0.00256348
183
0.0223389
1
0.00012207
-255
-0.0311279
-166
-0.0202637
111
0.0135498
81
0.0098877
213
0.026001
18
0.00219727
134
0.0163574
171
0.020874
61
0.00744629
120
0.0146484
-65
-0.00793457
-10
-0.0012207
-70
-0.00854492
105
0.0128174
66
0.00805664
111
0.0135498
-136
-0.0166016
-108
-0.0131836
124
0.0151367
14
0.00170898
-115
-0.0140381
3
0.000366211
-51
-0.00622559
-37
-0.0045166
153
0.0186768
127
0.0155029
-94
-0.0114746
-16
-0.00195312
-114
-0.013916
7
0.000854492
154
0.0187988
-96
-0.0117188
175
0.0213623
-8
-0.000976562
-223
-0.0272217
138
0.0168457
0
0
93
0.0113525
-60
-0.00732422
12
0.00146484
137
0.0167236
-121
-0.0147705
40
0.00488281
-17
-0.0020752
146
0.0178223
-59
-0.00720215
24
0.00292969
-10
-0.0012207
-69
-0.00842285
-25
-0.00305176
-95
-0.0115967
-115
-0.0140381
-98
-0.0119629
-78
-0.00952148
-130
-0.0158691
28
0.00341797
255
0.0311279
7
0.000854492
52
0.00634766
42
0.00512695
30
0.00366211
-87
-0.0106201
-138
-0.0168457
-86
-0.010498
111
0.0135498
28
0.00341797
3
0.000366211
69
0.00842285
-134
-0.0163574
-81
-0.0098877
-91
-0.0111084
-48
-0.00585938
-48
-0.00585938
10
0.0012207
2
0.000244141
-39
-0.00476074
56
0.00683594
0
0
-149
-0.0181885
-82
-0.0100098
25
0.00305176
91
0.0111084
234
0.0285645
54
0.0065918
209
0.0255127
-84
-0.0102539
7
0.000854492
9
0.00109863
-192
-0.0234375
31
0.00378418
4
0.000488281
36
0.00439453
-127
-0.0155029
-123
-0.0150146
-56
-0.00683594
1
0.00012207
-219
-0.0267334
79
0.00964355
26
0.00317383
207
0.0252686
-178
-0.0217285
52
0.00634766
14
0.00170898
-134
-0.0163574
23
0.00280762
86
0.010498
-17
-0.0020752
107
0.0130615
114
0.013916
21
0.00256348
-42
-0.00512695
-71
-0.00866699
-136
-0.0166016
-52
-0.00634766
-205
-0.0250244
19
0.00231934
199
0.024292
108
0.0131836
-63
-0.00769043
125
0.0152588
-73
-0.00891113
56
0.00683594
154
0.0187988
-12
-0.00146484
80
0.00976562
-19
-0.00231934
-120
-0.0146484
-22
-0.00268555
-217
-0.0264893
1
0.00012207
79
0.00964355
-114
-0.013916
-4
-0.000488281
-26
-0.00317383
26
0.00317383
236
0.0288086
69
0.00842285
35
0.00427246
56
0.00683594
-54
-0.0065918
-266
-0.0324707
-8
-0.000976562
83
0.0101318
84
0.0102539
-46
-0.00561523
-27
-0.0032959
-213
-0.026001
-6
-0.000732422
102
0.0124512
-65
-0.00793457
61
0.00744629
-8
-0.000976562
161
0.0196533
-66
-0.00805664
-28
-0.00341797
172
0.0209961
11
0.00134277
-30
-0.00366211
-108
-0.0131836
-95
-0.0115967
-95
-0.0115967
99
0.012085
2
0.000244141
-44
-0.00537109
-20
-0.00244141
-119
-0.0145264
137
0.0167236
33
0.00402832
66
0.00805664
53
0.00646973
-74
-0.0090332
-29
-0.00354004
168
0.0205078
-33
-0.00402832
17
0.0020752
-121
-0.0147705
63
0.00769043
10
0.0012207
-144
-0.0175781
-51
-0.00622559
-16
-0.00195312
-26
-0.00317383
-88
-0.0107422
-2
-0.000244141
-90
-0.0109863
-160
-0.0195312
-33
-0.00402832
-74
-0.0090332
-159
-0.0194092
70
0.00854492
-6
-0.000732422
116
0.0141602
-93
-0.0113525
-67
-0.00817871
-32
-0.00390625
68
0.00830078
59
0.00720215
-57
-0.00695801
125
0.0152588
-21
-0.00256348
-102
-0.0124512
16
0.00195312
-215
-0.0262451
129
0.0157471
93
0.0113525
-103
-0.0125732
121
0.0147705
119
0.0145264
-106
-0.0129395
-94
-0.0114746
-135
-0.0164795
27
0.0032959
-199
-0.024292
-37
-0.0045166
48
0.00585938
134
0.0163574
268
0.0327148
71
0.00866699
-288
-0.0351562
69
0.00842285
-68
-0.00830078
-144
-0.0175781
-355
-0.043335
33
0.00402832
-169
-0.0206299
-39
-0.00476074
-36
-0.00439453
-1
-0.00012207
219
0.0267334
25
0.00305176
33
0.00402832
-34
-0.00415039
38
0.00463867
32
0.00390625
21
0.00256348
37
0.0045166
-27
-0.0032959
199
0.024292
4
0.000488281
-36
-0.00439453
124
0.0151367
9
0.00109863
-57
-0.00695801
-30
-0.00366211
154
0.0187988
16
0.00195312
-144
-0.0175781
-55
-0.00671387
-39
-0.00476074
-23
-0.00280762
-21
-0.00256348
-42
-0.00512695
-56
-0.00683594
108
0.0131836
-51
-0.00622559
-30
-0.00366211
-43
-0.00524902
71
0.00866699
32
0.00390625
2
0.000244141
-126
-0.0153809
-19
-0.00231934
162
0.0197754
89
0.0108643
188
0.0229492
-144
-0.0175781
-33
-0.00402832
144
0.0175781
-126
-0.0153809
-76
-0.00927734
8
0.000976562
165
0.0201416
240
0.0292969
4
0.000488281
61
0.00744629
69
0.00842285
-188
-0.0229492
-28
-0.00341797
-261
-0.0318604
60
0.00732422
-83
-0.0101318
17
0.0020752
-50
-0.00610352
-56
-0.00683594
-89
-0.0108643
-16
-0.00195312
-102
-0.0124512
-83
-0.0101318
-47
-0.0057373
-65
-0.00793457
33
0.00402832
126
0.0153809
-43
-0.00524902
79
0.00964355
95
0.0115967
23
0.00280762
-231
-0.0281982
58
0.00708008
-116
-0.0141602
-14
-0.00170898
-49
-0.00598145
-71
-0.00866699
165
0.0201416
74
0.0090332
32
0.00390625
-50
-0.00610352
-169
-0.0206299
112
0.0136719
329
0.0401611
-26
-0.00317383
-195
-0.0238037
-97
-0.0118408
-99
-0.012085
-87
-0.0106201
-172
-0.0209961
2
0.000244141
121
0.0147705
111
0.0135498
82
0.0100098
34
0.00415039
156
0.019043
-35
-0.00427246
91
0.0111084
-118
-0.0144043
-48
-0.00585938
4
0.000488281
-125
-0.0152588
15
0.00183105
-171
-0.020874
-138
-0.0168457
-128
-0.015625
-87
-0.0106201
33
0.00402832
90
0.0109863
29
0.00354004
43
0.00524902
-155
-0.0189209
-114
-0.013916
-176
-0.0214844
19
0.00231934
-100
-0.012207
3
0.000366211
-86
-0.010498
67
0.00817871
-31
-0.00378418
13
0.00158691
150
0.0183105
29
0.00354004
118
0.0144043
10
0.0012207
24
0.00292969
-36
-0.00439453
-229
-0.0279541
57
0.00695801
173
0.0211182
3
0.000366211
-70
-0.00854492
44
0.00537109
157
0.019165
31
0.00378418
-37
-0.0045166
34
0.00415039
172
0.0209961
19
0.00231934
106
0.0129395
9
0.00109863
-12
-0.00146484
-30
-0.00366211
-61
-0.00744629
36
0.00439453
39
0.00476074
4
0.000488281
69
0.00842285
-111
-0.0135498
-187
-0.0228271
72
0.00878906
34
0.00415039
-53
-0.00646973
122
0.0148926
24
0.00292969
41
0.00500488
-54
-0.0065918
-42
-0.00512695
-13
-0.00158691
-202
-0.0246582
15
0.00183105
-103
-0.0125732
21
0.00256348
-52
-0.00634766
35
0.00427246
-199
-0.024292
44
0.00537109
15
0.00183105
70
0.00854492
-26
-0.00317383
49
0.00598145
108
0.0131836
17
0.0020752
6
0.000732422
-109
-0.0133057
-227
-0.02771
-87
-0.0106201
54
0.0065918
-165
-0.0201416
-70
-0.00854492
-39
-0.00476074
-6
-0.000732422
-23
-0.00280762
125
0.0152588
86
0.010498
114
0.013916
-34
-0.00415039
123
0.0150146
27
0.0032959
234
0.0285645
10
0.0012207
-12
-0.00146484
21
0.00256348
188
0.0229492
98
0.0119629
118
0.0144043
5
0.000610352
-33
-0.00402832
101
0.0123291
68
0.00830078
63
0.00769043
100
0.012207
-44
-0.00537109
174
0.0212402
-37
-0.0045166
47
0.0057373
-173
-0.0211182
92
0.0112305
19
0.00231934
141
0.0172119
-22
-0.00268555
-135
-0.0164795
174
0.0212402
-39
-0.00476074
-55
-0.00671387
88
0.0107422
-40
-0.00488281
110
0.0134277
-44
-0.00537109
-71
-0.00866699
95
0.0115967
11
0.00134277
-66
-0.00805664
-20
-0.00244141
-21
-0.00256348
-54
-0.0065918
79
0.00964355
-375
-0.0457764
10
0.0012207
-256
-0.03125
-89
-0.0108643
-108
-0.0131836
-4
-0.000488281
-171
-0.020874
27
0.0032959
-206
-0.0251465
-42
-0.00512695
90
0.0109863
106
0.0129395
-274
-0.0334473
50
0.00610352
-43
-0.00524902
119
0.0145264
16
0.00195312
-49
-0.00598145
-2
-0.000244141
70
0.00854492
125
0.0152588
-189
-0.0230713
107
0.0130615
-71
-0.00866699
-173
-0.0211182
79
0.00964355
-22
-0.00268555
115
0.0140381
107
0.0130615
96
0.0117188
-77
-0.00939941
-8
-0.000976562
8
0.000976562
-148
-0.0180664
-57
-0.00695801
-18
-0.00219727
200
0.0244141
18
0.00219727
75
0.00915527
-68
-0.00830078
-35
-0.00427246
0
0
175
0.0213623
112
0.0136719
167
0.0203857
90
0.0109863
-164
-0.0200195
-37
-0.0045166
-10
-0.0012207
-8
-0.000976562
183
0.0223389
-24
-0.00292969
-147
-0.0179443
20
0.00244141
137
0.0167236
-45
-0.00549316
-57
-0.00695801
30
0.00366211
4
0.000488281
26
0.00317383
-150
-0.0183105
98
0.0119629
257
0.0313721
-82
-0.0100098
-11
-0.00134277
43
0.00524902
242
0.029541
85
0.010376
-81
-0.0098877
-94
-0.0114746
-218
-0.0266113
-122
-0.0148926
5
0.000610352
-103
-0.0125732
122
0.0148926
23
0.00280762
10
0.0012207
-47
-0.0057373
-76
-0.00927734
-101
-0.0123291
-31
-0.00378418
-18
-0.00219727
215
0.0262451
-10
-0.0012207
-150
-0.0183105
7
0.000854492
14
0.00170898
8
0.000976562
-39
-0.00476074
62
0.00756836
85
0.010376
68
0.00830078
-168
-0.0205078
119
0.0145264
114
0.013916
1
0.00012207
29
0.00354004
-119
-0.0145264
-180
-0.0219727
-25
-0.00305176
-157
-0.019165
-1
-0.00012207
-130
-0.0158691
-110
-0.0134277
-188
-0.0229492
89
0.0108643
-80
-0.00976562
-127
-0.0155029
-4
-0.000488281
6
0.000732422
-65
-0.00793457
-27
-0.0032959
-172
-0.0209961
1
0.00012207
-51
-0.00622559
28
0.00341797
45
0.00549316
107
0.0130615
-162
-0.0197754
30
0.00366211
160
0.0195312
38
0.00463867
177
0.0216064
93
0.0113525
-171
-0.020874
41
0.00500488
-12
-0.00146484
21
0.00256348
208
0.0253906
174
0.0212402
-116
-0.0141602
-30
-0.00366211
53
0.00646973
75
0.00915527
-101
-0.0123291
-53
-0.00646973
-51
-0.00622559
-136
-0.0166016
-238
-0.0290527
-7
-0.000854492
-109
-0.0133057
69
0.00842285
-7
-0.000854492
-113
-0.0137939
29
0.00354004
-76
-0.00927734
115
0.0140381
-8
-0.000976562
53
0.00646973
151
0.0184326
132
0.0161133
110
0.0134277
-35
-0.00427246
125
0.0152588
-199
-0.024292
-77
-0.00939941
30
0.00366211
10
0.0012207
56
0.00683594
77
0.00939941
-67
-0.00817871
129
0.0157471
288
0.0351562
-11
-0.00134277
-35
-0.00427246
-25
-0.00305176
-52
-0.00634766
96
0.0117188
-6
-0.000732422
-14
-0.00170898
117
0.0142822
163
0.0198975
-171
-0.020874
-105
-0.0128174
139
0.0169678
76
0.00927734
85
0.010376
71
0.00866699
27
0.0032959
36
0.00439453
169
0.0206299
7
0.000854492
59
0.00720215
-75
-0.00915527
-124
-0.0151367
-20
-0.00244141
8
0.000976562
-58
-0.00708008
-81
-0.0098877
-22
-0.00268555
81
0.0098877
-168
-0.0205078
58
0.00708008
-30
-0.00366211
173
0.0211182
60
0.00732422
-158
-0.0192871
6
0.000732422
-106
-0.0129395
-70
-0.00854492
-86
-0.010498
-142
-0.017334
72
0.00878906
23
0.00280762
-62
-0.00756836
-89
-0.0108643
-325
-0.0396729
36
0.00439453
-124
-0.0151367
27
0.0032959
-1
-0.00012207
-9
-0.00109863
89
0.0108643
53
0.00646973
-45
-0.00549316
-8
-0.000976562
27
0.0032959
86
0.010498
97
0.0118408
31
0.00378418
38
0.00463867
32
0.00390625
-257
-0.0313721
1
0.00012207
161
0.0196533
-81
-0.0098877
253
0.0308838
44
0.00537109
-39
-0.00476074
90
0.0109863
-177
-0.0216064
17
0.0020752
70
0.00854492
46
0.00561523
66
0.00805664
-75
-0.00915527
112
0.0136719
-81
-0.0098877
-100
-0.012207
-4
-0.000488281
216
0.0263672
-12
-0.00146484
-171
-0.020874
-103
-0.0125732
146
0.0178223
165
0.0201416
98
0.0119629
-27
-0.0032959
-215
-0.0262451
127
0.0155029
-106
-0.0129395
126
0.0153809
13
0.00158691
89
0.0108643
-50
-0.00610352
55
0.00671387
150
0.0183105
-8
-0.000976562
366
0.0446777
-172
-0.0209961
157
0.019165
-26
-0.00317383
6
0.000732422
-28
-0.00341797
137
0.0167236
152
0.0185547
-52
-0.00634766
-10
-0.0012207
-141
-0.0172119
21
0.00256348
19
0.00231934
-37
-0.0045166
-51
-0.00622559
161
0.0196533
212
0.0258789
-1
-0.00012207
-102
-0.0124512
-51
-0.00622559
115
0.0140381
-41
-0.00500488
-175
-0.0213623
18
0.00219727
-295
-0.0360107
39
0.00476074
-11
-0.00134277
-10
-0.0012207
156
0.019043
111
0.0135498
-21
-0.00256348
-92
-0.0112305
-152
-0.0185547
84
0.0102539
-17
-0.0020752
-57
-0.00695801
-34
-0.00415039
-47
-0.0057373
32
0.00390625
-114
-0.013916
-167
-0.0203857
107
0.0130615
234
0.0285645
50
0.00610352
64
0.0078125
-38
-0.00463867
35
0.00427246
72
0.00878906
46
0.00561523
70
0.00854492
-85
-0.010376
-42
-0.00512695
70
0.00854492
-54
-0.0065918
201
0.0245361
35
0.00427246
-171
-0.020874
-3
-0.000366211
-38
-0.00463867
31
0.00378418
151
0.0184326
158
0.0192871
142
0.017334
-51
-0.00622559
-41
-0.00500488
5
0.000610352
-92
-0.0112305
-5
-0.000610352
-72
-0.00878906
-74
-0.0090332
-134
-0.0163574
-16
-0.00195312
-11
-0.00134277
-125
-0.0152588
141
0.0172119
-33
-0.00402832
212
0.0258789
11
0.00134277
-4
-0.000488281
-123
-0.0150146
271
0.0330811
-39
-0.00476074
89
0.0108643
99
0.012085
-84
-0.0102539
-202
-0.0246582
-24
-0.00292969
-187
-0.0228271
262
0.0319824
63
0.00769043
46
0.00561523
-18
-0.00219727
-159
-0.0194092
119
0.0145264
-53
-0.00646973
65
0.00793457
-208
-0.0253906
-30
-0.00366211
-32
-0.00390625
-54
-0.0065918
-143
-0.0174561
16
0.00195312
106
0.0129395
-53
-0.00646973
181
0.0220947
-23
-0.00280762
248
0.0302734
-123
-0.0150146
-2
-0.000244141
105
0.0128174
-213
-0.026001
-64
-0.0078125
59
0.00720215
49
0.00598145
-94
-0.0114746
-40
-0.00488281
-131
-0.0159912
-80
-0.00976562
-296
-0.0361328
-159
-0.0194092
290
0.0354004
-199
-0.024292
-30
-0.00366211
-113
-0.0137939
79
0.00964355
-84
-0.0102539
-148
-0.0180664
131
0.0159912
151
0.0184326
-19
-0.00231934
153
0.0186768
-7
-0.000854492
158
0.0192871
-15
-0.00183105
73
0.00891113
-43
-0.00524902
127
0.0155029
-2
-0.000244141
74
0.0090332
-59
-0.00720215
3
0.000366211
-191
-0.0233154
104
0.0126953
-24
-0.00292969
-32
-0.00390625
-121
-0.0147705
-13
-0.00158691
-34
-0.00415039
-54
-0.0065918
-129
-0.0157471
-71
-0.00866699
-96
-0.0117188
208
0.0253906
-14
-0.00170898
172
0.0209961
-79
-0.00964355
-131
-0.0159912
96
0.0117188
45
0.00549316
-78
-0.00952148
59
0.00720215
24
0.00292969
72
0.00878906
-54
-0.0065918
-84
-0.0102539
57
0.00695801
-97
-0.0118408
-95
-0.0115967
14
0.00170898
17
0.0020752
-90
-0.0109863
19
0.00231934
321
0.0391846
41
0.00500488
-35
-0.00427246
96
0.0117188
-19
-0.00231934
25
0.00305176
181
0.0220947
-11
-0.00134277
7
0.000854492
182
0.0222168
94
0.0114746
-33
-0.00402832
-46
-0.00561523
44
0.00537109
29
0.00354004
-5
-0.000610352
-18
-0.00219727
62
0.00756836
-25
-0.00305176
-59
-0.00720215
-43
-0.00524902
149
0.0181885
-269
-0.0328369
94
0.0114746
77
0.00939941
-164
-0.0200195
217
0.0264893
-54
-0.0065918
-92
-0.0112305
-3
-0.000366211
-20
-0.00244141
-45
-0.00549316
85
0.010376
-78
-0.00952148
114
0.013916
-187
-0.0228271
212
0.0258789
51
0.00622559
110
0.0134277
-48
-0.00585938
-69
-0.00842285
-76
-0.00927734
-194
-0.0236816
-25
-0.00305176
181
0.0220947
-11
-0.00134277
-240
-0.0292969
5
0.000610352
47
0.0057373
13
0.00158691
-108
-0.0131836
-41
-0.00500488
-127
-0.0155029
-36
-0.00439453
153
0.0186768
67
0.00817871
-274
-0.0334473
-128
-0.015625
-135
-0.0164795
-4
-0.000488281
-42
-0.00512695
34
0.00415039
-52
-0.00634766
-27
-0.0032959
62
0.00756836
-57
-0.00695801
-1
-0.00012207
-6
-0.000732422
-72
-0.00878906
-67
-0.00817871
31
0.00378418
-7
-0.000854492
26
0.00317383
53
0.00646973
99
0.012085
88
0.0107422
137
0.0167236
2
0.000244141
-45
-0.00549316
7
0.000854492
30
0.00366211
7
0.000854492
62
0.00756836
-34
-0.00415039
-64
-0.0078125
-6
-0.000732422
-86
-0.010498
88
0.0107422
-185
-0.022583
-135
-0.0164795
45
0.00549316
-84
-0.0102539
107
0.0130615
-82
-0.0100098
-143
-0.0174561
-96
-0.0117188
131
0.0159912
147
0.0179443
129
0.0157471
-117
-0.0142822
-58
-0.00708008
-147
-0.0179443
-142
-0.017334
-30
-0.00366211
224
0.0273438
52
0.00634766
-71
-0.00866699
11
0.00134277
280
0.0341797
169
0.0206299
234
0.0285645
59
0.00720215
-148
-0.0180664
49
0.00598145
10
0.0012207
107
0.0130615
13
0.00158691
-119
-0.0145264
1
0.00012207
-85
-0.010376
-209
-0.0255127
35
0.00427246
-32
-0.00390625
14
0.00170898
137
0.0167236
29
0.00354004
-106
-0.0129395
-49
-0.00598145
-7
-0.000854492
80
0.00976562
-257
-0.0313721
41
0.00500488
288
0.0351562
-20
-0.00244141
-93
-0.0113525
-3
-0.000366211
-191
-0.0233154
-58
-0.00708008
55
0.00671387
91
0.0111084
-167
-0.0203857
47
0.0057373
58
0.00708008
65
0.00793457
81
0.0098877
158
0.0192871
-71
-0.00866699
22
0.00268555
-105
-0.0128174
38
0.00463867
-143
-0.0174561
-19
-0.00231934
-223
-0.0272217
52
0.00634766
-17
-0.0020752
53
0.00646973
-131
-0.0159912
-83
-0.0101318
-114
-0.013916
5
0.000610352
-41
-0.00500488
33
0.00402832
-114
-0.013916
15
0.00183105
-64
-0.0078125
-39
-0.00476074
-153
-0.0186768
-87
-0.0106201
-116
-0.0141602
-65
-0.00793457
-49
-0.00598145
48
0.00585938
22
0.00268555
-101
-0.0123291
-37
-0.0045166
-46
-0.00561523
12
0.00146484
-4
-0.000488281
21
0.00256348
-11
-0.00134277
-77
-0.00939941
-133
-0.0162354
-69
-0.00842285
30
0.00366211
-94
-0.0114746
97
0.0118408
161
0.0196533
-135
-0.0164795
-118
-0.0144043
-33
-0.00402832
16
0.00195312
-26
-0.00317383
-136
-0.0166016
16
0.00195312
56
0.00683594
15
0.00183105
256
0.03125
-70
-0.00854492
101
0.0123291
90
0.0109863
-24
-0.00292969
-19
-0.00231934
67
0.00817871
-95
-0.0115967
26
0.00317383
-6
-0.000732422
-11
-0.00134277
-61
-0.00744629
67
0.00817871
108
0.0131836
-159
-0.0194092
25
0.00305176
-87
-0.0106201
-88
-0.0107422
-149
-0.0181885
-99
-0.012085
40
0.00488281
177
0.0216064
-87
-0.0106201
-8
-0.000976562
62
0.00756836
17
0.0020752
93
0.0113525
75
0.00915527
62
0.00756836
-91
-0.0111084
-111
-0.0135498
-21
-0.00256348
-132
-0.0161133
-52
-0.00634766
-223
-0.0272217
189
0.0230713
-11
-0.00134277
172
0.0209961
190
0.0231934
-7
-0.000854492
-298
-0.036377
-91
-0.0111084
-19
-0.00231934
29
0.00354004
144
0.0175781
36
0.00439453
27
0.0032959
-51
-0.00622559
-110
-0.0134277
-36
-0.00439453
213
0.026001
26
0.00317383
-87
-0.0106201
25
0.00305176
27
0.0032959
-10
-0.0012207
14
0.00170898
-2
-0.000244141
-11
-0.00134277
52
0.00634766
-81
-0.0098877
-25
-0.00305176
-9
-0.00109863
80
0.00976562
-94
-0.0114746
8
0.000976562
-28
-0.00341797
-30
-0.00366211
-29
-0.00354004
87
0.0106201
-96
-0.0117188
143
0.0174561
-19
-0.00231934
137
0.0167236
-182
-0.0222168
29
0.00354004
297
0.0362549
-1
-0.00012207
422
0.0515137
-83
-0.0101318
-47
-0.0057373
-70
-0.00854492
91
0.0111084
1
0.00012207
-8
-0.000976562
45
0.00549316
-46
-0.00561523
-44
-0.00537109
-29
-0.00354004
95
0.0115967
-65
-0.00793457
146
0.0178223
100
0.012207
94
0.0114746
-132
-0.0161133
-5
-0.000610352
9
0.00109863
11
0.00134277
38
0.00463867
27
0.0032959
-45
-0.00549316
-25
-0.00305176
-131
-0.0159912
28
0.00341797
25
0.00305176
16
0.00195312
138
0.0168457
-6
-0.000732422
3
0.000366211
-32
-0.00390625
-33
-0.00402832
155
0.0189209
168
0.0205078
52
0.00634766
-120
-0.0146484
-4
-0.000488281
-116
-0.0141602
-7
-0.000854492
193
0.0235596
-58
-0.00708008
-202
-0.0246582
-22
-0.00268555
-72
-0.00878906
140
0.0170898
-64
-0.0078125
45
0.00549316
-83
-0.0101318
93
0.0113525
-148
-0.0180664
47
0.0057373
-37
-0.0045166
17
0.0020752
-8
-0.000976562
-69
-0.00842285
75
0.00915527
-90
-0.0109863
-14
-0.00170898
-105
-0.0128174
-39
-0.00476074
90
0.0109863
-183
-0.0223389
-35
-0.00427246
-36
-0.00439453
90
0.0109863
154
0.0187988
69
0.00842285
-77
-0.00939941
-78
-0.00952148
-185
-0.022583
187
0.0228271
-257
-0.0313721
-47
-0.0057373
28
0.00341797
11
0.00134277
-94
-0.0114746
52
0.00634766
337
0.0411377
-23
-0.00280762
374
0.0456543
152
0.0185547
118
0.0144043
50
0.00610352
-70
-0.00854492
-12
-0.00146484
62
0.00756836
-106
-0.0129395
26
0.00317383
9
0.00109863
-30
-0.00366211
23
0.00280762
-150
-0.0183105
-91
-0.0111084
-68
-0.00830078
-1
-0.00012207
-15
-0.00183105
-9
-0.00109863
42
0.00512695
-112
-0.0136719
51
0.00622559
5
0.000610352
-164
-0.0200195
13
0.00158691
119
0.0145264
-110
-0.0134277
-24
-0.00292969
-73
-0.00891113
34
0.00415039
-41
-0.00500488
61
0.00744629
-30
-0.00366211
-7
-0.000854492
-30
-0.00366211
102
0.0124512
-133
-0.0162354
6
0.000732422
-54
-0.0065918
-92
-0.0112305
68
0.00830078
148
0.0180664
28
0.00341797
-138
-0.0168457
98
0.0119629
102
0.0124512
147
0.0179443
-144
-0.0175781
-36
-0.00439453
-29
-0.00354004
82
0.0100098
7
0.000854492
-6
-0.000732422
-192
-0.0234375
145
0.0177002
81
0.0098877
34
0.00415039
98
0.0119629
44
0.00537109
105
0.0128174
-18
-0.00219727
86
0.010498
-91
-0.0111084
33
0.00402832
151
0.0184326
-147
-0.0179443
6
0.000732422
-51
-0.00622559
-47
-0.0057373
65
0.00793457
-76
-0.00927734
-212
-0.0258789
25
0.00305176
16
0.00195312
-9
-0.00109863
81
0.0098877
102
0.0124512
51
0.00622559
0
0
-47
-0.0057373
-145
-0.0177002
106
0.0129395
-96
-0.0117188
-142
-0.017334
-140
-0.0170898
62
0.00756836
-7
-0.000854492
-201
-0.0245361
37
0.0045166
-65
-0.00793457
-40
-0.00488281
-197
-0.0240479
-60
-0.00732422
99
0.012085
110
0.0134277
9
0.00109863
36
0.00439453
-86
-0.010498
-97
-0.0118408
-41
-0.00500488
87
0.0106201
233
0.0284424
-4
-0.000488281
-6
-0.000732422
46
0.00561523
-2
-0.000244141
-7
-0.000854492
125
0.0152588
-21
-0.00256348
-177
-0.0216064
-80
-0.00976562
-82
-0.0100098
11
0.00134277
107
0.0130615
11
0.00134277
-18
-0.00219727
-30
-0.00366211
122
0.0148926
-51
-0.00622559
137
0.0167236
-10
-0.0012207
-339
-0.0413818
-67
-0.00817871
82
0.0100098
33
0.00402832
178
0.0217285
14
0.00170898
-60
-0.00732422
3
0.000366211
205
0.0250244
-17
-0.0020752
-29
-0.00354004
66
0.00805664
58
0.00708008
68
0.00830078
10
0.0012207
-41
-0.00500488
-180
-0.0219727
-56
-0.00683594
46
0.00561523
-111
-0.0135498
-44
-0.00537109
35
0.00427246
-103
-0.0125732
-100
-0.012207
16
0.00195312
-50
-0.00610352
160
0.0195312
-124
-0.0151367
-107
-0.0130615
-2
-0.000244141
184
0.0224609
-33
-0.00402832
-179
-0.0218506
-45
-0.00549316
-4
-0.000488281
-241
-0.0294189
-87
-0.0106201
-22
-0.00268555
115
0.0140381
5
0.000610352
-134
-0.0163574
20
0.00244141
-209
-0.0255127
-86
-0.010498
-130
-0.0158691
-41
-0.00500488
152
0.0185547
74
0.0090332
-65
-0.00793457
-64
-0.0078125
-33
-0.00402832
10
0.0012207
165
0.0201416
-26
-0.00317383
-33
-0.00402832
11
0.00134277
121
0.0147705
-26
-0.00317383
193
0.0235596
18
0.00219727
-76
-0.00927734
-34
-0.00415039
32
0.00390625
-73
-0.00891113
134
0.0163574
-1
-0.00012207
38
0.00463867
-56
-0.00683594
-55
-0.00671387
87
0.0106201
-106
-0.0129395
-169
-0.0206299
157
0.019165
51
0.00622559
288
0.0351562
-163
-0.0198975
148
0.0180664
-72
-0.00878906
361
0.0440674
16
0.00195312
41
0.00500488
-11
-0.00134277
-67
-0.00817871
5
0.000610352
-12
-0.00146484
-74
-0.0090332
-2
-0.000244141
59
0.00720215
124
0.0151367
-16
-0.00195312
54
0.0065918
74
0.0090332
79
0.00964355
64
0.0078125
-21
-0.00256348
11
0.00134277
119
0.0145264
35
0.00427246
-12
-0.00146484
83
0.0101318
207
0.0252686
110
0.0134277
47
0.0057373
30
0.00366211
55
0.00671387
-103
-0.0125732
77
0.00939941
-17
-0.0020752
178
0.0217285
-65
-0.00793457
-44
-0.00537109
111
0.0135498
58
0.00708008
-111
-0.0135498
-166
-0.0202637
41
0.00500488
-41
-0.00500488
69
0.00842285
-32
-0.00390625
128
0.015625
-280
-0.0341797
29
0.00354004
109
0.0133057
29
0.00354004
125
0.0152588
-103
-0.0125732
231
0.0281982
-91
-0.0111084
76
0.00927734
29
0.00354004
-124
-0.0151367
44
0.00537109
-172
-0.0209961
-51
-0.00622559
13
0.00158691
54
0.0065918
167
0.0203857
8
0.000976562
64
0.0078125
54
0.0065918
187
0.0228271
-92
-0.0112305
-55
-0.00671387
-8
-0.000976562
101
0.0123291
-78
-0.00952148
9
0.00109863
56
0.00683594
60
0.00732422
-7
-0.000854492
5
0.000610352
10
0.0012207
-6
-0.000732422
-14
-0.00170898
81
0.0098877
42
0.00512695
-149
-0.0181885
142
0.017334
133
0.0162354
44
0.00537109
-188
-0.0229492
101
0.0123291
-178
-0.0217285
-63
-0.00769043
30
0.00366211
-152
-0.0185547
-89
-0.0108643
54
0.0065918
-21
-0.00256348
-31
-0.00378418
-61
-0.00744629
150
0.0183105
-41
-0.00500488
-136
-0.0166016
-209
-0.0255127
-54
-0.0065918
27
0.0032959
-9
-0.00109863
-56
-0.00683594
-140
-0.0170898
71
0.00866699
-30
-0.00366211
-48
-0.00585938
48
0.00585938
173
0.0211182
57
0.00695801
208
0.0253906
84
0.0102539
33
0.00402832
112
0.0136719
-125
-0.0152588
-98
-0.0119629
16
0.00195312
-36
-0.00439453
-12
-0.00146484
124
0.0151367
29
0.00354004
137
0.0167236
-162
-0.0197754
-29
-0.00354004
79
0.00964355
35
0.00427246
164
0.0200195
-235
-0.0286865
-202
-0.0246582
-115
-0.0140381
-180
-0.0219727
139
0.0169678
35
0.00427246
-153
-0.0186768
126
0.0153809
-18
-0.00219727
-98
-0.0119629
-2
-0.000244141
-113
-0.0137939
43
0.00524902
-61
-0.00744629
66
0.00805664
83
0.0101318
-45
-0.00549316
91
0.0111084
79
0.00964355
234
0.0285645
51
0.00622559
94
0.0114746
22
0.00268555
70
0.00854492
-28
-0.00341797
-42
-0.00512695
-36
-0.00439453
10
0.0012207
52
0.00634766
-112
-0.0136719
22
0.00268555
-117
-0.0142822
-8
-0.000976562
-155
-0.0189209
42
0.00512695
59
0.00720215
15
0.00183105
68
0.00830078
-70
-0.00854492
-4
-0.000488281
56
0.00683594
140
0.0170898
5
0.000610352
-9
-0.00109863
285
0.03479
-162
-0.0197754
24
0.00292969
144
0.0175781
33
0.00402832
17
0.0020752
107
0.0130615
-175
-0.0213623
149
0.0181885
-43
-0.00524902
-69
-0.00842285
171
0.020874
-52
-0.00634766
84
0.0102539
13
0.00158691
113
0.0137939
-58
-0.00708008
219
0.0267334
21
0.00256348
168
0.0205078
22
0.00268555
-84
-0.0102539
-39
-0.00476074
-120
-0.0146484
-88
-0.0107422
-41
-0.00500488
95
0.0115967
159
0.0194092
-107
-0.0130615
279
0.0340576
-106
-0.0129395
-179
-0.0218506
-88
-0.0107422
95
0.0115967
0
0
-3
-0.000366211
32
0.00390625
59
0.00720215
-91
-0.0111084
130
0.0158691
91
0.0111084
22
0.00268555
-114
-0.013916
-69
-0.00842285
-68
-0.00830078
155
0.0189209
18
0.00219727
-46
-0.00561523
-35
-0.00427246
-51
-0.00622559
54
0.0065918
-85
-0.010376
-68
-0.00830078
-112
-0.0136719
75
0.00915527
31
0.00378418
43
0.00524902
13
0.00158691
7
0.000854492
-222
-0.0270996
-57
-0.00695801
130
0.0158691
65
0.00793457
-53
-0.00646973
159
0.0194092
114
0.013916
-66
-0.00805664
69
0.00842285
-141
-0.0172119
-169
-0.0206299
92
0.0112305
47
0.0057373
-32
-0.00390625
115
0.0140381
149
0.0181885
-26
-0.00317383
-165
-0.0201416
-177
-0.0216064
-6
-0.000732422
-68
-0.00830078
-63
-0.00769043
74
0.0090332
-13
-0.00158691
-207
-0.0252686
18
0.00219727
80
0.00976562
8
0.000976562
155
0.0189209
88
0.0107422
-8
-0.000976562
-5
-0.000610352
29
0.00354004
116
0.0141602
-26
-0.00317383
22
0.00268555
46
0.00561523
-10
-0.0012207
90
0.0109863
11
0.00134277
59
0.00720215
-50
-0.00610352
126
0.0153809
-55
-0.00671387
-108
-0.0131836
-78
-0.00952148
-122
-0.0148926
-28
-0.00341797
151
0.0184326
-125
-0.0152588
99
0.012085
32
0.00390625
22
0.00268555
69
0.00842285
-29
-0.00354004
-93
-0.0113525
220
0.0268555
63
0.00769043
-46
-0.00561523
-91
-0.0111084
-25
-0.00305176
39
0.00476074
-79
-0.00964355
-22
-0.00268555
-5
-0.000610352
-21
-0.00256348
-60
-0.00732422
10
0.0012207
137
0.0167236
-79
-0.00964355
52
0.00634766
-73
-0.00891113
-314
-0.0383301
-66
-0.00805664
102
0.0124512
18
0.00219727
33
0.00402832
-158
-0.0192871
-49
-0.00598145
24
0.00292969
-2
-0.000244141
-113
-0.0137939
-22
-0.00268555
239
0.0291748
66
0.00805664
-28
-0.00341797
26
0.00317383
119
0.0145264
-25
-0.00305176
22
0.00268555
103
0.0125732
-76
-0.00927734
-312
-0.0380859
-120
-0.0146484
-38
-0.00463867
-15
-0.00183105
190
0.0231934
141
0.0172119
75
0.00915527
-14
-0.00170898
18
0.00219727
-128
-0.015625
-20
-0.00244141
9
0.00109863
-119
-0.0145264
29
0.00354004
-15
-0.00183105
-176
-0.0214844
-191
-0.0233154
-77
-0.00939941
124
0.0151367
160
0.0195312
-145
-0.0177002
-85
-0.010376
-56
-0.00683594
16
0.00195312
-2
-0.000244141
-102
-0.0124512
74
0.0090332
-52
-0.00634766
-42
-0.00512695
129
0.0157471
-68
-0.00830078
153
0.0186768
-44
-0.00537109
-51
-0.00622559
-160
-0.0195312
37
0.0045166
55
0.00671387
-29
-0.00354004
15
0.00183105
29
0.00354004
-12
-0.00146484
6
0.000732422
106
0.0129395
45
0.00549316
33
0.00402832
65
0.00793457
101
0.0123291
55
0.00671387
-4
-0.000488281
-18
-0.00219727
119
0.0145264
-63
-0.00769043
-50
-0.00610352
21
0.00256348
12
0.00146484
-124
-0.0151367
-232
-0.0283203
-11
-0.00134277
-431
-0.0526123
26
0.00317383
-35
-0.00427246
-10
-0.0012207
5
0.000610352
45
0.00549316
-61
-0.00744629
-70
-0.00854492
-205
-0.0250244
-83
-0.0101318
158
0.0192871
144
0.0175781
-86
-0.010498
-12
-0.00146484
-187
-0.0228271
-27
-0.0032959
167
0.0203857
-21
-0.00256348
-92
-0.0112305
31
0.00378418
-73
-0.00891113
-48
-0.00585938
-203
-0.0247803
2
0.000244141
-53
-0.00646973
72
0.00878906
-306
-0.0373535
-20
-0.00244141
-4
-0.000488281
217
0.0264893
35
0.00427246
155
0.0189209
-80
-0.00976562
8
0.000976562
84
0.0102539
-20
-0.00244141
27
0.0032959
-16
-0.00195312
-122
-0.0148926
125
0.0152588
-204
-0.0249023
-13
-0.00158691
-17
-0.0020752
8
0.000976562
202
0.0246582
83
0.0101318
-148
-0.0180664
-89
-0.0108643
3
0.000366211
132
0.0161133
168
0.0205078
30
0.00366211
95
0.0115967
72
0.00878906
239
0.0291748
43
0.00524902
-50
-0.00610352
98
0.0119629
227
0.02771
-71
-0.00866699
-149
-0.0181885
30
0.00366211
-53
-0.00646973
-89
-0.0108643
53
0.00646973
-24
-0.00292969
-162
-0.0197754
-17
-0.0020752
-35
-0.00427246
-39
-0.00476074
-6
-0.000732422
-145
-0.0177002
64
0.0078125
-16
-0.00195312
180
0.0219727
-5
-0.000610352
182
0.0222168
13
0.00158691
-2
-0.000244141
-86
-0.010498
21
0.00256348
-146
-0.0178223
-279
-0.0340576
-27
-0.0032959
-102
-0.0124512
132
0.0161133
-147
-0.0179443
101
0.0123291
-194
-0.0236816
106
0.0129395
-43
-0.00524902
-12
-0.00146484
26
0.00317383
168
0.0205078
-49
-0.00598145
-18
-0.00219727
6
0.000732422
96
0.0117188
46
0.00561523
-192
-0.0234375
-206
-0.0251465
-63
-0.00769043
5
0.000610352
111
0.0135498
-217
-0.0264893
-39
-0.00476074
178
0.0217285
-22
-0.00268555
167
0.0203857
60
0.00732422
234
0.0285645
-62
-0.00756836
-5
-0.000610352
-94
-0.0114746
-133
-0.0162354
-93
-0.0113525
96
0.0117188
92
0.0112305
-64
-0.0078125
45
0.00549316
-34
-0.00415039
-10
-0.0012207
87
0.0106201
92
0.0112305
36
0.00439453
84
0.0102539
223
0.0272217
23
0.00280762
-287
-0.0350342
97
0.0118408
-9
-0.00109863
-11
-0.00134277
17
0.0020752
99
0.012085
-140
-0.0170898
34
0.00415039
166
0.0202637
31
0.00378418
87
0.0106201
55
0.00671387
158
0.0192871
-119
-0.0145264
30
0.00366211
-187
-0.0228271
-46
-0.00561523
35
0.00427246
-299
-0.036499
-30
-0.00366211
1
0.00012207
-2
-0.000244141
23
0.00280762
117
0.0142822
95
0.0115967
-18
-0.00219727
56
0.00683594
-48
-0.00585938
-17
-0.0020752
-141
-0.0172119
-57
-0.00695801
20
0.00244141
-145
-0.0177002
57
0.00695801
56
0.00683594
65
0.00793457
257
0.0313721
-101
-0.0123291
104
0.0126953
78
0.00952148
-23
-0.00280762
-182
-0.0222168
-82
-0.0100098
143
0.0174561
26
0.00317383
-4
-0.000488281
-48
-0.00585938
48
0.00585938
-257
-0.0313721
-5
-0.000610352
116
0.0141602
5
0.000610352
-95
-0.0115967
-65
-0.00793457
3
0.000366211
-68
-0.00830078
-214
-0.026123
59
0.00720215
101
0.0123291
9
0.00109863
-207
-0.0252686
-2
-0.000244141
-104
-0.0126953
-24
-0.00292969
-127
-0.0155029
-68
-0.00830078
-64
-0.0078125
3
0.000366211
118
0.0144043
180
0.0219727
204
0.0249023
-84
-0.0102539
162
0.0197754
45
0.00549316
85
0.010376
208
0.0253906
-55
-0.00671387
173
0.0211182
-28
-0.00341797
-46
-0.00561523
-105
-0.0128174
169
0.0206299
133
0.0162354
33
0.00402832
-120
-0.0146484
-108
-0.0131836
188
0.0229492
-207
-0.0252686
-155
-0.0189209
113
0.0137939
17
0.0020752
-171
-0.020874
-9
-0.00109863
-4
-0.000488281
-114
-0.013916
-17
-0.0020752
132
0.0161133
135
0.0164795
112
0.0136719
-33
-0.00402832
61
0.00744629
66
0.00805664
-26
-0.00317383
15
0.00183105
-24
-0.00292969
-8
-0.000976562
-46
-0.00561523
55
0.00671387
127
0.0155029
57
0.00695801
21
0.00256348
-121
-0.0147705
87
0.0106201
-21
-0.00256348
-82
-0.0100098
135
0.0164795
-63
-0.00769043
79
0.00964355
-125
-0.0152588
101
0.0123291
82
0.0100098
49
0.00598145
-34
-0.00415039
-86
-0.010498
-15
-0.00183105
-39
-0.00476074
1
0.00012207
134
0.0163574
282
0.0344238
100
0.012207
-4
-0.000488281
-77
-0.00939941
6
0.000732422
80
0.00976562
133
0.0162354
-39
-0.00476074
68
0.00830078
63
0.00769043
-139
-0.0169678
5
0.000610352
16
0.00195312
-10
-0.0012207
174
0.0212402
-95
-0.0115967
-43
-0.00524902
4
0.000488281
84
0.0102539
-78
-0.00952148
-87
-0.0106201
-57
-0.00695801
-100
-0.012207
37
0.0045166
186
0.0227051
-53
-0.00646973
-49
-0.00598145
-88
-0.0107422
29
0.00354004
79
0.00964355
97
0.0118408
84
0.0102539
61
0.00744629
92
0.0112305
66
0.00805664
89
0.0108643
131
0.0159912
15
0.00183105
150
0.0183105
27
0.0032959
61
0.00744629
-61
-0.00744629
43
0.00524902
49
0.00598145
46
0.00561523
-102
-0.0124512
-197
-0.0240479
121
0.0147705
-18
-0.00219727
18
0.00219727
211
0.0257568
41
0.00500488
-90
-0.0109863
-34
-0.00415039
-171
-0.020874
-31
-0.00378418
143
0.0174561
-29
-0.00354004
3
0.000366211
40
0.00488281
-54
-0.0065918
-126
-0.0153809
-210
-0.0256348
-69
-0.00842285
29
0.00354004
-161
-0.0196533
168
0.0205078
18
0.00219727
60
0.00732422
-65
-0.00793457
-125
-0.0152588
-13
-0.00158691
-63
-0.00769043
22
0.00268555
300
0.0366211
55
0.00671387
40
0.00488281
-27
-0.0032959
-157
-0.019165
50
0.00610352
103
0.0125732
-31
-0.00378418
13
0.00158691
92
0.0112305
-23
-0.00280762
119
0.0145264
88
0.0107422
108
0.0131836
124
0.0151367
112
0.0136719
-240
-0.0292969
135
0.0164795
165
0.0201416
90
0.0109863
-32
-0.00390625
-23
-0.00280762
349
0.0426025
3
0.000366211
-82
-0.0100098
27
0.0032959
56
0.00683594
-2
-0.000244141
-89
-0.0108643
-82
-0.0100098
-35
-0.00427246
-58
-0.00708008
147
0.0179443
-47
-0.0057373
-31
-0.00378418
138
0.0168457
82
0.0100098
12
0.00146484
-2
-0.000244141
4
0.000488281
69
0.00842285
39
0.00476074
9
0.00109863
65
0.00793457
-9
-0.00109863
18
0.00219727
-130
-0.0158691
-85
-0.010376
89
0.0108643
3
0.000366211
-110
-0.0134277
18
0.00219727
-48
-0.00585938
135
0.0164795
-13
-0.00158691
-17
-0.0020752
-24
-0.00292969
-81
-0.0098877
-20
-0.00244141
44
0.00537109
-26
-0.00317383
42
0.00512695
-166
-0.0202637
106
0.0129395
131
0.0159912
-186
-0.0227051
37
0.0045166
-46
-0.00561523
34
0.00415039
107
0.0130615
63
0.00769043
4
0.000488281
28
0.00341797
58
0.00708008
213
0.026001
-31
-0.00378418
44
0.00537109
93
0.0113525
62
0.00756836
130
0.0158691
-64
-0.0078125
84
0.0102539
-51
-0.00622559
-1
-0.00012207
-17
-0.0020752
56
0.00683594
134
0.0163574
-21
-0.00256348
-84
-0.0102539
-24
-0.00292969
-40
-0.00488281
8
0.000976562
-101
-0.0123291
-36
-0.00439453
-172
-0.0209961
18
0.00219727
307
0.0374756
11
0.00134277
6
0.000732422
67
0.00817871
246
0.0300293
-25
-0.00305176
-219
-0.0267334
-212
-0.0258789
118
0.0144043
-48
-0.00585938
85
0.010376
18
0.00219727
-153
-0.0186768
19
0.00231934
-45
-0.00549316
-23
-0.00280762
-32
-0.00390625
38
0.00463867
60
0.00732422
58
0.00708008
64
0.0078125
-102
-0.0124512
104
0.0126953
17
0.0020752
-175
-0.0213623
-42
-0.00512695
121
0.0147705
5
0.000610352
148
0.0180664
-106
-0.0129395
-52
-0.00634766
38
0.00463867
195
0.0238037
-224
-0.0273438
-40
-0.00488281
106
0.0129395
227
0.02771
128
0.015625
53
0.00646973
60
0.00732422
165
0.0201416
125
0.0152588
-96
-0.0117188
107
0.0130615
-8
-0.000976562
42
0.00512695
-21
-0.00256348
-33
-0.00402832
71
0.00866699
48
0.00585938
262
0.0319824
-60
-0.00732422
95
0.0115967
-40
-0.00488281
-98
-0.0119629
-23
-0.00280762
-100
-0.012207
-84
-0.0102539
-242
-0.029541
226
0.0275879
-31
-0.00378418
42
0.00512695
20
0.00244141
-12
-0.00146484
9
0.00109863
43
0.00524902
30
0.00366211
-51
-0.00622559
210
0.0256348
9
0.00109863
190
0.0231934
-19
-0.00231934
268
0.0327148
1
0.00012207
46
0.00561523
78
0.00952148
50
0.00610352
-55
-0.00671387
274
0.0334473
-62
-0.00756836
-31
-0.00378418
94
0.0114746
65
0.00793457
-89
-0.0108643
-6
-0.000732422
113
0.0137939
-279
-0.0340576
-28
-0.00341797
126
0.0153809
96
0.0117188
5
0.000610352
-236
-0.0288086
3
0.000366211
108
0.0131836
-82
-0.0100098
8
0.000976562
102
0.0124512
16
0.00195312
77
0.00939941
-119
-0.0145264
-81
-0.0098877
3
0.000366211
-109
-0.0133057
-1
-0.00012207
-112
-0.0136719
78
0.00952148
-87
-0.0106201
215
0.0262451
89
0.0108643
-29
-0.00354004
-86
-0.010498
5
0.000610352
48
0.00585938
202
0.0246582
54
0.0065918
71
0.00866699
-92
-0.0112305
-14
-0.00170898
-246
-0.0300293
119
0.0145264
66
0.00805664
11
0.00134277
178
0.0217285
146
0.0178223
-45
-0.00549316
78
0.00952148
50
0.00610352
-223
-0.0272217
-47
-0.0057373
-162
-0.0197754
-86
-0.010498
-119
-0.0145264
49
0.00598145
58
0.00708008
-61
-0.00744629
42
0.00512695
181
0.0220947
46
0.00561523
236
0.0288086
-66
-0.00805664
-20
-0.00244141
-35
-0.00427246
-163
-0.0198975
9
0.00109863
82
0.0100098
-73
-0.00891113
-167
-0.0203857
-72
-0.00878906
92
0.0112305
-72
-0.00878906
264
0.0322266
-54
-0.0065918
-191
-0.0233154
-121
-0.0147705
117
0.0142822
-74
-0.0090332
118
0.0144043
-17
-0.0020752
260
0.0317383
-129
-0.0157471
122
0.0148926
-35
-0.00427246
156
0.019043
-120
-0.0146484
5
0.000610352
11
0.00134277
-100
-0.012207
56
0.00683594
-23
-0.00280762
-45
-0.00549316
-50
-0.00610352
82
0.0100098
-111
-0.0135498
-68
-0.00830078
-121
-0.0147705
-75
-0.00915527
-48
-0.00585938
23
0.00280762
23
0.00280762
42
0.00512695
9
0.00109863
89
0.0108643
-96
-0.0117188
-105
-0.0128174
114
0.013916
13
0.00158691
-210
-0.0256348
42
0.00512695
-8
-0.000976562
-17
-0.0020752
-69
-0.00842285
87
0.0106201
193
0.0235596
-91
-0.0111084
-247
-0.0301514
-3
-0.000366211
8
0.000976562
81
0.0098877
117
0.0142822
-31
-0.00378418
-15
-0.00183105
27
0.0032959
126
0.0153809
-18
-0.00219727
-155
-0.0189209
83
0.0101318
-365
-0.0445557
-232
-0.0283203
-250
-0.0305176
-78
-0.00952148
-89
-0.0108643
-63
-0.00769043
172
0.0209961
2
0.000244141
80
0.00976562
-14
-0.00170898
-47
-0.0057373
100
0.012207
-64
-0.0078125
-47
-0.0057373
172
0.0209961
-271
-0.0330811
94
0.0114746
-19
-0.00231934
126
0.0153809
56
0.00683594
-118
-0.0144043
-198
-0.0241699
-67
-0.00817871
80
0.00976562
-85
-0.010376
108
0.0131836
-1
-0.00012207
60
0.00732422
-15
-0.00183105
45
0.00549316
-27
-0.0032959
46
0.00561523
40
0.00488281
-63
-0.00769043
-22
-0.00268555
67
0.00817871
-42
-0.00512695
-96
-0.0117188
-135
-0.0164795
-25
-0.00305176
147
0.0179443
3
0.000366211
20
0.00244141
126
0.0153809
-46
-0.00561523
22
0.00268555
-171
-0.020874
-58
-0.00708008
-185
-0.022583
27
0.0032959
-64
-0.0078125
32
0.00390625
251
0.0306396
108
0.0131836
-20
-0.00244141
64
0.0078125
55
0.00671387
25
0.00305176
-90
-0.0109863
-37
-0.0045166
-63
-0.00769043
-10
-0.0012207
-15
-0.00183105
30
0.00366211
60
0.00732422
-5
-0.000610352
201
0.0245361
48
0.00585938
23
0.00280762
57
0.00695801
-268
-0.0327148
19
0.00231934
72
0.00878906
-40
-0.00488281
136
0.0166016
-4
-0.000488281
100
0.012207
129
0.0157471
96
0.0117188
0
0
333
0.0406494
-7
-0.000854492
-86
-0.010498
-6
-0.000732422
-47
-0.0057373
-3
-0.000366211
97
0.0118408
-51
-0.00622559
65
0.00793457
75
0.00915527
170
0.020752
-1
-0.00012207
-104
-0.0126953
55
0.00671387
-125
-0.0152588
41
0.00500488
199
0.024292
107
0.0130615
129
0.0157471
-67
-0.00817871
-48
-0.00585938
68
0.00830078
175
0.0213623
16
0.00195312
20
0.00244141
-45
-0.00549316
88
0.0107422
-139
-0.0169678
7
0.000854492
69
0.00842285
70
0.00854492
47
0.0057373
168
0.0205078
-10
-0.0012207
-84
-0.0102539
-61
-0.00744629
297
0.0362549
110
0.0134277
59
0.00720215
25
0.00305176
-258
-0.0314941
-77
-0.00939941
-249
-0.0303955
-29
-0.00354004
-177
-0.0216064
116
0.0141602
275
0.0335693
-10
-0.0012207
-38
-0.00463867
147
0.0179443
8
0.000976562
221
0.0269775
-93
-0.0113525
-36
-0.00439453
-67
-0.00817871
67
0.00817871
33
0.00402832
75
0.00915527
-60
-0.00732422
34
0.00415039
58
0.00708008
-15
-0.00183105
40
0.00488281
90
0.0109863
4
0.000488281
18
0.00219727
-95
-0.0115967
138
0.0168457
-276
-0.0336914
-150
-0.0183105
236
0.0288086
72
0.00878906
-5
-0.000610352
-18
-0.00219727
153
0.0186768
-14
-0.00170898
168
0.0205078
-98
-0.0119629
95
0.0115967
54
0.0065918
114
0.013916
28
0.00341797
-13
-0.00158691
160
0.0195312
-164
-0.0200195
18
0.00219727
48
0.00585938
6
0.000732422
-43
-0.00524902
-23
-0.00280762
93
0.0113525
-38
-0.00463867
15
0.00183105
77
0.00939941
-22
-0.00268555
45
0.00549316
89
0.0108643
38
0.00463867
-10
-0.0012207
-115
-0.0140381
387
0.0472412
44
0.00537109
-5
-0.000610352
12
0.00146484
83
0.0101318
-88
-0.0107422
-72
-0.00878906
103
0.0125732
319
0.0389404
10
0.0012207
185
0.022583
58
0.00708008
100
0.012207
55
0.00671387
175
0.0213623
-45
-0.00549316
-53
-0.00646973
33
0.00402832
-64
-0.0078125
187
0.0228271
-60
-0.00732422
99
0.012085
3
0.000366211
-45
-0.00549316
