-216
-0.0093224
9
0.000388433
-178
-0.00768235
-83
-0.00358222
58
0.00250324
-15
-0.000647389
-439
-0.0189469
44
0.00189901
-106
-0.00457488
-259
-0.0111782
-90
-0.00388433
-84
-0.00362538
-368
-0.0158826
-88
-0.00379801
108
0.0046612
100
0.00431593
-68
-0.00293483
97
0.00418645
725
0.0312905
-31
-0.00133794
244
0.0105309
24
0.00103582
-348
-0.0150194
-30
-0.00129478
-205
-0.00884765
142
0.00612861
310
0.0133794
46
0.00198533
170
0.00733707
184
0.0079413
-261
-0.0112646
197
0.00850237
-141
-0.00608546
-126
-0.00543807
486
0.0209754
-123
-0.00530859
40
0.00172637
53
0.00228744
171
0.00738023
124
0.00535175
-98
-0.00422961
72
0.00310747
-556
-0.0239965
-69
-0.00297799
-16
-0.000690548
136
0.00586966
482
0.0208028
263
0.0113509
-38
-0.00164005
-39
-0.00168321
-82
-0.00353906
8
0.000345274
-323
-0.0139404
-8
-0.000345274
-200
-0.00863185
-36
-0.00155373
-58
-0.00250324
92
0.00397065
-351
-0.0151489
76
0.0032801
-301
-0.0129909
-169
-0.00729391
-68
-0.00293483
-329
-0.0141994
339
0.014631
-193
-0.00832974
46
0.00198533
209
0.00902028
401
0.0173069
-45
-0.00194217
-58
-0.00250324
-248
-0.0107035
341
0.0147173
-136
-0.00586966
-216
-0.0093224
-93
-0.00401381
142
0.00612861
262
0.0113077
528
0.0227881
-258
-0.0111351
-55
-0.00237376
-90
-0.00388433
130
0.0056107
186
0.00802762
41
0.00176953
194
0.0083729
75
0.00323694
-99
-0.00427277
-149
-0.00643073
-74
-0.00319379
-262
-0.0113077
62
0.00267587
-447
-0.0192922
-144
-0.00621493
343
0.0148036
85
0.00366854
-295
-0.012732
92
0.00397065
229
0.00988347
-198
-0.00854553
-227
-0.00979715
-27
-0.0011653
377
0.016271
32
0.0013811
7
0.000302115
-65
-0.00280535
216
0.0093224
14
0.00060423
-262
-0.0113077
149
0.00643073
-228
-0.00984031
-17
-0.000733707
116
0.00500647
29
0.00125162
-29
-0.00125162
117
0.00504963
157
0.006776
1
4.31593e-05
360
0.0155373
-266
-0.0114804
-322
-0.0138973
75
0.00323694
421
0.01817
319
0.0137678
434
0.0187311
102
0.00440224
876
0.0378075
-65
-0.00280535
47
0.00202849
-81
-0.0034959
322
0.0138973
94
0.00405697
-227
-0.00979715
-157
-0.006776
519
0.0223997
87
0.00375486
465
0.0200691
122
0.00526543
191
0.00824342
80
0.00345274
-43
-0.00185585
-146
-0.00630125
507
0.0218817
153
0.00660337
210
0.00906344
-144
-0.00621493
-2
-8.63185e-05
283
0.0122141
-417
-0.0179974
14
0.00060423
-4
-0.000172637
185
0.00798446
46
0.00198533
51
0.00220112
321
0.0138541
27
0.0011653
-397
-0.0171342
-24
-0.00103582
281
0.0121278
-25
-0.00107898
-110
-0.00474752
-268
-0.0115667
-193
-0.00832974
44
0.00189901
-230
-0.00992663
268
0.0115667
469
0.0202417
36
0.00155373
19
0.000820026
35
0.00151057
342
0.0147605
25
0.00107898
-721
-0.0311178
-58
-0.00250324
256
0.0110488
238
0.0102719
-269
-0.0116098
-93
-0.00401381
194
0.0083729
40
0.00172637
-212
-0.00914976
-37
-0.00159689
53
0.00228744
-35
-0.00151057
115
0.00496331
81
0.0034959
330
0.0142426
-187
-0.00807078
-455
-0.0196375
159
0.00686232
245
0.010574
-10
-0.000431593
-599
-0.0258524
-53
-0.00228744
-145
-0.00625809
43
0.00185585
61
0.00263271
91
0.00392749
346
0.0149331
165
0.00712128
-117
-0.00504963
-38
-0.00164005
112
0.00483384
18
0.000776867
-458
-0.0197669
224
0.00966767
-192
-0.00828658
-70
-0.00302115
-211
-0.0091066
213
0.00919292
80
0.00345274
-62
-0.00267587
140
0.0060423
-29
-0.00125162
-350
-0.0151057
-27
-0.0011653
-206
-0.00889081
-88
-0.00379801
39
0.00168321
-84
-0.00362538
-388
-0.0167458
75
0.00323694
-333
-0.014372
108
0.0046612
240
0.0103582
252
0.0108761
-62
-0.00267587
-88
-0.00379801
63
0.00271903
35
0.00151057
-21
-0.000906344
194
0.0083729
136
0.00586966
-163
-0.00703496
332
0.0143289
-223
-0.00962451
88
0.00379801
47
0.00202849
-764
-0.0329737
-14
-0.00060423
-10
-0.000431593
165
0.00712128
-274
-0.0118256
23
0.000992663
-546
-0.023565
-96
-0.00414329
-295
-0.012732
-13
-0.00056107
-353
-0.0152352
-196
-0.00845921
-277
-0.0119551
253
0.0109193
12
0.000517911
-10
-0.000431593
701
0.0302546
31
0.00133794
-55
-0.00237376
39
0.00168321
-134
-0.00578334
-143
-0.00617177
260
0.0112214
-222
-0.00958136
-431
-0.0186016
-99
-0.00427277
-101
-0.00435909
-23
-0.000992663
55
0.00237376
43
0.00185585
7
0.000302115
-16
-0.000690548
325
0.0140268
285
0.0123004
-49
-0.0021148
5
0.000215796
-373
-0.0160984
-197
-0.00850237
527
0.0227449
60
0.00258956
221
0.0095382
164
0.00707812
-387
-0.0167026
83
0.00358222
289
0.012473
27
0.0011653
-253
-0.0109193
-50
-0.00215796
191
0.00824342
-33
-0.00142426
223
0.00962451
-144
-0.00621493
-40
-0.00172637
-216
-0.0093224
136
0.00586966
189
0.0081571
-229
-0.00988347
-218
-0.00940872
-208
-0.00897713
122
0.00526543
-296
-0.0127751
79
0.00340958
-540
-0.023306
134
0.00578334
-774
-0.0334053
-36
-0.00155373
-791
-0.034139
-282
-0.0121709
-67
-0.00289167
-11
-0.000474752
-152
-0.00656021
-72
-0.00310747
-144
-0.00621493
-110
-0.00474752
-154
-0.00664653
-74
-0.00319379
-301
-0.0129909
-11
-0.000474752
112
0.00483384
40
0.00172637
58
0.00250324
25
0.00107898
-160
-0.00690548
-3
-0.000129478
10
0.000431593
-70
-0.00302115
208
0.00897713
-68
-0.00293483
284
0.0122572
125
0.00539491
419
0.0180837
43
0.00185585
-102
-0.00440224
202
0.00871817
16
0.000690548
-16
-0.000690548
347
0.0149763
96
0.00414329
-606
-0.0261545
148
0.00638757
-203
-0.00876133
-42
-0.00181269
447
0.0192922
-298
-0.0128615
-17
-0.000733707
147
0.00634441
399
0.0172205
13
0.00056107
231
0.00996979
144
0.00621493
-83
-0.00358222
-110
-0.00474752
458
0.0197669
115
0.00496331
-326
-0.0140699
-48
-0.00207164
77
0.00332326
102
0.00440224
-291
-0.0125593
34
0.00146741
225
0.00971083
-3
-0.000129478
309
0.0133362
121
0.00522227
-85
-0.00366854
121
0.00522227
594
0.0256366
-18
-0.000776867
690
0.0297799
-4
-0.000172637
-415
-0.0179111
-128
-0.00552438
82
0.00353906
38
0.00164005
342
0.0147605
67
0.00289167
-109
-0.00470436
58
0.00250324
891
0.0384549
-226
-0.00975399
116
0.00500647
-94
-0.00405697
279
0.0120414
129
0.00556754
-611
-0.0263703
147
0.00634441
-17
-0.000733707
153
0.00660337
555
0.0239534
32
0.0013811
25
0.00107898
254
0.0109625
147
0.00634441
162
0.0069918
-718
-0.0309883
81
0.0034959
488
0.0210617
51
0.00220112
-233
-0.0100561
158
0.00681916
-309
-0.0133362
116
0.00500647
334
0.0144152
33
0.00142426
516
0.0222702
-172
-0.00742339
505
0.0217954
133
0.00574018
-376
-0.0162279
-444
-0.0191627
-142
-0.00612861
241
0.0104014
231
0.00996979
-160
-0.00690548
551
0.0237808
111
0.00479068
-209
-0.00902028
-2
-8.63185e-05
-305
-0.0131636
312
0.0134657
44
0.00189901
178
0.00768235
-2
-8.63185e-05
23
0.000992663
-16
-0.000690548
101
0.00435909
-418
-0.0180406
75
0.00323694
332
0.0143289
52
0.00224428
14
0.00060423
180
0.00776867
-477
-0.020587
-135
-0.0058265
287
0.0123867
-62
-0.00267587
540
0.023306
-114
-0.00492016
801
0.0345706
-214
-0.00923608
-148
-0.00638757
-202
-0.00871817
195
0.00841606
118
0.00509279
380
0.0164005
-144
-0.00621493
440
0.0189901
15
0.000647389
421
0.01817
-52
-0.00224428
68
0.00293483
28
0.00120846
88
0.00379801
-30
-0.00129478
103
0.0044454
-219
-0.00945188
444
0.0191627
-122
-0.00526543
-8
-0.000345274
-54
-0.0023306
268
0.0115667
-35
-0.00151057
-153
-0.00660337
79
0.00340958
-439
-0.0189469
-14
-0.00060423
-305
-0.0131636
-121
-0.00522227
-147
-0.00634441
210
0.00906344
-49
-0.0021148
177
0.00763919
-202
-0.00871817
-227
-0.00979715
-474
-0.0204575
-125
-0.00539491
-516
-0.0222702
147
0.00634441
238
0.0102719
189
0.0081571
-54
-0.0023306
165
0.00712128
536
0.0231334
155
0.00668968
-120
-0.00517911
9
0.000388433
-478
-0.0206301
-62
-0.00267587
-236
-0.0101856
-153
-0.00660337
477
0.020587
-167
-0.0072076
187
0.00807078
-208
-0.00897713
-171
-0.00738023
-185
-0.00798446
475
0.0205006
47
0.00202849
14
0.00060423
7
0.000302115
-139
-0.00599914
-24
-0.00103582
155
0.00668968
70
0.00302115
-57
-0.00246008
26
0.00112214
-211
-0.0091066
77
0.00332326
-338
-0.0145878
-193
-0.00832974
-356
-0.0153647
-33
-0.00142426
-91
-0.00392749
-252
-0.0108761
309
0.0133362
-69
-0.00297799
242
0.0104445
-336
-0.0145015
4
0.000172637
-12
-0.000517911
89
0.00384117
15
0.000647389
-344
-0.0148468
-188
-0.00811394
-258
-0.0111351
101
0.00435909
573
0.0247303
50
0.00215796
-74
-0.00319379
-27
-0.0011653
626
0.0270177
31
0.00133794
275
0.0118688
123
0.00530859
-628
-0.027104
-323
-0.0139404
-147
-0.00634441
41
0.00176953
219
0.00945188
-263
-0.0113509
383
0.01653
-1
-4.31593e-05
-34
-0.00146741
-73
-0.00315063
-406
-0.0175227
-270
-0.011653
147
0.00634441
-90
-0.00388433
-10
-0.000431593
118
0.00509279
-393
-0.0169616
-169
-0.00729391
117
0.00504963
69
0.00297799
-34
-0.00146741
36
0.00155373
-261
-0.0112646
-34
-0.00146741
-236
-0.0101856
-257
-0.0110919
298
0.0128615
-18
-0.000776867
34
0.00146741
-326
-0.0140699
204
0.00880449
-38
-0.00164005
69
0.00297799
-103
-0.0044454
355
0.0153215
296
0.0127751
-9
-0.000388433
81
0.0034959
-198
-0.00854553
-35
-0.00151057
-325
-0.0140268
192
0.00828658
-613
-0.0264566
50
0.00215796
-220
-0.00949504
209
0.00902028
-316
-0.0136383
63
0.00271903
-146
-0.00630125
-274
-0.0118256
-363
-0.0156668
-79
-0.00340958
66
0.00284851
187
0.00807078
116
0.00500647
-202
-0.00871817
275
0.0118688
-44
-0.00189901
488
0.0210617
170
0.00733707
240
0.0103582
-17
-0.000733707
176
0.00759603
-66
-0.00284851
-189
-0.0081571
191
0.00824342
-170
-0.00733707
-27
-0.0011653
-506
-0.0218386
-23
-0.000992663
-242
-0.0104445
-114
-0.00492016
-243
-0.0104877
4
0.000172637
582
0.0251187
-189
-0.0081571
243
0.0104877
318
0.0137246
-397
-0.0171342
-72
-0.00310747
-282
-0.0121709
-150
-0.00647389
84
0.00362538
-13
-0.00056107
8
0.000345274
-110
-0.00474752
439
0.0189469
4
0.000172637
-316
-0.0136383
-149
-0.00643073
254
0.0109625
50
0.00215796
-529
-0.0228312
50
0.00215796
-336
-0.0145015
37
0.00159689
368
0.0158826
134
0.00578334
155
0.00668968
-177
-0.00763919
-196
-0.00845921
169
0.00729391
28
0.00120846
73
0.00315063
-226
-0.00975399
-106
-0.00457488
130
0.0056107
155
0.00668968
-340
-0.0146741
-171
-0.00738023
475
0.0205006
-18
-0.000776867
428
0.0184722
-15
-0.000647389
347
0.0149763
-29
-0.00125162
42
0.00181269
5
0.000215796
-519
-0.0223997
-121
-0.00522227
-446
-0.019249
-36
-0.00155373
-366
-0.0157963
48
0.00207164
97
0.00418645
-32
-0.0013811
586
0.0252913
-120
-0.00517911
146
0.00630125
-77
-0.00332326
169
0.00729391
187
0.00807078
106
0.00457488
117
0.00504963
199
0.00858869
358
0.015451
91
0.00392749
-112
-0.00483384
111
0.00479068
-132
-0.00569702
-145
-0.00625809
17
0.000733707
-545
-0.0235218
-261
-0.0112646
-474
-0.0204575
168
0.00725076
-217
-0.00936556
109
0.00470436
-1125
-0.0485542
106
0.00457488
-25
-0.00107898
85
0.00366854
42
0.00181269
-27
-0.0011653
525
0.0226586
91
0.00392749
486
0.0209754
75
0.00323694
141
0.00608546
-6
-0.000258956
484
0.0208891
-40
-0.00172637
29
0.00125162
138
0.00595598
427
0.018429
20
0.000863185
412
0.0177816
2
8.63185e-05
486
0.0209754
23
0.000992663
82
0.00353906
-44
-0.00189901
624
0.0269314
-145
-0.00625809
-169
-0.00729391
-123
-0.00530859
153
0.00660337
-18
-0.000776867
-253
-0.0109193
170
0.00733707
-164
-0.00707812
-238
-0.0102719
125
0.00539491
-77
-0.00332326
-159
-0.00686232
138
0.00595598
182
0.00785498
11
0.000474752
24
0.00103582
41
0.00176953
39
0.00168321
-62
-0.00267587
162
0.0069918
-33
-0.00142426
-118
-0.00509279
139
0.00599914
133
0.00574018
-181
-0.00781183
51
0.00220112
192
0.00828658
73
0.00315063
168
0.00725076
124
0.00535175
53
0.00228744
263
0.0113509
-207
-0.00893397
-264
-0.011394
-208
-0.00897713
64
0.00276219
126
0.00543807
-159
-0.00686232
129
0.00556754
383
0.01653
-154
-0.00664653
268
0.0115667
85
0.00366854
241
0.0104014
-175
-0.00755287
-472
-0.0203712
170
0.00733707
53
0.00228744
264
0.011394
272
0.0117393
-47
-0.00202849
-273
-0.0117825
61
0.00263271
505
0.0217954
163
0.00703496
-257
-0.0110919
153
0.00660337
703
0.030341
80
0.00345274
360
0.0155373
193
0.00832974
-781
-0.0337074
-208
-0.00897713
-288
-0.0124299
-241
-0.0104014
-56
-0.00241692
109
0.00470436
-108
-0.0046612
82
0.00353906
-297
-0.0128183
17
0.000733707
-400
-0.0172637
57
0.00246008
543
0.0234355
13
0.00056107
1236
0.0533448
35
0.00151057
-40
-0.00172637
170
0.00733707
490
0.021148
130
0.0056107
-288
-0.0124299
65
0.00280535
91
0.00392749
133
0.00574018
47
0.00202849
-38
-0.00164005
-21
-0.000906344
-91
-0.00392749
-480
-0.0207164
-239
-0.0103151
105
0.00453172
145
0.00625809
-304
-0.0131204
-48
-0.00207164
-41
-0.00176953
-186
-0.00802762
649
0.0280104
-68
-0.00293483
83
0.00358222
-104
-0.00448856
362
0.0156237
119
0.00513595
61
0.00263271
-254
-0.0109625
731
0.0315494
-287
-0.0123867
-864
-0.0372896
-282
-0.0121709
-95
-0.00410013
-223
-0.00962451
-381
-0.0164437
-31
-0.00133794
223
0.00962451
-143
-0.00617177
-240
-0.0103582
77
0.00332326
-351
-0.0151489
-46
-0.00198533
-29
-0.00125162
19
0.000820026
237
0.0102287
123
0.00530859
298
0.0128615
329
0.0141994
-565
-0.024385
-17
-0.000733707
214
0.00923608
206
0.00889081
494
0.0213207
76
0.0032801
-141
-0.00608546
173
0.00746655
286
0.0123435
218
0.00940872
-554
-0.0239102
97
0.00418645
-512
-0.0220975
5
0.000215796
72
0.00310747
-62
-0.00267587
129
0.00556754
-75
-0.00323694
19
0.000820026
100
0.00431593
-257
-0.0110919
-94
-0.00405697
100
0.00431593
-111
-0.00479068
273
0.0117825
-297
-0.0128183
-23
-0.000992663
116
0.00500647
150
0.00647389
-143
-0.00617177
487
0.0210186
-28
-0.00120846
-324
-0.0139836
79
0.00340958
-170
-0.00733707
-47
-0.00202849
-47
-0.00202849
37
0.00159689
116
0.00500647
0
0
72
0.00310747
-42
-0.00181269
323
0.0139404
137
0.00591282
-267
-0.0115235
-86
-0.0037117
-109
-0.00470436
98
0.00422961
-214
-0.00923608
91
0.00392749
-591
-0.0255071
0
0
62
0.00267587
-41
-0.00176953
169
0.00729391
-244
-0.0105309
-79
-0.00340958
153
0.00660337
-236
-0.0101856
-238
-0.0102719
-313
-0.0135088
-258
-0.0111351
-211
-0.0091066
-231
-0.00996979
-126
-0.00543807
-19
-0.000820026
-202
-0.00871817
-72
-0.00310747
-30
-0.00129478
304
0.0131204
-513
-0.0221407
46
0.00198533
260
0.0112214
-127
-0.00548123
-22
-0.000949504
157
0.006776
193
0.00832974
89
0.00384117
-262
-0.0113077
-107
-0.00461804
388
0.0167458
-441
-0.0190332
125
0.00539491
239
0.0103151
239
0.0103151
-404
-0.0174363
136
0.00586966
121
0.00522227
352
0.0151921
95
0.00410013
-625
-0.0269745
60
0.00258956
-88
-0.00379801
53
0.00228744
495
0.0213638
-9
-0.000388433
74
0.00319379
-164
-0.00707812
106
0.00457488
-34
-0.00146741
33
0.00142426
-293
-0.0126457
-313
-0.0135088
113
0.004877
14
0.00060423
36
0.00155373
-117
-0.00504963
256
0.0110488
-502
-0.0216659
-59
-0.0025464
59
0.0025464
-285
-0.0123004
-86
-0.0037117
-237
-0.0102287
-136
-0.00586966
-129
-0.00556754
-66
-0.00284851
209
0.00902028
153
0.00660337
3
0.000129478
-15
-0.000647389
264
0.011394
-368
-0.0158826
-141
-0.00608546
429
0.0185153
-114
-0.00492016
281
0.0121278
-125
-0.00539491
-374
-0.0161416
-73
-0.00315063
100
0.00431593
-108
-0.0046612
-293
-0.0126457
72
0.00310747
91
0.00392749
88
0.00379801
-127
-0.00548123
-163
-0.00703496
-134
-0.00578334
64
0.00276219
111
0.00479068
29
0.00125162
180
0.00776867
43
0.00185585
-54
-0.0023306
328
0.0141562
-89
-0.00384117
-74
-0.00319379
99
0.00427277
14
0.00060423
391
0.0168753
-45
-0.00194217
103
0.0044454
-31
-0.00133794
155
0.00668968
260
0.0112214
-468
-0.0201985
57
0.00246008
-135
-0.0058265
-81
-0.0034959
-65
-0.00280535
17
0.000733707
171
0.00738023
66
0.00284851
64
0.00276219
-76
-0.0032801
-168
-0.00725076
223
0.00962451
171
0.00738023
-100
-0.00431593
76
0.0032801
-77
-0.00332326
-339
-0.014631
47
0.00202849
-603
-0.026025
-48
-0.00207164
-325
-0.0140268
137
0.00591282
-384
-0.0165732
-37
-0.00159689
87
0.00375486
-130
-0.0056107
-453
-0.0195511
-36
-0.00155373
-50
-0.00215796
-56
-0.00241692
-316
-0.0136383
124
0.00535175
-507
-0.0218817
-110
-0.00474752
76
0.0032801
-116
-0.00500647
-243
-0.0104877
-186
-0.00802762
122
0.00526543
271
0.0116962
481
0.0207596
64
0.00276219
-326
-0.0140699
299
0.0129046
155
0.00668968
-36
-0.00155373
654
0.0282262
-19
-0.000820026
238
0.0102719
-224
-0.00966767
194
0.0083729
37
0.00159689
53
0.00228744
103
0.0044454
86
0.0037117
84
0.00362538
285
0.0123004
-44
-0.00189901
498
0.0214933
-103
-0.0044454
355
0.0153215
-182
-0.00785498
-90
-0.00388433
88
0.00379801
497
0.0214502
55
0.00237376
250
0.0107898
-161
-0.00694864
157
0.006776
-294
-0.0126888
-29
-0.00125162
116
0.00500647
-27
-0.0011653
124
0.00535175
-102
-0.00440224
-121
-0.00522227
-319
-0.0137678
37
0.00159689
229
0.00988347
-39
-0.00168321
-148
-0.00638757
-163
-0.00703496
-937
-0.0404402
-91
-0.00392749
-268
-0.0115667
-72
-0.00310747
68
0.00293483
-218
-0.00940872
-233
-0.0100561
215
0.00927924
-172
-0.00742339
143
0.00617177
121
0.00522227
40
0.00172637
99
0.00427277
46
0.00198533
-41
-0.00176953
202
0.00871817
-487
-0.0210186
-280
-0.0120846
-73
-0.00315063
-101
-0.00435909
178
0.00768235
-66
-0.00284851
-592
-0.0255503
92
0.00397065
550
0.0237376
-52
-0.00224428
-80
-0.00345274
-54
-0.0023306
158
0.00681916
-336
-0.0145015
-650
-0.0280535
-67
-0.00289167
486
0.0209754
-54
-0.0023306
5
0.000215796
-91
-0.00392749
1
4.31593e-05
113
0.004877
97
0.00418645
-34
-0.00146741
64
0.00276219
4
0.000172637
-532
-0.0229607
-37
-0.00159689
111
0.00479068
-67
-0.00289167
-208
-0.00897713
-1
-4.31593e-05
-396
-0.0170911
-2
-8.63185e-05
-409
-0.0176521
174
0.00750971
-348
-0.0150194
-6
-0.000258956
-131
-0.00565386
26
0.00112214
-94
-0.00405697
38
0.00164005
-460
-0.0198533
215
0.00927924
6
0.000258956
-3
-0.000129478
-73
-0.00315063
-158
-0.00681916
-153
-0.00660337
-43
-0.00185585
-206
-0.00889081
124
0.00535175
45
0.00194217
165
0.00712128
-190
-0.00820026
-292
-0.0126025
202
0.00871817
-112
-0.00483384
118
0.00509279
-91
-0.00392749
-145
-0.00625809
49
0.0021148
210
0.00906344
-179
-0.00772551
-707
-0.0305136
38
0.00164005
208
0.00897713
264
0.011394
148
0.00638757
-199
-0.00858869
-356
-0.0153647
78
0.00336642
-319
-0.0137678
45
0.00194217
81
0.0034959
105
0.00453172
530
0.0228744
60
0.00258956
64
0.00276219
139
0.00599914
114
0.00492016
-98
-0.00422961
-593
-0.0255934
-8
-0.000345274
-117
-0.00504963
-123
-0.00530859
-79
-0.00340958
-189
-0.0081571
131
0.00565386
225
0.00971083
122
0.00526543
165
0.00712128
-106
-0.00457488
-104
-0.00448856
-772
-0.0333189
-6
-0.000258956
-199
-0.00858869
92
0.00397065
-172
-0.00742339
-317
-0.0136815
-268
-0.0115667
442
0.0190764
404
0.0174363
-163
-0.00703496
-15
-0.000647389
-129
-0.00556754
470
0.0202849
164
0.00707812
-157
-0.006776
41
0.00176953
-8
-0.000345274
-85
-0.00366854
92
0.00397065
-247
-0.0106603
-55
-0.00237376
-56
-0.00241692
-441
-0.0190332
-107
-0.00461804
663
0.0286146
104
0.00448856
-571
-0.0246439
186
0.00802762
-129
-0.00556754
-89
-0.00384117
66
0.00284851
101
0.00435909
363
0.0156668
-44
-0.00189901
-249
-0.0107467
76
0.0032801
77
0.00332326
136
0.00586966
-494
-0.0213207
205
0.00884765
-319
-0.0137678
-105
-0.00453172
-224
-0.00966767
-45
-0.00194217
26
0.00112214
231
0.00996979
528
0.0227881
99
0.00427277
355
0.0153215
-120
-0.00517911
-145
-0.00625809
15
0.000647389
-262
-0.0113077
95
0.00410013
401
0.0173069
48
0.00207164
9
0.000388433
376
0.0162279
191
0.00824342
59
0.0025464
82
0.00353906
-41
-0.00176953
171
0.00738023
14
0.00060423
416
0.0179543
-61
-0.00263271
79
0.00340958
13
0.00056107
-442
-0.0190764
-225
-0.00971083
79
0.00340958
-86
-0.0037117
-461
-0.0198964
-210
-0.00906344
-693
-0.0299094
-150
-0.00647389
-305
-0.0131636
571
0.0246439
-45
-0.00194217
-157
-0.006776
-312
-0.0134657
342
0.0147605
-577
-0.0249029
101
0.00435909
398
0.0171774
118
0.00509279
543
0.0234355
191
0.00824342
230
0.00992663
87
0.00375486
-67
-0.00289167
183
0.00789814
364
0.01571
93
0.00401381
-201
-0.00867501
-123
-0.00530859
173
0.00746655
-150
-0.00647389
-54
-0.0023306
-267
-0.0115235
-21
-0.000906344
-54
-0.0023306
-233
-0.0100561
-92
-0.00397065
143
0.00617177
-60
-0.00258956
-52
-0.00224428
41
0.00176953
344
0.0148468
14
0.00060423
233
0.0100561
-96
-0.00414329
414
0.0178679
-136
-0.00586966
-314
-0.013552
-183
-0.00789814
166
0.00716444
85
0.00366854
-238
-0.0102719
-36
-0.00155373
-87
-0.00375486
-117
-0.00504963
117
0.00504963
187
0.00807078
-588
-0.0253776
161
0.00694864
-67
-0.00289167
-209
-0.00902028
-256
-0.0110488
26
0.00112214
-313
-0.0135088
185
0.00798446
-370
-0.0159689
-7
-0.000302115
89
0.00384117
51
0.00220112
214
0.00923608
77
0.00332326
204
0.00880449
52
0.00224428
-389
-0.016789
137
0.00591282
-237
-0.0102287
28
0.00120846
181
0.00781183
-287
-0.0123867
-43
-0.00185585
-189
-0.0081571
-66
-0.00284851
-12
-0.000517911
450
0.0194217
-58
-0.00250324
-190
-0.00820026
318
0.0137246
177
0.00763919
134
0.00578334
99
0.00427277
22
0.000949504
79
0.00340958
-51
-0.00220112
68
0.00293483
-232
-0.0100129
211
0.0091066
146
0.00630125
506
0.0218386
148
0.00638757
247
0.0106603
-17
-0.000733707
439
0.0189469
113
0.004877
-94
-0.00405697
-54
-0.0023306
-112
-0.00483384
-365
-0.0157531
327
0.0141131
121
0.00522227
-178
-0.00768235
-87
-0.00375486
484
0.0208891
-56
-0.00241692
-179
-0.00772551
90
0.00388433
96
0.00414329
-217
-0.00936556
-91
-0.00392749
-104
-0.00448856
-185
-0.00798446
34
0.00146741
582
0.0251187
-72
-0.00310747
-51
-0.00220112
-146
-0.00630125
-44
-0.00189901
-143
-0.00617177
-330
-0.0142426
36
0.00155373
-347
-0.0149763
115
0.00496331
-178
-0.00768235
16
0.000690548
86
0.0037117
-22
-0.000949504
120
0.00517911
-253
-0.0109193
-444
-0.0191627
-229
-0.00988347
112
0.00483384
174
0.00750971
182
0.00785498
108
0.0046612
-152
-0.00656021
125
0.00539491
-319
-0.0137678
49
0.0021148
236
0.0101856
215
0.00927924
-33
-0.00142426
-21
-0.000906344
-73
-0.00315063
95
0.00410013
88
0.00379801
25
0.00107898
218
0.00940872
-260
-0.0112214
252
0.0108761
-65
-0.00280535
76
0.0032801
138
0.00595598
381
0.0164437
259
0.0111782
-206
-0.00889081
-168
-0.00725076
148
0.00638757
-151
-0.00651705
-485
-0.0209322
-97
-0.00418645
-206
-0.00889081
134
0.00578334
-7
-0.000302115
21
0.000906344
795
0.0343116
-57
-0.00246008
-33
-0.00142426
93
0.00401381
-370
-0.0159689
109
0.00470436
-302
-0.0130341
311
0.0134225
-120
-0.00517911
17
0.000733707
-484
-0.0208891
270
0.011653
533
0.0230039
-114
-0.00492016
-361
-0.0155805
222
0.00958136
-305
-0.0131636
39
0.00168321
458
0.0197669
-204
-0.00880449
-103
-0.0044454
-162
-0.0069918
151
0.00651705
-86
-0.0037117
46
0.00198533
92
0.00397065
486
0.0209754
-75
-0.00323694
148
0.00638757
-46
-0.00198533
-14
-0.00060423
71
0.00306431
-25
-0.00107898
146
0.00630125
171
0.00738023
-40
-0.00172637
149
0.00643073
-49
-0.0021148
92
0.00397065
-155
-0.00668968
326
0.0140699
-216
-0.0093224
95
0.00410013
194
0.0083729
68
0.00293483
329
0.0141994
-114
-0.00492016
-177
-0.00763919
685
0.0295641
-278
-0.0119983
390
0.0168321
-44
-0.00189901
-3
-0.000129478
-350
-0.0151057
-301
-0.0129909
-59
-0.0025464
-47
-0.00202849
40
0.00172637
154
0.00664653
22
0.000949504
-12
-0.000517911
83
0.00358222
633
0.0273198
-87
-0.00375486
262
0.0113077
8
0.000345274
-448
-0.0193353
50
0.00215796
401
0.0173069
117
0.00504963
210
0.00906344
33
0.00142426
-462
-0.0199396
-15
-0.000647389
76
0.0032801
138
0.00595598
-346
-0.0149331
108
0.0046612
246
0.0106172
-94
-0.00405697
217
0.00936556
-112
-0.00483384
-190
-0.00820026
-95
-0.00410013
279
0.0120414
6
0.000258956
232
0.0100129
-181
-0.00781183
-610
-0.0263271
-96
-0.00414329
-17
-0.000733707
7
0.000302115
-564
-0.0243418
-83
-0.00358222
-61
-0.00263271
124
0.00535175
-29
-0.00125162
16
0.000690548
613
0.0264566
-180
-0.00776867
453
0.0195511
353
0.0152352
68
0.00293483
-9
-0.000388433
13
0.00056107
-66
-0.00284851
-259
-0.0111782
-102
-0.00440224
77
0.00332326
-206
-0.00889081
8
0.000345274
-185
-0.00798446
91
0.00392749
137
0.00591282
232
0.0100129
-15
-0.000647389
-179
-0.00772551
54
0.0023306
-92
-0.00397065
-37
-0.00159689
82
0.00353906
54
0.0023306
-264
-0.011394
139
0.00599914
564
0.0243418
-111
-0.00479068
-272
-0.0117393
-227
-0.00979715
-181
-0.00781183
-70
-0.00302115
395
0.0170479
-118
-0.00509279
-169
-0.00729391
-4
-0.000172637
521
0.022486
179
0.00772551
437
0.0188606
-199
-0.00858869
150
0.00647389
-45
-0.00194217
41
0.00176953
-102
-0.00440224
-40
-0.00172637
75
0.00323694
282
0.0121709
-342
-0.0147605
-48
-0.00207164
124
0.00535175
334
0.0144152
112
0.00483384
250
0.0107898
-98
-0.00422961
-408
-0.017609
-144
-0.00621493
-237
-0.0102287
21
0.000906344
209
0.00902028
-102
-0.00440224
43
0.00185585
138
0.00595598
53
0.00228744
-4
-0.000172637
-107
-0.00461804
-152
-0.00656021
62
0.00267587
-62
-0.00267587
137
0.00591282
-33
-0.00142426
-310
-0.0133794
132
0.00569702
-3
-0.000129478
247
0.0106603
119
0.00513595
-135
-0.0058265
252
0.0108761
185
0.00798446
-273
-0.0117825
89
0.00384117
253
0.0109193
-96
-0.00414329
56
0.00241692
-36
-0.00155373
-55
-0.00237376
-13
-0.00056107
-272
-0.0117393
106
0.00457488
-359
-0.0154942
-54
-0.0023306
-453
-0.0195511
62
0.00267587
108
0.0046612
-43
-0.00185585
427
0.018429
-54
-0.0023306
-334
-0.0144152
-63
-0.00271903
239
0.0103151
-234
-0.0100993
276
0.011912
184
0.0079413
-307
-0.0132499
-92
-0.00397065
-107
-0.00461804
-34
-0.00146741
239
0.0103151
221
0.0095382
217
0.00936556
16
0.000690548
-375
-0.0161847
-10
-0.000431593
-58
-0.00250324
-151
-0.00651705
-46
-0.00198533
-48
-0.00207164
50
0.00215796
-260
-0.0112214
-168
-0.00725076
103
0.0044454
-333
-0.014372
147
0.00634441
188
0.00811394
-163
-0.00703496
-280
-0.0120846
-35
-0.00151057
-169
-0.00729391
131
0.00565386
-198
-0.00854553
243
0.0104877
-394
-0.0170047
-121
-0.00522227
-105
-0.00453172
-211
-0.0091066
69
0.00297799
-126
-0.00543807
-716
-0.030902
-113
-0.004877
671
0.0289599
261
0.0112646
-189
-0.0081571
58
0.00250324
-2
-8.63185e-05
211
0.0091066
-431
-0.0186016
-68
-0.00293483
-267
-0.0115235
8
0.000345274
204
0.00880449
70
0.00302115
123
0.00530859
165
0.00712128
-264
-0.011394
-242
-0.0104445
-21
-0.000906344
-202
-0.00871817
110
0.00474752
-98
-0.00422961
-449
-0.0193785
5
0.000215796
-18
-0.000776867
206
0.00889081
58
0.00250324
-130
-0.0056107
-132
-0.00569702
-115
-0.00496331
-57
-0.00246008
-129
-0.00556754
-707
-0.0305136
126
0.00543807
102
0.00440224
-96
-0.00414329
-131
-0.00565386
25
0.00107898
-24
-0.00103582
-16
-0.000690548
299
0.0129046
-137
-0.00591282
78
0.00336642
227
0.00979715
469
0.0202417
-37
-0.00159689
487
0.0210186
165
0.00712128
234
0.0100993
-52
-0.00224428
308
0.0132931
-24
-0.00103582
227
0.00979715
9
0.000388433
-83
-0.00358222
156
0.00673284
-26
-0.00112214
40
0.00172637
377
0.016271
-87
-0.00375486
252
0.0108761
-20
-0.000863185
-799
-0.0344842
-13
-0.00056107
720
0.0310747
-20
-0.000863185
-25
-0.00107898
62
0.00267587
92
0.00397065
236
0.0101856
-351
-0.0151489
-8
-0.000345274
458
0.0197669
209
0.00902028
-39
-0.00168321
-333
-0.014372
173
0.00746655
148
0.00638757
-70
-0.00302115
54
0.0023306
-186
-0.00802762
175
0.00755287
152
0.00656021
8
0.000345274
418
0.0180406
135
0.0058265
-453
-0.0195511
93
0.00401381
523
0.0225723
267
0.0115235
-435
-0.0187743
174
0.00750971
62
0.00267587
160
0.00690548
-50
-0.00215796
18
0.000776867
98
0.00422961
-221
-0.0095382
16
0.000690548
22
0.000949504
110
0.00474752
128
0.00552438
-272
-0.0117393
-140
-0.0060423
-375
-0.0161847
-213
-0.00919292
41
0.00176953
48
0.00207164
-249
-0.0107467
80
0.00345274
18
0.000776867
-137
-0.00591282
-247
-0.0106603
-227
-0.00979715
-219
-0.00945188
-219
-0.00945188
62
0.00267587
20
0.000863185
47
0.00202849
109
0.00470436
-88
-0.00379801
151
0.00651705
59
0.0025464
-149
-0.00643073
-113
-0.004877
113
0.004877
682
0.0294346
-114
-0.00492016
99
0.00427277
107
0.00461804
86
0.0037117
117
0.00504963
244
0.0105309
258
0.0111351
-68
-0.00293483
-115
-0.00496331
53
0.00228744
6
0.000258956
736
0.0317652
12
0.000517911
-260
-0.0112214
113
0.004877
-398
-0.0171774
191
0.00824342
-95
-0.00410013
115
0.00496331
627
0.0270609
-410
-0.0176953
846
0.0365127
72
0.00310747
-338
-0.0145878
53
0.00228744
-218
-0.00940872
233
0.0100561
62
0.00267587
40
0.00172637
-464
-0.0200259
-159
-0.00686232
388
0.0167458
221
0.0095382
11
0.000474752
-166
-0.00716444
-643
-0.0277514
-36
-0.00155373
231
0.00996979
37
0.00159689
-147
-0.00634441
109
0.00470436
-51
-0.00220112
86
0.0037117
-147
-0.00634441
-5
-0.000215796
94
0.00405697
-92
-0.00397065
187
0.00807078
-84
-0.00362538
46
0.00198533
66
0.00284851
45
0.00194217
-12
-0.000517911
-144
-0.00621493
256
0.0110488
-409
-0.0176521
45
0.00194217
147
0.00634441
-167
-0.0072076
578
0.0249461
-71
-0.00306431
-689
-0.0297367
196
0.00845921
163
0.00703496
-23
-0.000992663
80
0.00345274
192
0.00828658
-116
-0.00500647
6
0.000258956
381
0.0164437
-71
-0.00306431
-134
-0.00578334
-196
-0.00845921
-485
-0.0209322
-85
-0.00366854
-88
-0.00379801
322
0.0138973
-137
-0.00591282
150
0.00647389
-664
-0.0286577
-167
-0.0072076
-309
-0.0133362
-157
-0.006776
-621
-0.0268019
-20
-0.000863185
-43
-0.00185585
-77
-0.00332326
233
0.0100561
221
0.0095382
-350
-0.0151057
-97
-0.00418645
-213
-0.00919292
-35
-0.00151057
44
0.00189901
-231
-0.00996979
-183
-0.00789814
-44
-0.00189901
-16
-0.000690548
72
0.00310747
-409
-0.0176521
221
0.0095382
-17
-0.000733707
-65
-0.00280535
321
0.0138541
59
0.0025464
432
0.0186448
-26
-0.00112214
-23
-0.000992663
29
0.00125162
-148
-0.00638757
-4
-0.000172637
-216
-0.0093224
9
0.000388433
231
0.00996979
27
0.0011653
152
0.00656021
76
0.0032801
502
0.0216659
139
0.00599914
-22
-0.000949504
-76
-0.0032801
-194
-0.0083729
-44
-0.00189901
-10
-0.000431593
-39
-0.00168321
4
0.000172637
-69
-0.00297799
18
0.000776867
-78
-0.00336642
-376
-0.0162279
216
0.0093224
272
0.0117393
-127
-0.00548123
560
0.0241692
6
0.000258956
-233
-0.0100561
88
0.00379801
-335
-0.0144584
87
0.00375486
-247
-0.0106603
119
0.00513595
-247
-0.0106603
-274
-0.0118256
726
0.0313336
-155
-0.00668968
23
0.000992663
2
8.63185e-05
62
0.00267587
-107
-0.00461804
335
0.0144584
-24
-0.00103582
70
0.00302115
195
0.00841606
284
0.0122572
-223
-0.00962451
-433
-0.018688
-134
-0.00578334
-201
-0.00867501
14
0.00060423
699
0.0301683
29
0.00125162
-491
-0.0211912
148
0.00638757
135
0.0058265
-46
-0.00198533
87
0.00375486
67
0.00289167
243
0.0104877
-40
-0.00172637
435
0.0187743
27
0.0011653
-128
-0.00552438
-91
-0.00392749
-256
-0.0110488
-44
-0.00189901
306
0.0132067
93
0.00401381
-395
-0.0170479
-268
-0.0115667
50
0.00215796
261
0.0112646
-555
-0.0239534
72
0.00310747
182
0.00785498
161
0.00694864
106
0.00457488
38
0.00164005
-126
-0.00543807
130
0.0056107
98
0.00422961
13
0.00056107
-298
-0.0128615
-28
-0.00120846
188
0.00811394
306
0.0132067
-77
-0.00332326
99
0.00427277
30
0.00129478
-322
-0.0138973
-148
-0.00638757
31
0.00133794
53
0.00228744
-304
-0.0131204
516
0.0222702
68
0.00293483
417
0.0179974
-98
-0.00422961
-297
-0.0128183
161
0.00694864
-127
-0.00548123
175
0.00755287
-395
-0.0170479
121
0.00522227
-268
-0.0115667
-58
-0.00250324
368
0.0158826
1
4.31593e-05
-558
-0.0240829
275
0.0118688
-42
-0.00181269
-149
-0.00643073
-322
-0.0138973
42
0.00181269
84
0.00362538
-144
-0.00621493
475
0.0205006
-22
-0.000949504
-73
-0.00315063
72
0.00310747
-206
-0.00889081
21
0.000906344
193
0.00832974
121
0.00522227
43
0.00185585
-194
-0.0083729
106
0.00457488
-123
-0.00530859
-272
-0.0117393
-9
-0.000388433
675
0.0291325
193
0.00832974
43
0.00185585
46
0.00198533
-288
-0.0124299
434
0.0187311
164
0.00707812
37
0.00159689
102
0.00440224
-212
-0.00914976
-130
-0.0056107
-27
-0.0011653
-160
-0.00690548
-124
-0.00535175
46
0.00198533
100
0.00431593
141
0.00608546
-83
-0.00358222
-103
-0.0044454
-13
-0.00056107
309
0.0133362
72
0.00310747
32
0.0013811
-74
-0.00319379
226
0.00975399
170
0.00733707
350
0.0151057
-31
-0.00133794
103
0.0044454
33
0.00142426
70
0.00302115
19
0.000820026
207
0.00893397
208
0.00897713
-376
-0.0162279
-74
-0.00319379
-512
-0.0220975
-10
-0.000431593
-549
-0.0236944
205
0.00884765
232
0.0100129
0
0
104
0.00448856
-57
-0.00246008
543
0.0234355
27
0.0011653
-19
-0.000820026
-85
-0.00366854
224
0.00966767
-141
-0.00608546
384
0.0165732
-15
-0.000647389
-231
-0.00996979
-160
-0.00690548
371
0.0160121
-315
-0.0135952
757
0.0326716
-201
-0.00867501
16
0.000690548
60
0.00258956
-287
-0.0123867
-80
-0.00345274
-165
-0.00712128
-133
-0.00574018
-295
-0.012732
-41
-0.00176953
647
0.027924
-337
-0.0145447
364
0.01571
251
0.010833
-13
-0.00056107
-70
-0.00302115
224
0.00966767
-182
-0.00785498
278
0.0119983
238
0.0102719
223
0.00962451
154
0.00664653
-664
-0.0286577
-62
-0.00267587
-361
-0.0155805
145
0.00625809
288
0.0124299
-13
-0.00056107
393
0.0169616
42
0.00181269
317
0.0136815
-98
-0.00422961
443
0.0191196
-64
-0.00276219
101
0.00435909
209
0.00902028
-369
-0.0159258
-361
-0.0155805
-329
-0.0141994
-66
-0.00284851
-806
-0.0347864
-120
-0.00517911
-388
-0.0167458
-29
-0.00125162
481
0.0207596
-149
-0.00643073
458
0.0197669
-273
-0.0117825
-20
-0.000863185
135
0.0058265
98
0.00422961
-15
-0.000647389
-621
-0.0268019
-65
-0.00280535
179
0.00772551
-297
-0.0128183
418
0.0180406
44
0.00189901
312
0.0134657
-68
-0.00293483
-424
-0.0182995
-9
-0.000388433
-321
-0.0138541
-211
-0.0091066
-164
-0.00707812
-111
-0.00479068
-295
-0.012732
-104
-0.00448856
310
0.0133794
-62
-0.00267587
29
0.00125162
-82
-0.00353906
12
0.000517911
236
0.0101856
-483
-0.0208459
0
0
-426
-0.0183858
6
0.000258956
-287
-0.0123867
-174
-0.00750971
-182
-0.00785498
-4
-0.000172637
-212
-0.00914976
-95
-0.00410013
465
0.0200691
122
0.00526543
-100
-0.00431593
30
0.00129478
80
0.00345274
-43
-0.00185585
-240
-0.0103582
99
0.00427277
64
0.00276219
-60
-0.00258956
-111
-0.00479068
293
0.0126457
118
0.00509279
-100
-0.00431593
-138
-0.00595598
36
0.00155373
146
0.00630125
-27
-0.0011653
-83
-0.00358222
-203
-0.00876133
264
0.011394
-57
-0.00246008
158
0.00681916
38
0.00164005
210
0.00906344
33
0.00142426
187
0.00807078
110
0.00474752
-82
-0.00353906
-47
-0.00202849
-398
-0.0171774
114
0.00492016
28
0.00120846
68
0.00293483
-37
-0.00159689
65
0.00280535
-322
-0.0138973
-150
-0.00647389
233
0.0100561
-110
-0.00474752
0
0
-109
-0.00470436
26
0.00112214
-111
-0.00479068
-444
-0.0191627
145
0.00625809
-157
-0.006776
-135
-0.0058265
-439
-0.0189469
-84
-0.00362538
-105
-0.00453172
189
0.0081571
-15
-0.000647389
-48
-0.00207164
37
0.00159689
54
0.0023306
185
0.00798446
80
0.00345274
-638
-0.0275356
-107
-0.00461804
-278
-0.0119983
85
0.00366854
-337
-0.0145447
-171
-0.00738023
-413
-0.0178248
-43
-0.00185585
-529
-0.0228312
-59
-0.0025464
-239
-0.0103151
116
0.00500647
-315
-0.0135952
-39
-0.00168321
64
0.00276219
148
0.00638757
-236
-0.0101856
-39
-0.00168321
-171
-0.00738023
-332
-0.0143289
119
0.00513595
-20
-0.000863185
-141
-0.00608546
-315
-0.0135952
316
0.0136383
-19
-0.000820026
454
0.0195943
-89
-0.00384117
243
0.0104877
-138
-0.00595598
368
0.0158826
-113
-0.004877
-121
-0.00522227
27
0.0011653
323
0.0139404
-17
-0.000733707
3
0.000129478
-162
-0.0069918
180
0.00776867
13
0.00056107
352
0.0151921
-99
-0.00427277
136
0.00586966
-94
-0.00405697
213
0.00919292
162
0.0069918
-200
-0.00863185
177
0.00763919
139
0.00599914
58
0.00250324
-157
-0.006776
-118
-0.00509279
-80
-0.00345274
-151
-0.00651705
111
0.00479068
-16
-0.000690548
-208
-0.00897713
105
0.00453172
-454
-0.0195943
69
0.00297799
152
0.00656021
32
0.0013811
-421
-0.01817
-80
-0.00345274
45
0.00194217
-246
-0.0106172
408
0.017609
135
0.0058265
-292
-0.0126025
-114
-0.00492016
290
0.0125162
16
0.000690548
333
0.014372
-71
-0.00306431
691
0.029823
54
0.0023306
257
0.0110919
71
0.00306431
-812
-0.0350453
65
0.00280535
-559
-0.024126
55
0.00237376
-436
-0.0188174
195
0.00841606
175
0.00755287
104
0.00448856
199
0.00858869
-102
-0.00440224
180
0.00776867
-4
-0.000172637
714
0.0308157
342
0.0147605
436
0.0188174
-33
-0.00142426
680
0.0293483
21
0.000906344
13
0.00056107
150
0.00647389
30
0.00129478
100
0.00431593
-383
-0.01653
-137
-0.00591282
-54
-0.0023306
-164
-0.00707812
-506
-0.0218386
-122
-0.00526543
-414
-0.0178679
16
0.000690548
38
0.00164005
88
0.00379801
-45
-0.00194217
3
0.000129478
-324
-0.0139836
-210
-0.00906344
57
0.00246008
-176
-0.00759603
-71
-0.00306431
-152
-0.00656021
292
0.0126025
11
0.000474752
-478
-0.0206301
60
0.00258956
-103
-0.0044454
-53
-0.00228744
-244
-0.0105309
21
0.000906344
-508
-0.0219249
-6
-0.000258956
-188
-0.00811394
-54
-0.0023306
79
0.00340958
-46
-0.00198533
-225
-0.00971083
-290
-0.0125162
-462
-0.0199396
91
0.00392749
-187
-0.00807078
-203
-0.00876133
473
0.0204143
-269
-0.0116098
-224
-0.00966767
-151
-0.00651705
-397
-0.0171342
-269
-0.0116098
-195
-0.00841606
-141
-0.00608546
-28
-0.00120846
29
0.00125162
8
0.000345274
29
0.00125162
482
0.0208028
21
0.000906344
487
0.0210186
171
0.00738023
88
0.00379801
201
0.00867501
493
0.0212775
69
0.00297799
-268
-0.0115667
-157
-0.006776
414
0.0178679
-65
-0.00280535
-389
-0.016789
-77
-0.00332326
-132
-0.00569702
14
0.00060423
-184
-0.0079413
-45
-0.00194217
-207
-0.00893397
266
0.0114804
-433
-0.018688
-48
-0.00207164
817
0.0352611
-96
-0.00414329
-123
-0.00530859
117
0.00504963
221
0.0095382
216
0.0093224
-431
-0.0186016
-36
-0.00155373
195
0.00841606
117
0.00504963
609
0.026284
220
0.00949504
-278
-0.0119983
-48
-0.00207164
498
0.0214933
-254
-0.0109625
-72
-0.00310747
19
0.000820026
-354
-0.0152784
28
0.00120846
-390
-0.0168321
-165
-0.00712128
290
0.0125162
-124
-0.00535175
-100
-0.00431593
-58
-0.00250324
-105
-0.00453172
-230
-0.00992663
-117
-0.00504963
-15
-0.000647389
212
0.00914976
52
0.00224428
-111
-0.00479068
65
0.00280535
-474
-0.0204575
-45
-0.00194217
98
0.00422961
86
0.0037117
44
0.00189901
81
0.0034959
-107
-0.00461804
-132
-0.00569702
76
0.0032801
-48
-0.00207164
22
0.000949504
38
0.00164005
-454
-0.0195943
120
0.00517911
110
0.00474752
144
0.00621493
-27
-0.0011653
149
0.00643073
226
0.00975399
-42
-0.00181269
-154
-0.00664653
26
0.00112214
-117
-0.00504963
391
0.0168753
119
0.00513595
64
0.00276219
-445
-0.0192059
156
0.00673284
634
0.027363
300
0.0129478
-244
-0.0105309
137
0.00591282
-154
-0.00664653
78
0.00336642
-129
-0.00556754
-59
-0.0025464
-125
-0.00539491
6
0.000258956
8
0.000345274
62
0.00267587
130
0.0056107
-28
-0.00120846
470
0.0202849
20
0.000863185
-38
-0.00164005
246
0.0106172
-5
-0.000215796
153
0.00660337
-21
-0.000906344
-237
-0.0102287
143
0.00617177
23
0.000992663
-105
-0.00453172
-132
-0.00569702
-34
-0.00146741
-26
-0.00112214
-861
-0.0371601
-42
-0.00181269
139
0.00599914
306
0.0132067
-712
-0.0307294
64
0.00276219
93
0.00401381
-86
-0.0037117
458
0.0197669
-20
-0.000863185
132
0.00569702
-30
-0.00129478
18
0.000776867
228
0.00984031
-65
-0.00280535
-122
-0.00526543
-198
-0.00854553
-93
-0.00401381
149
0.00643073
-45
-0.00194217
-364
-0.01571
151
0.00651705
-54
-0.0023306
133
0.00574018
-286
-0.0123435
-58
-0.00250324
-143
-0.00617177
-99
-0.00427277
-144
-0.00621493
-192
-0.00828658
51
0.00220112
71
0.00306431
-55
-0.00237376
111
0.00479068
433
0.018688
366
0.0157963
-269
-0.0116098
-43
-0.00185585
3
0.000129478
131
0.00565386
-123
-0.00530859
-143
-0.00617177
402
0.01735
65
0.00280535
324
0.0139836
153
0.00660337
511
0.0220544
-186
-0.00802762
-381
-0.0164437
101
0.00435909
-307
-0.0132499
-45
-0.00194217
-179
-0.00772551
224
0.00966767
-348
-0.0150194
-21
-0.000906344
-211
-0.0091066
204
0.00880449
25
0.00107898
-276
-0.011912
362
0.0156237
255
0.0110056
202
0.00871817
-263
-0.0113509
133
0.00574018
143
0.00617177
360
0.0155373
-97
-0.00418645
-342
-0.0147605
-236
-0.0101856
146
0.00630125
73
0.00315063
97
0.00418645
-17
-0.000733707
-162
-0.0069918
-56
-0.00241692
-155
-0.00668968
-27
-0.0011653
-141
-0.00608546
12
0.000517911
467
0.0201554
-119
-0.00513595
492
0.0212344
167
0.0072076
-234
-0.0100993
-8
-0.000345274
55
0.00237376
-79
-0.00340958
-476
-0.0205438
-55
-0.00237376
593
0.0255934
-112
-0.00483384
313
0.0135088
10
0.000431593
10
0.000431593
-267
-0.0115235
2
8.63185e-05
17
0.000733707
193
0.00832974
-158
-0.00681916
274
0.0118256
-95
-0.00410013
-736
-0.0317652
446
0.019249
520
0.0224428
32
0.0013811
-119
-0.00513595
258
0.0111351
32
0.0013811
-148
-0.00638757
259
0.0111782
-127
-0.00548123
-408
-0.017609
-17
-0.000733707
637
0.0274924
-237
-0.0102287
-246
-0.0106172
-280
-0.0120846
-453
-0.0195511
-24
-0.00103582
55
0.00237376
-101
-0.00435909
213
0.00919292
33
0.00142426
-23
-0.000992663
23
0.000992663
7
0.000302115
6
0.000258956
733
0.0316357
96
0.00414329
-91
-0.00392749
111
0.00479068
-431
-0.0186016
59
0.0025464
156
0.00673284
-5
-0.000215796
220
0.00949504
115
0.00496331
47
0.00202849
-122
-0.00526543
-292
-0.0126025
-186
-0.00802762
-123
-0.00530859
-101
-0.00435909
-4
-0.000172637
124
0.00535175
151
0.00651705
-7
-0.000302115
262
0.0113077
205
0.00884765
78
0.00336642
-229
-0.00988347
-385
-0.0166163
232
0.0100129
-340
-0.0146741
134
0.00578334
91
0.00392749
-87
-0.00375486
4
0.000172637
-26
-0.00112214
-45
-0.00194217
53
0.00228744
621
0.0268019
-103
-0.0044454
-126
-0.00543807
46
0.00198533
338
0.0145878
1
4.31593e-05
361
0.0155805
97
0.00418645
0
0
33
0.00142426
233
0.0100561
47
0.00202849
379
0.0163574
124
0.00535175
458
0.0197669
-43
-0.00185585
-216
-0.0093224
-7
-0.000302115
269
0.0116098
-44
-0.00189901
564
0.0243418
24
0.00103582
-24
-0.00103582
-128
-0.00552438
339
0.014631
-89
-0.00384117
-453
-0.0195511
217
0.00936556
18
0.000776867
40
0.00172637
364
0.01571
-8
-0.000345274
-880
-0.0379801
-106
-0.00457488
399
0.0172205
-13
-0.00056107
-733
-0.0316357
-13
-0.00056107
-38
-0.00164005
-14
-0.00060423
-313
-0.0135088
-62
-0.00267587
26
0.00112214
131
0.00565386
-389
-0.016789
-21
-0.000906344
458
0.0197669
22
0.000949504
-171
-0.00738023
-152
-0.00656021
-45
-0.00194217
-15
-0.000647389
-191
-0.00824342
162
0.0069918
-344
-0.0148468
127
0.00548123
-143
-0.00617177
-233
-0.0100561
34
0.00146741
-97
-0.00418645
203
0.00876133
54
0.0023306
-703
-0.030341
72
0.00310747
-314
-0.013552
-5
-0.000215796
128
0.00552438
-94
-0.00405697
77
0.00332326
290
0.0125162
-151
-0.00651705
-62
-0.00267587
119
0.00513595
75
0.00323694
290
0.0125162
70
0.00302115
-338
-0.0145878
-19
-0.000820026
-33
-0.00142426
185
0.00798446
136
0.00586966
-5
-0.000215796
-287
-0.0123867
205
0.00884765
24
0.00103582
161
0.00694864
-426
-0.0183858
6
0.000258956
245
0.010574
198
0.00854553
-482
-0.0208028
-144
-0.00621493
235
0.0101424
241
0.0104014
375
0.0161847
-21
-0.000906344
261
0.0112646
-204
-0.00880449
-287
-0.0123867
336
0.0145015
17
0.000733707
46
0.00198533
323
0.0139404
-61
-0.00263271
112
0.00483384
113
0.004877
31
0.00133794
228
0.00984031
-652
-0.0281398
96
0.00414329
-422
-0.0182132
-18
-0.000776867
292
0.0126025
156
0.00673284
397
0.0171342
-86
-0.0037117
62
0.00267587
-102
-0.00440224
-43
-0.00185585
-70
-0.00302115
313
0.0135088
291
0.0125593
-655
-0.0282693
9
0.000388433
201
0.00867501
57
0.00246008
70
0.00302115
-240
-0.0103582
99
0.00427277
-1
-4.31593e-05
-5
-0.000215796
-231
-0.00996979
550
0.0237376
183
0.00789814
-554
-0.0239102
-112
-0.00483384
-221
-0.0095382
14
0.00060423
-564
-0.0243418
-48
-0.00207164
-162
-0.0069918
61
0.00263271
-558
-0.0240829
80
0.00345274
-368
-0.0158826
177
0.00763919
337
0.0145447
-1
-4.31593e-05
-262
-0.0113077
-75
-0.00323694
408
0.017609
133
0.00574018
-270
-0.011653
-399
-0.0172205
-76
-0.0032801
-79
-0.00340958
423
0.0182564
67
0.00289167
243
0.0104877
49
0.0021148
273
0.0117825
-28
-0.00120846
547
0.0236081
-52
-0.00224428
-639
-0.0275788
-83
-0.00358222
180
0.00776867
73
0.00315063
88
0.00379801
-6
-0.000258956
-243
-0.0104877
-216
-0.0093224
-187
-0.00807078
-213
-0.00919292
28
0.00120846
5
0.000215796
364
0.01571
-58
-0.00250324
477
0.020587
-107
-0.00461804
286
0.0123435
59
0.0025464
270
0.011653
190
0.00820026
-85
-0.00366854
148
0.00638757
52
0.00224428
-80
-0.00345274
422
0.0182132
75
0.00323694
44
0.00189901
-131
-0.00565386
769
0.0331895
193
0.00832974
-122
-0.00526543
-163
-0.00703496
-323
-0.0139404
-41
-0.00176953
-372
-0.0160552
30
0.00129478
149
0.00643073
133
0.00574018
220
0.00949504
59
0.0025464
-15
-0.000647389
-40
-0.00172637
237
0.0102287
105
0.00453172
209
0.00902028
117
0.00504963
-117
-0.00504963
-10
-0.000431593
-458
-0.0197669
-91
-0.00392749
-514
-0.0221839
87
0.00375486
92
0.00397065
146
0.00630125
189
0.0081571
232
0.0100129
71
0.00306431
81
0.0034959
-471
-0.020328
-116
-0.00500647
153
0.00660337
235
0.0101424
-160
-0.00690548
-134
-0.00578334
99
0.00427277
-121
-0.00522227
75
0.00323694
-41
-0.00176953
-400
-0.0172637
266
0.0114804
282
0.0121709
83
0.00358222
-251
-0.010833
194
0.0083729
-550
-0.0237376
-95
-0.00410013
-247
-0.0106603
-204
-0.00880449
-195
-0.00841606
-43
-0.00185585
206
0.00889081
-34
-0.00146741
93
0.00401381
-113
-0.004877
65
0.00280535
-27
-0.0011653
86
0.0037117
-148
-0.00638757
-207
-0.00893397
-305
-0.0131636
-91
-0.00392749
-17
-0.000733707
-233
-0.0100561
-74
-0.00319379
106
0.00457488
385
0.0166163
-438
-0.0189038
-218
-0.00940872
178
0.00768235
-66
-0.00284851
-221
-0.0095382
195
0.00841606
163
0.00703496
144
0.00621493
-5
-0.000215796
-27
-0.0011653
-284
-0.0122572
86
0.0037117
183
0.00789814
-214
-0.00923608
194
0.0083729
14
0.00060423
-517
-0.0223133
42
0.00181269
203
0.00876133
-104
-0.00448856
280
0.0120846
105
0.00453172
-115
-0.00496331
-71
-0.00306431
-2
-8.63185e-05
-111
-0.00479068
302
0.0130341
-31
-0.00133794
306
0.0132067
-27
-0.0011653
-135
-0.0058265
-147
-0.00634441
-411
-0.0177385
77
0.00332326
-405
-0.0174795
129
0.00556754
355
0.0153215
23
0.000992663
108
0.0046612
-75
-0.00323694
531
0.0229176
121
0.00522227
178
0.00768235
75
0.00323694
89
0.00384117
88
0.00379801
-629
-0.0271472
-12
-0.000517911
-176
-0.00759603
63
0.00271903
-30
-0.00129478
-70
-0.00302115
-215
-0.00927924
-13
-0.00056107
895
0.0386275
276
0.011912
-5
-0.000215796
15
0.000647389
372
0.0160552
-52
-0.00224428
209
0.00902028
172
0.00742339
-173
-0.00746655
126
0.00543807
-119
-0.00513595
-202
-0.00871817
-752
-0.0324558
200
0.00863185
-332
-0.0143289
317
0.0136815
-5
-0.000215796
-13
-0.00056107
66
0.00284851
-159
-0.00686232
-166
-0.00716444
-22
-0.000949504
267
0.0115235
15
0.000647389
184
0.0079413
148
0.00638757
-218
-0.00940872
4
0.000172637
-174
-0.00750971
106
0.00457488
-143
-0.00617177
32
0.0013811
-705
-0.0304273
-134
-0.00578334
-279
-0.0120414
-132
-0.00569702
-88
-0.00379801
167
0.0072076
-142
-0.00612861
79
0.00340958
-307
-0.0132499
90
0.00388433
94
0.00405697
156
0.00673284
369
0.0159258
-80
-0.00345274
-166
-0.00716444
93
0.00401381
132
0.00569702
-33
-0.00142426
43
0.00185585
91
0.00392749
402
0.01735
19
0.000820026
36
0.00155373
-4
-0.000172637
-288
-0.0124299
97
0.00418645
-80
-0.00345274
127
0.00548123
16
0.000690548
-90
-0.00388433
216
0.0093224
-96
-0.00414329
185
0.00798446
112
0.00483384
-124
-0.00535175
389
0.016789
-150
-0.00647389
-438
-0.0189038
-260
-0.0112214
34
0.00146741
36
0.00155373
137
0.00591282
-332
-0.0143289
143
0.00617177
-124
-0.00535175
229
0.00988347
305
0.0131636
-4
-0.000172637
4
0.000172637
-23
-0.000992663
546
0.023565
-154
-0.00664653
91
0.00392749
-189
-0.0081571
315
0.0135952
-40
-0.00172637
-67
-0.00289167
-19
-0.000820026
-599
-0.0258524
21
0.000906344
133
0.00574018
-87
-0.00375486
-352
-0.0151921
109
0.00470436
402
0.01735
43
0.00185585
345
0.0148899
256
0.0110488
106
0.00457488
-9
-0.000388433
56
0.00241692
-84
-0.00362538
517
0.0223133
16
0.000690548
-62
-0.00267587
59
0.0025464
-21
-0.000906344
-73
-0.00315063
-514
-0.0221839
194
0.0083729
181
0.00781183
-12
-0.000517911
356
0.0153647
198
0.00854553
-421
-0.01817
-385
-0.0166163
-158
-0.00681916
-156
-0.00673284
-308
-0.0132931
24
0.00103582
425
0.0183427
-72
-0.00310747
-749
-0.0323263
81
0.0034959
443
0.0191196
-274
-0.0118256
173
0.00746655
13
0.00056107
-535
-0.0230902
-40
-0.00172637
-426
-0.0183858
-45
-0.00194217
-561
-0.0242123
69
0.00297799
-326
-0.0140699
74
0.00319379
217
0.00936556
42
0.00181269
184
0.0079413
110
0.00474752
-63
-0.00271903
-175
-0.00755287
-276
-0.011912
-150
-0.00647389
52
0.00224428
0
0
-131
-0.00565386
-73
-0.00315063
247
0.0106603
-248
-0.0107035
216
0.0093224
0
0
417
0.0179974
-232
-0.0100129
-371
-0.0160121
191
0.00824342
-431
-0.0186016
-132
-0.00569702
414
0.0178679
39
0.00168321
-23
-0.000992663
-175
-0.00755287
-443
-0.0191196
220
0.00949504
-415
-0.0179111
86
0.0037117
336
0.0145015
-50
-0.00215796
-463
-0.0199827
-13
-0.00056107
375
0.0161847
145
0.00625809
-465
-0.0200691
-240
-0.0103582
-27
-0.0011653
46
0.00198533
-107
-0.00461804
332
0.0143289
41
0.00176953
-318
-0.0137246
-232
-0.0100129
-22
-0.000949504
397
0.0171342
142
0.00612861
181
0.00781183
-63
-0.00271903
-430
-0.0185585
-322
-0.0138973
126
0.00543807
-116
-0.00500647
-4
-0.000172637
199
0.00858869
-553
-0.0238671
-85
-0.00366854
451
0.0194648
-147
-0.00634441
119
0.00513595
-36
-0.00155373
-397
-0.0171342
-90
-0.00388433
161
0.00694864
-162
-0.0069918
-3
-0.000129478
298
0.0128615
-254
-0.0109625
-50
-0.00215796
291
0.0125593
-186
-0.00802762
285
0.0123004
136
0.00586966
-13
-0.00056107
335
0.0144584
-118
-0.00509279
210
0.00906344
108
0.0046612
-141
-0.00608546
369
0.0159258
-4
-0.000172637
442
0.0190764
-125
-0.00539491
-150
-0.00647389
166
0.00716444
-141
-0.00608546
78
0.00336642
342
0.0147605
74
0.00319379
-252
-0.0108761
127
0.00548123
523
0.0225723
135
0.0058265
-7
-0.000302115
-93
-0.00401381
-604
-0.0260682
0
0
-110
-0.00474752
-226
-0.00975399
-85
-0.00366854
158
0.00681916
299
0.0129046
-22
-0.000949504
70
0.00302115
-191
-0.00824342
363
0.0156668
-58
-0.00250324
194
0.0083729
57
0.00246008
-232
-0.0100129
-206
-0.00889081
-220
-0.00949504
-5
-0.000215796
-172
-0.00742339
-297
-0.0128183
130
0.0056107
-80
-0.00345274
345
0.0148899
281
0.0121278
318
0.0137246
34
0.00146741
215
0.00927924
-129
-0.00556754
-455
-0.0196375
68
0.00293483
195
0.00841606
-267
-0.0115235
287
0.0123867
72
0.00310747
48
0.00207164
183
0.00789814
76
0.0032801
-67
-0.00289167
25
0.00107898
57
0.00246008
310
0.0133794
-92
-0.00397065
1
4.31593e-05
20
0.000863185
490
0.021148
-288
-0.0124299
-85
-0.00366854
52
0.00224428
-811
-0.0350022
-244
-0.0105309
134
0.00578334
-110
-0.00474752
114
0.00492016
-298
-0.0128615
44
0.00189901
-108
-0.0046612
332
0.0143289
-42
-0.00181269
-116
-0.00500647
-257
-0.0110919
387
0.0167026
197
0.00850237
-267
-0.0115235
-52
-0.00224428
-180
-0.00776867
187
0.00807078
-28
-0.00120846
259
0.0111782
-176
-0.00759603
-40
-0.00172637
-49
-0.0021148
198
0.00854553
-253
-0.0109193
-172
-0.00742339
-278
-0.0119983
198
0.00854553
271
0.0116962
44
0.00189901
86
0.0037117
26
0.00112214
-282
-0.0121709
30
0.00129478
104
0.00448856
115
0.00496331
266
0.0114804
178
0.00768235
-37
-0.00159689
-36
-0.00155373
-411
-0.0177385
24
0.00103582
407
0.0175658
106
0.00457488
-68
-0.00293483
62
0.00267587
-673
-0.0290462
-20
-0.000863185
-383
-0.01653
124
0.00535175
161
0.00694864
-240
-0.0103582
392
0.0169184
-234
-0.0100993
591
0.0255071
228
0.00984031
-436
-0.0188174
104
0.00448856
560
0.0241692
-140
-0.0060423
209
0.00902028
-139
-0.00599914
-15
-0.000647389
-120
-0.00517911
129
0.00556754
-22
-0.000949504
99
0.00427277
-25
-0.00107898
-190
-0.00820026
-29
-0.00125162
323
0.0139404
-179
-0.00772551
144
0.00621493
26
0.00112214
-266
-0.0114804
-332
-0.0143289
104
0.00448856
-244
-0.0105309
-198
-0.00854553
-157
-0.006776
-188
-0.00811394
47
0.00202849
551
0.0237808
87
0.00375486
312
0.0134657
135
0.0058265
-91
-0.00392749
81
0.0034959
-18
-0.000776867
115
0.00496331
-26
-0.00112214
-76
-0.0032801
37
0.00159689
-231
-0.00996979
-35
-0.00151057
23
0.000992663
185
0.00798446
-21
-0.000906344
112
0.00483384
-36
-0.00155373
-78
-0.00336642
97
0.00418645
59
0.0025464
-106
-0.00457488
115
0.00496331
-156
-0.00673284
-534
-0.023047
-164
-0.00707812
-419
-0.0180837
-49
-0.0021148
-52
-0.00224428
-183
-0.00789814
-216
-0.0093224
77
0.00332326
-221
-0.0095382
186
0.00802762
-30
-0.00129478
-170
-0.00733707
-457
-0.0197238
-174
-0.00750971
298
0.0128615
-201
-0.00867501
-44
-0.00189901
-137
-0.00591282
51
0.00220112
-144
-0.00621493
-226
-0.00975399
-38
-0.00164005
252
0.0108761
-59
-0.0025464
267
0.0115235
-172
-0.00742339
-310
-0.0133794
-108
-0.0046612
-845
-0.0364696
22
0.000949504
-233
-0.0100561
-41
-0.00176953
-522
-0.0225291
309
0.0133362
101
0.00435909
-124
-0.00535175
158
0.00681916
-400
-0.0172637
107
0.00461804
149
0.00643073
-108
-0.0046612
200
0.00863185
-219
-0.00945188
-38
-0.00164005
205
0.00884765
-112
-0.00483384
260
0.0112214
160
0.00690548
147
0.00634441
16
0.000690548
-320
-0.013811
274
0.0118256
48
0.00207164
24
0.00103582
-561
-0.0242123
-58
-0.00250324
67
0.00289167
-73
-0.00315063
-349
-0.0150626
12
0.000517911
-116
-0.00500647
-228
-0.00984031
-290
-0.0125162
111
0.00479068
346
0.0149331
298
0.0128615
622
0.0268451
-151
-0.00651705
-205
-0.00884765
2
8.63185e-05
-9
-0.000388433
120
0.00517911
-268
-0.0115667
-84
-0.00362538
-46
-0.00198533
-5
-0.000215796
-198
-0.00854553
219
0.00945188
-379
-0.0163574
50
0.00215796
45
0.00194217
31
0.00133794
-399
-0.0172205
-47
-0.00202849
153
0.00660337
107
0.00461804
-147
-0.00634441
6
0.000258956
-609
-0.026284
-167
-0.0072076
-154
-0.00664653
-133
-0.00574018
-166
-0.00716444
28
0.00120846
-339
-0.014631
62
0.00267587
-282
-0.0121709
-106
-0.00457488
-50
-0.00215796
-198
-0.00854553
240
0.0103582
57
0.00246008
-357
-0.0154079
266
0.0114804
82
0.00353906
-199
-0.00858869
-258
-0.0111351
-190
-0.00820026
-149
-0.00643073
-147
-0.00634441
-202
-0.00871817
-61
-0.00263271
-73
-0.00315063
-202
-0.00871817
-465
-0.0200691
-133
-0.00574018
-243
-0.0104877
315
0.0135952
35
0.00151057
-189
-0.0081571
239
0.0103151
149
0.00643073
101
0.00435909
184
0.0079413
92
0.00397065
-154
-0.00664653
-37
-0.00159689
180
0.00776867
-686
-0.0296073
111
0.00479068
476
0.0205438
-16
-0.000690548
251
0.010833
32
0.0013811
-326
-0.0140699
72
0.00310747
-64
-0.00276219
-89
-0.00384117
-179
-0.00772551
-97
-0.00418645
325
0.0140268
-110
-0.00474752
2
8.63185e-05
56
0.00241692
27
0.0011653
217
0.00936556
263
0.0113509
-154
-0.00664653
183
0.00789814
-51
-0.00220112
-337
-0.0145447
-253
-0.0109193
325
0.0140268
176
0.00759603
-24
-0.00103582
-269
-0.0116098
-61
-0.00263271
-24
-0.00103582
-207
-0.00893397
79
0.00340958
291
0.0125593
-379
-0.0163574
-210
-0.00906344
-4
-0.000172637
-333
-0.014372
-26
-0.00112214
358
0.015451
58
0.00250324
229
0.00988347
-235
-0.0101424
64
0.00276219
-17
-0.000733707
-180
-0.00776867
75
0.00323694
-161
-0.00694864
6
0.000258956
66
0.00284851
20
0.000863185
-58
-0.00250324
-409
-0.0176521
449
0.0193785
-234
-0.0100993
-46
-0.00198533
-88
-0.00379801
242
0.0104445
-89
-0.00384117
436
0.0188174
86
0.0037117
120
0.00517911
78
0.00336642
23
0.000992663
-164
-0.00707812
-479
-0.0206733
18
0.000776867
-272
-0.0117393
-143
-0.00617177
44
0.00189901
86
0.0037117
167
0.0072076
-59
-0.0025464
252
0.0108761
160
0.00690548
-439
-0.0189469
213
0.00919292
376
0.0162279
-33
-0.00142426
782
0.0337505
195
0.00841606
434
0.0187311
-175
-0.00755287
76
0.0032801
-236
-0.0101856
-317
-0.0136815
-82
-0.00353906
-452
-0.019508
-99
-0.00427277
-97
-0.00418645
-41
-0.00176953
-114
-0.00492016
91
0.00392749
-125
-0.00539491
-169
-0.00729391
25
0.00107898
146
0.00630125
330
0.0142426
-89
-0.00384117
115
0.00496331
282
0.0121709
-162
-0.0069918
-80
-0.00345274
186
0.00802762
-235
-0.0101424
-213
-0.00919292
-97
-0.00418645
407
0.0175658
-88
-0.00379801
468
0.0201985
339
0.014631
-230
-0.00992663
147
0.00634441
243
0.0104877
-178
-0.00768235
97
0.00418645
-193
-0.00832974
-145
-0.00625809
43
0.00185585
447
0.0192922
202
0.00871817
189
0.0081571
-102
-0.00440224
269
0.0116098
-12
-0.000517911
68
0.00293483
-131
-0.00565386
194
0.0083729
-63
-0.00271903
-488
-0.0210617
100
0.00431593
242
0.0104445
49
0.0021148
-367
-0.0158394
60
0.00258956
562
0.0242555
-31
-0.00133794
122
0.00526543
-63
-0.00271903
-156
-0.00673284
56
0.00241692
-394
-0.0170047
161
0.00694864
-215
-0.00927924
156
0.00673284
209
0.00902028
-89
-0.00384117
156
0.00673284
257
0.0110919
300
0.0129478
-254
-0.0109625
232
0.0100129
166
0.00716444
-546
-0.023565
-122
-0.00526543
745
0.0321536
-78
-0.00336642
156
0.00673284
233
0.0100561
120
0.00517911
38
0.00164005
162
0.0069918
57
0.00246008
-315
-0.0135952
77
0.00332326
-143
-0.00617177
-33
-0.00142426
113
0.004877
-40
-0.00172637
8
0.000345274
220
0.00949504
-620
-0.0267587
-6
-0.000258956
196
0.00845921
76
0.0032801
369
0.0159258
-170
-0.00733707
-182
-0.00785498
24
0.00103582
-467
-0.0201554
8
0.000345274
318
0.0137246
168
0.00725076
78
0.00336642
51
0.00220112
483
0.0208459
-202
-0.00871817
10
0.000431593
-118
-0.00509279
-181
-0.00781183
-238
-0.0102719
-74
-0.00319379
52
0.00224428
-265
-0.0114372
-93
-0.00401381
-265
-0.0114372
-78
-0.00336642
256
0.0110488
284
0.0122572
-84
-0.00362538
-44
-0.00189901
-343
-0.0148036
-8
-0.000345274
105
0.00453172
-103
-0.0044454
-93
-0.00401381
132
0.00569702
137
0.00591282
85
0.00366854
-386
-0.0166595
26
0.00112214
66
0.00284851
-60
-0.00258956
-276
-0.011912
105
0.00453172
502
0.0216659
103
0.0044454
106
0.00457488
43
0.00185585
122
0.00526543
-174
-0.00750971
186
0.00802762
84
0.00362538
264
0.011394
146
0.00630125
142
0.00612861
102
0.00440224
-423
-0.0182564
136
0.00586966
-112
-0.00483384
-147
-0.00634441
-236
-0.0101856
80
0.00345274
75
0.00323694
107
0.00461804
-207
-0.00893397
61
0.00263271
206
0.00889081
-90
-0.00388433
-321
-0.0138541
40
0.00172637
-338
-0.0145878
94
0.00405697
-95
-0.00410013
-118
-0.00509279
55
0.00237376
32
0.0013811
-239
-0.0103151
-80
-0.00345274
723
0.0312041
-42
-0.00181269
-767
-0.0331032
-169
-0.00729391
-101
-0.00435909
104
0.00448856
443
0.0191196
-18
-0.000776867
123
0.00530859
-13
-0.00056107
-123
-0.00530859
36
0.00155373
21
0.000906344
-161
-0.00694864
-91
-0.00392749
108
0.0046612
138
0.00595598
15
0.000647389
-49
-0.0021148
-105
-0.00453172
161
0.00694864
-17
-0.000733707
11
0.000474752
219
0.00945188
440
0.0189901
221
0.0095382
-256
-0.0110488
122
0.00526543
67
0.00289167
144
0.00621493
46
0.00198533
86
0.0037117
-35
-0.00151057
109
0.00470436
186
0.00802762
49
0.0021148
60
0.00258956
50
0.00215796
322
0.0138973
-158
-0.00681916
-381
-0.0164437
34
0.00146741
-273
-0.0117825
-55
-0.00237376
-229
-0.00988347
12
0.000517911
-176
-0.00759603
220
0.00949504
-161
-0.00694864
-283
-0.0122141
101
0.00435909
30
0.00129478
-388
-0.0167458
-100
-0.00431593
235
0.0101424
-23
-0.000992663
-498
-0.0214933
-169
-0.00729391
714
0.0308157
33
0.00142426
-30
-0.00129478
7
0.000302115
233
0.0100561
42
0.00181269
-152
-0.00656021
-165
-0.00712128
410
0.0176953
28
0.00120846
231
0.00996979
-34
-0.00146741
-149
-0.00643073
-313
-0.0135088
-15
-0.000647389
169
0.00729391
-52
-0.00224428
-89
-0.00384117
-84
-0.00362538
120
0.00517911
112
0.00483384
90
0.00388433
144
0.00621493
-147
-0.00634441
-4
-0.000172637
-23
-0.000992663
-8
-0.000345274
-201
-0.00867501
-322
-0.0138973
-120
-0.00517911
-237
-0.0102287
130
0.0056107
3
0.000129478
-204
-0.00880449
-321
-0.0138541
59
0.0025464
144
0.00621493
-49
-0.0021148
-88
-0.00379801
12
0.000517911
107
0.00461804
-50
-0.00215796
409
0.0176521
61
0.00263271
463
0.0199827
111
0.00479068
-546
-0.023565
34
0.00146741
100
0.00431593
25
0.00107898
223
0.00962451
-120
-0.00517911
-302
-0.0130341
-40
-0.00172637
281
0.0121278
-206
-0.00889081
400
0.0172637
-172
-0.00742339
273
0.0117825
-71
-0.00306431
-192
-0.00828658
-54
-0.0023306
-228
-0.00984031
-73
-0.00315063
-33
-0.00142426
-106
-0.00457488
-833
-0.0359517
-167
-0.0072076
-273
-0.0117825
-24
-0.00103582
-682
-0.0294346
94
0.00405697
476
0.0205438
-104
-0.00448856
-226
-0.00975399
0
0
187
0.00807078
57
0.00246008
287
0.0123867
-49
-0.0021148
-194
-0.0083729
195
0.00841606
-99
-0.00427277
95
0.00410013
-754
-0.0325421
251
0.010833
155
0.00668968
146
0.00630125
-92
-0.00397065
233
0.0100561
281
0.0121278
12
0.000517911
313
0.0135088
50
0.00215796
413
0.0178248
-201
-0.00867501
199
0.00858869
-22
-0.000949504
-79
-0.00340958
-251
-0.010833
261
0.0112646
-212
-0.00914976
203
0.00876133
-53
-0.00228744
-219
-0.00945188
185
0.00798446
-180
-0.00776867
-97
-0.00418645
472
0.0203712
281
0.0121278
-227
-0.00979715
-32
-0.0013811
-79
-0.00340958
-144
-0.00621493
-781
-0.0337074
-92
-0.00397065
-539
-0.0232628
19
0.000820026
-102
-0.00440224
159
0.00686232
-343
-0.0148036
-90
-0.00388433
-132
-0.00569702
-67
-0.00289167
326
0.0140699
-92
-0.00397065
-123
-0.00530859
133
0.00574018
726
0.0313336
-31
-0.00133794
-25
-0.00107898
168
0.00725076
-131
-0.00565386
216
0.0093224
8
0.000345274
167
0.0072076
-314
-0.013552
-183
-0.00789814
-77
-0.00332326
-9
-0.000388433
248
0.0107035
-298
-0.0128615
-5
-0.000215796
93
0.00401381
-116
-0.00500647
83
0.00358222
-95
-0.00410013
159
0.00686232
-873
-0.037678
40
0.00172637
204
0.00880449
40
0.00172637
62
0.00267587
-78
-0.00336642
73
0.00315063
16
0.000690548
156
0.00673284
-136
-0.00586966
-25
-0.00107898
103
0.0044454
-183
-0.00789814
-93
-0.00401381
-158
-0.00681916
78
0.00336642
-213
-0.00919292
-45
-0.00194217
-219
-0.00945188
4
0.000172637
-11
-0.000474752
187
0.00807078
-415
-0.0179111
22
0.000949504
139
0.00599914
20
0.000863185
127
0.00548123
-168
-0.00725076
387
0.0167026
20
0.000863185
186
0.00802762
-94
-0.00405697
433
0.018688
184
0.0079413
-426
-0.0183858
34
0.00146741
192
0.00828658
90
0.00388433
164
0.00707812
82
0.00353906
-44
-0.00189901
99
0.00427277
-10
-0.000431593
-108
-0.0046612
290
0.0125162
116
0.00500647
-57
-0.00246008
103
0.0044454
460
0.0198533
-78
-0.00336642
-93
-0.00401381
-92
-0.00397065
290
0.0125162
31
0.00133794
511
0.0220544
-209
-0.00902028
111
0.00479068
-39
-0.00168321
-396
-0.0170911
260
0.0112214
-262
-0.0113077
107
0.00461804
191
0.00824342
-73
-0.00315063
-143
-0.00617177
-39
-0.00168321
-410
-0.0176953
0
0
-164
-0.00707812
56
0.00241692
-576
-0.0248597
210
0.00906344
-331
-0.0142857
68
0.00293483
119
0.00513595
211
0.0091066
